OA,ts0080001,ts0080002,ts0080003,ts0080002_PCT,ts0080003_PCT
E00115868,310,153,157,49.354838709677416,50.645161290322584
E00115869,348,176,172,50.57471264367817,49.42528735632184
E00115874,323,164,159,50.77399380804953,49.22600619195047
E00115876,291,150,141,51.546391752577314,48.45360824742268
E00115880,283,137,146,48.409893992932865,51.590106007067135
E00115867,304,152,152,50,50
E00115872,247,130,117,52.63157894736842,47.368421052631575
E00115873,452,244,208,53.98230088495575,46.017699115044245
E00115875,229,123,106,53.711790393013104,46.288209606986904
E00115881,219,115,104,52.51141552511416,47.48858447488584
E00115870,352,168,184,47.72727272727273,52.27272727272727
E00115871,263,141,122,53.61216730038023,46.38783269961977
E00115877,299,148,151,49.49832775919732,50.50167224080268
E00115878,319,157,162,49.21630094043887,50.78369905956113
E00115879,273,144,129,52.74725274725275,47.25274725274725
E00115888,304,152,152,50,50
E00115889,207,109,98,52.65700483091788,47.34299516908212
E00115890,386,197,189,51.03626943005182,48.96373056994819
E00115891,328,150,178,45.73170731707317,54.268292682926834
E00115893,353,168,185,47.59206798866856,52.40793201133145
E00116031,264,139,125,52.65151515151515,47.34848484848485
E00116033,332,179,153,53.915662650602414,46.08433734939759
E00116034,246,135,111,54.87804878048781,45.1219512195122
E00116040,296,152,144,51.35135135135135,48.64864864864865
E00116042,264,144,120,54.54545454545454,45.45454545454545
E00115882,380,200,180,52.63157894736842,47.368421052631575
E00115892,397,204,193,51.385390428211586,48.614609571788414
E00115894,353,170,183,48.1586402266289,51.84135977337111
E00115895,171,92,79,53.80116959064327,46.198830409356724
E00115896,265,138,127,52.075471698113205,47.924528301886795
E00115883,240,134,106,55.833333333333336,44.166666666666664
E00115884,304,169,135,55.5921052631579,44.40789473684211
E00115885,281,147,134,52.313167259786475,47.686832740213525
E00115886,287,153,134,53.31010452961672,46.68989547038328
E00115887,295,148,147,50.16949152542372,49.83050847457628
E00116035,238,125,113,52.52100840336135,47.47899159663865
E00116036,320,163,157,50.9375,49.0625
E00116037,224,116,108,51.78571428571429,48.214285714285715
E00116038,221,130,91,58.82352941176471,41.17647058823529
E00116039,243,115,128,47.325102880658434,52.674897119341566
E00116032,321,168,153,52.336448598130836,47.66355140186916
E00116041,248,126,122,50.806451612903224,49.193548387096776
E00116043,229,124,105,54.14847161572053,45.851528384279476
E00116044,245,126,119,51.42857142857142,48.57142857142857
E00116045,303,151,152,49.834983498349835,50.165016501650165
E00116061,312,157,155,50.32051282051282,49.67948717948718
E00116064,243,112,131,46.09053497942387,53.90946502057613
E00116072,336,170,166,50.595238095238095,49.404761904761905
E00116073,320,163,157,50.9375,49.0625
E00116074,280,135,145,48.214285714285715,51.78571428571429
E00115936,364,179,185,49.175824175824175,50.824175824175825
E00115938,284,138,146,48.59154929577465,51.40845070422535
E00115939,332,165,167,49.6987951807229,50.30120481927711
E00115940,377,196,181,51.9893899204244,48.01061007957559
E00115928,303,161,142,53.135313531353134,46.864686468646866
E00115929,292,139,153,47.6027397260274,52.3972602739726
E00115930,287,145,142,50.522648083623686,49.47735191637631
E00115933,298,154,144,51.67785234899329,48.322147651006716
E00115941,251,129,122,51.39442231075697,48.60557768924303
E00115942,207,124,83,59.90338164251207,40.09661835748793
E00115931,291,148,143,50.85910652920962,49.140893470790374
E00115932,296,150,146,50.67567567567568,49.32432432432432
E00115934,296,149,147,50.33783783783784,49.66216216216216
E00115935,306,163,143,53.26797385620915,46.73202614379085
E00115937,313,155,158,49.52076677316294,50.47923322683706
E00115976,293,147,146,50.170648464163826,49.829351535836174
E00115983,326,161,165,49.38650306748466,50.61349693251533
E00115985,266,140,126,52.63157894736842,47.368421052631575
E00115987,295,144,151,48.8135593220339,51.186440677966104
E00115988,314,157,157,50,50
E00115979,387,209,178,54.00516795865633,45.99483204134367
E00115980,340,171,169,50.294117647058826,49.705882352941174
E00115982,280,137,143,48.92857142857142,51.07142857142857
E00115984,316,168,148,53.16455696202531,46.835443037974684
E00115958,339,172,167,50.737463126843664,49.26253687315634
E00115968,337,178,159,52.818991097922854,47.18100890207715
E00115969,365,195,170,53.42465753424658,46.57534246575342
E00115970,272,145,127,53.30882352941176,46.69117647058824
E00115973,290,151,139,52.06896551724138,47.93103448275862
E00115961,417,224,193,53.71702637889688,46.28297362110312
E00115967,478,251,227,52.51046025104602,47.48953974895397
E00115971,315,159,156,50.476190476190474,49.523809523809526
E00115972,491,238,253,48.472505091649694,51.5274949083503
E00116060,275,135,140,49.09090909090909,50.90909090909091
E00116062,293,137,156,46.75767918088737,53.242320819112635
E00116063,232,115,117,49.56896551724138,50.43103448275862
E00116065,326,171,155,52.45398773006135,47.54601226993865
E00116068,392,210,182,53.57142857142857,46.42857142857143
E00116066,324,160,164,49.382716049382715,50.617283950617285
E00116067,316,147,169,46.51898734177215,53.48101265822785
E00116069,257,131,126,50.97276264591439,49.0272373540856
E00116070,395,191,204,48.35443037974684,51.64556962025316
E00116071,352,167,185,47.44318181818182,52.55681818181818
E00115963,363,192,171,52.892561983471076,47.107438016528924
E00115964,459,218,241,47.49455337690632,52.505446623093675
E00115965,349,182,167,52.14899713467048,47.85100286532951
E00115974,386,190,196,49.22279792746114,50.77720207253886
E00115975,290,151,139,52.06896551724138,47.93103448275862
E00168152,342,179,163,52.33918128654971,47.66081871345029
E00179915,410,220,190,53.65853658536586,46.34146341463415
E00179927,106,56,50,52.83018867924528,47.16981132075472
E00179928,102,55,47,53.92156862745098,46.07843137254902
E00179942,543,284,259,52.302025782688766,47.697974217311234
E00115904,271,154,117,56.82656826568265,43.17343173431734
E00115908,271,135,136,49.815498154981555,50.184501845018445
E00115909,325,166,159,51.07692307692307,48.92307692307693
E00115910,242,119,123,49.17355371900827,50.82644628099173
E00115911,288,151,137,52.43055555555556,47.56944444444444
E00115947,326,168,158,51.533742331288344,48.466257668711656
E00115948,298,148,150,49.664429530201346,50.33557046979866
E00115950,257,123,134,47.85992217898833,52.14007782101168
E00115951,296,150,146,50.67567567567568,49.32432432432432
E00115955,176,80,96,45.45454545454545,54.54545454545454
E00115943,315,158,157,50.15873015873016,49.84126984126984
E00115946,308,148,160,48.05194805194805,51.94805194805194
E00115949,300,159,141,53,47
E00115954,441,204,237,46.25850340136054,53.74149659863946
E00115956,375,188,187,50.13333333333333,49.86666666666667
E00115944,297,144,153,48.484848484848484,51.515151515151516
E00115945,285,141,144,49.473684210526315,50.526315789473685
E00115952,324,168,156,51.85185185185185,48.148148148148145
E00115953,255,133,122,52.156862745098046,47.84313725490196
E00115957,294,161,133,54.761904761904766,45.23809523809524
E00115977,363,178,185,49.03581267217631,50.964187327823694
E00115986,317,150,167,47.3186119873817,52.6813880126183
E00168126,207,101,106,48.792270531400966,51.20772946859904
E00168128,270,137,133,50.74074074074074,49.25925925925926
E00168149,240,116,124,48.333333333333336,51.66666666666667
E00168131,236,108,128,45.76271186440678,54.23728813559322
E00168147,369,192,177,52.03252032520326,47.96747967479675
E00168148,310,156,154,50.32258064516129,49.67741935483871
E00168150,257,137,120,53.30739299610895,46.69260700389105
E00115989,426,212,214,49.76525821596244,50.23474178403756
E00115990,265,130,135,49.056603773584904,50.943396226415096
E00115991,235,125,110,53.191489361702125,46.808510638297875
E00115993,279,154,125,55.19713261648745,44.80286738351255
E00115995,270,140,130,51.85185185185185,48.148148148148145
E00116002,155,80,75,51.61290322580645,48.38709677419355
E00116004,238,116,122,48.739495798319325,51.26050420168067
E00116006,336,184,152,54.761904761904766,45.23809523809524
E00116007,247,143,104,57.89473684210527,42.10526315789473
E00116008,286,151,135,52.7972027972028,47.2027972027972
E00116000,615,333,282,54.146341463414636,45.85365853658537
E00116003,280,140,140,50,50
E00116005,222,112,110,50.45045045045045,49.549549549549546
E00168142,356,190,166,53.37078651685393,46.62921348314607
E00179922,245,135,110,55.10204081632652,44.89795918367347
E00179933,102,51,51,50,50
E00179953,532,250,282,46.99248120300752,53.00751879699248
E00179969,238,122,116,51.26050420168067,48.739495798319325
E00116009,279,149,130,53.40501792114696,46.59498207885305
E00116010,255,132,123,51.76470588235295,48.23529411764706
E00116011,271,144,127,53.13653136531366,46.86346863468634
E00116012,250,123,127,49.2,50.8
E00116013,287,148,139,51.56794425087108,48.43205574912892
E00168135,339,168,171,49.557522123893804,50.442477876106196
E00168136,359,185,174,51.532033426183844,48.467966573816156
E00168137,317,158,159,49.8422712933754,50.1577287066246
E00168145,385,197,188,51.16883116883116,48.83116883116883
E00168138,275,144,131,52.36363636363637,47.63636363636364
E00168139,303,154,149,50.82508250825083,49.17491749174918
E00168140,345,181,164,52.46376811594203,47.53623188405797
E00168141,375,188,187,50.13333333333333,49.86666666666667
E00168144,404,202,202,50,50
E00115992,259,138,121,53.28185328185329,46.71814671814672
E00115994,261,135,126,51.724137931034484,48.275862068965516
E00115996,165,90,75,54.54545454545454,45.45454545454545
E00115997,270,140,130,51.85185185185185,48.148148148148145
E00115998,384,207,177,53.90625,46.09375
E00115901,311,170,141,54.662379421221864,45.337620578778136
E00115902,249,118,131,47.389558232931726,52.610441767068274
E00115903,263,133,130,50.57034220532319,49.42965779467681
E00115906,293,138,155,47.098976109215016,52.901023890784984
E00115907,232,126,106,54.310344827586206,45.689655172413794
E00116016,329,152,177,46.20060790273556,53.799392097264445
E00116023,303,156,147,51.48514851485149,48.51485148514851
E00116027,346,168,178,48.554913294797686,51.445086705202314
E00116028,309,148,161,47.896440129449836,52.103559870550164
E00116030,334,179,155,53.59281437125748,46.40718562874252
E00116048,233,114,119,48.927038626609445,51.072961373390555
E00116049,257,127,130,49.416342412451364,50.583657587548636
E00116053,229,111,118,48.47161572052402,51.52838427947598
E00116054,238,132,106,55.46218487394958,44.537815126050425
E00116057,311,144,167,46.30225080385852,53.69774919614147
E00115897,287,147,140,51.21951219512195,48.78048780487805
E00115898,260,134,126,51.53846153846153,48.46153846153846
E00115899,268,143,125,53.35820895522389,46.64179104477612
E00115900,247,133,114,53.84615384615385,46.15384615384615
E00115905,286,138,148,48.25174825174825,51.74825174825175
E00115912,240,131,109,54.58333333333333,45.416666666666664
E00115913,223,118,105,52.91479820627802,47.08520179372198
E00115914,202,98,104,48.51485148514851,51.48514851485149
E00115918,304,146,158,48.026315789473685,51.973684210526315
E00115919,262,137,125,52.29007633587786,47.70992366412214
E00115921,234,125,109,53.41880341880342,46.58119658119658
E00115925,333,181,152,54.35435435435435,45.645645645645644
E00115926,338,173,165,51.183431952662716,48.81656804733728
E00116015,375,197,178,52.53333333333333,47.46666666666667
E00116021,330,168,162,50.90909090909091,49.09090909090909
E00116022,338,170,168,50.29585798816568,49.70414201183432
E00116024,253,135,118,53.359683794466406,46.6403162055336
E00116025,152,81,71,53.289473684210535,46.71052631578947
E00116026,281,135,146,48.04270462633452,51.95729537366548
E00116079,233,111,122,47.63948497854077,52.36051502145923
E00116081,180,108,72,60,40
E00116082,323,160,163,49.53560371517028,50.464396284829725
E00116084,244,132,112,54.09836065573771,45.90163934426229
E00116086,217,107,110,49.30875576036866,50.69124423963134
E00116087,303,170,133,56.10561056105611,43.89438943894389
E00116077,302,148,154,49.00662251655629,50.993377483443716
E00168124,194,90,104,46.391752577319586,53.608247422680414
E00168125,181,90,91,49.72375690607735,50.27624309392266
E00168127,179,84,95,46.927374301675975,53.072625698324025
E00168129,180,71,109,39.44444444444444,60.55555555555555
E00116076,296,156,140,52.702702702702695,47.2972972972973
E00116078,178,97,81,54.49438202247191,45.50561797752809
E00116080,254,110,144,43.30708661417323,56.69291338582677
E00168130,297,165,132,55.55555555555556,44.44444444444444
E00168134,189,91,98,48.148148148148145,51.85185185185185
E00115916,309,158,151,51.1326860841424,48.86731391585761
E00115922,350,165,185,47.14285714285714,52.85714285714286
E00168123,245,124,121,50.61224489795918,49.38775510204081
E00168133,187,96,91,51.33689839572193,48.663101604278076
E00168146,289,162,127,56.05536332179931,43.944636678200695
E00115924,355,195,160,54.929577464788736,45.07042253521127
E00168122,228,105,123,46.05263157894737,53.94736842105263
E00179943,194,96,98,49.48453608247423,50.51546391752577
E00179946,286,144,142,50.349650349650354,49.65034965034965
E00115843,241,133,108,55.18672199170125,44.81327800829876
E00115844,301,163,138,54.15282392026578,45.84717607973422
E00115845,384,207,177,53.90625,46.09375
E00115846,272,138,134,50.73529411764706,49.26470588235294
E00115854,293,140,153,47.781569965870304,52.218430034129696
E00115841,318,160,158,50.314465408805034,49.685534591194966
E00115842,277,146,131,52.707581227436826,47.292418772563174
E00115847,244,123,121,50.409836065573764,49.59016393442623
E00115850,260,127,133,48.84615384615385,51.153846153846146
E00115851,231,117,114,50.649350649350644,49.35064935064935
E00115853,240,125,115,52.083333333333336,47.91666666666667
E00115840,363,185,178,50.964187327823694,49.03581267217631
E00115848,303,176,127,58.08580858085809,41.914191419141915
E00115849,352,183,169,51.98863636363637,48.01136363636363
E00115852,302,156,146,51.65562913907284,48.34437086092716
E00116052,259,134,125,51.737451737451735,48.26254826254826
E00116055,309,158,151,51.1326860841424,48.86731391585761
E00116056,289,154,135,53.28719723183391,46.71280276816609
E00116058,382,196,186,51.30890052356021,48.69109947643979
E00116059,291,158,133,54.29553264604811,45.70446735395189
E00116046,298,159,139,53.355704697986575,46.644295302013425
E00116047,315,165,150,52.38095238095239,47.61904761904761
E00116050,368,192,176,52.17391304347826,47.82608695652174
E00116051,289,163,126,56.40138408304498,43.59861591695502
E00115855,437,221,216,50.57208237986271,49.4279176201373
E00115856,378,195,183,51.587301587301596,48.41269841269841
E00115858,301,142,159,47.176079734219265,52.823920265780735
E00115857,264,137,127,51.89393939393939,48.10606060606061
E00115863,250,120,130,48,52
E00115866,292,140,152,47.94520547945205,52.054794520547944
E00179968,102,50,52,49.01960784313725,50.98039215686274
E00179973,554,180,374,32.49097472924188,67.50902527075813
E00115859,257,153,104,59.53307392996109,40.46692607003891
E00115860,267,137,130,51.31086142322098,48.68913857677903
E00115861,269,123,146,45.72490706319702,54.27509293680297
E00115862,271,142,129,52.398523985239855,47.601476014760145
E00115864,338,177,161,52.366863905325445,47.633136094674555
E00115915,317,151,166,47.634069400630914,52.36593059936908
E00115917,268,139,129,51.865671641791046,48.134328358208954
E00115920,302,152,150,50.331125827814574,49.668874172185426
E00115927,306,167,139,54.57516339869281,45.42483660130719
E00116017,207,112,95,54.106280193236714,45.893719806763286
E00116018,291,154,137,52.92096219931272,47.07903780068728
E00116019,226,115,111,50.88495575221239,49.11504424778761
E00116020,321,162,159,50.467289719626166,49.532710280373834
E00116029,277,142,135,51.26353790613718,48.73646209386281
E00116083,302,158,144,52.317880794701985,47.682119205298015
E00116085,286,154,132,53.84615384615385,46.15384615384615
E00116088,252,138,114,54.761904761904766,45.23809523809524
E00116089,278,143,135,51.438848920863315,48.561151079136685
E00116090,235,125,110,53.191489361702125,46.808510638297875
