OA,ts0080001,ts0080002,ts0080003,ts0080002_PCT,ts0080003_PCT
E00151351,267,122,145,45.69288389513109,54.30711610486891
E00151352,323,174,149,53.86996904024768,46.13003095975232
E00151353,369,187,182,50.67750677506775,49.32249322493225
E00151354,298,143,155,47.98657718120805,52.013422818791945
E00151355,287,149,138,51.91637630662021,48.08362369337979
E00151343,266,135,131,50.75187969924813,49.24812030075188
E00151349,399,205,194,51.37844611528822,48.62155388471178
E00151350,255,131,124,51.37254901960784,48.627450980392155
E00166317,280,136,144,48.57142857142857,51.42857142857142
E00166318,288,142,146,49.30555555555556,50.69444444444444
E00166319,135,69,66,51.11111111111111,48.888888888888886
E00151341,256,136,120,53.125,46.875
E00151342,303,154,149,50.82508250825083,49.17491749174918
E00151344,310,161,149,51.935483870967744,48.064516129032256
E00151346,280,153,127,54.64285714285714,45.357142857142854
E00151359,249,123,126,49.39759036144578,50.602409638554214
E00151345,248,123,125,49.596774193548384,50.403225806451616
E00151347,269,129,140,47.95539033457249,52.04460966542751
E00151356,310,146,164,47.096774193548384,52.903225806451616
E00151357,284,147,137,51.76056338028169,48.23943661971831
E00151358,296,152,144,51.35135135135135,48.64864864864865
E00151236,364,179,185,49.175824175824175,50.824175824175825
E00151238,238,118,120,49.57983193277311,50.42016806722689
E00151244,273,137,136,50.18315018315018,49.81684981684982
E00151245,341,176,165,51.61290322580645,48.38709677419355
E00151237,266,131,135,49.24812030075188,50.75187969924813
E00151239,281,148,133,52.66903914590747,47.330960854092524
E00151240,239,121,118,50.627615062761514,49.37238493723849
E00151241,273,155,118,56.776556776556774,43.223443223443226
E00151242,285,143,142,50.175438596491226,49.824561403508774
E00151243,251,148,103,58.964143426294825,41.03585657370518
E00151246,287,147,140,51.21951219512195,48.78048780487805
E00151247,357,181,176,50.700280112044815,49.299719887955185
E00151248,310,187,123,60.322580645161295,39.67741935483871
E00151249,283,141,142,49.82332155477032,50.17667844522968
E00151574,267,137,130,51.31086142322098,48.68913857677903
E00151575,277,136,141,49.09747292418773,50.90252707581227
E00151576,292,150,142,51.369863013698634,48.63013698630137
E00151580,204,108,96,52.94117647058824,47.05882352941176
E00151581,259,124,135,47.87644787644788,52.123552123552116
E00151582,422,222,200,52.60663507109005,47.39336492890995
E00151584,287,151,136,52.613240418118465,47.386759581881535
E00151585,299,155,144,51.83946488294314,48.16053511705686
E00151586,250,125,125,50,50
E00179363,403,210,193,52.10918114143921,47.8908188585608
E00179379,159,83,76,52.20125786163522,47.79874213836478
E00151534,281,143,138,50.88967971530249,49.11032028469751
E00151535,364,201,163,55.219780219780226,44.78021978021978
E00151539,330,167,163,50.60606060606061,49.3939393939394
E00151542,319,162,157,50.78369905956113,49.21630094043887
E00151543,250,126,124,50.4,49.6
E00151559,273,141,132,51.64835164835166,48.35164835164835
E00151564,461,224,237,48.590021691973966,51.40997830802603
E00151567,247,129,118,52.226720647773284,47.77327935222672
E00151570,335,176,159,52.537313432835816,47.462686567164184
E00166309,292,154,138,52.73972602739726,47.26027397260274
E00166310,275,137,138,49.81818181818182,50.18181818181818
E00166311,285,146,139,51.2280701754386,48.771929824561404
E00166320,244,120,124,49.18032786885246,50.81967213114754
E00151560,263,120,143,45.627376425855516,54.372623574144484
E00151568,352,174,178,49.43181818181818,50.56818181818182
E00151569,268,132,136,49.25373134328358,50.74626865671642
E00151571,211,120,91,56.872037914691944,43.127962085308056
E00151573,252,138,114,54.761904761904766,45.23809523809524
E00179400,246,108,138,43.90243902439025,56.09756097560976
E00179401,128,74,54,57.8125,42.1875
E00151558,274,145,129,52.919708029197075,47.08029197080292
E00151561,333,161,172,48.348348348348345,51.651651651651655
E00151562,333,170,163,51.051051051051054,48.94894894894895
E00151563,247,125,122,50.607287449392715,49.392712550607285
E00151566,300,155,145,51.66666666666667,48.333333333333336
E00151605,249,133,116,53.41365461847389,46.58634538152611
E00151607,236,118,118,50,50
E00151609,250,122,128,48.8,51.2
E00151612,343,185,158,53.93586005830904,46.06413994169096
E00179373,458,227,231,49.56331877729257,50.43668122270743
E00179388,174,86,88,49.42528735632184,50.57471264367817
E00179424,275,138,137,50.18181818181818,49.81818181818182
E00151602,252,115,137,45.63492063492063,54.36507936507936
E00151603,258,121,137,46.89922480620155,53.100775193798455
E00151608,267,119,148,44.569288389513105,55.430711610486895
E00151619,396,212,184,53.535353535353536,46.464646464646464
E00166326,293,155,138,52.901023890784984,47.098976109215016
E00166329,125,55,70,44,56.00000000000001
E00166330,339,177,162,52.21238938053098,47.78761061946903
E00151499,190,108,82,56.84210526315789,43.15789473684211
E00151500,288,155,133,53.81944444444444,46.18055555555556
E00151501,327,165,162,50.45871559633027,49.54128440366973
E00151502,391,201,190,51.406649616368284,48.59335038363171
E00151503,356,171,185,48.03370786516854,51.96629213483146
E00151504,366,187,179,51.09289617486339,48.90710382513661
E00151531,348,175,173,50.287356321839084,49.712643678160916
E00151536,352,173,179,49.14772727272727,50.85227272727273
E00151540,261,133,128,50.95785440613027,49.042145593869726
E00151541,266,131,135,49.24812030075188,50.75187969924813
E00151544,274,136,138,49.63503649635037,50.36496350364964
E00151532,280,147,133,52.5,47.5
E00151533,305,144,161,47.21311475409836,52.78688524590164
E00151537,296,145,151,48.986486486486484,51.01351351351351
E00151538,322,163,159,50.621118012422365,49.378881987577635
E00151545,365,177,188,48.49315068493151,51.50684931506849
E00151610,300,156,144,52,48
E00151611,297,147,150,49.494949494949495,50.505050505050505
E00151613,273,138,135,50.54945054945055,49.45054945054945
E00179399,488,245,243,50.204918032786885,49.795081967213115
E00179405,303,172,131,56.76567656765676,43.23432343234324
E00179414,139,65,74,46.76258992805755,53.23741007194245
E00151606,334,183,151,54.79041916167665,45.209580838323355
E00151615,270,150,120,55.55555555555556,44.44444444444444
E00151616,244,127,117,52.04918032786885,47.950819672131146
E00151617,237,129,108,54.43037974683544,45.56962025316456
E00151618,246,135,111,54.87804878048781,45.1219512195122
E00151307,563,279,284,49.55595026642984,50.44404973357016
E00151308,479,250,229,52.19206680584551,47.80793319415449
E00151312,266,140,126,52.63157894736842,47.368421052631575
E00151313,482,264,218,54.77178423236515,45.22821576763486
E00151314,277,128,149,46.20938628158845,53.79061371841155
E00151317,264,137,127,51.89393939393939,48.10606060606061
E00151305,246,124,122,50.40650406504065,49.59349593495935
E00151306,247,120,127,48.582995951417004,51.417004048582996
E00151309,255,122,133,47.84313725490196,52.156862745098046
E00151311,367,178,189,48.501362397820166,51.49863760217984
E00151320,278,136,142,48.92086330935252,51.07913669064749
E00151321,548,378,170,68.97810218978103,31.02189781021898
E00151322,222,112,110,50.45045045045045,49.549549549549546
E00151323,382,196,186,51.30890052356021,48.69109947643979
E00151324,421,224,197,53.20665083135392,46.79334916864608
E00151310,287,145,142,50.522648083623686,49.47735191637631
E00151315,277,146,131,52.707581227436826,47.292418772563174
E00151316,575,300,275,52.17391304347826,47.82608695652174
E00151318,339,169,170,49.852507374631266,50.14749262536873
E00151319,271,137,134,50.55350553505535,49.44649446494465
E00151578,249,132,117,53.01204819277109,46.98795180722892
E00151579,248,124,124,50,50
E00151587,431,201,230,46.635730858468676,53.36426914153132
E00179417,502,249,253,49.60159362549801,50.39840637450199
E00179428,588,299,289,50.85034013605442,49.14965986394558
E00179430,127,66,61,51.96850393700787,48.031496062992126
E00151279,238,118,120,49.57983193277311,50.42016806722689
E00151281,292,148,144,50.68493150684932,49.31506849315068
E00151282,291,144,147,49.48453608247423,50.51546391752577
E00151283,350,179,171,51.142857142857146,48.857142857142854
E00151284,294,153,141,52.04081632653062,47.95918367346938
E00151431,315,148,167,46.98412698412698,53.01587301587302
E00151432,266,138,128,51.8796992481203,48.1203007518797
E00151433,219,112,107,51.141552511415526,48.858447488584474
E00151434,317,165,152,52.05047318611987,47.94952681388013
E00151435,270,128,142,47.40740740740741,52.59259259259259
E00151437,508,254,254,50,50
E00151549,123,62,61,50.40650406504065,49.59349593495935
E00151554,331,165,166,49.848942598187314,50.15105740181269
E00151555,357,181,176,50.700280112044815,49.299719887955185
E00151557,206,98,108,47.57281553398058,52.42718446601942
E00179367,129,71,58,55.03875968992248,44.96124031007752
E00179372,221,104,117,47.05882352941176,52.94117647058824
E00179398,504,254,250,50.39682539682539,49.60317460317461
E00179419,300,146,154,48.66666666666667,51.33333333333333
E00179422,327,161,166,49.235474006116206,50.764525993883794
E00151594,253,130,123,51.38339920948617,48.616600790513836
E00151595,231,125,106,54.112554112554115,45.887445887445885
E00151596,289,155,134,53.63321799307958,46.36678200692042
E00151597,253,141,112,55.73122529644269,44.26877470355731
E00151598,366,183,183,50,50
E00151599,232,123,109,53.01724137931034,46.98275862068966
E00151436,199,103,96,51.75879396984925,48.24120603015075
E00151438,264,142,122,53.78787878787878,46.21212121212121
E00151439,259,137,122,52.8957528957529,47.10424710424711
E00151441,201,107,94,53.233830845771145,46.766169154228855
E00151442,303,173,130,57.0957095709571,42.9042904290429
E00151443,326,152,174,46.62576687116564,53.37423312883436
E00151424,345,179,166,51.8840579710145,48.11594202898551
E00151426,319,157,162,49.21630094043887,50.78369905956113
E00151428,284,167,117,58.80281690140845,41.19718309859155
E00151430,244,134,110,54.91803278688525,45.08196721311475
E00151440,338,166,172,49.112426035502956,50.887573964497044
E00151423,364,182,182,50,50
E00151425,302,163,139,53.973509933774835,46.026490066225165
E00151427,358,192,166,53.63128491620112,46.36871508379888
E00151429,288,143,145,49.65277777777778,50.34722222222222
E00151444,307,162,145,52.76872964169381,47.23127035830619
E00151588,518,261,257,50.38610038610039,49.61389961389961
E00151592,351,178,173,50.712250712250714,49.287749287749286
E00151593,537,252,285,46.927374301675975,53.072625698324025
E00166327,574,293,281,51.045296167247386,48.954703832752614
E00166328,192,97,95,50.520833333333336,49.47916666666667
E00168500,282,143,139,50.70921985815603,49.29078014184397
E00151589,267,136,131,50.936329588014985,49.063670411985015
E00151591,356,197,159,55.33707865168539,44.662921348314605
E00151600,269,142,127,52.78810408921933,47.21189591078067
E00151601,338,176,162,52.071005917159766,47.928994082840234
E00151263,153,85,68,55.55555555555556,44.44444444444444
E00151264,371,181,190,48.78706199460917,51.21293800539084
E00151265,444,217,227,48.873873873873876,51.126126126126124
E00151266,306,151,155,49.34640522875817,50.65359477124183
E00151267,309,160,149,51.7799352750809,48.22006472491909
E00151268,391,196,195,50.127877237851656,49.87212276214834
E00151384,233,132,101,56.65236051502146,43.34763948497854
E00151390,325,168,157,51.69230769230769,48.30769230769231
E00151391,299,156,143,52.17391304347826,47.82608695652174
E00151393,251,125,126,49.800796812749006,50.199203187250994
E00151395,263,142,121,53.99239543726235,46.00760456273764
E00151382,253,130,123,51.38339920948617,48.616600790513836
E00151383,295,152,143,51.52542372881356,48.47457627118644
E00151388,473,225,248,47.56871035940804,52.43128964059197
E00151392,232,118,114,50.86206896551724,49.137931034482754
E00151394,283,143,140,50.53003533568905,49.46996466431096
E00151396,428,215,213,50.23364485981309,49.76635514018692
E00151397,593,323,270,54.468802698145026,45.531197301854974
E00151398,291,148,143,50.85910652920962,49.140893470790374
E00151399,389,207,182,53.213367609254504,46.7866323907455
E00151400,383,199,184,51.958224543080945,48.04177545691906
E00151381,284,156,128,54.929577464788736,45.07042253521127
E00151385,412,201,211,48.786407766990294,51.213592233009706
E00151386,285,153,132,53.68421052631579,46.31578947368421
E00151387,278,145,133,52.15827338129496,47.84172661870504
E00151389,537,275,262,51.21042830540037,48.78957169459962
E00151293,220,120,100,54.54545454545454,45.45454545454545
E00151294,308,163,145,52.922077922077925,47.07792207792208
E00151295,289,158,131,54.67128027681662,45.32871972318339
E00151298,318,169,149,53.144654088050316,46.855345911949684
E00151300,273,143,130,52.38095238095239,47.61904761904761
E00151301,382,190,192,49.73821989528796,50.26178010471204
E00151302,384,202,182,52.604166666666664,47.39583333333333
E00151304,349,186,163,53.29512893982808,46.70487106017192
E00168496,186,91,95,48.924731182795696,51.075268817204304
E00168497,165,95,70,57.57575757575758,42.42424242424242
E00151445,298,148,150,49.664429530201346,50.33557046979866
E00151446,296,164,132,55.4054054054054,44.5945945945946
E00151454,310,176,134,56.774193548387096,43.225806451612904
E00151457,304,155,149,50.98684210526315,49.01315789473684
E00151463,458,224,234,48.90829694323144,51.09170305676856
E00151447,281,132,149,46.97508896797153,53.02491103202846
E00151460,269,133,136,49.44237918215613,50.55762081784386
E00151462,198,102,96,51.515151515151516,48.484848484848484
E00179353,373,155,218,41.55495978552279,58.4450402144772
E00179354,789,67,722,8.491761723700888,91.50823827629911
E00179369,168,85,83,50.595238095238095,49.404761904761905
E00179389,292,144,148,49.31506849315068,50.68493150684932
E00179391,340,135,205,39.705882352941174,60.29411764705882
E00151280,236,107,129,45.33898305084746,54.66101694915254
E00151285,272,144,128,52.94117647058824,47.05882352941176
E00151286,274,116,158,42.33576642335766,57.66423357664233
E00151288,179,93,86,51.955307262569825,48.04469273743017
E00151290,402,204,198,50.74626865671642,49.25373134328358
E00151291,286,138,148,48.25174825174825,51.74825174825175
E00151276,375,154,221,41.06666666666667,58.93333333333334
E00151277,225,106,119,47.11111111111111,52.888888888888886
E00151278,180,79,101,43.888888888888886,56.111111111111114
E00151287,430,245,185,56.97674418604651,43.02325581395349
E00151289,144,76,68,52.77777777777778,47.22222222222222
E00151296,405,184,221,45.4320987654321,54.567901234567906
E00151299,246,105,141,42.68292682926829,57.3170731707317
E00151303,327,156,171,47.706422018348626,52.293577981651374
E00179366,549,281,268,51.183970856102,48.816029143898
E00179386,623,302,321,48.47512038523274,51.52487961476726
E00179421,178,87,91,48.87640449438202,51.12359550561798
E00151328,202,102,100,50.495049504950494,49.504950495049506
E00151331,293,147,146,50.170648464163826,49.829351535836174
E00151332,271,140,131,51.66051660516605,48.33948339483395
E00151334,289,146,143,50.51903114186851,49.48096885813148
E00151336,282,150,132,53.191489361702125,46.808510638297875
E00166331,129,62,67,48.06201550387597,51.93798449612403
E00166333,196,97,99,49.48979591836735,50.51020408163265
E00168502,306,154,152,50.326797385620914,49.673202614379086
E00151326,257,117,140,45.525291828793776,54.474708171206224
E00151327,291,118,173,40.549828178694156,59.450171821305844
E00151340,259,128,131,49.42084942084942,50.57915057915058
E00179352,311,134,177,43.08681672025724,56.91318327974276
E00151333,303,138,165,45.54455445544555,54.45544554455446
E00166324,253,103,150,40.71146245059288,59.28853754940712
E00179392,294,147,147,50,50
E00179394,182,111,71,60.98901098901099,39.010989010989015
E00151250,244,125,119,51.229508196721305,48.77049180327869
E00151253,306,151,155,49.34640522875817,50.65359477124183
E00151262,138,75,63,54.347826086956516,45.65217391304348
E00179403,173,89,84,51.445086705202314,48.554913294797686
E00179409,468,247,221,52.77777777777778,47.22222222222222
E00151330,292,154,138,52.73972602739726,47.26027397260274
E00151335,340,168,172,49.411764705882355,50.588235294117645
E00151338,296,162,134,54.729729729729726,45.27027027027027
E00151339,282,147,135,52.12765957446809,47.87234042553192
E00151448,263,118,145,44.866920152091254,55.13307984790875
E00151451,367,192,175,52.31607629427793,47.68392370572207
E00151452,242,121,121,50,50
E00151455,316,160,156,50.63291139240506,49.36708860759494
E00151456,281,137,144,48.754448398576514,51.245551601423486
E00151449,348,172,176,49.42528735632184,50.57471264367817
E00151458,334,171,163,51.19760479041916,48.80239520958084
E00151459,340,174,166,51.17647058823529,48.8235294117647
E00151461,318,164,154,51.57232704402516,48.42767295597484
E00151464,320,152,168,47.5,52.5
E00151494,264,133,131,50.378787878787875,49.621212121212125
E00179371,507,249,258,49.112426035502956,50.887573964497044
E00179402,459,246,213,53.59477124183007,46.40522875816993
E00179411,146,84,62,57.534246575342465,42.465753424657535
E00179412,154,88,66,57.14285714285714,42.857142857142854
E00151488,301,160,141,53.156146179402,46.84385382059801
E00151496,595,302,293,50.7563025210084,49.2436974789916
E00151497,185,94,91,50.810810810810814,49.18918918918919
E00151498,290,144,146,49.6551724137931,50.3448275862069
E00168503,374,72,302,19.25133689839572,80.74866310160428
E00151402,375,194,181,51.733333333333334,48.266666666666666
E00151409,242,125,117,51.652892561983464,48.34710743801653
E00151410,245,122,123,49.795918367346935,50.204081632653065
E00151412,295,146,149,49.49152542372882,50.50847457627119
E00151415,311,155,156,49.839228295819936,50.160771704180064
E00151518,332,166,166,50,50
E00151529,305,151,154,49.50819672131148,50.49180327868853
E00151530,306,150,156,49.01960784313725,50.98039215686274
E00179381,513,267,246,52.046783625730995,47.953216374269005
E00179416,244,126,118,51.63934426229508,48.36065573770492
E00151517,275,132,143,48,52
E00151519,526,272,254,51.71102661596958,48.28897338403042
E00151522,348,173,175,49.712643678160916,50.287356321839084
E00151523,304,145,159,47.69736842105263,52.30263157894737
E00151526,287,140,147,48.78048780487805,51.21951219512195
E00151520,325,160,165,49.23076923076923,50.76923076923077
E00151524,227,123,104,54.18502202643172,45.81497797356828
E00151525,257,138,119,53.69649805447471,46.30350194552529
E00151527,255,133,122,52.156862745098046,47.84313725490196
E00151528,262,124,138,47.32824427480916,52.67175572519084
E00151546,411,214,197,52.06812652068127,47.93187347931874
E00151548,157,79,78,50.318471337579616,49.681528662420384
E00151550,373,184,189,49.32975871313673,50.67024128686327
E00151551,198,95,103,47.97979797979798,52.02020202020202
E00151552,226,116,110,51.32743362831859,48.67256637168141
E00151553,196,104,92,53.06122448979592,46.93877551020408
E00151556,522,256,266,49.042145593869726,50.95785440613027
E00151401,276,133,143,48.188405797101446,51.81159420289855
E00151405,254,131,123,51.574803149606296,48.4251968503937
E00151418,267,140,127,52.43445692883895,47.565543071161045
E00151419,201,117,84,58.2089552238806,41.7910447761194
E00151420,225,129,96,57.333333333333336,42.66666666666667
E00151422,222,118,104,53.153153153153156,46.846846846846844
E00151411,261,135,126,51.724137931034484,48.275862068965516
E00151413,348,182,166,52.29885057471264,47.701149425287355
E00151414,283,142,141,50.17667844522968,49.82332155477032
E00151416,378,195,183,51.587301587301596,48.41269841269841
E00151417,322,177,145,54.96894409937888,45.03105590062112
E00151403,284,138,146,48.59154929577465,51.40845070422535
E00151404,337,168,169,49.85163204747774,50.14836795252226
E00151406,320,173,147,54.0625,45.9375
E00151407,299,165,134,55.18394648829431,44.81605351170568
E00151408,259,134,125,51.737451737451735,48.26254826254826
E00151421,258,131,127,50.775193798449614,49.224806201550386
E00151468,263,145,118,55.13307984790875,44.866920152091254
E00151481,300,153,147,51,49
E00151482,317,156,161,49.21135646687697,50.78864353312302
E00151483,308,160,148,51.94805194805194,48.05194805194805
E00151485,301,146,155,48.50498338870432,51.49501661129568
E00151466,262,142,120,54.19847328244275,45.80152671755725
E00151469,282,151,131,53.54609929078015,46.45390070921986
E00151471,286,150,136,52.44755244755245,47.55244755244755
E00151475,299,157,142,52.508361204013376,47.491638795986624
E00151484,317,149,168,47.003154574132495,52.99684542586751
E00151251,285,147,138,51.578947368421055,48.421052631578945
E00151252,334,169,165,50.59880239520959,49.40119760479042
E00151254,528,275,253,52.083333333333336,47.91666666666667
E00151255,303,161,142,53.135313531353134,46.864686468646866
E00151256,231,131,100,56.709956709956714,43.290043290043286
E00151257,401,207,194,51.6209476309227,48.37905236907731
E00151258,306,167,139,54.57516339869281,45.42483660130719
E00151259,287,140,147,48.78048780487805,51.21951219512195
E00151260,294,148,146,50.34013605442177,49.65986394557823
E00151623,281,152,129,54.092526690391466,45.90747330960854
E00151624,281,145,136,51.60142348754449,48.39857651245551
E00151626,317,161,156,50.78864353312302,49.21135646687697
E00151627,302,157,145,51.98675496688742,48.01324503311258
E00151640,279,138,141,49.46236559139785,50.53763440860215
E00151628,273,151,122,55.311355311355314,44.68864468864469
E00151629,260,138,122,53.07692307692308,46.92307692307692
E00151630,351,188,163,53.561253561253565,46.438746438746435
E00151631,348,174,174,50,50
E00151633,348,176,172,50.57471264367817,49.42528735632184
E00151621,363,183,180,50.413223140495866,49.586776859504134
E00151625,340,173,167,50.882352941176464,49.11764705882353
E00151632,282,144,138,51.06382978723404,48.93617021276596
E00151634,326,161,165,49.38650306748466,50.61349693251533
E00151638,137,83,54,60.58394160583942,39.416058394160586
E00151639,269,137,132,50.92936802973978,49.07063197026022
E00151622,322,166,156,51.5527950310559,48.4472049689441
E00151635,315,157,158,49.84126984126984,50.15873015873016
E00151636,331,161,170,48.6404833836858,51.3595166163142
E00151637,532,272,260,51.127819548872175,48.87218045112782
E00151641,279,143,136,51.25448028673835,48.74551971326165
E00151487,307,159,148,51.79153094462541,48.20846905537459
E00151489,303,152,151,50.165016501650165,49.834983498349835
E00151490,289,153,136,52.94117647058824,47.05882352941176
E00151491,391,193,198,49.36061381074169,50.63938618925832
E00151492,319,160,159,50.15673981191222,49.843260188087775
E00151493,290,143,147,49.310344827586206,50.689655172413794
E00166322,339,167,172,49.26253687315634,50.737463126843664
E00166325,377,194,183,51.45888594164456,48.54111405835544
E00151270,307,158,149,51.465798045602604,48.534201954397396
E00151271,371,186,185,50.13477088948787,49.865229110512125
E00151272,228,119,109,52.19298245614035,47.80701754385965
E00151273,432,212,220,49.074074074074076,50.92592592592593
E00151274,168,82,86,48.80952380952381,51.19047619047619
E00151275,243,128,115,52.674897119341566,47.325102880658434
E00179385,241,101,140,41.90871369294606,58.09128630705395
E00179404,412,205,207,49.75728155339806,50.24271844660194
E00151369,555,287,268,51.711711711711715,48.28828828828829
E00151370,309,153,156,49.51456310679612,50.48543689320388
E00151371,286,139,147,48.6013986013986,51.39860139860139
E00151373,295,149,146,50.50847457627119,49.49152542372882
E00151374,349,164,185,46.99140401146132,53.00859598853869
E00151361,298,153,145,51.34228187919463,48.65771812080537
E00151362,274,152,122,55.47445255474452,44.52554744525548
E00151367,343,173,170,50.437317784256564,49.56268221574344
E00151368,288,135,153,46.875,53.125
E00151372,221,120,101,54.29864253393665,45.70135746606335
E00151360,300,141,159,47,53
E00151375,417,215,202,51.55875299760192,48.44124700239808
E00151377,306,161,145,52.614379084967325,47.385620915032675
E00151378,385,194,191,50.38961038961038,49.61038961038961
E00151379,292,148,144,50.68493150684932,49.31506849315068
E00151380,419,204,215,48.6873508353222,51.3126491646778
E00151363,310,153,157,49.354838709677416,50.645161290322584
E00151364,229,126,103,55.021834061135365,44.97816593886463
E00151365,267,128,139,47.940074906367045,52.05992509363296
E00151366,294,159,135,54.08163265306123,45.91836734693878
E00151376,365,189,176,51.78082191780822,48.21917808219178
E00151470,298,148,150,49.664429530201346,50.33557046979866
E00151474,347,182,165,52.44956772334294,47.55043227665706
E00151477,362,186,176,51.38121546961326,48.61878453038674
E00151478,376,191,185,50.797872340425535,49.202127659574465
E00151480,327,173,154,52.90519877675841,47.09480122324159
E00151465,235,120,115,51.06382978723404,48.93617021276596
E00151467,260,137,123,52.69230769230769,47.30769230769231
E00151472,230,109,121,47.391304347826086,52.60869565217391
E00151473,294,150,144,51.02040816326531,48.97959183673469
E00151476,299,139,160,46.48829431438127,53.51170568561873
E00151479,237,115,122,48.52320675105485,51.47679324894515
E00151505,307,148,159,48.20846905537459,51.79153094462541
E00151506,255,127,128,49.80392156862745,50.19607843137255
E00151510,271,141,130,52.02952029520295,47.97047970479705
E00151512,381,205,176,53.805774278215225,46.194225721784775
E00151514,319,171,148,53.60501567398119,46.39498432601881
E00166312,176,93,83,52.84090909090909,47.159090909090914
E00166313,275,142,133,51.63636363636363,48.36363636363637
E00166314,238,120,118,50.42016806722689,49.57983193277311
E00151509,365,180,185,49.31506849315068,50.68493150684932
E00151511,306,157,149,51.307189542483655,48.69281045751634
E00151513,358,190,168,53.072625698324025,46.927374301675975
E00151515,281,151,130,53.736654804270465,46.263345195729535
E00151516,289,148,141,51.21107266435986,48.78892733564014
E00166315,298,152,146,51.006711409395976,48.99328859060403
E00166316,302,154,148,50.993377483443716,49.00662251655629
