OA,ts0390001,ts0390002,ts0390003,ts0390004,ts0390005,ts0390006,ts0390007,ts0390008,ts0390009,ts0390002_PCT,ts0390003_PCT,ts0390004_PCT,ts0390005_PCT,ts0390006_PCT,ts0390007_PCT,ts0390008_PCT,ts0390009_PCT
E00141633,212,190,7,2,5,10,6,4,5,89.62264150943396,3.30188679245283,0.9433962264150944,2.358490566037736,4.716981132075472,2.8301886792452833,1.8867924528301887,2.358490566037736
E00141634,243,216,10,6,4,10,6,4,7,88.88888888888889,4.11522633744856,2.4691358024691357,1.646090534979424,4.11522633744856,2.4691358024691357,1.646090534979424,2.880658436213992
E00141635,293,273,7,4,3,5,3,2,8,93.1740614334471,2.3890784982935154,1.3651877133105803,1.023890784982935,1.7064846416382253,1.023890784982935,0.6825938566552902,2.7303754266211606
E00141636,218,193,11,6,5,6,2,4,8,88.53211009174312,5.045871559633028,2.7522935779816518,2.293577981651376,2.7522935779816518,0.9174311926605505,1.834862385321101,3.669724770642202
E00141637,204,184,7,5,2,6,3,3,7,90.19607843137256,3.431372549019608,2.450980392156863,0.9803921568627451,2.941176470588235,1.4705882352941175,1.4705882352941175,3.431372549019608
E00141638,329,313,7,2,5,1,1,0,8,95.13677811550151,2.127659574468085,0.60790273556231,1.5197568389057752,0.303951367781155,0.303951367781155,0,2.43161094224924
E00141639,289,260,11,9,2,10,3,7,8,89.96539792387543,3.8062283737024223,3.1141868512110724,0.6920415224913495,3.4602076124567476,1.0380622837370241,2.422145328719723,2.768166089965398
E00141640,253,239,9,8,1,2,2,0,3,94.46640316205533,3.557312252964427,3.1620553359683794,0.3952569169960474,0.7905138339920948,0.7905138339920948,0,1.185770750988142
E00141641,251,229,14,9,5,2,1,1,6,91.23505976095618,5.577689243027888,3.5856573705179287,1.9920318725099602,0.796812749003984,0.398406374501992,0.398406374501992,2.3904382470119523
E00141642,204,189,10,5,5,2,1,1,3,92.64705882352942,4.901960784313726,2.450980392156863,2.450980392156863,0.9803921568627451,0.49019607843137253,0.49019607843137253,1.4705882352941175
E00141643,198,185,7,5,2,1,1,0,5,93.43434343434343,3.535353535353535,2.525252525252525,1.0101010101010102,0.5050505050505051,0.5050505050505051,0,2.525252525252525
E00141644,323,304,12,9,3,2,2,0,5,94.11764705882352,3.7151702786377707,2.786377708978328,0.9287925696594427,0.6191950464396285,0.6191950464396285,0,1.5479876160990713
E00141645,195,177,6,5,1,5,2,3,7,90.76923076923077,3.076923076923077,2.564102564102564,0.5128205128205128,2.564102564102564,1.0256410256410255,1.5384615384615385,3.5897435897435894
E00141646,182,161,10,3,7,3,3,0,8,88.46153846153845,5.4945054945054945,1.6483516483516485,3.8461538461538463,1.6483516483516485,1.6483516483516485,0,4.395604395604396
E00141647,195,173,11,10,1,5,1,4,6,88.71794871794872,5.641025641025641,5.128205128205128,0.5128205128205128,2.564102564102564,0.5128205128205128,2.051282051282051,3.076923076923077
E00141648,200,179,8,5,3,8,4,4,5,89.5,4,2.5,1.5,4,2,2,2.5
E00141649,235,217,6,5,1,4,1,3,8,92.34042553191489,2.553191489361702,2.127659574468085,0.425531914893617,1.702127659574468,0.425531914893617,1.276595744680851,3.404255319148936
E00141650,192,171,8,6,2,2,1,1,11,89.0625,4.166666666666666,3.125,1.0416666666666665,1.0416666666666665,0.5208333333333333,0.5208333333333333,5.729166666666666
E00141651,514,456,28,22,6,18,9,9,12,88.715953307393,5.447470817120623,4.280155642023346,1.1673151750972763,3.501945525291829,1.7509727626459144,1.7509727626459144,2.3346303501945527
E00141652,248,207,24,18,6,11,8,3,6,83.46774193548387,9.67741935483871,7.258064516129033,2.4193548387096775,4.435483870967742,3.225806451612903,1.2096774193548387,2.4193548387096775
E00141653,264,224,9,4,5,8,6,2,23,84.84848484848484,3.4090909090909087,1.5151515151515151,1.893939393939394,3.0303030303030303,2.272727272727273,0.7575757575757576,8.712121212121213
E00141654,244,218,10,9,1,6,2,4,10,89.34426229508196,4.098360655737705,3.6885245901639343,0.4098360655737705,2.459016393442623,0.819672131147541,1.639344262295082,4.098360655737705
E00141655,274,249,11,10,1,5,2,3,9,90.87591240875912,4.014598540145985,3.64963503649635,0.36496350364963503,1.824817518248175,0.7299270072992701,1.094890510948905,3.2846715328467155
E00141656,385,345,20,11,9,9,3,6,11,89.6103896103896,5.194805194805195,2.857142857142857,2.3376623376623376,2.3376623376623376,0.7792207792207793,1.5584415584415585,2.857142857142857
E00141657,276,241,18,13,5,4,2,2,13,87.31884057971014,6.521739130434782,4.710144927536232,1.8115942028985508,1.4492753623188406,0.7246376811594203,0.7246376811594203,4.710144927536232
E00141658,239,210,12,8,4,5,2,3,12,87.86610878661088,5.02092050209205,3.3472803347280333,1.6736401673640167,2.092050209205021,0.8368200836820083,1.2552301255230125,5.02092050209205
E00141659,402,365,18,13,5,9,2,7,10,90.79601990049751,4.477611940298507,3.233830845771144,1.2437810945273633,2.2388059701492535,0.4975124378109453,1.7412935323383085,2.4875621890547266
E00141660,167,147,9,8,1,5,1,4,6,88.02395209580838,5.389221556886228,4.790419161676647,0.5988023952095809,2.9940119760479043,0.5988023952095809,2.3952095808383236,3.592814371257485
E00141661,317,284,13,9,4,9,3,6,11,89.58990536277602,4.100946372239748,2.8391167192429023,1.2618296529968454,2.8391167192429023,0.9463722397476341,1.8927444794952681,3.4700315457413247
E00141662,252,220,16,15,1,3,2,1,13,87.3015873015873,6.349206349206349,5.952380952380952,0.3968253968253968,1.1904761904761905,0.7936507936507936,0.3968253968253968,5.158730158730158
E00141663,168,154,7,4,3,4,0,4,3,91.66666666666666,4.166666666666666,2.380952380952381,1.7857142857142856,2.380952380952381,0,2.380952380952381,1.7857142857142856
E00141664,247,216,15,14,1,5,4,1,11,87.4493927125506,6.0728744939271255,5.668016194331984,0.4048582995951417,2.0242914979757085,1.6194331983805668,0.4048582995951417,4.4534412955465585
E00141665,206,184,10,8,2,3,3,0,9,89.32038834951457,4.854368932038835,3.8834951456310676,0.9708737864077669,1.4563106796116505,1.4563106796116505,0,4.368932038834951
E00141666,280,256,12,4,8,9,4,5,3,91.42857142857143,4.285714285714286,1.4285714285714286,2.857142857142857,3.214285714285714,1.4285714285714286,1.7857142857142856,1.0714285714285714
E00141667,206,194,2,0,2,8,2,6,2,94.1747572815534,0.9708737864077669,0,0.9708737864077669,3.8834951456310676,0.9708737864077669,2.912621359223301,0.9708737864077669
E00141668,341,313,16,11,5,4,1,3,8,91.78885630498533,4.69208211143695,3.225806451612903,1.466275659824047,1.1730205278592376,0.2932551319648094,0.8797653958944283,2.346041055718475
E00141669,276,257,10,8,2,2,2,0,7,93.11594202898551,3.6231884057971016,2.898550724637681,0.7246376811594203,0.7246376811594203,0.7246376811594203,0,2.536231884057971
E00141670,249,221,16,10,6,5,2,3,7,88.75502008032129,6.425702811244979,4.016064257028113,2.4096385542168677,2.0080321285140563,0.8032128514056224,1.2048192771084338,2.8112449799196786
E00141671,344,319,11,8,3,6,1,5,8,92.73255813953489,3.1976744186046515,2.3255813953488373,0.872093023255814,1.744186046511628,0.29069767441860467,1.4534883720930232,2.3255813953488373
E00141672,242,215,14,9,5,6,2,4,7,88.84297520661157,5.785123966942149,3.71900826446281,2.066115702479339,2.479338842975207,0.8264462809917356,1.6528925619834711,2.8925619834710745
E00141673,303,280,9,6,3,5,2,3,9,92.4092409240924,2.9702970297029703,1.9801980198019802,0.9900990099009901,1.65016501650165,0.6600660066006601,0.9900990099009901,2.9702970297029703
E00141674,203,179,16,9,7,4,2,2,4,88.17733990147784,7.8817733990147785,4.433497536945813,3.4482758620689653,1.9704433497536946,0.9852216748768473,0.9852216748768473,1.9704433497536946
E00141675,330,303,15,12,3,7,6,1,5,91.81818181818183,4.545454545454546,3.6363636363636362,0.9090909090909091,2.1212121212121215,1.8181818181818181,0.30303030303030304,1.5151515151515151
E00141676,271,247,13,11,2,6,4,2,5,91.14391143911439,4.797047970479705,4.059040590405904,0.7380073800738007,2.214022140221402,1.4760147601476015,0.7380073800738007,1.8450184501845017
E00141677,278,256,16,8,8,3,0,3,3,92.08633093525181,5.755395683453238,2.877697841726619,2.877697841726619,1.079136690647482,0,1.079136690647482,1.079136690647482
E00141678,289,261,13,12,1,10,5,5,5,90.3114186851211,4.498269896193772,4.1522491349480966,0.34602076124567477,3.4602076124567476,1.7301038062283738,1.7301038062283738,1.7301038062283738
E00141679,242,214,19,17,2,2,1,1,7,88.42975206611571,7.851239669421488,7.024793388429752,0.8264462809917356,0.8264462809917356,0.4132231404958678,0.4132231404958678,2.8925619834710745
E00141680,314,285,14,11,3,6,1,5,9,90.76433121019109,4.45859872611465,3.5031847133757963,0.9554140127388535,1.910828025477707,0.3184713375796179,1.5923566878980893,2.8662420382165608
E00141681,314,277,17,11,6,10,4,6,10,88.21656050955414,5.414012738853503,3.5031847133757963,1.910828025477707,3.1847133757961785,1.2738853503184715,1.910828025477707,3.1847133757961785
E00141682,122,108,7,2,5,3,1,2,4,88.52459016393442,5.737704918032787,1.639344262295082,4.098360655737705,2.459016393442623,0.819672131147541,1.639344262295082,3.278688524590164
E00141683,275,244,12,9,3,6,3,3,13,88.72727272727273,4.363636363636364,3.272727272727273,1.090909090909091,2.181818181818182,1.090909090909091,1.090909090909091,4.7272727272727275
E00141684,413,373,16,16,0,6,3,3,18,90.31476997578693,3.87409200968523,3.87409200968523,0,1.4527845036319613,0.7263922518159807,0.7263922518159807,4.358353510895883
E00141685,274,230,20,15,5,8,5,3,16,83.94160583941606,7.2992700729927,5.474452554744526,1.824817518248175,2.9197080291970803,1.824817518248175,1.094890510948905,5.839416058394161
E00141686,238,212,15,12,3,5,3,2,6,89.07563025210085,6.302521008403361,5.042016806722689,1.2605042016806722,2.100840336134454,1.2605042016806722,0.8403361344537815,2.5210084033613445
E00141687,346,307,25,17,8,6,4,2,8,88.72832369942196,7.225433526011561,4.913294797687861,2.312138728323699,1.7341040462427744,1.1560693641618496,0.5780346820809248,2.312138728323699
E00141688,142,123,7,5,2,2,1,1,10,86.61971830985915,4.929577464788732,3.5211267605633805,1.4084507042253522,1.4084507042253522,0.7042253521126761,0.7042253521126761,7.042253521126761
E00141689,335,297,26,23,3,4,1,3,8,88.65671641791046,7.761194029850746,6.865671641791045,0.8955223880597015,1.1940298507462688,0.2985074626865672,0.8955223880597015,2.3880597014925375
E00141691,343,302,20,15,5,8,3,5,13,88.0466472303207,5.830903790087463,4.373177842565598,1.4577259475218658,2.3323615160349855,0.8746355685131195,1.4577259475218658,3.7900874635568513
E00141692,263,237,15,10,5,5,1,4,6,90.11406844106465,5.7034220532319395,3.802281368821293,1.9011406844106464,1.9011406844106464,0.38022813688212925,1.520912547528517,2.2813688212927756
E00141693,254,224,17,10,7,5,2,3,8,88.18897637795276,6.692913385826772,3.937007874015748,2.7559055118110236,1.968503937007874,0.7874015748031495,1.1811023622047243,3.149606299212598
E00141694,284,236,14,8,6,7,4,3,27,83.09859154929578,4.929577464788732,2.8169014084507045,2.112676056338028,2.464788732394366,1.4084507042253522,1.056338028169014,9.507042253521126
E00141695,306,263,27,18,9,7,2,5,9,85.94771241830065,8.823529411764707,5.88235294117647,2.941176470588235,2.287581699346405,0.6535947712418301,1.6339869281045754,2.941176470588235
E00141696,244,207,21,18,3,7,4,3,9,84.8360655737705,8.60655737704918,7.377049180327869,1.2295081967213115,2.8688524590163933,1.639344262295082,1.2295081967213115,3.6885245901639343
E00141697,308,270,21,17,4,7,4,3,10,87.66233766233766,6.8181818181818175,5.51948051948052,1.2987012987012987,2.272727272727273,1.2987012987012987,0.974025974025974,3.2467532467532463
E00141698,246,220,18,14,4,3,2,1,5,89.43089430894308,7.317073170731707,5.691056910569105,1.6260162601626018,1.2195121951219512,0.8130081300813009,0.40650406504065045,2.0325203252032518
E00141699,281,245,24,20,4,3,2,1,9,87.18861209964413,8.540925266903916,7.11743772241993,1.4234875444839856,1.0676156583629894,0.7117437722419928,0.3558718861209964,3.202846975088968
E00141700,216,185,11,8,3,7,6,1,13,85.64814814814815,5.092592592592593,3.7037037037037033,1.3888888888888888,3.2407407407407405,2.7777777777777777,0.4629629629629629,6.018518518518518
E00141702,397,352,19,14,5,8,4,4,18,88.66498740554157,4.785894206549118,3.5264483627204033,1.2594458438287155,2.0151133501259446,1.0075566750629723,1.0075566750629723,4.534005037783375
E00141703,272,244,19,18,1,6,2,4,3,89.70588235294117,6.985294117647059,6.61764705882353,0.3676470588235294,2.2058823529411766,0.7352941176470588,1.4705882352941175,1.1029411764705883
E00141704,307,276,22,21,1,3,0,3,6,89.90228013029315,7.166123778501629,6.840390879478828,0.32573289902280134,0.9771986970684038,0,0.9771986970684038,1.9543973941368076
E00141708,346,297,20,14,6,10,2,8,19,85.83815028901735,5.780346820809249,4.046242774566474,1.7341040462427744,2.8901734104046244,0.5780346820809248,2.312138728323699,5.491329479768786
E00141710,300,262,15,5,10,5,4,1,18,87.33333333333333,5,1.6666666666666667,3.3333333333333335,1.6666666666666667,1.3333333333333335,0.33333333333333337,6
E00141711,282,261,4,3,1,1,0,1,16,92.5531914893617,1.4184397163120568,1.0638297872340425,0.3546099290780142,0.3546099290780142,0,0.3546099290780142,5.673758865248227
E00141712,331,292,9,8,1,8,2,6,22,88.21752265861026,2.719033232628399,2.416918429003021,0.3021148036253776,2.416918429003021,0.6042296072507553,1.812688821752266,6.646525679758309
E00141713,216,197,10,7,3,3,0,3,6,91.20370370370371,4.62962962962963,3.2407407407407405,1.3888888888888888,1.3888888888888888,0,1.3888888888888888,2.7777777777777777
E00141716,180,158,7,6,1,3,2,1,12,87.77777777777777,3.888888888888889,3.3333333333333335,0.5555555555555556,1.6666666666666667,1.1111111111111112,0.5555555555555556,6.666666666666667
E00141717,314,270,18,16,2,9,5,4,17,85.98726114649682,5.7324840764331215,5.095541401273886,0.6369426751592357,2.8662420382165608,1.5923566878980893,1.2738853503184715,5.414012738853503
E00141719,252,225,9,6,3,5,1,4,13,89.28571428571429,3.571428571428571,2.380952380952381,1.1904761904761905,1.984126984126984,0.3968253968253968,1.5873015873015872,5.158730158730158
E00141720,218,202,5,2,3,3,1,2,8,92.66055045871559,2.293577981651376,0.9174311926605505,1.3761467889908259,1.3761467889908259,0.45871559633027525,0.9174311926605505,3.669724770642202
E00141721,258,231,16,7,9,3,2,1,8,89.53488372093024,6.2015503875969,2.7131782945736433,3.488372093023256,1.1627906976744187,0.7751937984496124,0.3875968992248062,3.10077519379845
E00141723,266,232,17,11,6,7,3,4,10,87.21804511278195,6.390977443609022,4.135338345864661,2.2556390977443606,2.631578947368421,1.1278195488721803,1.5037593984962405,3.7593984962406015
E00141724,306,276,12,6,6,7,6,1,11,90.19607843137256,3.9215686274509802,1.9607843137254901,1.9607843137254901,2.287581699346405,1.9607843137254901,0.32679738562091504,3.594771241830065
E00141725,387,351,10,8,2,15,4,11,11,90.69767441860465,2.5839793281653747,2.0671834625323,0.516795865633075,3.875968992248062,1.03359173126615,2.842377260981912,2.842377260981912
E00141726,225,203,16,13,3,4,1,3,2,90.22222222222223,7.111111111111111,5.777777777777778,1.3333333333333335,1.7777777777777777,0.4444444444444444,1.3333333333333335,0.8888888888888888
E00141727,218,205,12,9,3,0,0,0,1,94.03669724770643,5.5045871559633035,4.128440366972478,1.3761467889908259,0,0,0,0.45871559633027525
E00141728,296,265,20,16,4,5,4,1,6,89.52702702702703,6.756756756756757,5.405405405405405,1.3513513513513513,1.6891891891891893,1.3513513513513513,0.33783783783783783,2.027027027027027
E00141729,264,228,15,14,1,8,4,4,13,86.36363636363636,5.681818181818182,5.303030303030303,0.3787878787878788,3.0303030303030303,1.5151515151515151,1.5151515151515151,4.924242424242424
E00141730,252,237,8,7,1,4,3,1,3,94.04761904761905,3.1746031746031744,2.7777777777777777,0.3968253968253968,1.5873015873015872,1.1904761904761905,0.3968253968253968,1.1904761904761905
E00141731,318,279,16,13,3,8,5,3,15,87.73584905660378,5.031446540880504,4.088050314465408,0.9433962264150944,2.515723270440252,1.5723270440251573,0.9433962264150944,4.716981132075472
E00141732,294,257,15,11,4,7,2,5,15,87.41496598639455,5.1020408163265305,3.741496598639456,1.3605442176870748,2.380952380952381,0.6802721088435374,1.7006802721088436,5.1020408163265305
E00141733,275,244,20,16,4,5,2,3,6,88.72727272727273,7.2727272727272725,5.818181818181818,1.4545454545454546,1.8181818181818181,0.7272727272727273,1.090909090909091,2.181818181818182
E00141734,243,212,14,9,5,4,3,1,13,87.24279835390946,5.761316872427984,3.7037037037037033,2.05761316872428,1.646090534979424,1.2345679012345678,0.411522633744856,5.349794238683128
E00141735,241,209,8,5,3,10,5,5,14,86.72199170124482,3.319502074688797,2.0746887966804977,1.2448132780082988,4.149377593360995,2.0746887966804977,2.0746887966804977,5.809128630705394
E00141736,323,298,15,8,7,3,2,1,7,92.26006191950464,4.643962848297214,2.476780185758514,2.1671826625387,0.9287925696594427,0.6191950464396285,0.30959752321981426,2.1671826625387
E00141737,280,258,13,9,4,2,2,0,7,92.14285714285714,4.642857142857143,3.214285714285714,1.4285714285714286,0.7142857142857143,0.7142857142857143,0,2.5
E00141738,151,134,14,13,1,0,0,0,3,88.74172185430463,9.271523178807946,8.609271523178808,0.6622516556291391,0,0,0,1.9867549668874174
E00141739,221,197,13,10,3,7,7,0,4,89.14027149321268,5.88235294117647,4.524886877828054,1.3574660633484164,3.167420814479638,3.167420814479638,0,1.809954751131222
E00141740,284,262,12,7,5,4,0,4,6,92.25352112676056,4.225352112676056,2.464788732394366,1.7605633802816902,1.4084507042253522,0,1.4084507042253522,2.112676056338028
E00141741,180,166,10,8,2,2,1,1,2,92.22222222222223,5.555555555555555,4.444444444444445,1.1111111111111112,1.1111111111111112,0.5555555555555556,0.5555555555555556,1.1111111111111112
E00141742,289,259,13,12,1,5,2,3,12,89.61937716262976,4.498269896193772,4.1522491349480966,0.34602076124567477,1.7301038062283738,0.6920415224913495,1.0380622837370241,4.1522491349480966
E00141744,277,252,8,6,2,8,5,3,9,90.97472924187726,2.888086642599278,2.166064981949458,0.7220216606498195,2.888086642599278,1.8050541516245486,1.083032490974729,3.2490974729241873
E00141745,321,273,14,10,4,8,3,5,26,85.04672897196261,4.361370716510903,3.115264797507788,1.2461059190031152,2.4922118380062304,0.9345794392523363,1.557632398753894,8.09968847352025
E00141746,296,274,11,9,2,5,1,4,6,92.56756756756756,3.7162162162162162,3.040540540540541,0.6756756756756757,1.6891891891891893,0.33783783783783783,1.3513513513513513,2.027027027027027
E00141747,331,284,14,9,5,11,5,6,22,85.80060422960725,4.229607250755287,2.719033232628399,1.5105740181268883,3.3232628398791544,1.5105740181268883,1.812688821752266,6.646525679758309
E00141748,400,360,12,9,3,10,5,5,18,90,3,2.25,0.75,2.5,1.25,1.25,4.5
E00141749,273,236,6,5,1,11,5,6,20,86.44688644688645,2.197802197802198,1.8315018315018317,0.3663003663003663,4.029304029304029,1.8315018315018317,2.197802197802198,7.326007326007327
E00141750,286,259,11,9,2,6,4,2,10,90.55944055944056,3.8461538461538463,3.146853146853147,0.6993006993006993,2.097902097902098,1.3986013986013985,0.6993006993006993,3.4965034965034967
E00141751,288,266,8,8,0,6,5,1,8,92.36111111111111,2.7777777777777777,2.7777777777777777,0,2.083333333333333,1.7361111111111112,0.3472222222222222,2.7777777777777777
E00141752,268,253,12,7,5,2,2,0,1,94.40298507462687,4.477611940298507,2.6119402985074625,1.8656716417910446,0.7462686567164178,0.7462686567164178,0,0.3731343283582089
E00141753,307,280,8,7,1,7,4,3,12,91.20521172638436,2.6058631921824107,2.2801302931596092,0.32573289902280134,2.2801302931596092,1.3029315960912053,0.9771986970684038,3.908794788273615
E00141754,246,215,16,10,6,7,4,3,8,87.39837398373984,6.504065040650407,4.0650406504065035,2.4390243902439024,2.8455284552845526,1.6260162601626018,1.2195121951219512,3.2520325203252036
E00141755,261,241,9,7,2,3,1,2,8,92.33716475095785,3.4482758620689653,2.681992337164751,0.7662835249042145,1.1494252873563218,0.38314176245210724,0.7662835249042145,3.065134099616858
E00141756,244,218,13,9,4,8,3,5,5,89.34426229508196,5.327868852459016,3.6885245901639343,1.639344262295082,3.278688524590164,1.2295081967213115,2.0491803278688523,2.0491803278688523
E00141757,204,184,10,7,3,2,2,0,8,90.19607843137256,4.901960784313726,3.431372549019608,1.4705882352941175,0.9803921568627451,0.9803921568627451,0,3.9215686274509802
E00141758,256,210,17,11,6,16,9,7,13,82.03125,6.640625,4.296875,2.34375,6.25,3.515625,2.734375,5.078125
E00141759,274,238,16,12,4,3,2,1,17,86.86131386861314,5.839416058394161,4.37956204379562,1.4598540145985401,1.094890510948905,0.7299270072992701,0.36496350364963503,6.204379562043796
E00141760,219,191,10,6,4,8,4,4,10,87.21461187214612,4.5662100456621,2.73972602739726,1.82648401826484,3.65296803652968,1.82648401826484,1.82648401826484,4.5662100456621
E00141761,375,328,19,15,4,8,4,4,20,87.46666666666667,5.066666666666666,4,1.0666666666666667,2.1333333333333333,1.0666666666666667,1.0666666666666667,5.333333333333334
E00141762,207,186,12,9,3,4,0,4,5,89.85507246376811,5.797101449275362,4.3478260869565215,1.4492753623188406,1.932367149758454,0,1.932367149758454,2.4154589371980677
E00141763,260,216,16,10,6,13,4,9,15,83.07692307692308,6.153846153846154,3.8461538461538463,2.307692307692308,5,1.5384615384615385,3.4615384615384617,5.769230769230769
E00141764,230,209,6,5,1,5,3,2,10,90.8695652173913,2.608695652173913,2.1739130434782608,0.43478260869565216,2.1739130434782608,1.3043478260869565,0.8695652173913043,4.3478260869565215
E00141765,257,214,15,12,3,7,4,3,21,83.26848249027238,5.836575875486381,4.669260700389105,1.1673151750972763,2.7237354085603114,1.556420233463035,1.1673151750972763,8.171206225680933
E00141766,180,158,11,10,1,4,2,2,7,87.77777777777777,6.111111111111111,5.555555555555555,0.5555555555555556,2.2222222222222223,1.1111111111111112,1.1111111111111112,3.888888888888889
E00141768,221,206,7,5,2,3,3,0,5,93.21266968325791,3.167420814479638,2.262443438914027,0.904977375565611,1.3574660633484164,1.3574660633484164,0,2.262443438914027
E00141769,290,261,8,4,4,11,6,5,10,90,2.7586206896551726,1.3793103448275863,1.3793103448275863,3.793103448275862,2.0689655172413794,1.7241379310344827,3.4482758620689653
E00141770,220,191,12,9,3,10,8,2,7,86.81818181818181,5.454545454545454,4.090909090909091,1.3636363636363635,4.545454545454546,3.6363636363636362,0.9090909090909091,3.1818181818181817
E00141771,250,222,12,8,4,3,1,2,13,88.8,4.8,3.2,1.6,1.2,0.4,0.8,5.2
E00141772,179,156,20,17,3,2,0,2,1,87.15083798882681,11.1731843575419,9.497206703910614,1.675977653631285,1.1173184357541899,0,1.1173184357541899,0.5586592178770949
E00141773,221,198,12,9,3,1,1,0,10,89.59276018099548,5.429864253393665,4.072398190045249,1.3574660633484164,0.4524886877828055,0.4524886877828055,0,4.524886877828054
E00141774,417,363,21,12,9,12,2,10,21,87.05035971223022,5.0359712230215825,2.877697841726619,2.158273381294964,2.877697841726619,0.4796163069544364,2.3980815347721824,5.0359712230215825
E00141775,288,255,15,8,7,10,4,6,8,88.54166666666666,5.208333333333334,2.7777777777777777,2.430555555555556,3.4722222222222223,1.3888888888888888,2.083333333333333,2.7777777777777777
E00141776,236,207,21,17,4,3,3,0,5,87.71186440677965,8.898305084745763,7.203389830508475,1.694915254237288,1.2711864406779663,1.2711864406779663,0,2.11864406779661
E00141777,222,182,18,10,8,7,5,2,15,81.98198198198197,8.108108108108109,4.504504504504505,3.6036036036036037,3.153153153153153,2.2522522522522523,0.9009009009009009,6.756756756756757
E00141778,267,248,7,5,2,9,6,3,3,92.88389513108615,2.6217228464419478,1.8726591760299627,0.7490636704119851,3.3707865168539324,2.247191011235955,1.1235955056179776,1.1235955056179776
E00141779,248,224,11,6,5,8,2,6,5,90.32258064516128,4.435483870967742,2.4193548387096775,2.0161290322580645,3.225806451612903,0.8064516129032258,2.4193548387096775,2.0161290322580645
E00141780,166,149,6,5,1,5,0,5,6,89.7590361445783,3.614457831325301,3.0120481927710845,0.6024096385542169,3.0120481927710845,0,3.0120481927710845,3.614457831325301
E00141781,304,277,16,13,3,3,2,1,8,91.11842105263158,5.263157894736842,4.276315789473684,0.9868421052631579,0.9868421052631579,0.6578947368421052,0.3289473684210526,2.631578947368421
E00141782,235,213,12,10,2,3,2,1,7,90.63829787234042,5.106382978723404,4.25531914893617,0.851063829787234,1.276595744680851,0.851063829787234,0.425531914893617,2.9787234042553195
E00141783,174,149,16,9,7,7,2,5,2,85.63218390804597,9.195402298850574,5.172413793103448,4.022988505747127,4.022988505747127,1.1494252873563218,2.8735632183908044,1.1494252873563218
E00141784,263,232,14,10,4,6,5,1,11,88.212927756654,5.323193916349809,3.802281368821293,1.520912547528517,2.2813688212927756,1.9011406844106464,0.38022813688212925,4.182509505703422
E00141785,243,215,17,12,5,4,0,4,7,88.47736625514403,6.995884773662551,4.938271604938271,2.05761316872428,1.646090534979424,0,1.646090534979424,2.880658436213992
E00141786,236,208,15,7,8,5,5,0,8,88.13559322033898,6.3559322033898304,2.9661016949152543,3.389830508474576,2.11864406779661,2.11864406779661,0,3.389830508474576
E00141787,230,201,15,12,3,7,4,3,7,87.39130434782608,6.521739130434782,5.217391304347826,1.3043478260869565,3.0434782608695654,1.7391304347826086,1.3043478260869565,3.0434782608695654
E00141788,214,189,11,11,0,8,5,3,6,88.3177570093458,5.14018691588785,5.14018691588785,0,3.7383177570093453,2.336448598130841,1.4018691588785046,2.803738317757009
E00141789,412,364,13,11,2,11,5,6,24,88.3495145631068,3.1553398058252426,2.669902912621359,0.48543689320388345,2.669902912621359,1.2135922330097086,1.4563106796116505,5.825242718446602
E00141790,507,452,30,20,10,5,3,2,20,89.15187376725838,5.9171597633136095,3.9447731755424065,1.9723865877712032,0.9861932938856016,0.591715976331361,0.39447731755424065,3.9447731755424065
E00141791,213,190,9,6,3,2,0,2,12,89.2018779342723,4.225352112676056,2.8169014084507045,1.4084507042253522,0.9389671361502347,0,0.9389671361502347,5.633802816901409
E00141792,269,242,14,9,5,2,0,2,11,89.96282527881041,5.204460966542751,3.3457249070631967,1.858736059479554,0.7434944237918215,0,0.7434944237918215,4.089219330855019
E00141793,312,272,14,11,3,16,9,7,10,87.17948717948718,4.487179487179487,3.5256410256410255,0.9615384615384616,5.128205128205128,2.8846153846153846,2.2435897435897436,3.205128205128205
E00141794,254,232,8,4,4,5,3,2,9,91.33858267716536,3.149606299212598,1.574803149606299,1.574803149606299,1.968503937007874,1.1811023622047243,0.7874015748031495,3.543307086614173
E00141795,307,276,14,14,0,9,5,4,8,89.90228013029315,4.5602605863192185,4.5602605863192185,0,2.9315960912052117,1.6286644951140066,1.3029315960912053,2.6058631921824107
E00141796,291,256,17,12,5,10,7,3,8,87.97250859106529,5.841924398625429,4.123711340206185,1.718213058419244,3.436426116838488,2.405498281786942,1.0309278350515463,2.7491408934707904
E00141797,217,190,10,5,5,9,5,4,8,87.55760368663594,4.6082949308755765,2.3041474654377883,2.3041474654377883,4.147465437788019,2.3041474654377883,1.8433179723502304,3.686635944700461
E00141798,237,216,15,13,2,3,2,1,3,91.13924050632912,6.329113924050633,5.485232067510549,0.8438818565400843,1.2658227848101267,0.8438818565400843,0.42194092827004215,1.2658227848101267
E00141799,300,266,19,12,7,5,3,2,10,88.66666666666667,6.333333333333334,4,2.3333333333333335,1.6666666666666667,1,0.6666666666666667,3.3333333333333335
E00141800,234,212,11,10,1,5,4,1,6,90.5982905982906,4.700854700854701,4.273504273504273,0.4273504273504274,2.1367521367521367,1.7094017094017095,0.4273504273504274,2.564102564102564
E00141801,219,193,8,6,2,6,2,4,12,88.12785388127854,3.65296803652968,2.73972602739726,0.91324200913242,2.73972602739726,0.91324200913242,1.82648401826484,5.47945205479452
E00141802,256,231,10,8,2,4,1,3,11,90.234375,3.90625,3.125,0.78125,1.5625,0.390625,1.171875,4.296875
E00141803,322,283,23,16,7,5,3,2,11,87.88819875776397,7.142857142857142,4.968944099378882,2.1739130434782608,1.5527950310559007,0.9316770186335404,0.6211180124223602,3.4161490683229814
E00141804,378,324,24,13,11,6,3,3,24,85.71428571428571,6.349206349206349,3.439153439153439,2.91005291005291,1.5873015873015872,0.7936507936507936,0.7936507936507936,6.349206349206349
E00141805,284,253,16,11,5,5,4,1,10,89.08450704225352,5.633802816901409,3.873239436619718,1.7605633802816902,1.7605633802816902,1.4084507042253522,0.35211267605633806,3.5211267605633805
E00141806,268,235,13,9,4,9,6,3,11,87.68656716417911,4.850746268656716,3.3582089552238807,1.4925373134328357,3.3582089552238807,2.2388059701492535,1.1194029850746268,4.104477611940299
E00141807,256,229,11,7,4,4,1,3,12,89.453125,4.296875,2.734375,1.5625,1.5625,0.390625,1.171875,4.6875
E00141808,358,323,18,16,2,6,3,3,11,90.22346368715084,5.027932960893855,4.4692737430167595,0.5586592178770949,1.675977653631285,0.8379888268156425,0.8379888268156425,3.072625698324022
E00141809,247,225,12,7,5,3,1,2,7,91.09311740890689,4.8582995951417,2.834008097165992,2.0242914979757085,1.214574898785425,0.4048582995951417,0.8097165991902834,2.834008097165992
E00141810,352,308,27,17,10,4,1,3,13,87.5,7.670454545454546,4.829545454545454,2.840909090909091,1.1363636363636365,0.2840909090909091,0.8522727272727272,3.6931818181818183
E00141811,340,300,24,18,6,6,4,2,10,88.23529411764706,7.0588235294117645,5.294117647058823,1.7647058823529411,1.7647058823529411,1.1764705882352942,0.5882352941176471,2.941176470588235
E00141812,344,315,21,17,4,1,1,0,7,91.56976744186046,6.104651162790697,4.941860465116279,1.1627906976744187,0.29069767441860467,0.29069767441860467,0,2.0348837209302326
E00141813,260,229,13,8,5,5,3,2,13,88.07692307692308,5,3.076923076923077,1.9230769230769231,1.9230769230769231,1.153846153846154,0.7692307692307693,5
E00141814,383,349,19,14,5,3,3,0,12,91.12271540469973,4.960835509138381,3.6553524804177546,1.3054830287206265,0.7832898172323759,0.7832898172323759,0,3.1331592689295036
E00141815,287,259,12,9,3,5,4,1,11,90.2439024390244,4.181184668989547,3.1358885017421603,1.0452961672473868,1.7421602787456445,1.3937282229965158,0.34843205574912894,3.8327526132404177
E00141816,247,222,14,11,3,2,1,1,9,89.87854251012146,5.668016194331984,4.4534412955465585,1.214574898785425,0.8097165991902834,0.4048582995951417,0.4048582995951417,3.643724696356275
E00141817,308,289,11,9,2,5,3,2,3,93.83116883116884,3.571428571428571,2.922077922077922,0.6493506493506493,1.6233766233766231,0.974025974025974,0.6493506493506493,0.974025974025974
E00141818,252,220,10,5,5,9,4,5,13,87.3015873015873,3.968253968253968,1.984126984126984,1.984126984126984,3.571428571428571,1.5873015873015872,1.984126984126984,5.158730158730158
E00141819,280,257,8,5,3,6,3,3,9,91.78571428571428,2.857142857142857,1.7857142857142856,1.0714285714285714,2.142857142857143,1.0714285714285714,1.0714285714285714,3.214285714285714
E00141821,271,251,9,6,3,1,0,1,10,92.619926199262,3.3210332103321036,2.214022140221402,1.107011070110701,0.36900369003690037,0,0.36900369003690037,3.6900369003690034
E00141822,373,350,9,7,2,1,1,0,13,93.8337801608579,2.4128686327077746,1.876675603217158,0.5361930294906166,0.2680965147453083,0.2680965147453083,0,3.485254691689008
E00141823,196,163,7,5,2,12,9,3,14,83.16326530612244,3.571428571428571,2.5510204081632653,1.0204081632653061,6.122448979591836,4.591836734693878,1.530612244897959,7.142857142857142
E00141824,253,227,15,9,6,3,3,0,8,89.72332015810277,5.928853754940711,3.557312252964427,2.371541501976284,1.185770750988142,1.185770750988142,0,3.1620553359683794
E00141825,289,257,23,16,7,6,3,3,3,88.92733564013841,7.958477508650519,5.536332179930796,2.422145328719723,2.0761245674740483,1.0380622837370241,1.0380622837370241,1.0380622837370241
E00141826,270,244,13,11,2,4,3,1,9,90.37037037037037,4.814814814814815,4.074074074074074,0.7407407407407408,1.4814814814814816,1.1111111111111112,0.3703703703703704,3.3333333333333335
E00141827,244,220,14,8,6,3,2,1,7,90.1639344262295,5.737704918032787,3.278688524590164,2.459016393442623,1.2295081967213115,0.819672131147541,0.4098360655737705,2.8688524590163933
E00141828,290,260,9,7,2,11,4,7,10,89.65517241379311,3.103448275862069,2.413793103448276,0.6896551724137931,3.793103448275862,1.3793103448275863,2.413793103448276,3.4482758620689653
E00141829,259,237,14,8,6,0,0,0,8,91.5057915057915,5.405405405405405,3.088803088803089,2.3166023166023164,0,0,0,3.088803088803089
E00141830,195,178,8,4,4,6,4,2,3,91.28205128205128,4.102564102564102,2.051282051282051,2.051282051282051,3.076923076923077,2.051282051282051,1.0256410256410255,1.5384615384615385
E00141831,229,203,12,8,4,6,5,1,8,88.64628820960698,5.240174672489083,3.4934497816593884,1.7467248908296942,2.6200873362445414,2.1834061135371177,0.43668122270742354,3.4934497816593884
E00141832,255,234,6,4,2,1,0,1,14,91.76470588235294,2.3529411764705883,1.5686274509803921,0.7843137254901961,0.39215686274509803,0,0.39215686274509803,5.490196078431373
E00141833,147,134,7,4,3,2,2,0,4,91.15646258503402,4.761904761904762,2.7210884353741496,2.0408163265306123,1.3605442176870748,1.3605442176870748,0,2.7210884353741496
E00141834,336,297,18,15,3,10,4,6,11,88.39285714285714,5.357142857142857,4.464285714285714,0.8928571428571428,2.976190476190476,1.1904761904761905,1.7857142857142856,3.273809523809524
E00141835,210,192,6,6,0,5,3,2,7,91.42857142857143,2.857142857142857,2.857142857142857,0,2.380952380952381,1.4285714285714286,0.9523809523809524,3.3333333333333335
E00141836,121,98,11,10,1,5,4,1,7,80.99173553719008,9.090909090909092,8.264462809917356,0.8264462809917356,4.132231404958678,3.3057851239669422,0.8264462809917356,5.785123966942149
E00141837,249,227,9,7,2,4,3,1,9,91.16465863453816,3.614457831325301,2.8112449799196786,0.8032128514056224,1.6064257028112447,1.2048192771084338,0.4016064257028112,3.614457831325301
E00141838,190,183,3,1,2,2,2,0,2,96.3157894736842,1.5789473684210527,0.5263157894736842,1.0526315789473684,1.0526315789473684,1.0526315789473684,0,1.0526315789473684
E00141839,186,168,11,8,3,3,3,0,4,90.32258064516128,5.913978494623656,4.301075268817205,1.6129032258064515,1.6129032258064515,1.6129032258064515,0,2.1505376344086025
E00141840,235,215,10,10,0,2,1,1,8,91.48936170212765,4.25531914893617,4.25531914893617,0,0.851063829787234,0.425531914893617,0.425531914893617,3.404255319148936
E00141841,264,238,14,12,2,3,1,2,9,90.15151515151516,5.303030303030303,4.545454545454546,0.7575757575757576,1.1363636363636365,0.3787878787878788,0.7575757575757576,3.4090909090909087
E00141842,275,252,11,6,5,4,2,2,8,91.63636363636364,4,2.181818181818182,1.8181818181818181,1.4545454545454546,0.7272727272727273,0.7272727272727273,2.909090909090909
E00141843,209,186,11,9,2,2,0,2,10,88.99521531100478,5.263157894736842,4.30622009569378,0.9569377990430622,0.9569377990430622,0,0.9569377990430622,4.784688995215311
E00141844,200,176,10,5,5,8,3,5,6,88,5,2.5,2.5,4,1.5,2.5,3
E00141845,339,306,18,13,5,3,2,1,12,90.2654867256637,5.3097345132743365,3.8348082595870205,1.4749262536873156,0.8849557522123894,0.5899705014749262,0.2949852507374631,3.5398230088495577
E00141846,304,261,23,17,6,8,3,5,12,85.85526315789474,7.565789473684211,5.592105263157895,1.9736842105263157,2.631578947368421,0.9868421052631579,1.644736842105263,3.9473684210526314
E00141847,202,195,2,1,1,1,0,1,4,96.53465346534654,0.9900990099009901,0.49504950495049505,0.49504950495049505,0.49504950495049505,0,0.49504950495049505,1.9801980198019802
E00141848,202,184,7,7,0,3,2,1,8,91.0891089108911,3.4653465346534658,3.4653465346534658,0,1.4851485148514851,0.9900990099009901,0.49504950495049505,3.9603960396039604
E00141849,283,255,18,15,3,6,3,3,4,90.10600706713781,6.36042402826855,5.30035335689046,1.0600706713780919,2.1201413427561837,1.0600706713780919,1.0600706713780919,1.4134275618374559
E00141850,349,330,9,6,3,7,3,4,3,94.55587392550143,2.5787965616045847,1.7191977077363898,0.8595988538681949,2.005730659025788,0.8595988538681949,1.146131805157593,0.8595988538681949
E00141851,240,221,15,12,3,4,2,2,0,92.08333333333333,6.25,5,1.25,1.6666666666666667,0.8333333333333334,0.8333333333333334,0
E00141852,276,243,17,9,8,4,0,4,12,88.04347826086956,6.159420289855073,3.260869565217391,2.898550724637681,1.4492753623188406,0,1.4492753623188406,4.3478260869565215
E00141853,283,260,8,5,3,7,1,6,8,91.87279151943463,2.8268551236749118,1.76678445229682,1.0600706713780919,2.4734982332155475,0.35335689045936397,2.1201413427561837,2.8268551236749118
E00141854,319,298,14,10,4,2,1,1,5,93.41692789968651,4.38871473354232,3.1347962382445136,1.2539184952978055,0.6269592476489028,0.3134796238244514,0.3134796238244514,1.5673981191222568
E00141855,291,262,6,3,3,12,5,7,11,90.03436426116839,2.0618556701030926,1.0309278350515463,1.0309278350515463,4.123711340206185,1.718213058419244,2.405498281786942,3.7800687285223367
E00141856,280,250,17,9,8,4,2,2,9,89.28571428571429,6.071428571428571,3.214285714285714,2.857142857142857,1.4285714285714286,0.7142857142857143,0.7142857142857143,3.214285714285714
E00141857,242,208,14,13,1,7,3,4,13,85.9504132231405,5.785123966942149,5.371900826446281,0.4132231404958678,2.8925619834710745,1.2396694214876034,1.6528925619834711,5.371900826446281
E00141858,243,222,8,3,5,5,2,3,8,91.35802469135803,3.292181069958848,1.2345679012345678,2.05761316872428,2.05761316872428,0.823045267489712,1.2345679012345678,3.292181069958848
E00141859,324,278,25,20,5,11,6,5,10,85.80246913580247,7.716049382716049,6.172839506172839,1.5432098765432098,3.3950617283950617,1.8518518518518516,1.5432098765432098,3.0864197530864197
E00141860,313,265,21,18,3,7,3,4,20,84.66453674121406,6.7092651757188495,5.7507987220447285,0.9584664536741214,2.2364217252396164,0.9584664536741214,1.2779552715654952,6.3897763578274756
E00141861,275,237,23,16,7,4,0,4,11,86.18181818181819,8.363636363636363,5.818181818181818,2.5454545454545454,1.4545454545454546,0,1.4545454545454546,4
E00141862,317,277,22,19,3,8,5,3,10,87.38170347003155,6.940063091482649,5.993690851735016,0.9463722397476341,2.5236593059936907,1.5772870662460567,0.9463722397476341,3.1545741324921135
E00141863,230,214,6,5,1,2,1,1,8,93.04347826086956,2.608695652173913,2.1739130434782608,0.43478260869565216,0.8695652173913043,0.43478260869565216,0.43478260869565216,3.4782608695652173
E00141864,376,340,14,11,3,8,2,6,14,90.42553191489363,3.723404255319149,2.925531914893617,0.7978723404255319,2.127659574468085,0.5319148936170213,1.5957446808510638,3.723404255319149
E00141865,308,281,11,9,2,8,2,6,8,91.23376623376623,3.571428571428571,2.922077922077922,0.6493506493506493,2.5974025974025974,0.6493506493506493,1.948051948051948,2.5974025974025974
E00141866,296,270,10,9,1,8,4,4,8,91.21621621621621,3.3783783783783785,3.040540540540541,0.33783783783783783,2.7027027027027026,1.3513513513513513,1.3513513513513513,2.7027027027027026
E00141867,291,269,5,5,0,13,9,4,4,92.43986254295532,1.718213058419244,1.718213058419244,0,4.4673539518900345,3.0927835051546393,1.3745704467353952,1.3745704467353952
E00141868,226,196,9,5,4,9,4,5,12,86.72566371681415,3.982300884955752,2.2123893805309733,1.7699115044247788,3.982300884955752,1.7699115044247788,2.2123893805309733,5.3097345132743365
E00141869,195,175,12,10,2,5,3,2,3,89.74358974358975,6.153846153846154,5.128205128205128,1.0256410256410255,2.564102564102564,1.5384615384615385,1.0256410256410255,1.5384615384615385
E00141870,241,221,13,9,4,2,0,2,5,91.70124481327801,5.394190871369295,3.7344398340248963,1.6597510373443984,0.8298755186721992,0,0.8298755186721992,2.0746887966804977
E00141871,213,197,10,5,5,3,2,1,3,92.48826291079813,4.694835680751173,2.3474178403755865,2.3474178403755865,1.4084507042253522,0.9389671361502347,0.4694835680751174,1.4084507042253522
E00141872,279,258,7,5,2,5,1,4,9,92.47311827956989,2.5089605734767026,1.7921146953405016,0.7168458781362007,1.7921146953405016,0.35842293906810035,1.4336917562724014,3.225806451612903
E00141873,198,177,6,2,4,8,2,6,7,89.39393939393939,3.0303030303030303,1.0101010101010102,2.0202020202020203,4.040404040404041,1.0101010101010102,3.0303030303030303,3.535353535353535
E00141874,275,247,10,9,1,5,4,1,13,89.81818181818181,3.6363636363636362,3.272727272727273,0.36363636363636365,1.8181818181818181,1.4545454545454546,0.36363636363636365,4.7272727272727275
E00141875,368,336,14,10,4,11,7,4,7,91.30434782608695,3.804347826086957,2.717391304347826,1.0869565217391304,2.989130434782609,1.9021739130434785,1.0869565217391304,1.9021739130434785
E00141876,243,211,17,9,8,8,3,5,7,86.83127572016461,6.995884773662551,3.7037037037037033,3.292181069958848,3.292181069958848,1.2345679012345678,2.05761316872428,2.880658436213992
E00141877,240,221,9,6,3,7,5,2,3,92.08333333333333,3.75,2.5,1.25,2.9166666666666665,2.083333333333333,0.8333333333333334,1.25
E00141878,270,249,8,4,4,6,4,2,7,92.22222222222223,2.9629629629629632,1.4814814814814816,1.4814814814814816,2.2222222222222223,1.4814814814814816,0.7407407407407408,2.5925925925925926
E00141879,286,261,12,10,2,5,5,0,8,91.25874125874127,4.195804195804196,3.4965034965034967,0.6993006993006993,1.7482517482517483,1.7482517482517483,0,2.797202797202797
E00141880,269,239,12,9,3,3,0,3,15,88.84758364312268,4.4609665427509295,3.3457249070631967,1.1152416356877324,1.1152416356877324,0,1.1152416356877324,5.5762081784386615
E00141881,229,206,7,5,2,8,5,3,8,89.95633187772926,3.056768558951965,2.1834061135371177,0.8733624454148471,3.4934497816593884,2.1834061135371177,1.3100436681222707,3.4934497816593884
E00141882,261,235,13,7,6,7,6,1,6,90.03831417624522,4.980842911877394,2.681992337164751,2.2988505747126435,2.681992337164751,2.2988505747126435,0.38314176245210724,2.2988505747126435
E00141883,260,246,6,5,1,3,0,3,5,94.61538461538461,2.307692307692308,1.9230769230769231,0.38461538461538464,1.153846153846154,0,1.153846153846154,1.9230769230769231
E00141884,310,272,23,15,8,5,2,3,10,87.74193548387098,7.419354838709677,4.838709677419355,2.5806451612903225,1.6129032258064515,0.6451612903225806,0.967741935483871,3.225806451612903
E00141885,260,243,5,2,3,3,1,2,9,93.46153846153847,1.9230769230769231,0.7692307692307693,1.153846153846154,1.153846153846154,0.38461538461538464,0.7692307692307693,3.4615384615384617
E00141886,276,260,9,6,3,3,2,1,4,94.20289855072464,3.260869565217391,2.1739130434782608,1.0869565217391304,1.0869565217391304,0.7246376811594203,0.36231884057971014,1.4492753623188406
E00141887,227,204,9,6,3,4,2,2,10,89.86784140969164,3.9647577092511015,2.643171806167401,1.3215859030837005,1.762114537444934,0.881057268722467,0.881057268722467,4.405286343612335
E00141888,196,179,5,5,0,3,0,3,9,91.3265306122449,2.5510204081632653,2.5510204081632653,0,1.530612244897959,0,1.530612244897959,4.591836734693878
E00141889,265,230,18,10,8,6,6,0,11,86.79245283018868,6.7924528301886795,3.7735849056603774,3.018867924528302,2.2641509433962264,2.2641509433962264,0,4.150943396226415
E00141890,253,220,19,12,7,8,6,2,6,86.95652173913044,7.5098814229249005,4.743083003952568,2.766798418972332,3.1620553359683794,2.371541501976284,0.7905138339920948,2.371541501976284
E00141891,277,250,13,9,4,7,0,7,7,90.25270758122743,4.693140794223827,3.2490974729241873,1.444043321299639,2.527075812274368,0,2.527075812274368,2.527075812274368
E00141892,300,268,15,12,3,6,5,1,11,89.33333333333333,5,4,1,2,1.6666666666666667,0.33333333333333337,3.6666666666666665
E00141893,213,190,8,7,1,4,4,0,11,89.2018779342723,3.755868544600939,3.286384976525822,0.4694835680751174,1.8779342723004695,1.8779342723004695,0,5.164319248826291
E00141894,145,132,8,4,4,1,0,1,4,91.0344827586207,5.517241379310345,2.7586206896551726,2.7586206896551726,0.6896551724137931,0,0.6896551724137931,2.7586206896551726
E00141895,283,260,12,10,2,5,2,3,6,91.87279151943463,4.240282685512367,3.53356890459364,0.7067137809187279,1.76678445229682,0.7067137809187279,1.0600706713780919,2.1201413427561837
E00141896,242,211,12,7,5,4,2,2,15,87.19008264462809,4.958677685950414,2.8925619834710745,2.066115702479339,1.6528925619834711,0.8264462809917356,0.8264462809917356,6.198347107438017
E00141897,199,183,6,3,3,4,3,1,6,91.95979899497488,3.015075376884422,1.507537688442211,1.507537688442211,2.0100502512562812,1.507537688442211,0.5025125628140703,3.015075376884422
E00141898,234,214,12,7,5,5,1,4,3,91.45299145299145,5.128205128205128,2.9914529914529915,2.1367521367521367,2.1367521367521367,0.4273504273504274,1.7094017094017095,1.282051282051282
E00141899,235,211,8,3,5,7,4,3,9,89.7872340425532,3.404255319148936,1.276595744680851,2.127659574468085,2.9787234042553195,1.702127659574468,1.276595744680851,3.829787234042553
E00141900,203,182,14,10,4,5,2,3,2,89.65517241379311,6.896551724137931,4.926108374384237,1.9704433497536946,2.4630541871921183,0.9852216748768473,1.477832512315271,0.9852216748768473
E00141901,211,199,2,2,0,7,1,6,3,94.3127962085308,0.9478672985781991,0.9478672985781991,0,3.3175355450236967,0.47393364928909953,2.843601895734597,1.4218009478672986
E00141902,191,168,12,7,5,7,4,3,4,87.95811518324608,6.282722513089005,3.664921465968586,2.6178010471204187,3.664921465968586,2.094240837696335,1.5706806282722512,2.094240837696335
E00141903,346,318,14,13,1,9,2,7,5,91.90751445086705,4.046242774566474,3.7572254335260116,0.2890173410404624,2.601156069364162,0.5780346820809248,2.023121387283237,1.4450867052023122
E00141904,210,196,5,4,1,3,3,0,6,93.33333333333333,2.380952380952381,1.9047619047619049,0.4761904761904762,1.4285714285714286,1.4285714285714286,0,2.857142857142857
E00141905,276,261,6,4,2,2,0,2,7,94.56521739130434,2.1739130434782608,1.4492753623188406,0.7246376811594203,0.7246376811594203,0,0.7246376811594203,2.536231884057971
E00141906,175,151,12,8,4,2,1,1,10,86.28571428571429,6.857142857142858,4.571428571428571,2.2857142857142856,1.1428571428571428,0.5714285714285714,0.5714285714285714,5.714285714285714
E00141907,200,185,5,4,1,5,1,4,5,92.5,2.5,2,0.5,2.5,0.5,2,2.5
E00141908,246,226,11,5,6,0,0,0,9,91.869918699187,4.471544715447155,2.0325203252032518,2.4390243902439024,0,0,0,3.6585365853658534
E00141909,200,184,11,7,4,1,1,0,4,92,5.5,3.5000000000000004,2,0.5,0.5,0,2
E00141910,219,191,18,16,2,5,2,3,5,87.21461187214612,8.21917808219178,7.30593607305936,0.91324200913242,2.28310502283105,0.91324200913242,1.36986301369863,2.28310502283105
E00141911,227,201,13,8,5,8,5,3,5,88.54625550660793,5.726872246696035,3.524229074889868,2.2026431718061676,3.524229074889868,2.2026431718061676,1.3215859030837005,2.2026431718061676
E00141912,267,254,9,6,3,0,0,0,4,95.13108614232209,3.3707865168539324,2.247191011235955,1.1235955056179776,0,0,0,1.4981273408239701
E00141913,328,292,20,12,8,7,3,4,9,89.02439024390245,6.097560975609756,3.6585365853658534,2.4390243902439024,2.1341463414634148,0.9146341463414633,1.2195121951219512,2.7439024390243905
E00141915,297,268,13,11,2,3,2,1,13,90.23569023569024,4.377104377104377,3.7037037037037033,0.6734006734006733,1.0101010101010102,0.6734006734006733,0.33670033670033667,4.377104377104377
E00141916,241,211,13,11,2,8,3,5,9,87.55186721991701,5.394190871369295,4.564315352697095,0.8298755186721992,3.319502074688797,1.2448132780082988,2.0746887966804977,3.7344398340248963
E00141917,239,220,13,10,3,2,0,2,4,92.05020920502092,5.439330543933055,4.184100418410042,1.2552301255230125,0.8368200836820083,0,0.8368200836820083,1.6736401673640167
E00141918,207,196,9,7,2,1,1,0,1,94.68599033816425,4.3478260869565215,3.3816425120772946,0.966183574879227,0.4830917874396135,0.4830917874396135,0,0.4830917874396135
E00141919,251,223,12,9,3,4,2,2,12,88.84462151394422,4.780876494023905,3.5856573705179287,1.1952191235059761,1.593625498007968,0.796812749003984,0.796812749003984,4.780876494023905
E00141920,233,193,27,19,8,6,3,3,7,82.83261802575107,11.587982832618025,8.15450643776824,3.4334763948497855,2.575107296137339,1.2875536480686696,1.2875536480686696,3.004291845493562
E00141921,206,187,11,10,1,6,5,1,2,90.77669902912622,5.339805825242718,4.854368932038835,0.48543689320388345,2.912621359223301,2.4271844660194173,0.48543689320388345,0.9708737864077669
E00141922,233,206,18,17,1,3,1,2,6,88.41201716738198,7.725321888412018,7.296137339055794,0.4291845493562232,1.2875536480686696,0.4291845493562232,0.8583690987124464,2.575107296137339
E00141923,255,223,18,14,4,1,1,0,13,87.45098039215686,7.0588235294117645,5.490196078431373,1.5686274509803921,0.39215686274509803,0.39215686274509803,0,5.098039215686274
E00141924,298,276,17,9,8,2,1,1,3,92.61744966442953,5.704697986577181,3.0201342281879198,2.684563758389262,0.6711409395973155,0.33557046979865773,0.33557046979865773,1.006711409395973
E00141925,322,291,20,17,3,3,1,2,8,90.37267080745342,6.211180124223603,5.279503105590062,0.9316770186335404,0.9316770186335404,0.3105590062111801,0.6211180124223602,2.484472049689441
E00141926,268,231,11,8,3,10,7,3,16,86.19402985074626,4.104477611940299,2.9850746268656714,1.1194029850746268,3.731343283582089,2.6119402985074625,1.1194029850746268,5.970149253731343
E00141927,282,250,14,12,2,6,2,4,12,88.65248226950354,4.964539007092199,4.25531914893617,0.7092198581560284,2.127659574468085,0.7092198581560284,1.4184397163120568,4.25531914893617
E00141928,325,297,19,16,3,5,2,3,4,91.38461538461539,5.846153846153846,4.923076923076923,0.9230769230769231,1.5384615384615385,0.6153846153846154,0.9230769230769231,1.2307692307692308
E00141929,264,249,10,8,2,4,2,2,1,94.31818181818183,3.787878787878788,3.0303030303030303,0.7575757575757576,1.5151515151515151,0.7575757575757576,0.7575757575757576,0.3787878787878788
E00141930,479,422,34,29,5,9,4,5,14,88.10020876826722,7.09812108559499,6.05427974947808,1.0438413361169103,1.8789144050104383,0.8350730688935281,1.0438413361169103,2.9227557411273484
E00141931,228,202,11,8,3,6,3,3,9,88.59649122807018,4.824561403508771,3.508771929824561,1.3157894736842104,2.631578947368421,1.3157894736842104,1.3157894736842104,3.9473684210526314
E00141932,273,263,3,2,1,0,0,0,7,96.33699633699634,1.098901098901099,0.7326007326007326,0.3663003663003663,0,0,0,2.564102564102564
E00141933,272,239,15,12,3,11,6,5,7,87.86764705882352,5.514705882352941,4.411764705882353,1.1029411764705883,4.044117647058823,2.2058823529411766,1.8382352941176472,2.5735294117647056
E00141934,287,263,10,8,2,6,3,3,8,91.63763066202091,3.484320557491289,2.7874564459930316,0.6968641114982579,2.0905923344947737,1.0452961672473868,1.0452961672473868,2.7874564459930316
E00141935,290,258,18,14,4,8,4,4,6,88.96551724137932,6.206896551724138,4.827586206896552,1.3793103448275863,2.7586206896551726,1.3793103448275863,1.3793103448275863,2.0689655172413794
E00141936,249,211,22,18,4,4,2,2,12,84.73895582329317,8.835341365461847,7.228915662650602,1.6064257028112447,1.6064257028112447,0.8032128514056224,0.8032128514056224,4.819277108433735
E00141938,259,219,20,14,6,3,2,1,17,84.55598455598455,7.722007722007722,5.405405405405405,2.3166023166023164,1.1583011583011582,0.7722007722007722,0.3861003861003861,6.563706563706563
E00141939,364,332,12,8,4,10,5,5,10,91.20879120879121,3.296703296703297,2.197802197802198,1.098901098901099,2.7472527472527473,1.3736263736263736,1.3736263736263736,2.7472527472527473
E00141940,283,255,9,5,4,8,1,7,11,90.10600706713781,3.180212014134275,1.76678445229682,1.4134275618374559,2.8268551236749118,0.35335689045936397,2.4734982332155475,3.8869257950530036
E00141941,267,248,10,8,2,4,0,4,5,92.88389513108615,3.7453183520599254,2.9962546816479403,0.7490636704119851,1.4981273408239701,0,1.4981273408239701,1.8726591760299627
E00141942,314,287,17,13,4,3,2,1,7,91.40127388535032,5.414012738853503,4.140127388535031,1.2738853503184715,0.9554140127388535,0.6369426751592357,0.3184713375796179,2.229299363057325
E00141943,290,258,18,16,2,6,1,5,8,88.96551724137932,6.206896551724138,5.517241379310345,0.6896551724137931,2.0689655172413794,0.3448275862068966,1.7241379310344827,2.7586206896551726
E00141944,248,226,13,10,3,7,5,2,2,91.12903225806451,5.241935483870968,4.032258064516129,1.2096774193548387,2.82258064516129,2.0161290322580645,0.8064516129032258,0.8064516129032258
E00141945,242,217,11,7,4,7,4,3,7,89.6694214876033,4.545454545454546,2.8925619834710745,1.6528925619834711,2.8925619834710745,1.6528925619834711,1.2396694214876034,2.8925619834710745
E00141946,214,195,12,8,4,3,2,1,4,91.1214953271028,5.607476635514018,3.7383177570093453,1.8691588785046727,1.4018691588785046,0.9345794392523363,0.46728971962616817,1.8691588785046727
E00141947,279,258,17,11,6,2,2,0,2,92.47311827956989,6.093189964157706,3.942652329749104,2.1505376344086025,0.7168458781362007,0.7168458781362007,0,0.7168458781362007
E00141948,318,286,13,9,4,7,3,4,12,89.937106918239,4.088050314465408,2.8301886792452833,1.257861635220126,2.20125786163522,0.9433962264150944,1.257861635220126,3.7735849056603774
E00141949,260,241,5,3,2,11,3,8,3,92.6923076923077,1.9230769230769231,1.153846153846154,0.7692307692307693,4.230769230769231,1.153846153846154,3.076923076923077,1.153846153846154
E00141950,223,197,14,12,2,5,3,2,7,88.34080717488789,6.278026905829597,5.381165919282512,0.8968609865470852,2.242152466367713,1.345291479820628,0.8968609865470852,3.1390134529147984
E00141951,256,227,18,15,3,5,2,3,6,88.671875,7.03125,5.859375,1.171875,1.953125,0.78125,1.171875,2.34375
E00141952,270,250,12,9,3,5,2,3,3,92.5925925925926,4.444444444444445,3.3333333333333335,1.1111111111111112,1.8518518518518516,0.7407407407407408,1.1111111111111112,1.1111111111111112
E00141953,275,244,17,14,3,6,1,5,8,88.72727272727273,6.181818181818182,5.090909090909091,1.090909090909091,2.181818181818182,0.36363636363636365,1.8181818181818181,2.909090909090909
E00141954,186,176,3,2,1,4,3,1,3,94.6236559139785,1.6129032258064515,1.0752688172043012,0.5376344086021506,2.1505376344086025,1.6129032258064515,0.5376344086021506,1.6129032258064515
E00141955,522,475,17,15,2,6,2,4,24,90.99616858237547,3.256704980842912,2.8735632183908044,0.38314176245210724,1.1494252873563218,0.38314176245210724,0.7662835249042145,4.597701149425287
E00141956,319,286,9,5,4,13,5,8,11,89.65517241379311,2.8213166144200628,1.5673981191222568,1.2539184952978055,4.075235109717868,1.5673981191222568,2.507836990595611,3.4482758620689653
E00141957,555,511,24,14,10,5,4,1,15,92.07207207207207,4.324324324324325,2.5225225225225225,1.8018018018018018,0.9009009009009009,0.7207207207207207,0.18018018018018017,2.7027027027027026
E00141958,218,208,5,4,1,2,1,1,3,95.41284403669725,2.293577981651376,1.834862385321101,0.45871559633027525,0.9174311926605505,0.45871559633027525,0.45871559633027525,1.3761467889908259
E00141959,238,213,10,7,3,4,2,2,11,89.49579831932773,4.201680672268908,2.941176470588235,1.2605042016806722,1.680672268907563,0.8403361344537815,0.8403361344537815,4.621848739495799
E00141960,305,282,7,6,1,5,2,3,11,92.45901639344262,2.2950819672131146,1.9672131147540985,0.32786885245901637,1.639344262295082,0.6557377049180327,0.9836065573770493,3.606557377049181
E00141961,267,241,8,4,4,7,5,2,11,90.2621722846442,2.9962546816479403,1.4981273408239701,1.4981273408239701,2.6217228464419478,1.8726591760299627,0.7490636704119851,4.119850187265917
E00141962,302,279,5,4,1,13,8,5,5,92.3841059602649,1.6556291390728477,1.3245033112582782,0.33112582781456956,4.304635761589404,2.6490066225165565,1.6556291390728477,1.6556291390728477
E00141963,311,275,15,9,6,10,5,5,11,88.42443729903538,4.823151125401929,2.8938906752411575,1.929260450160772,3.215434083601286,1.607717041800643,1.607717041800643,3.536977491961415
E00141964,247,217,13,12,1,8,4,4,9,87.85425101214574,5.263157894736842,4.8582995951417,0.4048582995951417,3.2388663967611335,1.6194331983805668,1.6194331983805668,3.643724696356275
E00141965,130,111,8,8,0,4,2,2,7,85.38461538461539,6.153846153846154,6.153846153846154,0,3.076923076923077,1.5384615384615385,1.5384615384615385,5.384615384615385
E00141966,173,159,8,6,2,2,0,2,4,91.90751445086705,4.624277456647398,3.4682080924855487,1.1560693641618496,1.1560693641618496,0,1.1560693641618496,2.312138728323699
E00141967,269,245,11,8,3,5,3,2,8,91.07806691449815,4.089219330855019,2.973977695167286,1.1152416356877324,1.858736059479554,1.1152416356877324,0.7434944237918215,2.973977695167286
E00141968,192,181,1,1,0,1,1,0,9,94.27083333333334,0.5208333333333333,0.5208333333333333,0,0.5208333333333333,0.5208333333333333,0,4.6875
E00141969,167,157,5,4,1,3,1,2,2,94.01197604790418,2.9940119760479043,2.3952095808383236,0.5988023952095809,1.7964071856287425,0.5988023952095809,1.1976047904191618,1.1976047904191618
E00141970,210,195,7,4,3,2,1,1,6,92.85714285714286,3.3333333333333335,1.9047619047619049,1.4285714285714286,0.9523809523809524,0.4761904761904762,0.4761904761904762,2.857142857142857
E00141971,443,407,18,16,2,3,1,2,15,91.87358916478556,4.063205417607223,3.611738148984198,0.4514672686230248,0.6772009029345373,0.2257336343115124,0.4514672686230248,3.3860045146726865
E00141972,391,356,18,13,5,5,2,3,12,91.04859335038363,4.603580562659847,3.324808184143223,1.278772378516624,1.278772378516624,0.5115089514066496,0.7672634271099744,3.0690537084398977
E00141973,214,192,11,8,3,1,1,0,10,89.7196261682243,5.14018691588785,3.7383177570093453,1.4018691588785046,0.46728971962616817,0.46728971962616817,0,4.672897196261682
E00141974,180,164,7,4,3,3,2,1,6,91.11111111111111,3.888888888888889,2.2222222222222223,1.6666666666666667,1.6666666666666667,1.1111111111111112,0.5555555555555556,3.3333333333333335
E00141975,283,267,10,6,4,2,1,1,4,94.34628975265018,3.53356890459364,2.1201413427561837,1.4134275618374559,0.7067137809187279,0.35335689045936397,0.35335689045936397,1.4134275618374559
E00141976,290,266,10,9,1,8,4,4,6,91.72413793103448,3.4482758620689653,3.103448275862069,0.3448275862068966,2.7586206896551726,1.3793103448275863,1.3793103448275863,2.0689655172413794
E00141977,274,252,10,6,4,6,4,2,6,91.970802919708035,3.64963503649635,2.18978102189781,1.4598540145985401,2.18978102189781,1.4598540145985401,0.7299270072992701,2.18978102189781
E00141978,282,245,19,17,2,3,2,1,15,86.87943262411348,6.73758865248227,6.028368794326241,0.7092198581560284,1.0638297872340425,0.7092198581560284,0.3546099290780142,5.319148936170213
E00141979,247,220,12,6,6,2,1,1,13,89.06882591093117,4.8582995951417,2.42914979757085,2.42914979757085,0.8097165991902834,0.4048582995951417,0.4048582995951417,5.263157894736842
E00141980,320,287,13,8,5,8,6,2,12,89.6875,4.0625,2.5,1.5625,2.5,1.875,0.625,3.75
E00141981,216,187,14,11,3,8,3,5,7,86.57407407407408,6.481481481481481,5.092592592592593,1.3888888888888888,3.7037037037037033,1.3888888888888888,2.314814814814815,3.2407407407407405
E00141982,183,168,4,1,3,5,3,2,6,91.80327868852459,2.185792349726776,0.546448087431694,1.639344262295082,2.73224043715847,1.639344262295082,1.092896174863388,3.278688524590164
E00141983,343,316,15,13,2,4,2,2,8,92.12827988338192,4.373177842565598,3.7900874635568513,0.5830903790087464,1.1661807580174928,0.5830903790087464,0.5830903790087464,2.3323615160349855
E00141984,260,245,10,9,1,2,1,1,3,94.23076923076923,3.8461538461538463,3.4615384615384617,0.38461538461538464,0.7692307692307693,0.38461538461538464,0.38461538461538464,1.153846153846154
E00141985,424,395,11,8,3,5,4,1,13,93.16037735849056,2.5943396226415096,1.8867924528301887,0.7075471698113208,1.179245283018868,0.9433962264150944,0.2358490566037736,3.0660377358490565
E00141986,328,289,22,19,3,6,1,5,11,88.10975609756098,6.707317073170732,5.7926829268292686,0.9146341463414633,1.8292682926829267,0.3048780487804878,1.524390243902439,3.353658536585366
E00141987,264,238,12,7,5,5,3,2,9,90.15151515151516,4.545454545454546,2.6515151515151514,1.893939393939394,1.893939393939394,1.1363636363636365,0.7575757575757576,3.4090909090909087
E00141988,319,300,11,8,3,1,1,0,7,94.04388714733543,3.4482758620689653,2.507836990595611,0.9404388714733543,0.3134796238244514,0.3134796238244514,0,2.19435736677116
E00141989,136,129,2,1,1,2,1,1,3,94.85294117647058,1.4705882352941175,0.7352941176470588,0.7352941176470588,1.4705882352941175,0.7352941176470588,0.7352941176470588,2.2058823529411766
E00141990,131,119,7,4,3,1,1,0,4,90.83969465648855,5.343511450381679,3.0534351145038165,2.2900763358778624,0.7633587786259541,0.7633587786259541,0,3.0534351145038165
E00141991,122,110,5,2,3,4,3,1,3,90.1639344262295,4.098360655737705,1.639344262295082,2.459016393442623,3.278688524590164,2.459016393442623,0.819672131147541,2.459016393442623
E00141992,185,177,3,2,1,0,0,0,5,95.67567567567568,1.6216216216216217,1.0810810810810811,0.5405405405405406,0,0,0,2.7027027027027026
E00141993,210,195,8,5,3,4,2,2,3,92.85714285714286,3.8095238095238098,2.380952380952381,1.4285714285714286,1.9047619047619049,0.9523809523809524,0.9523809523809524,1.4285714285714286
E00141994,136,124,8,6,2,2,2,0,2,91.17647058823529,5.88235294117647,4.411764705882353,1.4705882352941175,1.4705882352941175,1.4705882352941175,0,1.4705882352941175
E00141995,131,116,6,4,2,4,1,3,5,88.54961832061069,4.580152671755725,3.0534351145038165,1.5267175572519083,3.0534351145038165,0.7633587786259541,2.2900763358778624,3.816793893129771
E00141996,228,211,6,2,4,4,3,1,7,92.54385964912281,2.631578947368421,0.8771929824561403,1.7543859649122806,1.7543859649122806,1.3157894736842104,0.43859649122807015,3.070175438596491
E00141997,198,181,9,5,4,3,0,3,5,91.41414141414141,4.545454545454546,2.525252525252525,2.0202020202020203,1.5151515151515151,0,1.5151515151515151,2.525252525252525
E00141998,183,158,18,15,3,3,3,0,4,86.33879781420765,9.836065573770492,8.19672131147541,1.639344262295082,1.639344262295082,1.639344262295082,0,2.185792349726776
E00141999,356,314,25,18,7,5,1,4,12,88.20224719101124,7.02247191011236,5.056179775280898,1.9662921348314606,1.4044943820224718,0.2808988764044944,1.1235955056179776,3.3707865168539324
E00142000,379,342,20,17,3,6,1,5,11,90.23746701846966,5.277044854881266,4.485488126649076,0.79155672823219,1.58311345646438,0.2638522427440633,1.3192612137203166,2.9023746701846966
E00142001,248,228,6,5,1,6,2,4,8,91.93548387096774,2.4193548387096775,2.0161290322580645,0.4032258064516129,2.4193548387096775,0.8064516129032258,1.6129032258064515,3.225806451612903
E00142002,284,260,7,3,4,4,2,2,13,91.54929577464789,2.464788732394366,1.056338028169014,1.4084507042253522,1.4084507042253522,0.7042253521126761,0.7042253521126761,4.577464788732395
E00142003,253,232,7,5,2,5,2,3,9,91.699604743083,2.766798418972332,1.9762845849802373,0.7905138339920948,1.9762845849802373,0.7905138339920948,1.185770750988142,3.557312252964427
E00142004,192,175,4,4,0,5,1,4,8,91.14583333333334,2.083333333333333,2.083333333333333,0,2.604166666666667,0.5208333333333333,2.083333333333333,4.166666666666666
E00142005,277,249,15,8,7,3,1,2,10,89.89169675090253,5.415162454873646,2.888086642599278,2.527075812274368,1.083032490974729,0.36101083032490977,0.7220216606498195,3.6101083032490973
E00142006,264,232,19,15,4,2,0,2,11,87.87878787878788,7.196969696969697,5.681818181818182,1.5151515151515151,0.7575757575757576,0,0.7575757575757576,4.166666666666666
E00142007,257,227,13,9,4,10,5,5,7,88.32684824902724,5.058365758754864,3.501945525291829,1.556420233463035,3.8910505836575875,1.9455252918287937,1.9455252918287937,2.7237354085603114
E00142008,285,256,19,15,4,3,1,2,7,89.82456140350877,6.666666666666667,5.263157894736842,1.4035087719298245,1.0526315789473684,0.3508771929824561,0.7017543859649122,2.456140350877193
E00142009,268,244,7,7,0,7,3,4,10,91.04477611940298,2.6119402985074625,2.6119402985074625,0,2.6119402985074625,1.1194029850746268,1.4925373134328357,3.731343283582089
E00142010,391,356,7,5,2,8,2,6,20,91.04859335038363,1.7902813299232736,1.278772378516624,0.5115089514066496,2.0460358056265986,0.5115089514066496,1.5345268542199488,5.115089514066496
E00142011,299,269,4,3,1,9,3,6,17,89.96655518394648,1.3377926421404682,1.0033444816053512,0.33444816053511706,3.0100334448160537,1.0033444816053512,2.0066889632107023,5.68561872909699
E00142012,297,267,9,5,4,10,4,6,11,89.8989898989899,3.0303030303030303,1.6835016835016834,1.3468013468013467,3.3670033670033668,1.3468013468013467,2.0202020202020203,3.7037037037037033
E00142013,241,214,9,6,3,7,2,5,11,88.79668049792531,3.7344398340248963,2.4896265560165975,1.2448132780082988,2.904564315352697,0.8298755186721992,2.0746887966804977,4.564315352697095
E00171029,336,299,17,12,5,9,5,4,11,88.98809523809523,5.059523809523809,3.571428571428571,1.488095238095238,2.6785714285714284,1.488095238095238,1.1904761904761905,3.273809523809524
E00171030,116,101,7,7,0,4,1,3,4,87.06896551724138,6.0344827586206895,6.0344827586206895,0,3.4482758620689653,0.8620689655172413,2.586206896551724,3.4482758620689653
E00171031,342,311,20,16,4,4,3,1,7,90.93567251461988,5.847953216374268,4.678362573099415,1.1695906432748537,1.1695906432748537,0.8771929824561403,0.29239766081871343,2.046783625730994
E00171032,199,184,5,4,1,4,0,4,6,92.46231155778895,2.512562814070352,2.0100502512562812,0.5025125628140703,2.0100502512562812,0,2.0100502512562812,3.015075376884422
E00171033,270,238,16,11,5,8,3,5,8,88.14814814814815,5.9259259259259265,4.074074074074074,1.8518518518518516,2.9629629629629632,1.1111111111111112,1.8518518518518516,2.9629629629629632
E00171034,202,174,15,10,5,6,3,3,7,86.13861386138613,7.425742574257425,4.9504950495049505,2.4752475247524752,2.9702970297029703,1.4851485148514851,1.4851485148514851,3.4653465346534658
E00171035,243,229,8,5,3,0,0,0,6,94.23868312757202,3.292181069958848,2.05761316872428,1.2345679012345678,0,0,0,2.4691358024691357
E00171036,134,125,6,5,1,1,1,0,2,93.28358208955224,4.477611940298507,3.731343283582089,0.7462686567164178,0.7462686567164178,0.7462686567164178,0,1.4925373134328357
E00189806,256,218,21,15,6,12,3,9,5,85.15625,8.203125,5.859375,2.34375,4.6875,1.171875,3.515625,1.953125
E00189809,434,379,13,6,7,14,5,9,28,87.32718894009217,2.995391705069124,1.3824884792626728,1.6129032258064515,3.225806451612903,1.1520737327188941,2.0737327188940093,6.451612903225806
E00189811,166,145,5,4,1,5,3,2,11,87.34939759036145,3.0120481927710845,2.4096385542168677,0.6024096385542169,3.0120481927710845,1.8072289156626504,1.2048192771084338,6.626506024096386
E00189820,455,428,9,9,0,7,3,4,11,94.06593406593406,1.9780219780219779,1.9780219780219779,0,1.5384615384615385,0.6593406593406593,0.8791208791208791,2.417582417582418
E00189827,369,343,14,11,3,4,1,3,8,92.95392953929539,3.7940379403794036,2.9810298102981028,0.8130081300813009,1.084010840108401,0.27100271002710025,0.8130081300813009,2.168021680216802
E00189838,312,281,18,13,5,2,1,1,11,90.06410256410257,5.769230769230769,4.166666666666666,1.6025641025641024,0.641025641025641,0.3205128205128205,0.3205128205128205,3.5256410256410255
E00189842,262,242,13,11,2,3,2,1,4,92.36641221374046,4.961832061068702,4.198473282442748,0.7633587786259541,1.1450381679389312,0.7633587786259541,0.38167938931297707,1.5267175572519083
E00189846,164,147,5,5,0,4,1,3,8,89.63414634146342,3.048780487804878,3.048780487804878,0,2.4390243902439024,0.6097560975609756,1.8292682926829267,4.878048780487805
E00189858,226,196,5,5,0,10,2,8,15,86.72566371681415,2.2123893805309733,2.2123893805309733,0,4.424778761061947,0.8849557522123894,3.5398230088495577,6.637168141592921
E00189863,409,384,7,6,1,8,5,3,10,93.8875305623472,1.7114914425427872,1.466992665036675,0.24449877750611246,1.9559902200488997,1.2224938875305624,0.7334963325183375,2.444987775061125
E00189882,428,393,13,8,5,6,2,4,16,91.82242990654206,3.0373831775700935,1.8691588785046727,1.1682242990654206,1.4018691588785046,0.46728971962616817,0.9345794392523363,3.7383177570093453
E00189883,230,211,5,5,0,6,1,5,8,91.73913043478261,2.1739130434782608,2.1739130434782608,0,2.608695652173913,0.43478260869565216,2.1739130434782608,3.4782608695652173
E00189893,264,241,12,9,3,7,3,4,4,91.28787878787878,4.545454545454546,3.4090909090909087,1.1363636363636365,2.6515151515151514,1.1363636363636365,1.5151515151515151,1.5151515151515151
E00189895,397,383,7,5,2,1,1,0,6,96.4735516372796,1.7632241813602016,1.2594458438287155,0.5037783375314862,0.2518891687657431,0.2518891687657431,0,1.5113350125944585
E00189900,341,318,10,8,2,5,0,5,8,93.25513196480938,2.932551319648094,2.346041055718475,0.5865102639296188,1.466275659824047,0,1.466275659824047,2.346041055718475
E00189910,227,207,7,5,2,5,1,4,8,91.18942731277532,3.0837004405286343,2.2026431718061676,0.881057268722467,2.2026431718061676,0.4405286343612335,1.762114537444934,3.524229074889868
E00189911,104,94,4,2,2,3,2,1,3,90.38461538461539,3.8461538461538463,1.9230769230769231,1.9230769230769231,2.8846153846153846,1.9230769230769231,0.9615384615384616,2.8846153846153846
