OA,ts0540001,ts0540002,ts0540003,ts0540004,ts0540005,ts0540006,ts0540007,ts0540008,ts0540009,ts0540010,ts0540011,ts0540012,ts0540013,ts0540002_PCT,ts0540003_PCT,ts0540004_PCT,ts0540005_PCT,ts0540006_PCT,ts0540007_PCT,ts0540008_PCT,ts0540009_PCT,ts0540010_PCT,ts0540011_PCT,ts0540012_PCT,ts0540013_PCT
E00159354,158,154,99,55,0,0,0,0,0,4,4,0,0,97.46835443037975,62.65822784810127,34.810126582278485,0,0,0,0,0,2.5316455696202533,2.5316455696202533,0,0
E00159355,140,110,71,39,2,2,1,0,1,27,24,3,0,78.57142857142857,50.71428571428571,27.857142857142858,1.4285714285714286,1.4285714285714286,0.7142857142857143,0,0.7142857142857143,19.28571428571429,17.142857142857142,2.142857142857143,0
E00159356,110,106,59,47,0,0,1,0,1,3,2,1,0,96.36363636363636,53.63636363636364,42.72727272727273,0,0,0.9090909090909091,0,0.9090909090909091,2.727272727272727,1.8181818181818181,0.9090909090909091,0
E00159357,105,98,76,22,0,0,2,0,2,5,4,1,0,93.33333333333333,72.38095238095238,20.952380952380953,0,0,1.9047619047619049,0,1.9047619047619049,4.761904761904762,3.8095238095238098,0.9523809523809524,0
E00159358,116,76,43,33,1,1,12,1,11,27,23,4,0,65.51724137931035,37.06896551724138,28.448275862068968,0.8620689655172413,0.8620689655172413,10.344827586206897,0.8620689655172413,9.482758620689655,23.275862068965516,19.82758620689655,3.4482758620689653,0
E00159359,120,37,19,18,3,3,34,28,6,46,44,2,0,30.833333333333336,15.833333333333332,15,2.5,2.5,28.333333333333332,23.333333333333332,5,38.333333333333336,36.666666666666664,1.6666666666666667,0
E00159360,180,90,64,26,1,1,6,4,2,83,77,6,0,50,35.55555555555556,14.444444444444443,0.5555555555555556,0.5555555555555556,3.3333333333333335,2.2222222222222223,1.1111111111111112,46.111111111111114,42.77777777777778,3.3333333333333335,0
E00159361,121,112,79,33,0,0,3,2,1,6,6,0,0,92.56198347107438,65.28925619834712,27.27272727272727,0,0,2.479338842975207,1.6528925619834711,0.8264462809917356,4.958677685950414,4.958677685950414,0,0
E00159362,169,130,78,52,0,0,2,1,1,37,34,3,0,76.92307692307693,46.15384615384615,30.76923076923077,0,0,1.183431952662722,0.591715976331361,0.591715976331361,21.893491124260358,20.118343195266274,1.7751479289940828,0
E00159363,125,86,59,27,0,0,9,9,0,30,26,4,0,68.8,47.199999999999996,21.6,0,0,7.199999999999999,7.199999999999999,0,24,20.8,3.2,0
E00159364,209,174,73,101,7,7,12,2,10,16,9,7,0,83.25358851674642,34.92822966507177,48.32535885167464,3.349282296650718,3.349282296650718,5.741626794258373,0.9569377990430622,4.784688995215311,7.655502392344498,4.30622009569378,3.349282296650718,0
E00159365,120,107,67,40,0,0,2,2,0,11,10,1,0,89.16666666666667,55.833333333333336,33.33333333333333,0,0,1.6666666666666667,1.6666666666666667,0,9.166666666666666,8.333333333333332,0.8333333333333334,0
E00159366,116,104,57,47,1,1,0,0,0,11,11,0,0,89.65517241379311,49.137931034482754,40.51724137931034,0.8620689655172413,0.8620689655172413,0,0,0,9.482758620689655,9.482758620689655,0,0
E00159367,125,93,53,40,0,0,4,0,4,28,24,4,0,74.4,42.4,32,0,0,3.2,0,3.2,22.400000000000002,19.2,3.2,0
E00159368,141,100,56,44,1,1,3,0,3,37,34,3,0,70.92198581560284,39.71631205673759,31.20567375886525,0.7092198581560284,0.7092198581560284,2.127659574468085,0,2.127659574468085,26.24113475177305,24.113475177304963,2.127659574468085,0
E00159369,135,84,53,31,0,0,11,11,0,40,39,1,0,62.22222222222222,39.25925925925926,22.962962962962962,0,0,8.148148148148149,8.148148148148149,0,29.629629629629626,28.888888888888886,0.7407407407407408,0
E00159370,104,80,57,23,0,0,3,1,2,21,18,3,0,76.92307692307693,54.807692307692314,22.115384615384613,0,0,2.8846153846153846,0.9615384615384616,1.9230769230769231,20.192307692307693,17.307692307692307,2.8846153846153846,0
E00159371,162,103,72,31,1,1,5,3,2,53,47,6,0,63.580246913580254,44.44444444444444,19.1358024691358,0.6172839506172839,0.6172839506172839,3.0864197530864197,1.8518518518518516,1.2345679012345678,32.71604938271605,29.01234567901235,3.7037037037037033,0
E00159372,139,84,41,43,1,1,24,23,1,30,27,3,0,60.431654676258994,29.496402877697843,30.935251798561154,0.7194244604316548,0.7194244604316548,17.26618705035971,16.546762589928058,0.7194244604316548,21.58273381294964,19.424460431654676,2.158273381294964,0
E00159373,125,47,20,27,0,0,49,48,1,29,25,4,0,37.6,16,21.6,0,0,39.2,38.4,0.8,23.200000000000003,20,3.2,0
E00159374,144,103,34,69,0,0,7,4,3,34,31,3,0,71.52777777777779,23.61111111111111,47.91666666666667,0,0,4.861111111111112,2.7777777777777777,2.083333333333333,23.61111111111111,21.52777777777778,2.083333333333333,0
E00159375,137,79,48,31,0,0,16,14,2,42,41,1,0,57.66423357664233,35.03649635036496,22.62773722627737,0,0,11.678832116788321,10.218978102189782,1.4598540145985401,30.656934306569344,29.927007299270077,0.7299270072992701,0
E00159376,124,89,43,46,0,0,4,4,0,31,29,2,0,71.7741935483871,34.67741935483871,37.096774193548384,0,0,3.225806451612903,3.225806451612903,0,25,23.387096774193548,1.6129032258064515,0
E00159377,145,101,80,21,0,0,21,11,10,23,20,3,0,69.6551724137931,55.172413793103445,14.482758620689657,0,0,14.482758620689657,7.586206896551724,6.896551724137931,15.862068965517242,13.793103448275861,2.0689655172413794,0
E00159378,127,96,64,32,0,0,0,0,0,31,30,1,0,75.59055118110236,50.39370078740157,25.196850393700785,0,0,0,0,0,24.409448818897637,23.62204724409449,0.7874015748031495,0
E00159379,129,104,66,38,2,2,3,2,1,20,16,4,0,80.62015503875969,51.162790697674424,29.457364341085274,1.550387596899225,1.550387596899225,2.3255813953488373,1.550387596899225,0.7751937984496124,15.503875968992247,12.4031007751938,3.10077519379845,0
E00159380,155,124,89,35,0,0,6,1,5,24,19,5,1,80,57.41935483870968,22.58064516129032,0,0,3.870967741935484,0.6451612903225806,3.225806451612903,15.483870967741936,12.258064516129032,3.225806451612903,0.6451612903225806
E00159381,181,162,61,101,0,0,6,1,5,13,12,1,0,89.50276243093923,33.70165745856354,55.80110497237569,0,0,3.314917127071823,0.5524861878453038,2.7624309392265194,7.18232044198895,6.629834254143646,0.5524861878453038,0
E00159383,94,39,24,15,0,0,50,50,0,5,5,0,0,41.48936170212766,25.53191489361702,15.957446808510639,0,0,53.191489361702125,53.191489361702125,0,5.319148936170213,5.319148936170213,0,0
E00159384,131,111,61,50,0,0,8,7,1,12,9,3,0,84.7328244274809,46.56488549618321,38.16793893129771,0,0,6.106870229007633,5.343511450381679,0.7633587786259541,9.16030534351145,6.870229007633588,2.2900763358778624,0
E00159385,138,120,48,72,1,1,3,3,0,14,10,4,0,86.95652173913044,34.78260869565217,52.17391304347826,0.7246376811594203,0.7246376811594203,2.1739130434782608,2.1739130434782608,0,10.144927536231885,7.246376811594203,2.898550724637681,0
E00159387,119,92,53,39,5,5,9,6,3,13,9,4,0,77.31092436974791,44.537815126050425,32.773109243697476,4.201680672268908,4.201680672268908,7.563025210084033,5.042016806722689,2.5210084033613445,10.92436974789916,7.563025210084033,3.361344537815126,0
E00159388,121,103,59,44,1,1,7,7,0,10,9,1,0,85.12396694214877,48.760330578512395,36.36363636363637,0.8264462809917356,0.8264462809917356,5.785123966942149,5.785123966942149,0,8.264462809917356,7.43801652892562,0.8264462809917356,0
E00159390,113,38,14,24,0,0,26,7,19,49,49,0,0,33.6283185840708,12.389380530973451,21.238938053097346,0,0,23.008849557522122,6.1946902654867255,16.8141592920354,43.36283185840708,43.36283185840708,0,0
E00159391,104,28,8,20,0,0,55,46,9,21,19,2,0,26.923076923076923,7.6923076923076925,19.230769230769234,0,0,52.88461538461539,44.230769230769226,8.653846153846153,20.192307692307693,18.269230769230766,1.9230769230769231,0
E00159392,105,33,14,19,0,0,46,46,0,26,21,5,0,31.428571428571427,13.333333333333334,18.095238095238095,0,0,43.80952380952381,43.80952380952381,0,24.761904761904763,20,4.761904761904762,0
E00159393,114,39,14,25,0,0,33,25,8,42,41,1,0,34.21052631578947,12.280701754385964,21.929824561403507,0,0,28.947368421052634,21.929824561403507,7.017543859649122,36.84210526315789,35.96491228070175,0.8771929824561403,0
E00159394,115,45,16,29,5,5,40,9,31,25,24,1,0,39.130434782608695,13.91304347826087,25.217391304347824,4.3478260869565215,4.3478260869565215,34.78260869565217,7.82608695652174,26.956521739130434,21.73913043478261,20.869565217391305,0.8695652173913043,0
E00159395,141,40,19,21,1,1,30,23,7,70,67,3,0,28.368794326241137,13.47517730496454,14.893617021276595,0.7092198581560284,0.7092198581560284,21.27659574468085,16.312056737588655,4.964539007092199,49.645390070921984,47.5177304964539,2.127659574468085,0
E00159396,119,37,17,20,1,1,35,26,9,46,45,1,0,31.092436974789916,14.285714285714285,16.80672268907563,0.8403361344537815,0.8403361344537815,29.411764705882355,21.84873949579832,7.563025210084033,38.655462184873954,37.81512605042017,0.8403361344537815,0
E00159397,125,70,31,39,0,0,32,30,2,23,22,1,0,56.00000000000001,24.8,31.2,0,0,25.6,24,1.6,18.4,17.599999999999998,0.8,0
E00159398,177,61,40,21,25,25,63,23,40,28,27,1,0,34.463276836158194,22.598870056497177,11.864406779661017,14.124293785310735,14.124293785310735,35.59322033898305,12.994350282485875,22.598870056497177,15.819209039548024,15.254237288135593,0.5649717514124294,0
E00159399,119,46,25,21,3,3,2,1,1,68,63,5,0,38.655462184873954,21.008403361344538,17.647058823529413,2.5210084033613445,2.5210084033613445,1.680672268907563,0.8403361344537815,0.8403361344537815,57.14285714285714,52.94117647058824,4.201680672268908,0
E00159400,128,68,17,51,1,1,42,41,1,17,13,4,0,53.125,13.28125,39.84375,0.78125,0.78125,32.8125,32.03125,0.78125,13.28125,10.15625,3.125,0
E00159401,126,72,34,38,0,0,0,0,0,54,53,1,0,57.14285714285714,26.984126984126984,30.158730158730158,0,0,0,0,0,42.857142857142854,42.06349206349206,0.7936507936507936,0
E00159402,137,59,25,34,1,1,44,37,7,32,30,2,1,43.06569343065693,18.248175182481752,24.817518248175183,0.7299270072992701,0.7299270072992701,32.11678832116788,27.00729927007299,5.109489051094891,23.357664233576642,21.897810218978105,1.4598540145985401,0.7299270072992701
E00159403,135,57,21,36,0,0,55,45,10,23,21,2,0,42.22222222222222,15.555555555555555,26.666666666666668,0,0,40.74074074074074,33.33333333333333,7.4074074074074066,17.037037037037038,15.555555555555555,1.4814814814814816,0
E00159404,128,68,30,38,1,1,5,2,3,54,51,3,0,53.125,23.4375,29.6875,0.78125,0.78125,3.90625,1.5625,2.34375,42.1875,39.84375,2.34375,0
E00159405,119,23,8,15,0,0,87,50,37,9,9,0,0,19.327731092436977,6.722689075630252,12.605042016806722,0,0,73.10924369747899,42.016806722689076,31.092436974789916,7.563025210084033,7.563025210084033,0,0
E00159406,120,71,31,40,0,0,6,5,1,43,39,4,0,59.166666666666664,25.833333333333336,33.33333333333333,0,0,5,4.166666666666666,0.8333333333333334,35.833333333333336,32.5,3.3333333333333335,0
E00159407,110,42,18,24,0,0,59,57,2,9,7,2,0,38.18181818181819,16.363636363636363,21.818181818181817,0,0,53.63636363636364,51.81818181818182,1.8181818181818181,8.181818181818182,6.363636363636363,1.8181818181818181,0
E00159408,129,58,31,27,0,0,50,49,1,21,18,3,0,44.96124031007752,24.031007751937985,20.930232558139537,0,0,38.759689922480625,37.98449612403101,0.7751937984496124,16.27906976744186,13.953488372093023,2.3255813953488373,0
E00159409,168,51,24,27,0,0,55,53,2,62,59,3,0,30.357142857142854,14.285714285714285,16.071428571428573,0,0,32.73809523809524,31.547619047619047,1.1904761904761905,36.904761904761905,35.11904761904761,1.7857142857142856,0
E00159410,152,11,7,4,0,0,41,6,35,100,92,8,0,7.236842105263158,4.605263157894736,2.631578947368421,0,0,26.973684210526315,3.9473684210526314,23.026315789473685,65.78947368421053,60.526315789473685,5.263157894736842,0
E00159411,137,50,24,26,1,1,64,62,2,22,20,2,0,36.496350364963504,17.51824817518248,18.97810218978102,0.7299270072992701,0.7299270072992701,46.715328467153284,45.25547445255474,1.4598540145985401,16.05839416058394,14.5985401459854,1.4598540145985401,0
E00159413,146,24,4,20,0,0,11,3,8,111,109,2,0,16.43835616438356,2.73972602739726,13.698630136986301,0,0,7.534246575342466,2.054794520547945,5.47945205479452,76.02739726027397,74.65753424657534,1.36986301369863,0
E00159414,125,63,28,35,0,0,23,21,2,39,32,7,0,50.4,22.400000000000002,28.000000000000004,0,0,18.4,16.8,1.6,31.2,25.6,5.6000000000000005,0
E00159415,121,29,15,14,1,1,56,46,10,35,35,0,0,23.96694214876033,12.396694214876034,11.570247933884298,0.8264462809917356,0.8264462809917356,46.28099173553719,38.01652892561984,8.264462809917356,28.92561983471074,28.92561983471074,0,0
E00159416,132,30,12,18,0,0,4,2,2,98,96,2,0,22.727272727272727,9.090909090909092,13.636363636363635,0,0,3.0303030303030303,1.5151515151515151,1.5151515151515151,74.24242424242425,72.72727272727273,1.5151515151515151,0
E00159417,171,31,15,16,1,1,127,114,13,11,11,0,1,18.128654970760234,8.771929824561402,9.35672514619883,0.5847953216374269,0.5847953216374269,74.26900584795322,66.66666666666666,7.602339181286549,6.432748538011696,6.432748538011696,0,0.5847953216374269
E00159418,140,59,35,24,2,2,17,17,0,61,57,4,1,42.142857142857146,25,17.142857142857142,1.4285714285714286,1.4285714285714286,12.142857142857142,12.142857142857142,0,43.57142857142857,40.714285714285715,2.857142857142857,0.7142857142857143
E00159419,132,59,29,30,0,0,18,11,7,55,55,0,0,44.696969696969695,21.96969696969697,22.727272727272727,0,0,13.636363636363635,8.333333333333332,5.303030303030303,41.66666666666667,41.66666666666667,0,0
E00159420,166,121,53,68,4,4,11,2,9,30,22,8,0,72.89156626506023,31.92771084337349,40.963855421686745,2.4096385542168677,2.4096385542168677,6.626506024096386,1.2048192771084338,5.421686746987952,18.072289156626507,13.253012048192772,4.819277108433735,0
E00159421,134,121,68,53,0,0,1,1,0,12,10,2,0,90.29850746268657,50.74626865671642,39.55223880597015,0,0,0.7462686567164178,0.7462686567164178,0,8.955223880597014,7.462686567164178,1.4925373134328357,0
E00159423,135,119,71,48,0,0,3,2,1,13,12,1,0,88.14814814814815,52.59259259259259,35.55555555555556,0,0,2.2222222222222223,1.4814814814814816,0.7407407407407408,9.62962962962963,8.88888888888889,0.7407407407407408,0
E00159424,130,99,78,21,0,0,10,9,1,21,19,2,0,76.15384615384615,60,16.153846153846153,0,0,7.6923076923076925,6.923076923076923,0.7692307692307693,16.153846153846153,14.615384615384617,1.5384615384615385,0
E00159425,136,135,81,54,0,0,0,0,0,1,1,0,0,99.26470588235294,59.55882352941176,39.705882352941174,0,0,0,0,0,0.7352941176470588,0.7352941176470588,0,0
E00159426,127,115,56,59,0,0,1,0,1,11,10,1,0,90.5511811023622,44.09448818897638,46.45669291338583,0,0,0.7874015748031495,0,0.7874015748031495,8.661417322834646,7.874015748031496,0.7874015748031495,0
E00159428,63,45,24,21,0,0,1,0,1,17,15,2,0,71.42857142857143,38.095238095238095,33.33333333333333,0,0,1.5873015873015872,0,1.5873015873015872,26.984126984126984,23.809523809523807,3.1746031746031744,0
E00159430,139,127,75,52,0,0,3,1,2,9,7,2,0,91.36690647482014,53.956834532374096,37.410071942446045,0,0,2.158273381294964,0.7194244604316548,1.4388489208633095,6.474820143884892,5.0359712230215825,1.4388489208633095,0
E00159431,132,123,77,46,0,0,4,1,3,5,5,0,0,93.18181818181817,58.333333333333336,34.84848484848485,0,0,3.0303030303030303,0.7575757575757576,2.272727272727273,3.787878787878788,3.787878787878788,0,0
E00159432,116,81,48,33,0,0,12,11,1,23,17,6,0,69.82758620689656,41.37931034482759,28.448275862068968,0,0,10.344827586206897,9.482758620689655,0.8620689655172413,19.82758620689655,14.655172413793101,5.172413793103448,0
E00159434,115,101,39,62,0,0,0,0,0,14,14,0,0,87.82608695652175,33.91304347826087,53.91304347826087,0,0,0,0,0,12.173913043478262,12.173913043478262,0,0
E00159435,219,139,55,84,4,4,32,1,31,44,43,1,0,63.4703196347032,25.11415525114155,38.35616438356164,1.82648401826484,1.82648401826484,14.61187214611872,0.45662100456621,14.15525114155251,20.091324200913242,19.63470319634703,0.45662100456621,0
E00159436,142,120,73,47,1,1,1,0,1,19,14,5,1,84.50704225352112,51.40845070422535,33.098591549295776,0.7042253521126761,0.7042253521126761,0.7042253521126761,0,0.7042253521126761,13.380281690140844,9.859154929577464,3.5211267605633805,0.7042253521126761
E00159437,83,57,27,30,0,0,2,1,1,24,22,2,0,68.67469879518072,32.53012048192771,36.144578313253014,0,0,2.4096385542168677,1.2048192771084338,1.2048192771084338,28.915662650602407,26.506024096385545,2.4096385542168677,0
E00159438,64,51,33,18,1,1,3,2,1,9,7,2,0,79.6875,51.5625,28.125,1.5625,1.5625,4.6875,3.125,1.5625,14.0625,10.9375,3.125,0
E00159439,122,82,47,35,0,0,7,2,5,33,31,2,0,67.21311475409836,38.52459016393443,28.688524590163933,0,0,5.737704918032787,1.639344262295082,4.098360655737705,27.049180327868854,25.40983606557377,1.639344262295082,0
E00159440,147,66,33,33,0,0,39,24,15,41,39,2,1,44.89795918367347,22.448979591836736,22.448979591836736,0,0,26.53061224489796,16.3265306122449,10.204081632653061,27.89115646258503,26.53061224489796,1.3605442176870748,0.6802721088435374
E00159441,128,33,13,20,0,0,35,30,5,60,57,3,0,25.78125,10.15625,15.625,0,0,27.34375,23.4375,3.90625,46.875,44.53125,2.34375,0
E00159442,125,81,46,35,0,0,3,3,0,41,39,2,0,64.8,36.8,28.000000000000004,0,0,2.4,2.4,0,32.800000000000004,31.2,1.6,0
E00159443,190,44,12,32,0,0,34,5,29,112,108,4,0,23.157894736842106,6.315789473684211,16.842105263157894,0,0,17.894736842105264,2.631578947368421,15.263157894736842,58.94736842105262,56.84210526315789,2.1052631578947367,0
E00159444,118,57,34,23,1,1,13,3,10,47,45,2,0,48.30508474576271,28.8135593220339,19.491525423728813,0.847457627118644,0.847457627118644,11.016949152542372,2.5423728813559325,8.47457627118644,39.83050847457627,38.13559322033898,1.694915254237288,0
E00159445,123,86,55,31,0,0,5,4,1,32,28,4,0,69.91869918699187,44.71544715447154,25.203252032520325,0,0,4.0650406504065035,3.2520325203252036,0.8130081300813009,26.01626016260163,22.76422764227642,3.2520325203252036,0
E00159446,222,48,22,26,0,0,58,49,9,116,115,1,0,21.62162162162162,9.90990990990991,11.711711711711711,0,0,26.126126126126124,22.07207207207207,4.054054054054054,52.25225225225225,51.80180180180181,0.45045045045045046,0
E00159447,129,62,38,24,0,0,6,3,3,61,56,5,0,48.06201550387597,29.457364341085274,18.6046511627907,0,0,4.651162790697675,2.3255813953488373,2.3255813953488373,47.286821705426355,43.41085271317829,3.875968992248062,0
E00159449,115,85,54,31,0,0,7,6,1,23,20,3,0,73.91304347826086,46.95652173913044,26.956521739130434,0,0,6.086956521739131,5.217391304347826,0.8695652173913043,20,17.391304347826086,2.608695652173913,0
E00159450,102,66,35,31,6,6,0,0,0,30,29,1,0,64.70588235294117,34.31372549019608,30.392156862745097,5.88235294117647,5.88235294117647,0,0,0,29.411764705882355,28.431372549019606,0.9803921568627451,0
E00159451,134,60,36,24,0,0,12,10,2,62,62,0,0,44.776119402985074,26.865671641791046,17.91044776119403,0,0,8.955223880597014,7.462686567164178,1.4925373134328357,46.26865671641791,46.26865671641791,0,0
E00159453,181,107,52,55,0,0,0,0,0,74,74,0,0,59.11602209944752,28.7292817679558,30.386740331491712,0,0,0,0,0,40.88397790055249,40.88397790055249,0,0
E00159454,122,70,31,39,1,1,3,2,1,48,44,4,0,57.377049180327866,25.40983606557377,31.967213114754102,0.819672131147541,0.819672131147541,2.459016393442623,1.639344262295082,0.819672131147541,39.34426229508197,36.0655737704918,3.278688524590164,0
E00159455,112,95,56,39,3,3,3,2,1,11,10,1,0,84.82142857142857,50,34.82142857142857,2.6785714285714284,2.6785714285714284,2.6785714285714284,1.7857142857142856,0.8928571428571428,9.821428571428571,8.928571428571429,0.8928571428571428,0
E00159456,114,27,11,16,0,0,72,71,1,15,14,1,0,23.684210526315788,9.649122807017543,14.035087719298245,0,0,63.1578947368421,62.28070175438597,0.8771929824561403,13.157894736842104,12.280701754385964,0.8771929824561403,0
E00159457,165,37,19,18,4,4,103,33,70,21,18,3,0,22.424242424242426,11.515151515151516,10.909090909090908,2.4242424242424243,2.4242424242424243,62.42424242424243,20,42.42424242424242,12.727272727272727,10.909090909090908,1.8181818181818181,0
E00159458,137,73,55,18,0,0,7,3,4,57,53,4,0,53.284671532846716,40.14598540145985,13.138686131386862,0,0,5.109489051094891,2.18978102189781,2.9197080291970803,41.605839416058394,38.68613138686132,2.9197080291970803,0
E00159459,119,9,5,4,0,0,103,98,5,7,7,0,0,7.563025210084033,4.201680672268908,3.361344537815126,0,0,86.5546218487395,82.35294117647058,4.201680672268908,5.88235294117647,5.88235294117647,0,0
E00159460,120,108,68,40,0,0,8,8,0,4,4,0,0,90,56.666666666666664,33.33333333333333,0,0,6.666666666666667,6.666666666666667,0,3.3333333333333335,3.3333333333333335,0,0
E00159461,124,85,40,45,2,2,22,21,1,14,13,1,1,68.54838709677419,32.25806451612903,36.29032258064516,1.6129032258064515,1.6129032258064515,17.741935483870968,16.93548387096774,0.8064516129032258,11.29032258064516,10.483870967741936,0.8064516129032258,0.8064516129032258
E00159462,127,44,24,20,0,0,72,60,12,11,10,1,0,34.645669291338585,18.89763779527559,15.748031496062993,0,0,56.69291338582677,47.24409448818898,9.448818897637794,8.661417322834646,7.874015748031496,0.7874015748031495,0
E00159463,125,101,53,48,0,0,12,10,2,12,10,2,0,80.80000000000001,42.4,38.4,0,0,9.6,8,1.6,9.6,8,1.6,0
E00159464,107,67,34,33,1,1,11,11,0,28,26,2,0,62.616822429906534,31.775700934579437,30.8411214953271,0.9345794392523363,0.9345794392523363,10.2803738317757,10.2803738317757,0,26.168224299065418,24.299065420560748,1.8691588785046727,0
E00159465,111,7,2,5,0,0,95,90,5,7,6,1,2,6.306306306306306,1.8018018018018018,4.504504504504505,0,0,85.58558558558559,81.08108108108108,4.504504504504505,6.306306306306306,5.405405405405405,0.9009009009009009,1.8018018018018018
E00159466,120,52,25,27,0,0,53,52,1,15,14,1,0,43.333333333333336,20.833333333333336,22.5,0,0,44.166666666666664,43.333333333333336,0.8333333333333334,12.5,11.666666666666666,0.8333333333333334,0
E00159467,135,65,25,40,1,1,49,44,5,20,15,5,0,48.148148148148145,18.51851851851852,29.629629629629626,0.7407407407407408,0.7407407407407408,36.2962962962963,32.592592592592595,3.7037037037037033,14.814814814814813,11.11111111111111,3.7037037037037033,0
E00159468,125,35,17,18,1,1,74,70,4,15,15,0,0,28.000000000000004,13.600000000000001,14.399999999999999,0.8,0.8,59.199999999999996,56.00000000000001,3.2,12,12,0,0
E00159469,128,51,20,31,0,0,70,68,2,6,6,0,1,39.84375,15.625,24.21875,0,0,54.6875,53.125,1.5625,4.6875,4.6875,0,0.78125
E00159470,129,111,47,64,0,0,2,1,1,16,14,2,0,86.04651162790698,36.434108527131784,49.6124031007752,0,0,1.550387596899225,0.7751937984496124,0.7751937984496124,12.4031007751938,10.852713178294573,1.550387596899225,0
E00159471,130,53,23,30,1,1,71,62,9,5,5,0,0,40.76923076923077,17.692307692307693,23.076923076923077,0.7692307692307693,0.7692307692307693,54.61538461538461,47.69230769230769,6.923076923076923,3.8461538461538463,3.8461538461538463,0,0
E00159472,116,58,29,29,0,0,46,44,2,11,10,1,1,50,25,25,0,0,39.6551724137931,37.93103448275862,1.7241379310344827,9.482758620689655,8.620689655172415,0.8620689655172413,0.8620689655172413
E00159473,137,59,20,39,0,0,64,59,5,14,14,0,0,43.06569343065693,14.5985401459854,28.467153284671532,0,0,46.715328467153284,43.06569343065693,3.64963503649635,10.218978102189782,10.218978102189782,0,0
E00159474,111,52,23,29,0,0,40,38,2,18,17,1,1,46.846846846846844,20.72072072072072,26.126126126126124,0,0,36.03603603603604,34.234234234234236,1.8018018018018018,16.216216216216218,15.315315315315313,0.9009009009009009,0.9009009009009009
E00159475,134,125,92,33,0,0,1,1,0,8,7,1,0,93.28358208955224,68.65671641791045,24.62686567164179,0,0,0.7462686567164178,0.7462686567164178,0,5.970149253731343,5.223880597014925,0.7462686567164178,0
E00159476,131,114,60,54,0,0,4,3,1,12,8,4,1,87.02290076335878,45.80152671755725,41.221374045801525,0,0,3.0534351145038165,2.2900763358778624,0.7633587786259541,9.16030534351145,6.106870229007633,3.0534351145038165,0.7633587786259541
E00159477,137,100,66,34,0,0,25,5,20,12,12,0,0,72.99270072992701,48.175182481751825,24.817518248175183,0,0,18.248175182481752,3.64963503649635,14.5985401459854,8.75912408759124,8.75912408759124,0,0
E00159478,54,34,19,15,0,0,1,1,0,19,17,2,0,62.96296296296296,35.18518518518518,27.77777777777778,0,0,1.8518518518518516,1.8518518518518516,0,35.18518518518518,31.48148148148148,3.7037037037037033,0
E00159479,127,101,66,35,0,0,18,16,2,8,3,5,0,79.52755905511812,51.96850393700787,27.559055118110237,0,0,14.173228346456693,12.598425196850393,1.574803149606299,6.299212598425196,2.3622047244094486,3.937007874015748,0
E00159480,141,126,83,43,0,0,2,2,0,13,11,2,0,89.36170212765957,58.86524822695035,30.49645390070922,0,0,1.4184397163120568,1.4184397163120568,0,9.219858156028367,7.801418439716312,1.4184397163120568,0
E00159481,126,103,71,32,0,0,9,8,1,14,11,3,0,81.74603174603175,56.34920634920635,25.396825396825395,0,0,7.142857142857142,6.349206349206349,0.7936507936507936,11.11111111111111,8.73015873015873,2.380952380952381,0
E00159482,125,92,49,43,1,1,21,20,1,11,7,4,0,73.6,39.2,34.4,0.8,0.8,16.8,16,0.8,8.799999999999999,5.6000000000000005,3.2,0
E00159483,131,127,76,51,0,0,0,0,0,4,3,1,0,96.94656488549617,58.01526717557252,38.93129770992366,0,0,0,0,0,3.0534351145038165,2.2900763358778624,0.7633587786259541,0
E00159484,122,79,40,39,0,0,31,31,0,12,8,4,0,64.75409836065575,32.78688524590164,31.967213114754102,0,0,25.40983606557377,25.40983606557377,0,9.836065573770492,6.557377049180328,3.278688524590164,0
E00159485,147,131,74,57,0,0,0,0,0,16,15,1,0,89.1156462585034,50.34013605442177,38.775510204081634,0,0,0,0,0,10.884353741496598,10.204081632653061,0.6802721088435374,0
E00159486,115,84,32,52,0,0,20,19,1,11,10,1,0,73.04347826086956,27.82608695652174,45.21739130434783,0,0,17.391304347826086,16.52173913043478,0.8695652173913043,9.565217391304348,8.695652173913043,0.8695652173913043,0
E00159487,123,120,62,58,0,0,1,0,1,2,2,0,0,97.5609756097561,50.40650406504065,47.15447154471545,0,0,0.8130081300813009,0,0.8130081300813009,1.6260162601626018,1.6260162601626018,0,0
E00159488,135,117,69,48,0,0,2,1,1,16,15,1,0,86.66666666666667,51.11111111111111,35.55555555555556,0,0,1.4814814814814816,0.7407407407407408,0.7407407407407408,11.851851851851853,11.11111111111111,0.7407407407407408,0
E00159489,124,114,72,42,0,0,1,1,0,9,7,2,0,91.93548387096774,58.06451612903226,33.87096774193548,0,0,0.8064516129032258,0.8064516129032258,0,7.258064516129033,5.64516129032258,1.6129032258064515,0
E00159490,114,92,53,39,2,2,1,1,0,19,19,0,0,80.7017543859649,46.49122807017544,34.21052631578947,1.7543859649122806,1.7543859649122806,0.8771929824561403,0.8771929824561403,0,16.666666666666664,16.666666666666664,0,0
E00159491,116,99,62,37,0,0,9,9,0,8,5,3,0,85.34482758620689,53.44827586206896,31.896551724137932,0,0,7.758620689655173,7.758620689655173,0,6.896551724137931,4.310344827586207,2.586206896551724,0
E00159492,122,106,77,29,1,1,4,2,2,11,10,1,0,86.88524590163934,63.114754098360656,23.770491803278688,0.819672131147541,0.819672131147541,3.278688524590164,1.639344262295082,1.639344262295082,9.01639344262295,8.19672131147541,0.819672131147541,0
E00159493,127,117,67,50,0,0,2,0,2,8,7,1,0,92.1259842519685,52.75590551181102,39.37007874015748,0,0,1.574803149606299,0,1.574803149606299,6.299212598425196,5.511811023622047,0.7874015748031495,0
E00159494,81,69,29,40,0,0,1,0,1,11,6,5,0,85.18518518518519,35.80246913580247,49.382716049382715,0,0,1.2345679012345678,0,1.2345679012345678,13.580246913580247,7.4074074074074066,6.172839506172839,0
E00159495,64,63,37,26,0,0,0,0,0,1,1,0,0,98.4375,57.8125,40.625,0,0,0,0,0,1.5625,1.5625,0,0
E00159496,154,99,45,54,6,6,17,1,16,32,32,0,0,64.28571428571429,29.22077922077922,35.064935064935064,3.896103896103896,3.896103896103896,11.03896103896104,0.6493506493506493,10.38961038961039,20.77922077922078,20.77922077922078,0,0
E00159497,171,135,63,72,1,1,24,20,4,11,7,4,0,78.94736842105263,36.84210526315789,42.10526315789473,0.5847953216374269,0.5847953216374269,14.035087719298245,11.695906432748536,2.3391812865497075,6.432748538011696,4.093567251461988,2.3391812865497075,0
E00159498,102,66,41,25,0,0,19,17,2,17,11,6,0,64.70588235294117,40.19607843137255,24.509803921568626,0,0,18.627450980392158,16.666666666666664,1.9607843137254901,16.666666666666664,10.784313725490197,5.88235294117647,0
E00159499,138,123,75,48,1,1,0,0,0,14,13,1,0,89.13043478260869,54.347826086956516,34.78260869565217,0.7246376811594203,0.7246376811594203,0,0,0,10.144927536231885,9.420289855072465,0.7246376811594203,0
E00159500,150,137,81,56,0,0,2,1,1,11,7,4,0,91.33333333333333,54,37.333333333333336,0,0,1.3333333333333335,0.6666666666666667,0.6666666666666667,7.333333333333333,4.666666666666667,2.666666666666667,0
E00159501,165,115,62,53,0,0,28,16,12,22,18,4,0,69.6969696969697,37.57575757575757,32.121212121212125,0,0,16.969696969696972,9.696969696969697,7.2727272727272725,13.333333333333334,10.909090909090908,2.4242424242424243,0
E00159502,144,116,68,48,0,0,10,7,3,18,10,8,0,80.55555555555556,47.22222222222222,33.33333333333333,0,0,6.944444444444445,4.861111111111112,2.083333333333333,12.5,6.944444444444445,5.555555555555555,0
E00159503,111,97,50,47,0,0,3,3,0,11,11,0,0,87.38738738738738,45.04504504504504,42.34234234234234,0,0,2.7027027027027026,2.7027027027027026,0,9.90990990990991,9.90990990990991,0,0
E00159504,121,84,43,41,3,3,12,11,1,22,21,1,0,69.42148760330579,35.53719008264463,33.88429752066116,2.479338842975207,2.479338842975207,9.917355371900827,9.090909090909092,0.8264462809917356,18.181818181818183,17.355371900826448,0.8264462809917356,0
E00159505,155,126,67,59,0,0,2,0,2,27,18,9,0,81.29032258064515,43.225806451612904,38.064516129032256,0,0,1.2903225806451613,0,1.2903225806451613,17.419354838709676,11.612903225806452,5.806451612903226,0
E00159506,135,85,49,36,1,1,38,19,19,11,9,2,0,62.96296296296296,36.2962962962963,26.666666666666668,0.7407407407407408,0.7407407407407408,28.14814814814815,14.074074074074074,14.074074074074074,8.148148148148149,6.666666666666667,1.4814814814814816,0
E00159507,178,145,82,63,2,2,13,2,11,18,13,5,0,81.46067415730337,46.06741573033708,35.39325842696629,1.1235955056179776,1.1235955056179776,7.303370786516854,1.1235955056179776,6.179775280898876,10.112359550561797,7.303370786516854,2.8089887640449436,0
E00159508,103,83,46,37,0,0,7,4,3,13,11,2,0,80.58252427184466,44.66019417475729,35.92233009708738,0,0,6.796116504854369,3.8834951456310676,2.912621359223301,12.62135922330097,10.679611650485436,1.9417475728155338,0
E00159509,123,93,61,32,0,0,1,0,1,29,28,1,0,75.60975609756098,49.59349593495935,26.01626016260163,0,0,0.8130081300813009,0,0.8130081300813009,23.577235772357724,22.76422764227642,0.8130081300813009,0
E00159510,168,148,95,53,2,2,0,0,0,18,12,6,0,88.09523809523809,56.547619047619044,31.547619047619047,1.1904761904761905,1.1904761904761905,0,0,0,10.714285714285714,7.142857142857142,3.571428571428571,0
E00159511,153,141,85,56,1,1,0,0,0,11,7,4,0,92.15686274509804,55.55555555555556,36.60130718954248,0.6535947712418301,0.6535947712418301,0,0,0,7.18954248366013,4.57516339869281,2.6143790849673203,0
E00159512,93,76,45,31,0,0,12,11,1,5,5,0,0,81.72043010752688,48.38709677419355,33.33333333333333,0,0,12.903225806451612,11.827956989247312,1.0752688172043012,5.376344086021505,5.376344086021505,0,0
E00159513,110,103,58,45,0,0,1,1,0,6,3,3,0,93.63636363636364,52.72727272727272,40.909090909090914,0,0,0.9090909090909091,0.9090909090909091,0,5.454545454545454,2.727272727272727,2.727272727272727,0
E00159514,129,109,60,49,1,1,8,7,1,11,10,1,0,84.49612403100775,46.51162790697674,37.98449612403101,0.7751937984496124,0.7751937984496124,6.2015503875969,5.426356589147287,0.7751937984496124,8.527131782945736,7.751937984496124,0.7751937984496124,0
E00159515,116,108,53,55,0,0,4,0,4,4,4,0,0,93.10344827586206,45.689655172413794,47.41379310344828,0,0,3.4482758620689653,0,3.4482758620689653,3.4482758620689653,3.4482758620689653,0,0
E00159516,58,31,15,16,1,1,0,0,0,26,23,3,0,53.44827586206896,25.862068965517242,27.586206896551722,1.7241379310344827,1.7241379310344827,0,0,0,44.827586206896555,39.6551724137931,5.172413793103448,0
E00159517,140,92,82,10,2,2,20,4,16,26,23,3,0,65.71428571428571,58.57142857142858,7.142857142857142,1.4285714285714286,1.4285714285714286,14.285714285714285,2.857142857142857,11.428571428571429,18.571428571428573,16.428571428571427,2.142857142857143,0
E00159518,202,193,143,50,1,1,1,0,1,7,6,1,0,95.54455445544554,70.79207920792079,24.752475247524753,0.49504950495049505,0.49504950495049505,0.49504950495049505,0,0.49504950495049505,3.4653465346534658,2.9702970297029703,0.49504950495049505,0
E00159519,137,87,47,40,0,0,3,2,1,47,46,1,0,63.503649635036496,34.306569343065696,29.1970802919708,0,0,2.18978102189781,1.4598540145985401,0.7299270072992701,34.306569343065696,33.57664233576642,0.7299270072992701,0
E00159520,104,37,17,20,0,0,14,3,11,53,53,0,0,35.57692307692308,16.346153846153847,19.230769230769234,0,0,13.461538461538462,2.8846153846153846,10.576923076923077,50.96153846153846,50.96153846153846,0,0
E00159521,110,44,17,27,1,1,55,53,2,10,9,1,0,40,15.454545454545453,24.545454545454547,0.9090909090909091,0.9090909090909091,50,48.18181818181818,1.8181818181818181,9.090909090909092,8.181818181818182,0.9090909090909091,0
E00159522,115,75,39,36,2,2,2,1,1,36,33,3,0,65.21739130434783,33.91304347826087,31.30434782608696,1.7391304347826086,1.7391304347826086,1.7391304347826086,0.8695652173913043,0.8695652173913043,31.30434782608696,28.695652173913043,2.608695652173913,0
E00159523,176,117,88,29,0,0,5,1,4,54,50,4,0,66.47727272727273,50,16.477272727272727,0,0,2.840909090909091,0.5681818181818182,2.272727272727273,30.681818181818183,28.40909090909091,2.272727272727273,0
E00159524,119,92,44,48,0,0,4,0,4,23,21,2,0,77.31092436974791,36.97478991596639,40.33613445378151,0,0,3.361344537815126,0,3.361344537815126,19.327731092436977,17.647058823529413,1.680672268907563,0
E00159525,124,107,43,64,0,0,2,1,1,15,14,1,0,86.29032258064517,34.67741935483871,51.61290322580645,0,0,1.6129032258064515,0.8064516129032258,0.8064516129032258,12.096774193548388,11.29032258064516,0.8064516129032258,0
E00159526,109,98,48,50,0,0,3,1,2,8,6,2,0,89.90825688073394,44.03669724770643,45.87155963302752,0,0,2.7522935779816518,0.9174311926605505,1.834862385321101,7.339449541284404,5.5045871559633035,1.834862385321101,0
E00159527,110,100,54,46,0,0,4,2,2,5,2,3,1,90.9090909090909,49.09090909090909,41.81818181818181,0,0,3.6363636363636362,1.8181818181818181,1.8181818181818181,4.545454545454546,1.8181818181818181,2.727272727272727,0.9090909090909091
E00159528,115,112,54,58,0,0,1,1,0,2,2,0,0,97.3913043478261,46.95652173913044,50.43478260869565,0,0,0.8695652173913043,0.8695652173913043,0,1.7391304347826086,1.7391304347826086,0,0
E00159529,102,94,49,45,0,0,0,0,0,8,8,0,0,92.15686274509804,48.03921568627451,44.11764705882353,0,0,0,0,0,7.8431372549019605,7.8431372549019605,0,0
E00159530,125,116,69,47,0,0,5,1,4,4,4,0,0,92.80000000000001,55.2,37.6,0,0,4,0.8,3.2,3.2,3.2,0,0
E00159531,133,113,46,67,0,0,4,4,0,16,11,5,0,84.9624060150376,34.58646616541353,50.37593984962406,0,0,3.007518796992481,3.007518796992481,0,12.030075187969924,8.270676691729323,3.7593984962406015,0
E00159532,113,103,50,53,1,1,0,0,0,9,9,0,0,91.1504424778761,44.24778761061947,46.902654867256636,0.8849557522123894,0.8849557522123894,0,0,0,7.964601769911504,7.964601769911504,0,0
E00159533,105,92,47,45,0,0,4,4,0,9,9,0,0,87.61904761904762,44.761904761904766,42.857142857142854,0,0,3.8095238095238098,3.8095238095238098,0,8.571428571428571,8.571428571428571,0,0
E00159534,166,116,65,51,0,0,2,1,1,48,46,2,0,69.87951807228916,39.1566265060241,30.72289156626506,0,0,1.2048192771084338,0.6024096385542169,0.6024096385542169,28.915662650602407,27.710843373493976,1.2048192771084338,0
E00159535,113,104,48,56,1,1,3,3,0,5,4,1,0,92.03539823008849,42.47787610619469,49.557522123893804,0.8849557522123894,0.8849557522123894,2.6548672566371683,2.6548672566371683,0,4.424778761061947,3.5398230088495577,0.8849557522123894,0
E00159536,128,107,55,52,10,10,5,1,4,6,6,0,0,83.59375,42.96875,40.625,7.8125,7.8125,3.90625,0.78125,3.125,4.6875,4.6875,0,0
E00159537,132,128,72,56,0,0,1,1,0,3,2,1,0,96.96969696969697,54.54545454545454,42.42424242424242,0,0,0.7575757575757576,0.7575757575757576,0,2.272727272727273,1.5151515151515151,0.7575757575757576,0
E00159538,96,51,27,24,0,0,23,2,21,22,21,1,0,53.125,28.125,25,0,0,23.958333333333336,2.083333333333333,21.875,22.916666666666664,21.875,1.0416666666666665,0
E00159539,173,146,83,63,0,0,0,0,0,27,25,2,0,84.39306358381504,47.97687861271676,36.41618497109826,0,0,0,0,0,15.606936416184972,14.450867052023122,1.1560693641618496,0
E00159540,141,95,44,51,15,15,14,13,1,17,14,3,0,67.37588652482269,31.20567375886525,36.17021276595745,10.638297872340425,10.638297872340425,9.929078014184398,9.219858156028367,0.7092198581560284,12.056737588652481,9.929078014184398,2.127659574468085,0
E00159541,108,22,14,8,0,0,84,78,6,2,2,0,0,20.37037037037037,12.962962962962962,7.4074074074074066,0,0,77.77777777777779,72.22222222222221,5.555555555555555,1.8518518518518516,1.8518518518518516,0,0
E00159542,139,82,49,33,0,0,6,4,2,51,46,5,0,58.992805755395686,35.25179856115108,23.741007194244602,0,0,4.316546762589928,2.877697841726619,1.4388489208633095,36.69064748201439,33.093525179856115,3.5971223021582732,0
E00159543,139,93,67,26,0,0,9,3,6,37,34,3,0,66.90647482014388,48.201438848920866,18.705035971223023,0,0,6.474820143884892,2.158273381294964,4.316546762589928,26.618705035971225,24.46043165467626,2.158273381294964,0
E00159544,124,81,41,40,1,1,4,2,2,38,34,4,0,65.32258064516128,33.064516129032256,32.25806451612903,0.8064516129032258,0.8064516129032258,3.225806451612903,1.6129032258064515,1.6129032258064515,30.64516129032258,27.419354838709676,3.225806451612903,0
E00159545,125,19,10,9,0,0,93,50,43,12,9,3,1,15.2,8,7.199999999999999,0,0,74.4,40,34.4,9.6,7.199999999999999,2.4,0.8
E00159546,121,113,76,37,0,0,2,2,0,6,4,2,0,93.38842975206612,62.8099173553719,30.57851239669421,0,0,1.6528925619834711,1.6528925619834711,0,4.958677685950414,3.3057851239669422,1.6528925619834711,0
E00159547,132,58,29,29,0,0,11,1,10,63,59,4,0,43.93939393939394,21.96969696969697,21.96969696969697,0,0,8.333333333333332,0.7575757575757576,7.575757575757576,47.72727272727273,44.696969696969695,3.0303030303030303,0
E00159548,119,80,32,48,0,0,4,0,4,35,32,3,0,67.22689075630252,26.89075630252101,40.33613445378151,0,0,3.361344537815126,0,3.361344537815126,29.411764705882355,26.89075630252101,2.5210084033613445,0
E00159549,128,81,47,34,0,0,28,28,0,19,17,2,0,63.28125,36.71875,26.5625,0,0,21.875,21.875,0,14.84375,13.28125,1.5625,0
E00159550,196,115,74,41,3,3,2,0,2,76,71,5,0,58.673469387755105,37.755102040816325,20.918367346938776,1.530612244897959,1.530612244897959,1.0204081632653061,0,1.0204081632653061,38.775510204081634,36.224489795918366,2.5510204081632653,0
E00159551,128,77,43,34,0,0,12,2,10,39,39,0,0,60.15625,33.59375,26.5625,0,0,9.375,1.5625,7.8125,30.46875,30.46875,0,0
E00159553,236,62,40,22,1,1,51,10,41,122,113,9,0,26.27118644067797,16.94915254237288,9.322033898305085,0.423728813559322,0.423728813559322,21.610169491525426,4.23728813559322,17.372881355932204,51.69491525423729,47.88135593220339,3.8135593220338984,0
E00159554,144,118,74,44,0,0,1,1,0,25,23,2,0,81.94444444444444,51.388888888888886,30.555555555555557,0,0,0.6944444444444444,0.6944444444444444,0,17.36111111111111,15.972222222222221,1.3888888888888888,0
E00159555,113,106,71,35,0,0,0,0,0,7,7,0,0,93.80530973451327,62.83185840707964,30.973451327433626,0,0,0,0,0,6.1946902654867255,6.1946902654867255,0,0
E00159556,113,110,75,35,0,0,0,0,0,3,3,0,0,97.34513274336283,66.3716814159292,30.973451327433626,0,0,0,0,0,2.6548672566371683,2.6548672566371683,0,0
E00159557,119,90,54,36,0,0,2,2,0,27,23,4,0,75.63025210084034,45.378151260504204,30.252100840336134,0,0,1.680672268907563,1.680672268907563,0,22.689075630252102,19.327731092436977,3.361344537815126,0
E00159558,116,59,31,28,0,0,0,0,0,57,53,4,0,50.86206896551724,26.72413793103448,24.137931034482758,0,0,0,0,0,49.137931034482754,45.689655172413794,3.4482758620689653,0
E00159559,130,120,69,51,0,0,1,0,1,9,7,2,0,92.3076923076923,53.07692307692308,39.23076923076923,0,0,0.7692307692307693,0,0.7692307692307693,6.923076923076923,5.384615384615385,1.5384615384615385,0
E00159560,119,67,33,34,0,0,22,21,1,30,29,1,0,56.30252100840336,27.73109243697479,28.57142857142857,0,0,18.487394957983195,17.647058823529413,0.8403361344537815,25.210084033613445,24.369747899159663,0.8403361344537815,0
E00159561,146,130,74,56,0,0,2,1,1,14,12,2,0,89.04109589041096,50.68493150684932,38.35616438356164,0,0,1.36986301369863,0.684931506849315,0.684931506849315,9.58904109589041,8.21917808219178,1.36986301369863,0
E00159562,151,120,54,66,8,8,6,3,3,17,15,2,0,79.47019867549669,35.76158940397351,43.70860927152318,5.298013245033113,5.298013245033113,3.9735099337748347,1.9867549668874174,1.9867549668874174,11.258278145695364,9.933774834437086,1.3245033112582782,0
E00159563,121,59,27,32,0,0,25,24,1,37,34,3,0,48.760330578512395,22.31404958677686,26.446280991735538,0,0,20.66115702479339,19.834710743801654,0.8264462809917356,30.57851239669421,28.09917355371901,2.479338842975207,0
E00159564,118,69,28,41,0,0,0,0,0,49,45,4,0,58.47457627118644,23.728813559322035,34.74576271186441,0,0,0,0,0,41.52542372881356,38.13559322033898,3.389830508474576,0
E00159565,130,75,30,45,7,7,4,2,2,44,39,5,0,57.692307692307686,23.076923076923077,34.61538461538461,5.384615384615385,5.384615384615385,3.076923076923077,1.5384615384615385,1.5384615384615385,33.84615384615385,30,3.8461538461538463,0
E00159566,138,82,53,29,0,0,17,8,9,39,33,6,0,59.42028985507246,38.405797101449274,21.014492753623188,0,0,12.318840579710146,5.797101449275362,6.521739130434782,28.26086956521739,23.91304347826087,4.3478260869565215,0
E00159567,120,97,51,46,1,1,0,0,0,22,18,4,0,80.83333333333333,42.5,38.333333333333336,0.8333333333333334,0.8333333333333334,0,0,0,18.333333333333332,15,3.3333333333333335,0
E00159568,112,26,9,17,2,2,75,4,71,9,9,0,0,23.214285714285715,8.035714285714286,15.178571428571427,1.7857142857142856,1.7857142857142856,66.96428571428571,3.571428571428571,63.39285714285714,8.035714285714286,8.035714285714286,0,0
E00159569,138,50,23,27,1,1,41,37,4,46,45,1,0,36.231884057971016,16.666666666666664,19.565217391304348,0.7246376811594203,0.7246376811594203,29.71014492753623,26.811594202898554,2.898550724637681,33.33333333333333,32.608695652173914,0.7246376811594203,0
E00159570,129,93,35,58,0,0,1,1,0,35,32,3,0,72.09302325581395,27.131782945736433,44.96124031007752,0,0,0.7751937984496124,0.7751937984496124,0,27.131782945736433,24.8062015503876,2.3255813953488373,0
E00159571,123,87,48,39,0,0,1,1,0,35,29,6,0,70.73170731707317,39.02439024390244,31.70731707317073,0,0,0.8130081300813009,0.8130081300813009,0,28.455284552845526,23.577235772357724,4.878048780487805,0
E00159572,111,32,11,21,0,0,52,35,17,27,25,2,0,28.82882882882883,9.90990990990991,18.91891891891892,0,0,46.846846846846844,31.53153153153153,15.315315315315313,24.324324324324326,22.52252252252252,1.8018018018018018,0
E00159573,152,67,41,26,3,3,9,1,8,73,68,5,0,44.07894736842105,26.973684210526315,17.105263157894736,1.9736842105263157,1.9736842105263157,5.921052631578947,0.6578947368421052,5.263157894736842,48.026315789473685,44.73684210526316,3.289473684210526,0
E00159574,142,84,46,38,0,0,13,3,10,45,41,4,0,59.154929577464785,32.3943661971831,26.76056338028169,0,0,9.15492957746479,2.112676056338028,7.042253521126761,31.690140845070424,28.87323943661972,2.8169014084507045,0
E00159575,128,57,33,24,1,1,4,1,3,66,65,1,0,44.53125,25.78125,18.75,0.78125,0.78125,3.125,0.78125,2.34375,51.5625,50.78125,0.78125,0
E00159576,143,115,63,52,1,1,1,0,1,26,21,5,0,80.41958041958041,44.05594405594406,36.36363636363637,0.6993006993006993,0.6993006993006993,0.6993006993006993,0,0.6993006993006993,18.181818181818183,14.685314685314685,3.4965034965034967,0
E00159577,142,131,73,58,0,0,2,1,1,9,7,2,0,92.25352112676056,51.40845070422535,40.845070422535215,0,0,1.4084507042253522,0.7042253521126761,0.7042253521126761,6.338028169014084,4.929577464788732,1.4084507042253522,0
E00159578,144,139,100,39,0,0,0,0,0,5,4,1,0,96.52777777777779,69.44444444444444,27.083333333333332,0,0,0,0,0,3.4722222222222223,2.7777777777777777,0.6944444444444444,0
E00159579,109,90,65,25,1,1,3,1,2,15,13,2,0,82.56880733944955,59.63302752293578,22.93577981651376,0.9174311926605505,0.9174311926605505,2.7522935779816518,0.9174311926605505,1.834862385321101,13.761467889908257,11.926605504587156,1.834862385321101,0
E00159580,171,90,34,56,6,6,19,3,16,56,52,4,0,52.63157894736842,19.883040935672515,32.748538011695906,3.508771929824561,3.508771929824561,11.11111111111111,1.7543859649122806,9.35672514619883,32.748538011695906,30.409356725146196,2.3391812865497075,0
E00159582,121,100,49,51,0,0,1,1,0,20,18,2,0,82.64462809917356,40.49586776859504,42.14876033057851,0,0,0.8264462809917356,0.8264462809917356,0,16.528925619834713,14.87603305785124,1.6528925619834711,0
E00159583,124,84,40,44,6,6,0,0,0,34,34,0,0,67.74193548387096,32.25806451612903,35.483870967741936,4.838709677419355,4.838709677419355,0,0,0,27.419354838709676,27.419354838709676,0,0
E00159584,96,81,54,27,0,0,1,0,1,14,14,0,0,84.375,56.25,28.125,0,0,1.0416666666666665,0,1.0416666666666665,14.583333333333334,14.583333333333334,0,0
E00159585,135,74,30,44,1,1,42,39,3,18,16,2,0,54.81481481481482,22.22222222222222,32.592592592592595,0.7407407407407408,0.7407407407407408,31.11111111111111,28.888888888888886,2.2222222222222223,13.333333333333334,11.851851851851853,1.4814814814814816,0
E00159586,105,60,27,33,0,0,18,7,11,26,23,3,1,57.14285714285714,25.71428571428571,31.428571428571427,0,0,17.142857142857142,6.666666666666667,10.476190476190476,24.761904761904763,21.904761904761905,2.857142857142857,0.9523809523809524
E00159587,133,60,29,31,2,2,48,46,2,23,21,2,0,45.11278195488722,21.804511278195488,23.308270676691727,1.5037593984962405,1.5037593984962405,36.09022556390977,34.58646616541353,1.5037593984962405,17.293233082706767,15.789473684210526,1.5037593984962405,0
E00159588,138,89,42,47,1,1,12,10,2,36,31,5,0,64.4927536231884,30.434782608695656,34.05797101449276,0.7246376811594203,0.7246376811594203,8.695652173913043,7.246376811594203,1.4492753623188406,26.08695652173913,22.463768115942027,3.6231884057971016,0
E00159589,122,93,60,33,9,9,3,1,2,17,17,0,0,76.22950819672131,49.18032786885246,27.049180327868854,7.377049180327869,7.377049180327869,2.459016393442623,0.819672131147541,1.639344262295082,13.934426229508196,13.934426229508196,0,0
E00159590,129,120,76,44,0,0,1,0,1,8,5,3,0,93.02325581395348,58.91472868217055,34.10852713178294,0,0,0.7751937984496124,0,0.7751937984496124,6.2015503875969,3.875968992248062,2.3255813953488373,0
E00159591,125,105,67,38,2,2,0,0,0,18,13,5,0,84,53.6,30.4,1.6,1.6,0,0,0,14.399999999999999,10.4,4,0
E00159592,118,109,70,39,0,0,1,1,0,8,6,2,0,92.37288135593221,59.32203389830508,33.05084745762712,0,0,0.847457627118644,0.847457627118644,0,6.779661016949152,5.084745762711865,1.694915254237288,0
E00159593,112,75,41,34,3,3,2,1,1,32,31,1,0,66.96428571428571,36.607142857142854,30.357142857142854,2.6785714285714284,2.6785714285714284,1.7857142857142856,0.8928571428571428,0.8928571428571428,28.57142857142857,27.67857142857143,0.8928571428571428,0
E00159594,98,87,70,17,1,1,1,1,0,9,6,3,0,88.77551020408163,71.42857142857143,17.346938775510203,1.0204081632653061,1.0204081632653061,1.0204081632653061,1.0204081632653061,0,9.183673469387756,6.122448979591836,3.061224489795918,0
E00159595,127,110,65,45,0,0,3,2,1,14,12,2,0,86.61417322834646,51.181102362204726,35.43307086614173,0,0,2.3622047244094486,1.574803149606299,0.7874015748031495,11.023622047244094,9.448818897637794,1.574803149606299,0
E00159596,141,126,74,52,0,0,0,0,0,15,13,2,0,89.36170212765957,52.4822695035461,36.87943262411347,0,0,0,0,0,10.638297872340425,9.219858156028367,1.4184397163120568,0
E00159597,135,133,91,42,0,0,0,0,0,2,0,2,0,98.51851851851852,67.4074074074074,31.11111111111111,0,0,0,0,0,1.4814814814814816,0,1.4814814814814816,0
E00159598,133,128,84,44,0,0,2,0,2,3,2,1,0,96.2406015037594,63.1578947368421,33.08270676691729,0,0,1.5037593984962405,0,1.5037593984962405,2.2556390977443606,1.5037593984962405,0.7518796992481203,0
E00159599,145,114,56,58,7,7,1,1,0,23,23,0,0,78.62068965517241,38.62068965517241,40,4.827586206896552,4.827586206896552,0.6896551724137931,0.6896551724137931,0,15.862068965517242,15.862068965517242,0,0
E00159600,146,123,57,66,9,9,7,2,5,7,7,0,0,84.24657534246576,39.04109589041096,45.20547945205479,6.164383561643835,6.164383561643835,4.794520547945205,1.36986301369863,3.4246575342465753,4.794520547945205,4.794520547945205,0,0
E00159601,87,81,64,17,0,0,3,1,2,3,2,1,0,93.10344827586206,73.5632183908046,19.54022988505747,0,0,3.4482758620689653,1.1494252873563218,2.2988505747126435,3.4482758620689653,2.2988505747126435,1.1494252873563218,0
E00159602,133,111,73,38,1,1,0,0,0,21,20,1,0,83.45864661654136,54.88721804511278,28.57142857142857,0.7518796992481203,0.7518796992481203,0,0,0,15.789473684210526,15.037593984962406,0.7518796992481203,0
E00159603,107,99,50,49,0,0,5,0,5,3,3,0,0,92.5233644859813,46.728971962616825,45.794392523364486,0,0,4.672897196261682,0,4.672897196261682,2.803738317757009,2.803738317757009,0,0
E00159604,89,62,24,38,0,0,3,2,1,24,20,4,0,69.66292134831461,26.96629213483146,42.69662921348314,0,0,3.3707865168539324,2.247191011235955,1.1235955056179776,26.96629213483146,22.47191011235955,4.49438202247191,0
E00159605,105,60,38,22,1,1,1,1,0,43,38,5,0,57.14285714285714,36.19047619047619,20.952380952380953,0.9523809523809524,0.9523809523809524,0.9523809523809524,0.9523809523809524,0,40.95238095238095,36.19047619047619,4.761904761904762,0
E00159606,118,103,42,61,1,1,1,0,1,13,12,1,0,87.28813559322035,35.59322033898305,51.69491525423729,0.847457627118644,0.847457627118644,0.847457627118644,0,0.847457627118644,11.016949152542372,10.16949152542373,0.847457627118644,0
E00159607,121,111,56,55,0,0,1,0,1,9,7,2,0,91.73553719008265,46.28099173553719,45.45454545454545,0,0,0.8264462809917356,0,0.8264462809917356,7.43801652892562,5.785123966942149,1.6528925619834711,0
E00159608,58,42,25,17,1,1,1,1,0,14,11,3,0,72.41379310344827,43.103448275862064,29.310344827586203,1.7241379310344827,1.7241379310344827,1.7241379310344827,1.7241379310344827,0,24.137931034482758,18.96551724137931,5.172413793103448,0
E00159609,93,54,18,36,0,0,27,27,0,12,10,2,0,58.06451612903226,19.35483870967742,38.70967741935484,0,0,29.03225806451613,29.03225806451613,0,12.903225806451612,10.75268817204301,2.1505376344086025,0
E00159611,135,117,69,48,2,2,11,6,5,5,5,0,0,86.66666666666667,51.11111111111111,35.55555555555556,1.4814814814814816,1.4814814814814816,8.148148148148149,4.444444444444445,3.7037037037037033,3.7037037037037033,3.7037037037037033,0,0
E00159612,108,60,20,40,1,1,32,27,5,15,14,1,0,55.55555555555556,18.51851851851852,37.03703703703704,0.9259259259259258,0.9259259259259258,29.629629629629626,25,4.62962962962963,13.88888888888889,12.962962962962962,0.9259259259259258,0
E00159613,116,100,60,40,0,0,5,4,1,11,9,2,0,86.20689655172413,51.724137931034484,34.48275862068966,0,0,4.310344827586207,3.4482758620689653,0.8620689655172413,9.482758620689655,7.758620689655173,1.7241379310344827,0
E00159614,127,119,90,29,0,0,1,1,0,7,5,2,0,93.7007874015748,70.86614173228347,22.83464566929134,0,0,0.7874015748031495,0.7874015748031495,0,5.511811023622047,3.937007874015748,1.574803149606299,0
E00159615,118,76,35,41,0,0,30,27,3,12,11,1,0,64.40677966101694,29.66101694915254,34.74576271186441,0,0,25.423728813559322,22.88135593220339,2.5423728813559325,10.16949152542373,9.322033898305085,0.847457627118644,0
E00159616,132,59,23,36,3,3,52,49,3,18,12,6,0,44.696969696969695,17.424242424242426,27.27272727272727,2.272727272727273,2.272727272727273,39.39393939393939,37.121212121212125,2.272727272727273,13.636363636363635,9.090909090909092,4.545454545454546,0
E00159617,134,127,88,39,0,0,0,0,0,7,7,0,0,94.77611940298507,65.67164179104478,29.1044776119403,0,0,0,0,0,5.223880597014925,5.223880597014925,0,0
E00159618,115,101,66,35,0,0,3,1,2,11,11,0,0,87.82608695652175,57.391304347826086,30.434782608695656,0,0,2.608695652173913,0.8695652173913043,1.7391304347826086,9.565217391304348,9.565217391304348,0,0
E00159619,131,126,98,28,0,0,2,1,1,3,3,0,0,96.18320610687023,74.80916030534351,21.374045801526716,0,0,1.5267175572519083,0.7633587786259541,0.7633587786259541,2.2900763358778624,2.2900763358778624,0,0
E00159620,104,73,28,45,0,0,20,19,1,10,7,3,1,70.1923076923077,26.923076923076923,43.269230769230774,0,0,19.230769230769234,18.269230769230766,0.9615384615384616,9.615384615384617,6.730769230769231,2.8846153846153846,0.9615384615384616
E00159621,139,135,92,43,0,0,1,1,0,3,2,1,0,97.12230215827337,66.18705035971223,30.935251798561154,0,0,0.7194244604316548,0.7194244604316548,0,2.158273381294964,1.4388489208633095,0.7194244604316548,0
E00159622,136,101,59,42,0,0,20,7,13,15,14,1,0,74.26470588235294,43.38235294117647,30.88235294117647,0,0,14.705882352941178,5.147058823529411,9.558823529411764,11.029411764705882,10.294117647058822,0.7352941176470588,0
E00159623,116,109,73,36,2,2,4,2,2,1,1,0,0,93.96551724137932,62.93103448275862,31.03448275862069,1.7241379310344827,1.7241379310344827,3.4482758620689653,1.7241379310344827,1.7241379310344827,0.8620689655172413,0.8620689655172413,0,0
E00159624,118,114,67,47,0,0,3,1,2,1,1,0,0,96.61016949152543,56.779661016949156,39.83050847457627,0,0,2.5423728813559325,0.847457627118644,1.694915254237288,0.847457627118644,0.847457627118644,0,0
E00159625,127,122,79,43,0,0,0,0,0,5,2,3,0,96.06299212598425,62.20472440944882,33.85826771653544,0,0,0,0,0,3.937007874015748,1.574803149606299,2.3622047244094486,0
E00159626,145,116,76,40,0,0,1,0,1,28,26,2,0,80,52.41379310344828,27.586206896551722,0,0,0.6896551724137931,0,0.6896551724137931,19.310344827586206,17.93103448275862,1.3793103448275863,0
E00159627,144,114,64,50,1,1,2,0,2,27,26,1,0,79.16666666666666,44.44444444444444,34.72222222222222,0.6944444444444444,0.6944444444444444,1.3888888888888888,0,1.3888888888888888,18.75,18.055555555555554,0.6944444444444444,0
E00159628,137,133,83,50,0,0,1,0,1,3,3,0,0,97.08029197080292,60.58394160583942,36.496350364963504,0,0,0.7299270072992701,0,0.7299270072992701,2.18978102189781,2.18978102189781,0,0
E00159629,142,109,78,31,1,1,2,1,1,29,24,5,1,76.76056338028168,54.929577464788736,21.830985915492956,0.7042253521126761,0.7042253521126761,1.4084507042253522,0.7042253521126761,0.7042253521126761,20.422535211267608,16.901408450704224,3.5211267605633805,0.7042253521126761
E00159630,128,117,70,47,0,0,2,2,0,9,9,0,0,91.40625,54.6875,36.71875,0,0,1.5625,1.5625,0,7.03125,7.03125,0,0
E00159631,118,112,69,43,0,0,1,1,0,5,4,1,0,94.91525423728814,58.47457627118644,36.440677966101696,0,0,0.847457627118644,0.847457627118644,0,4.23728813559322,3.389830508474576,0.847457627118644,0
E00159632,139,78,45,33,1,1,30,4,26,30,28,2,0,56.11510791366906,32.37410071942446,23.741007194244602,0.7194244604316548,0.7194244604316548,21.58273381294964,2.877697841726619,18.705035971223023,21.58273381294964,20.14388489208633,1.4388489208633095,0
E00159633,125,97,71,26,0,0,15,11,4,11,8,3,2,77.60000000000001,56.8,20.8,0,0,12,8.799999999999999,3.2,8.799999999999999,6.4,2.4,1.6
E00159634,108,57,29,28,1,1,26,26,0,24,23,1,0,52.77777777777778,26.851851851851855,25.925925925925924,0.9259259259259258,0.9259259259259258,24.074074074074073,24.074074074074073,0,22.22222222222222,21.296296296296298,0.9259259259259258,0
E00159635,117,107,59,48,0,0,2,2,0,8,5,3,0,91.45299145299145,50.427350427350426,41.02564102564102,0,0,1.7094017094017095,1.7094017094017095,0,6.837606837606838,4.273504273504273,2.564102564102564,0
E00159636,124,90,47,43,0,0,20,17,3,14,10,4,0,72.58064516129032,37.903225806451616,34.67741935483871,0,0,16.129032258064516,13.709677419354838,2.4193548387096775,11.29032258064516,8.064516129032258,3.225806451612903,0
E00159637,143,82,46,36,0,0,34,31,3,26,24,2,1,57.34265734265735,32.16783216783217,25.174825174825177,0,0,23.776223776223777,21.678321678321677,2.097902097902098,18.181818181818183,16.783216783216783,1.3986013986013985,0.6993006993006993
E00159638,135,125,80,45,1,1,0,0,0,9,9,0,0,92.5925925925926,59.25925925925925,33.33333333333333,0.7407407407407408,0.7407407407407408,0,0,0,6.666666666666667,6.666666666666667,0,0
E00159639,57,53,32,21,0,0,1,0,1,3,3,0,0,92.98245614035088,56.14035087719298,36.84210526315789,0,0,1.7543859649122806,0,1.7543859649122806,5.263157894736842,5.263157894736842,0,0
E00159640,107,93,68,25,0,0,5,2,3,9,7,2,0,86.91588785046729,63.55140186915887,23.364485981308412,0,0,4.672897196261682,1.8691588785046727,2.803738317757009,8.411214953271028,6.5420560747663545,1.8691588785046727,0
E00159641,112,109,63,46,1,1,1,1,0,1,1,0,0,97.32142857142857,56.25,41.07142857142857,0.8928571428571428,0.8928571428571428,0.8928571428571428,0.8928571428571428,0,0.8928571428571428,0.8928571428571428,0,0
E00159642,108,51,23,28,6,6,40,21,19,11,8,3,0,47.22222222222222,21.296296296296298,25.925925925925924,5.555555555555555,5.555555555555555,37.03703703703704,19.444444444444446,17.59259259259259,10.185185185185185,7.4074074074074066,2.7777777777777777,0
E00159645,159,132,91,41,0,0,9,1,8,18,12,6,0,83.01886792452831,57.23270440251572,25.78616352201258,0,0,5.660377358490567,0.628930817610063,5.031446540880504,11.320754716981133,7.547169811320755,3.7735849056603774,0
E00159646,105,45,16,29,2,2,49,45,4,9,9,0,0,42.857142857142854,15.238095238095239,27.61904761904762,1.9047619047619049,1.9047619047619049,46.666666666666664,42.857142857142854,3.8095238095238098,8.571428571428571,8.571428571428571,0,0
E00159647,99,38,13,25,0,0,45,38,7,16,11,5,0,38.38383838383838,13.131313131313133,25.252525252525253,0,0,45.45454545454545,38.38383838383838,7.07070707070707,16.161616161616163,11.11111111111111,5.05050505050505,0
E00159648,224,169,100,69,0,0,31,2,29,24,20,4,0,75.44642857142857,44.642857142857146,30.80357142857143,0,0,13.839285714285715,0.8928571428571428,12.946428571428573,10.714285714285714,8.928571428571429,1.7857142857142856,0
E00159649,100,78,31,47,0,0,12,12,0,10,8,2,0,78,31,47,0,0,12,12,0,10,8,2,0
E00159650,135,126,82,44,0,0,1,0,1,8,3,5,0,93.33333333333333,60.74074074074074,32.592592592592595,0,0,0.7407407407407408,0,0.7407407407407408,5.9259259259259265,2.2222222222222223,3.7037037037037033,0
E00159651,105,93,54,39,0,0,5,1,4,7,7,0,0,88.57142857142857,51.42857142857142,37.142857142857146,0,0,4.761904761904762,0.9523809523809524,3.8095238095238098,6.666666666666667,6.666666666666667,0,0
E00159652,119,98,50,48,0,0,0,0,0,21,20,1,0,82.35294117647058,42.016806722689076,40.33613445378151,0,0,0,0,0,17.647058823529413,16.80672268907563,0.8403361344537815,0
E00159653,127,92,45,47,1,1,19,2,17,15,14,1,0,72.44094488188976,35.43307086614173,37.00787401574803,0.7874015748031495,0.7874015748031495,14.960629921259844,1.574803149606299,13.385826771653544,11.811023622047244,11.023622047244094,0.7874015748031495,0
E00159654,111,91,40,51,1,1,0,0,0,19,18,1,0,81.98198198198197,36.03603603603604,45.94594594594595,0.9009009009009009,0.9009009009009009,0,0,0,17.117117117117118,16.216216216216218,0.9009009009009009,0
E00159655,177,135,85,50,0,0,3,3,0,39,34,5,0,76.27118644067797,48.0225988700565,28.24858757062147,0,0,1.694915254237288,1.694915254237288,0,22.033898305084744,19.2090395480226,2.824858757062147,0
E00159656,105,98,62,36,0,0,0,0,0,7,7,0,0,93.33333333333333,59.04761904761905,34.285714285714285,0,0,0,0,0,6.666666666666667,6.666666666666667,0,0
E00159657,109,104,72,32,2,2,1,1,0,2,2,0,0,95.41284403669725,66.05504587155964,29.357798165137616,1.834862385321101,1.834862385321101,0.9174311926605505,0.9174311926605505,0,1.834862385321101,1.834862385321101,0,0
E00159658,96,60,34,26,1,1,27,27,0,8,8,0,0,62.5,35.41666666666667,27.083333333333332,1.0416666666666665,1.0416666666666665,28.125,28.125,0,8.333333333333332,8.333333333333332,0,0
E00159659,121,111,64,47,0,0,0,0,0,10,8,2,0,91.73553719008265,52.892561983471076,38.84297520661157,0,0,0,0,0,8.264462809917356,6.6115702479338845,1.6528925619834711,0
E00159660,98,90,56,34,0,0,0,0,0,8,5,3,0,91.83673469387756,57.14285714285714,34.69387755102041,0,0,0,0,0,8.16326530612245,5.1020408163265305,3.061224489795918,0
E00159661,121,92,58,34,1,1,7,2,5,21,21,0,0,76.03305785123968,47.93388429752066,28.09917355371901,0.8264462809917356,0.8264462809917356,5.785123966942149,1.6528925619834711,4.132231404958678,17.355371900826448,17.355371900826448,0,0
E00159662,114,88,49,39,0,0,16,16,0,10,9,1,0,77.19298245614034,42.98245614035088,34.21052631578947,0,0,14.035087719298245,14.035087719298245,0,8.771929824561402,7.894736842105263,0.8771929824561403,0
E00159663,132,78,50,28,1,1,39,5,34,14,13,1,0,59.09090909090909,37.878787878787875,21.21212121212121,0.7575757575757576,0.7575757575757576,29.545454545454547,3.787878787878788,25.757575757575758,10.606060606060606,9.848484848484848,0.7575757575757576,0
E00159664,141,32,13,19,1,1,77,55,22,31,30,1,0,22.69503546099291,9.219858156028367,13.47517730496454,0.7092198581560284,0.7092198581560284,54.60992907801418,39.00709219858156,15.602836879432624,21.98581560283688,21.27659574468085,0.7092198581560284,0
E00159666,201,118,39,79,10,10,55,31,24,18,16,2,0,58.70646766169154,19.402985074626866,39.30348258706468,4.975124378109453,4.975124378109453,27.363184079601986,15.422885572139302,11.940298507462686,8.955223880597014,7.960199004975125,0.9950248756218906,0
E00159667,130,117,65,52,0,0,5,4,1,8,7,1,0,90,50,40,0,0,3.8461538461538463,3.076923076923077,0.7692307692307693,6.153846153846154,5.384615384615385,0.7692307692307693,0
E00159668,162,49,23,26,12,12,69,46,23,30,24,6,2,30.246913580246915,14.19753086419753,16.049382716049383,7.4074074074074066,7.4074074074074066,42.592592592592595,28.39506172839506,14.19753086419753,18.51851851851852,14.814814814814813,3.7037037037037033,1.2345679012345678
E00159669,97,83,43,40,1,1,1,0,1,12,9,3,0,85.56701030927834,44.329896907216494,41.23711340206185,1.0309278350515463,1.0309278350515463,1.0309278350515463,0,1.0309278350515463,12.371134020618557,9.278350515463918,3.0927835051546393,0
E00159670,112,96,40,56,1,1,13,4,9,2,2,0,0,85.71428571428571,35.714285714285715,50,0.8928571428571428,0.8928571428571428,11.607142857142858,3.571428571428571,8.035714285714286,1.7857142857142856,1.7857142857142856,0,0
E00159671,118,93,44,49,1,1,9,9,0,15,15,0,0,78.8135593220339,37.28813559322034,41.52542372881356,0.847457627118644,0.847457627118644,7.627118644067797,7.627118644067797,0,12.711864406779661,12.711864406779661,0,0
E00159672,150,89,36,53,0,0,35,24,11,26,20,6,0,59.333333333333336,24,35.333333333333336,0,0,23.333333333333332,16,7.333333333333333,17.333333333333336,13.333333333333334,4,0
E00159673,96,65,41,24,0,0,2,0,2,29,26,3,0,67.70833333333334,42.70833333333333,25,0,0,2.083333333333333,0,2.083333333333333,30.208333333333332,27.083333333333332,3.125,0
E00159674,128,44,16,28,0,0,41,36,5,43,38,5,0,34.375,12.5,21.875,0,0,32.03125,28.125,3.90625,33.59375,29.6875,3.90625,0
E00159675,117,48,22,26,0,0,41,3,38,28,27,1,0,41.02564102564102,18.803418803418804,22.22222222222222,0,0,35.04273504273504,2.564102564102564,32.47863247863248,23.931623931623932,23.076923076923077,0.8547008547008548,0
E00159676,184,124,64,60,0,0,11,3,8,49,42,7,0,67.3913043478261,34.78260869565217,32.608695652173914,0,0,5.978260869565218,1.6304347826086956,4.3478260869565215,26.6304347826087,22.82608695652174,3.804347826086957,0
E00159677,115,54,22,32,0,0,3,1,2,58,56,2,0,46.95652173913044,19.130434782608695,27.82608695652174,0,0,2.608695652173913,0.8695652173913043,1.7391304347826086,50.43478260869565,48.69565217391305,1.7391304347826086,0
E00159678,151,95,31,64,0,0,1,0,1,55,53,2,0,62.913907284768214,20.52980132450331,42.384105960264904,0,0,0.6622516556291391,0,0.6622516556291391,36.423841059602644,35.099337748344375,1.3245033112582782,0
E00159679,135,77,40,37,0,0,7,5,2,51,45,6,0,57.03703703703704,29.629629629629626,27.40740740740741,0,0,5.185185185185185,3.7037037037037033,1.4814814814814816,37.77777777777778,33.33333333333333,4.444444444444445,0
E00159680,110,91,49,42,0,0,3,3,0,16,14,2,0,82.72727272727273,44.54545454545455,38.18181818181819,0,0,2.727272727272727,2.727272727272727,0,14.545454545454545,12.727272727272727,1.8181818181818181,0
E00159681,122,119,74,45,0,0,2,0,2,1,1,0,0,97.54098360655738,60.65573770491803,36.885245901639344,0,0,1.639344262295082,0,1.639344262295082,0.819672131147541,0.819672131147541,0,0
E00159682,132,63,37,26,9,9,35,33,2,25,23,2,0,47.72727272727273,28.030303030303028,19.696969696969695,6.8181818181818175,6.8181818181818175,26.515151515151516,25,1.5151515151515151,18.939393939393938,17.424242424242426,1.5151515151515151,0
E00159683,136,122,89,33,0,0,2,2,0,12,10,2,0,89.70588235294117,65.44117647058823,24.264705882352942,0,0,1.4705882352941175,1.4705882352941175,0,8.823529411764707,7.352941176470589,1.4705882352941175,0
E00159684,133,48,48,0,0,0,64,62,2,17,10,7,4,36.09022556390977,36.09022556390977,0,0,0,48.1203007518797,46.616541353383454,1.5037593984962405,12.781954887218044,7.518796992481203,5.263157894736842,3.007518796992481
E00159685,140,82,58,24,1,1,14,1,13,43,36,7,0,58.57142857142858,41.42857142857143,17.142857142857142,0.7142857142857143,0.7142857142857143,10,0.7142857142857143,9.285714285714286,30.714285714285715,25.71428571428571,5,0
E00159687,120,114,78,36,0,0,0,0,0,6,5,1,0,95,65,30,0,0,0,0,0,5,4.166666666666666,0.8333333333333334,0
E00159688,173,161,80,81,0,0,1,0,1,11,7,4,0,93.0635838150289,46.24277456647399,46.82080924855491,0,0,0.5780346820809248,0,0.5780346820809248,6.358381502890173,4.046242774566474,2.312138728323699,0
E00159689,192,138,86,52,0,0,2,2,0,52,50,2,0,71.875,44.79166666666667,27.083333333333332,0,0,1.0416666666666665,1.0416666666666665,0,27.083333333333332,26.041666666666668,1.0416666666666665,0
E00159690,102,84,61,23,1,1,1,1,0,16,16,0,0,82.35294117647058,59.80392156862745,22.54901960784314,0.9803921568627451,0.9803921568627451,0.9803921568627451,0.9803921568627451,0,15.686274509803921,15.686274509803921,0,0
E00159691,127,104,69,35,1,1,0,0,0,22,19,3,0,81.88976377952756,54.330708661417326,27.559055118110237,0.7874015748031495,0.7874015748031495,0,0,0,17.322834645669293,14.960629921259844,2.3622047244094486,0
E00159692,165,158,92,66,0,0,0,0,0,7,6,1,0,95.75757575757575,55.757575757575765,40,0,0,0,0,0,4.242424242424243,3.6363636363636362,0.6060606060606061,0
E00159694,150,129,56,73,0,0,1,0,1,20,20,0,0,86,37.333333333333336,48.66666666666667,0,0,0.6666666666666667,0,0.6666666666666667,13.333333333333334,13.333333333333334,0,0
E00159696,97,86,44,42,0,0,2,1,1,9,9,0,0,88.65979381443299,45.36082474226804,43.29896907216495,0,0,2.0618556701030926,1.0309278350515463,1.0309278350515463,9.278350515463918,9.278350515463918,0,0
E00159700,132,101,56,45,0,0,1,1,0,30,24,6,0,76.51515151515152,42.42424242424242,34.090909090909086,0,0,0.7575757575757576,0.7575757575757576,0,22.727272727272727,18.181818181818183,4.545454545454546,0
E00159701,131,63,26,37,0,0,56,36,20,12,11,1,0,48.091603053435115,19.84732824427481,28.24427480916031,0,0,42.74809160305343,27.480916030534353,15.267175572519085,9.16030534351145,8.396946564885496,0.7633587786259541,0
E00159702,127,120,63,57,0,0,2,2,0,5,3,2,0,94.48818897637796,49.60629921259843,44.881889763779526,0,0,1.574803149606299,1.574803149606299,0,3.937007874015748,2.3622047244094486,1.574803149606299,0
E00159703,191,132,59,73,0,0,1,0,1,58,54,4,0,69.10994764397905,30.89005235602094,38.21989528795812,0,0,0.5235602094240838,0,0.5235602094240838,30.36649214659686,28.272251308900525,2.094240837696335,0
E00159704,121,73,31,42,0,0,14,12,2,34,28,6,0,60.33057851239669,25.6198347107438,34.710743801652896,0,0,11.570247933884298,9.917355371900827,1.6528925619834711,28.09917355371901,23.140495867768596,4.958677685950414,0
E00159705,208,181,106,75,0,0,11,0,11,16,14,2,0,87.01923076923077,50.96153846153846,36.05769230769231,0,0,5.288461538461538,0,5.288461538461538,7.6923076923076925,6.730769230769231,0.9615384615384616,0
E00159707,143,80,39,41,0,0,40,38,2,20,15,5,3,55.94405594405595,27.27272727272727,28.671328671328673,0,0,27.972027972027973,26.573426573426573,1.3986013986013985,13.986013986013987,10.48951048951049,3.4965034965034967,2.097902097902098
E00159708,210,85,45,40,1,1,14,1,13,110,100,10,0,40.476190476190474,21.428571428571427,19.047619047619047,0.4761904761904762,0.4761904761904762,6.666666666666667,0.4761904761904762,6.190476190476191,52.38095238095239,47.61904761904761,4.761904761904762,0
E00159709,157,91,67,24,6,6,39,34,5,21,20,1,0,57.961783439490446,42.675159235668794,15.286624203821656,3.821656050955414,3.821656050955414,24.840764331210192,21.656050955414013,3.1847133757961785,13.375796178343949,12.738853503184714,0.6369426751592357,0
E00159710,141,79,38,41,0,0,33,28,5,28,28,0,1,56.02836879432624,26.95035460992908,29.078014184397162,0,0,23.404255319148938,19.858156028368796,3.546099290780142,19.858156028368796,19.858156028368796,0,0.7092198581560284
E00159711,132,44,29,15,0,0,17,16,1,71,68,3,0,33.33333333333333,21.96969696969697,11.363636363636363,0,0,12.878787878787879,12.121212121212121,0.7575757575757576,53.78787878787878,51.515151515151516,2.272727272727273,0
E00159712,101,41,29,12,0,0,50,48,2,8,8,0,2,40.5940594059406,28.71287128712871,11.881188118811881,0,0,49.504950495049506,47.524752475247524,1.9801980198019802,7.920792079207921,7.920792079207921,0,1.9801980198019802
E00159714,154,95,50,45,1,1,3,2,1,55,47,8,0,61.68831168831169,32.467532467532465,29.22077922077922,0.6493506493506493,0.6493506493506493,1.948051948051948,1.2987012987012987,0.6493506493506493,35.714285714285715,30.519480519480517,5.194805194805195,0
E00159715,190,72,39,33,0,0,48,15,33,70,62,8,0,37.89473684210527,20.526315789473685,17.36842105263158,0,0,25.263157894736842,7.894736842105263,17.36842105263158,36.84210526315789,32.631578947368425,4.2105263157894735,0
E00159716,199,67,33,34,15,15,70,47,23,44,44,0,3,33.66834170854271,16.582914572864322,17.08542713567839,7.537688442211055,7.537688442211055,35.175879396984925,23.618090452261306,11.557788944723619,22.110552763819097,22.110552763819097,0,1.507537688442211
E00159717,141,50,29,21,0,0,33,13,20,58,50,8,0,35.46099290780142,20.56737588652482,14.893617021276595,0,0,23.404255319148938,9.219858156028367,14.184397163120568,41.13475177304964,35.46099290780142,5.673758865248227,0
E00159719,123,37,20,17,1,1,68,66,2,17,15,2,0,30.081300813008134,16.260162601626014,13.821138211382115,0.8130081300813009,0.8130081300813009,55.28455284552846,53.65853658536586,1.6260162601626018,13.821138211382115,12.195121951219512,1.6260162601626018,0
E00159720,151,86,44,42,0,0,33,28,5,32,32,0,0,56.95364238410596,29.13907284768212,27.81456953642384,0,0,21.85430463576159,18.543046357615893,3.3112582781456954,21.192052980132452,21.192052980132452,0,0
E00159721,191,123,86,37,1,1,11,10,1,56,54,2,0,64.3979057591623,45.0261780104712,19.3717277486911,0.5235602094240838,0.5235602094240838,5.7591623036649215,5.2356020942408374,0.5235602094240838,29.31937172774869,28.272251308900525,1.0471204188481675,0
E00159722,113,86,43,43,0,0,16,16,0,11,11,0,0,76.10619469026548,38.05309734513274,38.05309734513274,0,0,14.15929203539823,14.15929203539823,0,9.734513274336283,9.734513274336283,0,0
E00159723,108,50,27,23,0,0,50,49,1,7,6,1,1,46.2962962962963,25,21.296296296296298,0,0,46.2962962962963,45.370370370370374,0.9259259259259258,6.481481481481481,5.555555555555555,0.9259259259259258,0.9259259259259258
E00159724,119,86,33,53,0,0,27,24,3,6,6,0,0,72.26890756302521,27.73109243697479,44.537815126050425,0,0,22.689075630252102,20.168067226890756,2.5210084033613445,5.042016806722689,5.042016806722689,0,0
E00159725,108,53,20,33,1,1,40,39,1,14,13,1,0,49.074074074074076,18.51851851851852,30.555555555555557,0.9259259259259258,0.9259259259259258,37.03703703703704,36.11111111111111,0.9259259259259258,12.962962962962962,12.037037037037036,0.9259259259259258,0
E00159726,112,61,23,38,0,0,47,45,2,4,4,0,0,54.46428571428571,20.535714285714285,33.92857142857143,0,0,41.964285714285715,40.17857142857143,1.7857142857142856,3.571428571428571,3.571428571428571,0,0
E00159728,131,39,12,27,1,1,71,68,3,20,18,2,0,29.770992366412212,9.16030534351145,20.610687022900763,0.7633587786259541,0.7633587786259541,54.19847328244275,51.908396946564885,2.2900763358778624,15.267175572519085,13.740458015267176,1.5267175572519083,0
E00159729,136,118,69,49,0,0,0,0,0,18,13,5,0,86.76470588235294,50.73529411764706,36.029411764705884,0,0,0,0,0,13.23529411764706,9.558823529411764,3.6764705882352944,0
E00159730,107,57,33,24,0,0,24,24,0,26,16,10,0,53.271028037383175,30.8411214953271,22.429906542056074,0,0,22.429906542056074,22.429906542056074,0,24.299065420560748,14.953271028037381,9.345794392523365,0
E00159731,119,41,18,23,0,0,68,67,1,10,8,2,0,34.45378151260504,15.126050420168067,19.327731092436977,0,0,57.14285714285714,56.30252100840336,0.8403361344537815,8.403361344537815,6.722689075630252,1.680672268907563,0
E00159732,119,70,31,39,0,0,40,40,0,9,7,2,0,58.82352941176471,26.05042016806723,32.773109243697476,0,0,33.61344537815126,33.61344537815126,0,7.563025210084033,5.88235294117647,1.680672268907563,0
E00159733,129,51,19,32,0,0,68,67,1,9,8,1,1,39.53488372093023,14.728682170542637,24.8062015503876,0,0,52.71317829457365,51.93798449612403,0.7751937984496124,6.976744186046512,6.2015503875969,0.7751937984496124,0.7751937984496124
E00159734,108,75,34,41,0,0,2,2,0,31,29,2,0,69.44444444444444,31.48148148148148,37.96296296296296,0,0,1.8518518518518516,1.8518518518518516,0,28.703703703703702,26.851851851851855,1.8518518518518516,0
E00159735,131,108,47,61,1,1,0,0,0,22,21,1,0,82.44274809160305,35.87786259541985,46.56488549618321,0.7633587786259541,0.7633587786259541,0,0,0,16.793893129770993,16.030534351145036,0.7633587786259541,0
E00159736,113,100,66,34,0,0,2,1,1,11,8,3,0,88.49557522123894,58.4070796460177,30.08849557522124,0,0,1.7699115044247788,0.8849557522123894,0.8849557522123894,9.734513274336283,7.079646017699115,2.6548672566371683,0
E00159737,109,68,44,24,1,1,28,4,24,12,11,1,0,62.38532110091744,40.36697247706422,22.018348623853214,0.9174311926605505,0.9174311926605505,25.688073394495415,3.669724770642202,22.018348623853214,11.009174311926607,10.091743119266056,0.9174311926605505,0
E00159739,137,63,28,35,1,1,52,28,24,20,19,1,1,45.98540145985402,20.437956204379564,25.547445255474454,0.7299270072992701,0.7299270072992701,37.95620437956204,20.437956204379564,17.51824817518248,14.5985401459854,13.86861313868613,0.7299270072992701,0.7299270072992701
E00159740,126,48,15,33,0,0,66,63,3,10,7,3,2,38.095238095238095,11.904761904761903,26.190476190476193,0,0,52.38095238095239,50,2.380952380952381,7.936507936507936,5.555555555555555,2.380952380952381,1.5873015873015872
E00159741,132,88,52,36,1,1,20,7,13,23,21,2,0,66.66666666666666,39.39393939393939,27.27272727272727,0.7575757575757576,0.7575757575757576,15.151515151515152,5.303030303030303,9.848484848484848,17.424242424242426,15.909090909090908,1.5151515151515151,0
E00159742,124,105,63,42,0,0,1,1,0,18,15,3,0,84.67741935483872,50.806451612903224,33.87096774193548,0,0,0.8064516129032258,0.8064516129032258,0,14.516129032258066,12.096774193548388,2.4193548387096775,0
E00159743,121,97,52,45,0,0,1,1,0,23,19,4,0,80.16528925619835,42.97520661157025,37.1900826446281,0,0,0.8264462809917356,0.8264462809917356,0,19.00826446280992,15.702479338842975,3.3057851239669422,0
E00159744,115,106,67,39,2,2,0,0,0,7,6,1,0,92.17391304347827,58.26086956521739,33.91304347826087,1.7391304347826086,1.7391304347826086,0,0,0,6.086956521739131,5.217391304347826,0.8695652173913043,0
E00159745,107,60,28,32,0,0,28,23,5,19,15,4,0,56.074766355140184,26.168224299065418,29.906542056074763,0,0,26.168224299065418,21.49532710280374,4.672897196261682,17.75700934579439,14.018691588785046,3.7383177570093453,0
E00159747,116,104,67,37,0,0,1,0,1,11,11,0,0,89.65517241379311,57.758620689655174,31.896551724137932,0,0,0.8620689655172413,0,0.8620689655172413,9.482758620689655,9.482758620689655,0,0
E00159748,120,103,50,53,0,0,9,9,0,7,7,0,1,85.83333333333333,41.66666666666667,44.166666666666664,0,0,7.5,7.5,0,5.833333333333333,5.833333333333333,0,0.8333333333333334
E00159750,129,102,51,51,0,0,13,13,0,14,11,3,0,79.06976744186046,39.53488372093023,39.53488372093023,0,0,10.077519379844961,10.077519379844961,0,10.852713178294573,8.527131782945736,2.3255813953488373,0
E00159751,116,88,43,45,0,0,2,2,0,26,24,2,0,75.86206896551724,37.06896551724138,38.793103448275865,0,0,1.7241379310344827,1.7241379310344827,0,22.413793103448278,20.689655172413794,1.7241379310344827,0
E00159752,120,104,71,33,0,0,3,3,0,13,13,0,0,86.66666666666667,59.166666666666664,27.500000000000004,0,0,2.5,2.5,0,10.833333333333334,10.833333333333334,0,0
E00159753,121,77,35,42,0,0,32,30,2,12,7,5,0,63.63636363636363,28.92561983471074,34.710743801652896,0,0,26.446280991735538,24.793388429752067,1.6528925619834711,9.917355371900827,5.785123966942149,4.132231404958678,0
E00159754,110,103,57,46,0,0,0,0,0,7,6,1,0,93.63636363636364,51.81818181818182,41.81818181818181,0,0,0,0,0,6.363636363636363,5.454545454545454,0.9090909090909091,0
E00159755,170,123,64,59,2,2,28,5,23,17,13,4,0,72.35294117647058,37.64705882352941,34.705882352941174,1.1764705882352942,1.1764705882352942,16.470588235294116,2.941176470588235,13.529411764705882,10,7.647058823529412,2.3529411764705883,0
E00159756,121,103,53,50,0,0,0,0,0,18,17,1,0,85.12396694214877,43.80165289256198,41.32231404958678,0,0,0,0,0,14.87603305785124,14.049586776859504,0.8264462809917356,0
E00159757,114,93,51,42,0,0,0,0,0,21,19,2,0,81.57894736842105,44.73684210526316,36.84210526315789,0,0,0,0,0,18.421052631578945,16.666666666666664,1.7543859649122806,0
E00159758,142,128,90,38,3,3,0,0,0,11,11,0,0,90.14084507042254,63.38028169014085,26.76056338028169,2.112676056338028,2.112676056338028,0,0,0,7.746478873239436,7.746478873239436,0,0
E00159760,138,34,13,21,0,0,29,1,28,75,71,4,0,24.637681159420293,9.420289855072465,15.217391304347828,0,0,21.014492753623188,0.7246376811594203,20.28985507246377,54.347826086956516,51.449275362318836,2.898550724637681,0
E00159761,140,94,56,38,4,4,24,1,23,18,16,2,0,67.14285714285714,40,27.142857142857142,2.857142857142857,2.857142857142857,17.142857142857142,0.7142857142857143,16.428571428571427,12.857142857142856,11.428571428571429,1.4285714285714286,0
E00159762,128,50,22,28,0,0,56,20,36,22,18,4,0,39.0625,17.1875,21.875,0,0,43.75,15.625,28.125,17.1875,14.0625,3.125,0
E00159763,134,75,31,44,0,0,43,4,39,15,14,1,1,55.970149253731336,23.134328358208954,32.83582089552239,0,0,32.08955223880597,2.9850746268656714,29.1044776119403,11.194029850746269,10.44776119402985,0.7462686567164178,0.7462686567164178
E00159764,163,62,31,31,3,3,1,1,0,97,93,4,0,38.036809815950924,19.018404907975462,19.018404907975462,1.8404907975460123,1.8404907975460123,0.6134969325153374,0.6134969325153374,0,59.50920245398773,57.05521472392638,2.4539877300613497,0
E00159765,157,73,34,39,8,8,41,5,36,35,32,3,0,46.496815286624205,21.656050955414013,24.840764331210192,5.095541401273886,5.095541401273886,26.11464968152866,3.1847133757961785,22.929936305732486,22.29299363057325,20.382165605095544,1.910828025477707,0
E00159766,115,74,55,19,1,1,1,1,0,39,36,3,0,64.34782608695652,47.82608695652174,16.52173913043478,0.8695652173913043,0.8695652173913043,0.8695652173913043,0.8695652173913043,0,33.91304347826087,31.30434782608696,2.608695652173913,0
E00159767,120,83,58,25,1,1,1,1,0,35,33,2,0,69.16666666666667,48.333333333333336,20.833333333333336,0.8333333333333334,0.8333333333333334,0.8333333333333334,0.8333333333333334,0,29.166666666666668,27.500000000000004,1.6666666666666667,0
E00159769,135,16,5,11,14,14,93,93,0,10,8,2,2,11.851851851851853,3.7037037037037033,8.148148148148149,10.37037037037037,10.37037037037037,68.88888888888889,68.88888888888889,0,7.4074074074074066,5.9259259259259265,1.4814814814814816,1.4814814814814816
E00159770,111,72,26,46,0,0,6,2,4,33,32,1,0,64.86486486486487,23.423423423423422,41.44144144144144,0,0,5.405405405405405,1.8018018018018018,3.6036036036036037,29.72972972972973,28.82882882882883,0.9009009009009009,0
E00159771,110,50,25,25,0,0,34,4,30,26,25,1,0,45.45454545454545,22.727272727272727,22.727272727272727,0,0,30.909090909090907,3.6363636363636362,27.27272727272727,23.636363636363637,22.727272727272727,0.9090909090909091,0
E00159772,123,80,40,40,1,1,5,2,3,37,33,4,0,65.04065040650406,32.52032520325203,32.52032520325203,0.8130081300813009,0.8130081300813009,4.0650406504065035,1.6260162601626018,2.4390243902439024,30.081300813008134,26.82926829268293,3.2520325203252036,0
E00159773,126,85,39,46,3,3,11,9,2,27,24,3,0,67.46031746031747,30.952380952380953,36.507936507936506,2.380952380952381,2.380952380952381,8.73015873015873,7.142857142857142,1.5873015873015872,21.428571428571427,19.047619047619047,2.380952380952381,0
E00159774,122,85,37,48,1,1,18,1,17,18,16,2,0,69.67213114754098,30.327868852459016,39.34426229508197,0.819672131147541,0.819672131147541,14.754098360655737,0.819672131147541,13.934426229508196,14.754098360655737,13.114754098360656,1.639344262295082,0
E00159775,126,78,36,42,0,0,10,2,8,38,37,1,0,61.904761904761905,28.57142857142857,33.33333333333333,0,0,7.936507936507936,1.5873015873015872,6.349206349206349,30.158730158730158,29.365079365079367,0.7936507936507936,0
E00159776,141,57,21,36,0,0,13,1,12,71,69,2,0,40.42553191489361,14.893617021276595,25.53191489361702,0,0,9.219858156028367,0.7092198581560284,8.51063829787234,50.35460992907801,48.93617021276596,1.4184397163120568,0
E00159777,108,84,36,48,0,0,3,2,1,21,18,3,0,77.77777777777779,33.33333333333333,44.44444444444444,0,0,2.7777777777777777,1.8518518518518516,0.9259259259259258,19.444444444444446,16.666666666666664,2.7777777777777777,0
E00159778,133,49,20,29,0,0,11,6,5,73,71,2,0,36.84210526315789,15.037593984962406,21.804511278195488,0,0,8.270676691729323,4.511278195488721,3.7593984962406015,54.88721804511278,53.383458646616546,1.5037593984962405,0
E00159779,132,48,27,21,2,2,14,4,10,68,63,5,0,36.36363636363637,20.454545454545457,15.909090909090908,1.5151515151515151,1.5151515151515151,10.606060606060606,3.0303030303030303,7.575757575757576,51.515151515151516,47.72727272727273,3.787878787878788,0
E00159780,152,15,8,7,0,0,22,13,9,115,113,2,0,9.868421052631579,5.263157894736842,4.605263157894736,0,0,14.473684210526317,8.552631578947368,5.921052631578947,75.6578947368421,74.3421052631579,1.3157894736842104,0
E00159781,116,83,31,52,3,3,1,1,0,29,28,1,0,71.55172413793103,26.72413793103448,44.827586206896555,2.586206896551724,2.586206896551724,0.8620689655172413,0.8620689655172413,0,25,24.137931034482758,0.8620689655172413,0
E00159782,141,63,21,42,0,0,3,2,1,75,71,4,0,44.680851063829785,14.893617021276595,29.78723404255319,0,0,2.127659574468085,1.4184397163120568,0.7092198581560284,53.191489361702125,50.35460992907801,2.8368794326241136,0
E00159783,116,69,44,25,0,0,3,0,3,44,40,4,0,59.48275862068966,37.93103448275862,21.551724137931032,0,0,2.586206896551724,0,2.586206896551724,37.93103448275862,34.48275862068966,3.4482758620689653,0
E00159784,107,63,26,37,0,0,6,2,4,38,38,0,0,58.87850467289719,24.299065420560748,34.57943925233645,0,0,5.607476635514018,1.8691588785046727,3.7383177570093453,35.51401869158878,35.51401869158878,0,0
E00159785,115,58,27,31,1,1,0,0,0,56,55,1,0,50.43478260869565,23.47826086956522,26.956521739130434,0.8695652173913043,0.8695652173913043,0,0,0,48.69565217391305,47.82608695652174,0.8695652173913043,0
E00159786,83,32,14,18,1,1,5,0,5,45,45,0,0,38.55421686746988,16.867469879518072,21.686746987951807,1.2048192771084338,1.2048192771084338,6.024096385542169,0,6.024096385542169,54.21686746987952,54.21686746987952,0,0
E00159787,136,97,46,51,0,0,4,1,3,35,29,6,0,71.32352941176471,33.82352941176471,37.5,0,0,2.941176470588235,0.7352941176470588,2.2058823529411766,25.735294117647058,21.323529411764707,4.411764705882353,0
E00159788,108,36,13,23,1,1,47,3,44,24,23,1,0,33.33333333333333,12.037037037037036,21.296296296296298,0.9259259259259258,0.9259259259259258,43.51851851851852,2.7777777777777777,40.74074074074074,22.22222222222222,21.296296296296298,0.9259259259259258,0
E00159789,134,70,47,23,10,10,11,3,8,43,40,3,0,52.23880597014925,35.07462686567165,17.16417910447761,7.462686567164178,7.462686567164178,8.208955223880597,2.2388059701492535,5.970149253731343,32.08955223880597,29.850746268656714,2.2388059701492535,0
E00172302,81,16,3,13,0,0,6,3,3,59,56,3,0,19.753086419753085,3.7037037037037033,16.049382716049383,0,0,7.4074074074074066,3.7037037037037033,3.7037037037037033,72.8395061728395,69.1358024691358,3.7037037037037033,0
E00172303,137,28,15,13,0,0,32,8,24,77,75,2,0,20.437956204379564,10.948905109489052,9.48905109489051,0,0,23.357664233576642,5.839416058394161,17.51824817518248,56.20437956204379,54.74452554744526,1.4598540145985401,0
E00172304,141,105,17,88,0,0,3,2,1,33,32,1,0,74.46808510638297,12.056737588652481,62.4113475177305,0,0,2.127659574468085,1.4184397163120568,0.7092198581560284,23.404255319148938,22.69503546099291,0.7092198581560284,0
E00172305,105,43,12,31,6,6,32,6,26,24,21,3,0,40.95238095238095,11.428571428571429,29.523809523809526,5.714285714285714,5.714285714285714,30.476190476190478,5.714285714285714,24.761904761904763,22.857142857142858,20,2.857142857142857,0
E00172307,109,13,4,9,0,0,7,2,5,89,86,3,0,11.926605504587156,3.669724770642202,8.256880733944955,0,0,6.422018348623854,1.834862385321101,4.587155963302752,81.65137614678899,78.89908256880734,2.7522935779816518,0
E00172308,140,99,39,60,2,2,0,0,0,39,36,3,0,70.71428571428572,27.857142857142858,42.857142857142854,1.4285714285714286,1.4285714285714286,0,0,0,27.857142857142858,25.71428571428571,2.142857142857143,0
E00172309,129,73,25,48,0,0,2,2,0,54,51,3,0,56.58914728682171,19.379844961240313,37.2093023255814,0,0,1.550387596899225,1.550387596899225,0,41.86046511627907,39.53488372093023,2.3255813953488373,0
E00172310,111,12,5,7,0,0,98,7,91,1,1,0,0,10.81081081081081,4.504504504504505,6.306306306306306,0,0,88.28828828828829,6.306306306306306,81.98198198198197,0.9009009009009009,0.9009009009009009,0,0
E00172311,113,35,11,24,0,0,21,0,21,57,57,0,0,30.973451327433626,9.734513274336283,21.238938053097346,0,0,18.58407079646018,0,18.58407079646018,50.442477876106196,50.442477876106196,0,0
E00172312,112,85,19,66,1,1,1,0,1,25,23,2,0,75.89285714285714,16.964285714285715,58.92857142857143,0.8928571428571428,0.8928571428571428,0.8928571428571428,0,0.8928571428571428,22.321428571428573,20.535714285714285,1.7857142857142856,0
E00172313,128,117,67,50,0,0,1,0,1,10,8,2,0,91.40625,52.34375,39.0625,0,0,0.78125,0,0.78125,7.8125,6.25,1.5625,0
E00172314,95,85,64,21,0,0,1,1,0,9,4,5,0,89.47368421052632,67.36842105263158,22.105263157894736,0,0,1.0526315789473684,1.0526315789473684,0,9.473684210526317,4.2105263157894735,5.263157894736842,0
E00172315,107,62,17,45,13,13,15,2,13,17,14,3,0,57.943925233644855,15.887850467289718,42.05607476635514,12.149532710280374,12.149532710280374,14.018691588785046,1.8691588785046727,12.149532710280374,15.887850467289718,13.084112149532709,2.803738317757009,0
E00172316,92,69,31,38,0,0,1,1,0,22,21,1,0,75,33.69565217391305,41.30434782608695,0,0,1.0869565217391304,1.0869565217391304,0,23.91304347826087,22.82608695652174,1.0869565217391304,0
E00172317,92,55,7,48,4,4,13,2,11,20,20,0,0,59.78260869565217,7.608695652173914,52.17391304347826,4.3478260869565215,4.3478260869565215,14.130434782608695,2.1739130434782608,11.956521739130435,21.73913043478261,21.73913043478261,0,0
E00172318,133,57,12,45,0,0,1,1,0,75,75,0,0,42.857142857142854,9.022556390977442,33.83458646616541,0,0,0.7518796992481203,0.7518796992481203,0,56.390977443609025,56.390977443609025,0,0
E00172319,96,26,6,20,0,0,5,4,1,65,63,2,0,27.083333333333332,6.25,20.833333333333336,0,0,5.208333333333334,4.166666666666666,1.0416666666666665,67.70833333333334,65.625,2.083333333333333,0
E00172320,126,55,19,36,1,1,4,1,3,66,65,1,0,43.65079365079365,15.079365079365079,28.57142857142857,0.7936507936507936,0.7936507936507936,3.1746031746031744,0.7936507936507936,2.380952380952381,52.38095238095239,51.587301587301596,0.7936507936507936,0
E00172321,54,7,4,3,3,3,4,1,3,40,35,5,0,12.962962962962962,7.4074074074074066,5.555555555555555,5.555555555555555,5.555555555555555,7.4074074074074066,1.8518518518518516,5.555555555555555,74.07407407407408,64.81481481481481,9.25925925925926,0
E00172322,108,73,23,50,7,7,3,2,1,25,23,2,0,67.5925925925926,21.296296296296298,46.2962962962963,6.481481481481481,6.481481481481481,2.7777777777777777,1.8518518518518516,0.9259259259259258,23.14814814814815,21.296296296296298,1.8518518518518516,0
E00172323,112,82,17,65,0,0,2,1,1,28,27,1,0,73.21428571428571,15.178571428571427,58.03571428571429,0,0,1.7857142857142856,0.8928571428571428,0.8928571428571428,25,24.107142857142858,0.8928571428571428,0
E00172324,114,52,5,47,21,21,20,2,18,21,17,4,0,45.614035087719294,4.385964912280701,41.228070175438596,18.421052631578945,18.421052631578945,17.543859649122805,1.7543859649122806,15.789473684210526,18.421052631578945,14.912280701754385,3.508771929824561,0
E00172325,174,132,34,98,4,4,8,1,7,30,26,4,0,75.86206896551724,19.54022988505747,56.32183908045977,2.2988505747126435,2.2988505747126435,4.597701149425287,0.5747126436781609,4.022988505747127,17.24137931034483,14.942528735632186,2.2988505747126435,0
E00172326,141,41,10,31,10,10,11,3,8,79,76,3,0,29.078014184397162,7.092198581560284,21.98581560283688,7.092198581560284,7.092198581560284,7.801418439716312,2.127659574468085,5.673758865248227,56.02836879432624,53.90070921985816,2.127659574468085,0
E00172327,167,125,65,60,6,6,14,4,10,22,20,2,0,74.8502994011976,38.92215568862276,35.92814371257485,3.592814371257485,3.592814371257485,8.383233532934131,2.3952095808383236,5.9880239520958085,13.17365269461078,11.976047904191617,1.1976047904191618,0
E00172328,116,102,65,37,2,2,0,0,0,12,12,0,0,87.93103448275862,56.03448275862068,31.896551724137932,1.7241379310344827,1.7241379310344827,0,0,0,10.344827586206897,10.344827586206897,0,0
E00172329,110,80,15,65,1,1,2,1,1,27,24,3,0,72.72727272727273,13.636363636363635,59.09090909090909,0.9090909090909091,0.9090909090909091,1.8181818181818181,0.9090909090909091,0.9090909090909091,24.545454545454547,21.818181818181817,2.727272727272727,0
E00172330,114,71,25,46,5,5,1,0,1,37,35,2,0,62.28070175438597,21.929824561403507,40.35087719298245,4.385964912280701,4.385964912280701,0.8771929824561403,0,0.8771929824561403,32.45614035087719,30.701754385964914,1.7543859649122806,0
E00172331,116,20,9,11,4,4,78,2,76,14,13,1,0,17.24137931034483,7.758620689655173,9.482758620689655,3.4482758620689653,3.4482758620689653,67.24137931034483,1.7241379310344827,65.51724137931035,12.068965517241379,11.206896551724139,0.8620689655172413,0
E00172332,111,98,37,61,1,1,4,0,4,8,7,1,0,88.28828828828829,33.33333333333333,54.95495495495496,0.9009009009009009,0.9009009009009009,3.6036036036036037,0,3.6036036036036037,7.207207207207207,6.306306306306306,0.9009009009009009,0
E00172333,111,95,39,56,0,0,1,1,0,15,15,0,0,85.58558558558559,35.13513513513514,50.45045045045045,0,0,0.9009009009009009,0.9009009009009009,0,13.513513513513514,13.513513513513514,0,0
E00172334,107,81,23,58,5,5,0,0,0,21,21,0,0,75.70093457943925,21.49532710280374,54.20560747663551,4.672897196261682,4.672897196261682,0,0,0,19.626168224299064,19.626168224299064,0,0
E00172335,114,82,26,56,0,0,0,0,0,32,29,3,0,71.9298245614035,22.807017543859647,49.122807017543856,0,0,0,0,0,28.07017543859649,25.438596491228072,2.631578947368421,0
E00172336,116,94,48,46,2,2,1,1,0,19,17,2,0,81.03448275862068,41.37931034482759,39.6551724137931,1.7241379310344827,1.7241379310344827,0.8620689655172413,0.8620689655172413,0,16.379310344827587,14.655172413793101,1.7241379310344827,0
E00186839,154,136,51,85,0,0,0,0,0,18,15,3,0,88.31168831168831,33.116883116883116,55.1948051948052,0,0,0,0,0,11.688311688311687,9.740259740259742,1.948051948051948,0
E00186845,180,136,82,54,1,1,29,10,19,14,14,0,0,75.55555555555556,45.55555555555556,30,0.5555555555555556,0.5555555555555556,16.11111111111111,5.555555555555555,10.555555555555555,7.777777777777778,7.777777777777778,0,0
E00186846,155,110,56,54,4,4,18,8,10,23,15,8,0,70.96774193548387,36.12903225806451,34.83870967741935,2.5806451612903225,2.5806451612903225,11.612903225806452,5.161290322580645,6.451612903225806,14.838709677419354,9.67741935483871,5.161290322580645,0
E00186847,175,143,38,105,0,0,1,1,0,31,28,3,0,81.71428571428572,21.714285714285715,60,0,0,0.5714285714285714,0.5714285714285714,0,17.71428571428571,16,1.7142857142857144,0
E00186864,127,47,14,33,8,8,66,20,46,6,4,2,0,37.00787401574803,11.023622047244094,25.984251968503933,6.299212598425196,6.299212598425196,51.96850393700787,15.748031496062993,36.22047244094488,4.724409448818897,3.149606299212598,1.574803149606299,0
E00186865,116,57,14,43,11,11,42,2,40,6,5,1,0,49.137931034482754,12.068965517241379,37.06896551724138,9.482758620689655,9.482758620689655,36.206896551724135,1.7241379310344827,34.48275862068966,5.172413793103448,4.310344827586207,0.8620689655172413,0
E00186867,128,98,53,45,1,1,1,1,0,28,26,2,0,76.5625,41.40625,35.15625,0.78125,0.78125,0.78125,0.78125,0,21.875,20.3125,1.5625,0
E00186870,61,39,20,19,0,0,4,1,3,18,18,0,0,63.934426229508205,32.78688524590164,31.147540983606557,0,0,6.557377049180328,1.639344262295082,4.918032786885246,29.508196721311474,29.508196721311474,0,0
E00186875,187,91,22,69,29,29,50,20,30,17,16,1,0,48.663101604278076,11.76470588235294,36.898395721925134,15.508021390374333,15.508021390374333,26.737967914438503,10.695187165775401,16.042780748663102,9.090909090909092,8.55614973262032,0.53475935828877,0
E00186877,112,108,63,45,0,0,1,1,0,3,3,0,0,96.42857142857143,56.25,40.17857142857143,0,0,0.8928571428571428,0.8928571428571428,0,2.6785714285714284,2.6785714285714284,0,0
E00186881,206,108,11,97,12,12,65,9,56,21,18,3,0,52.42718446601942,5.339805825242718,47.0873786407767,5.825242718446602,5.825242718446602,31.55339805825243,4.368932038834951,27.184466019417474,10.194174757281553,8.737864077669903,1.4563106796116505,0
E00186883,68,58,49,9,3,3,3,1,2,4,1,3,0,85.29411764705883,72.05882352941177,13.23529411764706,4.411764705882353,4.411764705882353,4.411764705882353,1.4705882352941175,2.941176470588235,5.88235294117647,1.4705882352941175,4.411764705882353,0
E00186884,104,52,5,47,24,24,21,1,20,7,7,0,0,50,4.807692307692308,45.19230769230769,23.076923076923077,23.076923076923077,20.192307692307693,0.9615384615384616,19.230769230769234,6.730769230769231,6.730769230769231,0,0
E00186885,185,114,9,105,6,6,57,3,54,8,6,2,0,61.62162162162163,4.864864864864865,56.75675675675676,3.2432432432432434,3.2432432432432434,30.810810810810814,1.6216216216216217,29.18918918918919,4.324324324324325,3.2432432432432434,1.0810810810810811,0
E00186890,186,138,16,122,2,2,39,8,31,7,4,3,0,74.19354838709677,8.60215053763441,65.59139784946237,1.0752688172043012,1.0752688172043012,20.967741935483872,4.301075268817205,16.666666666666664,3.763440860215054,2.1505376344086025,1.6129032258064515,0
E00186893,117,95,57,38,2,2,16,5,11,4,3,1,0,81.19658119658119,48.717948717948715,32.47863247863248,1.7094017094017095,1.7094017094017095,13.675213675213676,4.273504273504273,9.401709401709402,3.418803418803419,2.564102564102564,0.8547008547008548,0
E00186895,115,28,8,20,0,0,66,4,62,21,20,1,0,24.347826086956523,6.956521739130435,17.391304347826086,0,0,57.391304347826086,3.4782608695652173,53.91304347826087,18.26086956521739,17.391304347826086,0.8695652173913043,0
E00186901,46,29,20,9,1,1,7,2,5,9,6,3,0,63.04347826086957,43.47826086956522,19.565217391304348,2.1739130434782608,2.1739130434782608,15.217391304347828,4.3478260869565215,10.869565217391305,19.565217391304348,13.043478260869565,6.521739130434782,0
E00186904,110,73,18,55,0,0,1,0,1,36,35,1,0,66.36363636363637,16.363636363636363,50,0,0,0.9090909090909091,0,0.9090909090909091,32.72727272727273,31.818181818181817,0.9090909090909091,0
E00186905,150,89,5,84,10,10,49,3,46,2,2,0,0,59.333333333333336,3.3333333333333335,56.00000000000001,6.666666666666667,6.666666666666667,32.666666666666664,2,30.666666666666664,1.3333333333333335,1.3333333333333335,0,0
E00186909,248,122,46,76,22,22,79,49,30,25,22,3,0,49.193548387096776,18.548387096774192,30.64516129032258,8.870967741935484,8.870967741935484,31.85483870967742,19.758064516129032,12.096774193548388,10.080645161290322,8.870967741935484,1.2096774193548387,0
E00186915,118,61,12,49,5,5,48,4,44,4,3,1,0,51.69491525423729,10.16949152542373,41.52542372881356,4.23728813559322,4.23728813559322,40.67796610169492,3.389830508474576,37.28813559322034,3.389830508474576,2.5423728813559325,0.847457627118644,0
E00186918,53,42,24,18,0,0,0,0,0,11,7,4,0,79.24528301886792,45.28301886792453,33.9622641509434,0,0,0,0,0,20.754716981132077,13.20754716981132,7.547169811320755,0
E00186923,216,142,12,130,21,21,50,3,47,3,3,0,0,65.74074074074075,5.555555555555555,60.18518518518518,9.722222222222223,9.722222222222223,23.14814814814815,1.3888888888888888,21.75925925925926,1.3888888888888888,1.3888888888888888,0,0
E00186925,108,52,24,28,1,1,45,3,42,10,8,2,0,48.148148148148145,22.22222222222222,25.925925925925924,0.9259259259259258,0.9259259259259258,41.66666666666667,2.7777777777777777,38.88888888888889,9.25925925925926,7.4074074074074066,1.8518518518518516,0
E00186927,138,77,6,71,35,35,2,2,0,24,24,0,0,55.79710144927537,4.3478260869565215,51.449275362318836,25.36231884057971,25.36231884057971,1.4492753623188406,1.4492753623188406,0,17.391304347826086,17.391304347826086,0,0
E00186928,56,22,3,19,5,5,23,2,21,6,6,0,0,39.285714285714285,5.357142857142857,33.92857142857143,8.928571428571429,8.928571428571429,41.07142857142857,3.571428571428571,37.5,10.714285714285714,10.714285714285714,0,0
E00186933,223,124,9,115,14,14,74,7,67,11,11,0,0,55.60538116591929,4.0358744394618835,51.569506726457405,6.278026905829597,6.278026905829597,33.18385650224215,3.1390134529147984,30.04484304932735,4.932735426008969,4.932735426008969,0,0
E00186935,98,62,23,39,0,0,11,11,0,25,23,2,0,63.26530612244898,23.46938775510204,39.795918367346935,0,0,11.224489795918368,11.224489795918368,0,25.510204081632654,23.46938775510204,2.0408163265306123,0
E00186940,201,109,11,98,37,37,44,6,38,11,9,2,0,54.22885572139303,5.472636815920398,48.756218905472636,18.407960199004975,18.407960199004975,21.890547263681594,2.9850746268656714,18.90547263681592,5.472636815920398,4.477611940298507,0.9950248756218906,0
E00186944,129,59,22,37,3,3,52,3,49,15,13,2,0,45.73643410852713,17.05426356589147,28.68217054263566,2.3255813953488373,2.3255813953488373,40.310077519379846,2.3255813953488373,37.98449612403101,11.627906976744185,10.077519379844961,1.550387596899225,0
E00186945,93,87,74,13,1,1,2,0,2,3,3,0,0,93.54838709677419,79.56989247311827,13.978494623655912,1.0752688172043012,1.0752688172043012,2.1505376344086025,0,2.1505376344086025,3.225806451612903,3.225806451612903,0,0
E00186946,44,39,24,15,0,0,4,3,1,1,0,1,0,88.63636363636364,54.54545454545454,34.090909090909086,0,0,9.090909090909092,6.8181818181818175,2.272727272727273,2.272727272727273,0,2.272727272727273,0
E00186948,156,19,16,3,41,41,90,11,79,6,5,1,0,12.179487179487179,10.256410256410255,1.9230769230769231,26.282051282051285,26.282051282051285,57.692307692307686,7.051282051282051,50.641025641025635,3.8461538461538463,3.205128205128205,0.641025641025641,0
E00186954,43,31,8,23,5,5,5,1,4,2,1,1,0,72.09302325581395,18.6046511627907,53.48837209302325,11.627906976744185,11.627906976744185,11.627906976744185,2.3255813953488373,9.30232558139535,4.651162790697675,2.3255813953488373,2.3255813953488373,0
E00186962,133,52,21,31,0,0,47,46,1,33,32,1,1,39.097744360902254,15.789473684210526,23.308270676691727,0,0,35.338345864661655,34.58646616541353,0.7518796992481203,24.81203007518797,24.06015037593985,0.7518796992481203,0.7518796992481203
E00186964,45,7,4,3,16,16,16,1,15,6,5,1,0,15.555555555555555,8.88888888888889,6.666666666666667,35.55555555555556,35.55555555555556,35.55555555555556,2.2222222222222223,33.33333333333333,13.333333333333334,11.11111111111111,2.2222222222222223,0
E00186977,205,161,32,129,6,6,0,0,0,38,35,3,0,78.53658536585367,15.609756097560975,62.926829268292686,2.9268292682926833,2.9268292682926833,0,0,0,18.536585365853657,17.073170731707318,1.4634146341463417,0
E00186978,108,70,32,38,0,0,28,25,3,10,9,1,0,64.81481481481481,29.629629629629626,35.18518518518518,0,0,25.925925925925924,23.14814814814815,2.7777777777777777,9.25925925925926,8.333333333333332,0.9259259259259258,0
E00186980,62,56,28,28,0,0,0,0,0,6,5,1,0,90.32258064516128,45.16129032258064,45.16129032258064,0,0,0,0,0,9.67741935483871,8.064516129032258,1.6129032258064515,0
E00186989,140,126,82,44,0,0,7,1,6,7,7,0,0,90,58.57142857142858,31.428571428571427,0,0,5,0.7142857142857143,4.285714285714286,5,5,0,0
E00186993,151,106,9,97,20,20,14,1,13,11,11,0,0,70.19867549668875,5.960264900662252,64.23841059602648,13.245033112582782,13.245033112582782,9.271523178807946,0.6622516556291391,8.609271523178808,7.28476821192053,7.28476821192053,0,0
E00186994,82,80,30,50,0,0,0,0,0,2,2,0,0,97.5609756097561,36.58536585365854,60.97560975609756,0,0,0,0,0,2.4390243902439024,2.4390243902439024,0,0
E00186997,123,36,5,31,15,15,65,5,60,7,6,1,0,29.268292682926827,4.0650406504065035,25.203252032520325,12.195121951219512,12.195121951219512,52.84552845528455,4.0650406504065035,48.78048780487805,5.691056910569105,4.878048780487805,0.8130081300813009,0
E00187013,163,102,26,76,17,17,38,9,29,6,4,2,0,62.57668711656442,15.950920245398773,46.62576687116564,10.429447852760736,10.429447852760736,23.31288343558282,5.521472392638037,17.791411042944784,3.6809815950920246,2.4539877300613497,1.2269938650306749,0
E00187014,201,103,13,90,14,14,63,3,60,21,19,2,0,51.243781094527364,6.467661691542288,44.776119402985074,6.965174129353234,6.965174129353234,31.343283582089555,1.4925373134328357,29.850746268656714,10.44776119402985,9.45273631840796,0.9950248756218906,0
E00187015,182,28,15,13,7,7,88,12,76,59,57,2,0,15.384615384615385,8.241758241758241,7.142857142857142,3.8461538461538463,3.8461538461538463,48.35164835164835,6.593406593406594,41.75824175824176,32.417582417582416,31.318681318681318,1.098901098901099,0
E00187018,157,104,46,58,0,0,21,2,19,32,30,2,0,66.2420382165605,29.29936305732484,36.94267515923567,0,0,13.375796178343949,1.2738853503184715,12.101910828025478,20.382165605095544,19.10828025477707,1.2738853503184715,0
