OA,ts0540001,ts0540002,ts0540003,ts0540004,ts0540005,ts0540006,ts0540007,ts0540008,ts0540009,ts0540010,ts0540011,ts0540012,ts0540013,ts0540002_PCT,ts0540003_PCT,ts0540004_PCT,ts0540005_PCT,ts0540006_PCT,ts0540007_PCT,ts0540008_PCT,ts0540009_PCT,ts0540010_PCT,ts0540011_PCT,ts0540012_PCT,ts0540013_PCT
E00053353,241,206,173,33,2,2,0,0,0,33,29,4,0,85.47717842323651,71.78423236514523,13.692946058091287,0.8298755186721992,0.8298755186721992,0,0,0,13.692946058091287,12.033195020746888,1.6597510373443984,0
E00053354,133,109,55,54,0,0,10,8,2,14,12,2,0,81.95488721804512,41.35338345864661,40.6015037593985,0,0,7.518796992481203,6.015037593984962,1.5037593984962405,10.526315789473683,9.022556390977442,1.5037593984962405,0
E00053355,122,119,58,61,0,0,1,1,0,2,2,0,0,97.54098360655738,47.540983606557376,50,0,0,0.819672131147541,0.819672131147541,0,1.639344262295082,1.639344262295082,0,0
E00053356,144,93,43,50,0,0,12,2,10,39,36,3,0,64.58333333333334,29.86111111111111,34.72222222222222,0,0,8.333333333333332,1.3888888888888888,6.944444444444445,27.083333333333332,25,2.083333333333333,0
E00053357,141,125,72,53,2,2,5,1,4,9,7,2,0,88.65248226950354,51.06382978723404,37.5886524822695,1.4184397163120568,1.4184397163120568,3.546099290780142,0.7092198581560284,2.8368794326241136,6.382978723404255,4.964539007092199,1.4184397163120568,0
E00053358,175,123,59,64,0,0,9,4,5,43,33,10,0,70.28571428571428,33.714285714285715,36.57142857142857,0,0,5.142857142857142,2.2857142857142856,2.857142857142857,24.571428571428573,18.857142857142858,5.714285714285714,0
E00053359,137,78,41,37,0,0,45,20,25,13,12,1,1,56.934306569343065,29.927007299270077,27.00729927007299,0,0,32.846715328467155,14.5985401459854,18.248175182481752,9.48905109489051,8.75912408759124,0.7299270072992701,0.7299270072992701
E00053360,138,120,73,47,0,0,11,2,9,7,6,1,0,86.95652173913044,52.89855072463768,34.05797101449276,0,0,7.971014492753622,1.4492753623188406,6.521739130434782,5.072463768115942,4.3478260869565215,0.7246376811594203,0
E00053361,128,113,62,51,1,1,4,3,1,10,7,3,0,88.28125,48.4375,39.84375,0.78125,0.78125,3.125,2.34375,0.78125,7.8125,5.46875,2.34375,0
E00053362,141,135,93,42,0,0,0,0,0,6,4,2,0,95.74468085106383,65.95744680851064,29.78723404255319,0,0,0,0,0,4.25531914893617,2.8368794326241136,1.4184397163120568,0
E00053363,144,77,35,42,0,0,47,21,26,19,15,4,1,53.47222222222222,24.305555555555554,29.166666666666668,0,0,32.63888888888889,14.583333333333334,18.055555555555554,13.194444444444445,10.416666666666668,2.7777777777777777,0.6944444444444444
E00053364,110,77,49,28,0,0,25,0,25,8,7,1,0,70,44.54545454545455,25.454545454545453,0,0,22.727272727272727,0,22.727272727272727,7.2727272727272725,6.363636363636363,0.9090909090909091,0
E00053365,120,110,65,45,0,0,1,0,1,9,7,2,0,91.66666666666666,54.166666666666664,37.5,0,0,0.8333333333333334,0,0.8333333333333334,7.5,5.833333333333333,1.6666666666666667,0
E00053366,140,117,58,59,3,3,7,1,6,13,13,0,0,83.57142857142857,41.42857142857143,42.142857142857146,2.142857142857143,2.142857142857143,5,0.7142857142857143,4.285714285714286,9.285714285714286,9.285714285714286,0,0
E00053367,133,97,55,42,0,0,29,13,16,7,7,0,0,72.93233082706767,41.35338345864661,31.57894736842105,0,0,21.804511278195488,9.774436090225564,12.030075187969924,5.263157894736842,5.263157894736842,0,0
E00053368,131,74,36,38,0,0,22,8,14,34,31,3,1,56.48854961832062,27.480916030534353,29.00763358778626,0,0,16.793893129770993,6.106870229007633,10.687022900763358,25.954198473282442,23.66412213740458,2.2900763358778624,0.7633587786259541
E00053369,123,110,54,56,0,0,1,0,1,12,8,4,0,89.43089430894308,43.90243902439025,45.52845528455284,0,0,0.8130081300813009,0,0.8130081300813009,9.75609756097561,6.504065040650407,3.2520325203252036,0
E00053370,147,141,81,60,1,1,0,0,0,5,5,0,0,95.91836734693877,55.10204081632652,40.816326530612244,0.6802721088435374,0.6802721088435374,0,0,0,3.4013605442176873,3.4013605442176873,0,0
E00053371,132,123,56,67,0,0,3,2,1,6,5,1,0,93.18181818181817,42.42424242424242,50.75757575757576,0,0,2.272727272727273,1.5151515151515151,0.7575757575757576,4.545454545454546,3.787878787878788,0.7575757575757576,0
E00053372,130,101,61,40,0,0,7,2,5,22,15,7,0,77.6923076923077,46.92307692307692,30.76923076923077,0,0,5.384615384615385,1.5384615384615385,3.8461538461538463,16.923076923076923,11.538461538461538,5.384615384615385,0
E00053373,147,143,78,65,0,0,0,0,0,4,3,1,0,97.27891156462584,53.06122448979592,44.21768707482993,0,0,0,0,0,2.7210884353741496,2.0408163265306123,0.6802721088435374,0
E00053374,150,117,72,45,0,0,6,4,2,27,20,7,0,78,48,30,0,0,4,2.666666666666667,1.3333333333333335,18,13.333333333333334,4.666666666666667,0
E00053375,140,129,78,51,0,0,0,0,0,11,7,4,0,92.14285714285714,55.714285714285715,36.42857142857142,0,0,0,0,0,7.857142857142857,5,2.857142857142857,0
E00053376,150,144,80,64,0,0,1,0,1,5,5,0,0,96,53.333333333333336,42.66666666666667,0,0,0.6666666666666667,0,0.6666666666666667,3.3333333333333335,3.3333333333333335,0,0
E00053377,138,80,28,52,0,0,42,21,21,15,12,3,1,57.971014492753625,20.28985507246377,37.68115942028986,0,0,30.434782608695656,15.217391304347828,15.217391304347828,10.869565217391305,8.695652173913043,2.1739130434782608,0.7246376811594203
E00053378,206,57,21,36,0,0,99,59,40,50,45,5,0,27.669902912621357,10.194174757281553,17.475728155339805,0,0,48.05825242718447,28.640776699029125,19.41747572815534,24.271844660194176,21.844660194174757,2.4271844660194173,0
E00053379,131,64,29,35,0,0,46,21,25,20,16,4,1,48.854961832061065,22.137404580152673,26.717557251908396,0,0,35.11450381679389,16.030534351145036,19.083969465648856,15.267175572519085,12.213740458015266,3.0534351145038165,0.7633587786259541
E00053380,148,118,77,41,0,0,4,3,1,26,24,2,0,79.72972972972973,52.02702702702703,27.7027027027027,0,0,2.7027027027027026,2.027027027027027,0.6756756756756757,17.56756756756757,16.216216216216218,1.3513513513513513,0
E00053381,124,76,23,53,1,1,19,14,5,27,25,2,1,61.29032258064516,18.548387096774192,42.74193548387097,0.8064516129032258,0.8064516129032258,15.32258064516129,11.29032258064516,4.032258064516129,21.774193548387096,20.161290322580644,1.6129032258064515,0.8064516129032258
E00053382,203,117,50,67,0,0,19,4,15,67,61,6,0,57.635467980295566,24.63054187192118,33.004926108374384,0,0,9.35960591133005,1.9704433497536946,7.389162561576355,33.004926108374384,30.049261083743843,2.955665024630542,0
E00053383,134,76,36,40,1,1,39,19,20,18,16,2,0,56.71641791044776,26.865671641791046,29.850746268656714,0.7462686567164178,0.7462686567164178,29.1044776119403,14.17910447761194,14.925373134328357,13.432835820895523,11.940298507462686,1.4925373134328357,0
E00053384,136,82,30,52,0,0,12,0,12,42,39,3,0,60.29411764705882,22.058823529411764,38.23529411764706,0,0,8.823529411764707,0,8.823529411764707,30.88235294117647,28.676470588235293,2.2058823529411766,0
E00053385,123,63,24,39,0,0,27,14,13,32,28,4,1,51.21951219512195,19.51219512195122,31.70731707317073,0,0,21.951219512195124,11.38211382113821,10.569105691056912,26.01626016260163,22.76422764227642,3.2520325203252036,0.8130081300813009
E00053386,155,78,34,44,2,2,47,22,25,28,25,3,0,50.32258064516129,21.935483870967744,28.387096774193548,1.2903225806451613,1.2903225806451613,30.32258064516129,14.193548387096774,16.129032258064516,18.064516129032256,16.129032258064516,1.935483870967742,0
E00053387,130,121,69,52,0,0,3,3,0,6,4,2,0,93.07692307692308,53.07692307692308,40,0,0,2.307692307692308,2.307692307692308,0,4.615384615384616,3.076923076923077,1.5384615384615385,0
E00053388,117,104,59,45,2,2,3,1,2,8,7,1,0,88.88888888888889,50.427350427350426,38.46153846153847,1.7094017094017095,1.7094017094017095,2.564102564102564,0.8547008547008548,1.7094017094017095,6.837606837606838,5.982905982905983,0.8547008547008548,0
E00053389,160,93,52,41,0,0,59,26,33,7,4,3,1,58.12500000000001,32.5,25.624999999999996,0,0,36.875,16.25,20.625,4.375,2.5,1.875,0.625
E00053390,123,112,78,34,0,0,6,3,3,5,4,1,0,91.05691056910568,63.41463414634146,27.64227642276423,0,0,4.878048780487805,2.4390243902439024,2.4390243902439024,4.0650406504065035,3.2520325203252036,0.8130081300813009,0
E00053391,130,123,86,37,0,0,1,0,1,6,5,1,0,94.61538461538461,66.15384615384615,28.46153846153846,0,0,0.7692307692307693,0,0.7692307692307693,4.615384615384616,3.8461538461538463,0.7692307692307693,0
E00053392,121,113,70,43,0,0,1,0,1,7,5,2,0,93.38842975206612,57.85123966942148,35.53719008264463,0,0,0.8264462809917356,0,0.8264462809917356,5.785123966942149,4.132231404958678,1.6528925619834711,0
E00053393,124,99,59,40,0,0,3,2,1,22,17,5,0,79.83870967741935,47.58064516129033,32.25806451612903,0,0,2.4193548387096775,1.6129032258064515,0.8064516129032258,17.741935483870968,13.709677419354838,4.032258064516129,0
E00053394,122,115,52,63,0,0,1,1,0,6,5,1,0,94.26229508196722,42.62295081967213,51.63934426229508,0,0,0.819672131147541,0.819672131147541,0,4.918032786885246,4.098360655737705,0.819672131147541,0
E00053395,117,114,70,44,0,0,0,0,0,3,0,3,0,97.43589743589743,59.82905982905983,37.60683760683761,0,0,0,0,0,2.564102564102564,0,2.564102564102564,0
E00053396,145,123,61,62,0,0,8,6,2,14,12,2,0,84.82758620689656,42.06896551724138,42.758620689655174,0,0,5.517241379310345,4.137931034482759,1.3793103448275863,9.655172413793103,8.275862068965518,1.3793103448275863,0
E00053397,107,46,27,19,0,0,15,1,14,46,41,5,0,42.99065420560748,25.233644859813083,17.75700934579439,0,0,14.018691588785046,0.9345794392523363,13.084112149532709,42.99065420560748,38.31775700934579,4.672897196261682,0
E00053398,141,75,49,26,0,0,33,11,22,33,32,1,0,53.191489361702125,34.751773049645394,18.439716312056735,0,0,23.404255319148938,7.801418439716312,15.602836879432624,23.404255319148938,22.69503546099291,0.7092198581560284,0
E00053399,145,114,70,44,1,1,2,1,1,28,24,4,0,78.62068965517241,48.275862068965516,30.344827586206897,0.6896551724137931,0.6896551724137931,1.3793103448275863,0.6896551724137931,0.6896551724137931,19.310344827586206,16.551724137931036,2.7586206896551726,0
E00053400,121,103,53,50,2,2,2,2,0,14,9,5,0,85.12396694214877,43.80165289256198,41.32231404958678,1.6528925619834711,1.6528925619834711,1.6528925619834711,1.6528925619834711,0,11.570247933884298,7.43801652892562,4.132231404958678,0
E00053401,139,123,76,47,0,0,1,0,1,15,11,4,0,88.48920863309353,54.67625899280576,33.81294964028777,0,0,0.7194244604316548,0,0.7194244604316548,10.79136690647482,7.913669064748201,2.877697841726619,0
E00053402,130,110,67,43,0,0,0,0,0,20,17,3,0,84.61538461538461,51.53846153846153,33.07692307692307,0,0,0,0,0,15.384615384615385,13.076923076923078,2.307692307692308,0
E00053403,127,109,55,54,0,0,0,0,0,18,12,6,0,85.8267716535433,43.30708661417323,42.51968503937008,0,0,0,0,0,14.173228346456693,9.448818897637794,4.724409448818897,0
E00053404,166,152,73,79,6,6,0,0,0,8,8,0,0,91.56626506024097,43.97590361445783,47.59036144578313,3.614457831325301,3.614457831325301,0,0,0,4.819277108433735,4.819277108433735,0,0
E00053405,130,123,66,57,0,0,3,1,2,4,3,1,0,94.61538461538461,50.76923076923077,43.84615384615385,0,0,2.307692307692308,0.7692307692307693,1.5384615384615385,3.076923076923077,2.307692307692308,0.7692307692307693,0
E00053406,116,65,40,25,0,0,31,15,16,19,15,4,1,56.03448275862068,34.48275862068966,21.551724137931032,0,0,26.72413793103448,12.931034482758621,13.793103448275861,16.379310344827587,12.931034482758621,3.4482758620689653,0.8620689655172413
E00053407,142,135,78,57,0,0,2,0,2,5,3,2,0,95.07042253521126,54.929577464788736,40.140845070422536,0,0,1.4084507042253522,0,1.4084507042253522,3.5211267605633805,2.112676056338028,1.4084507042253522,0
E00053408,144,132,99,33,0,0,4,1,3,8,4,4,0,91.66666666666666,68.75,22.916666666666664,0,0,2.7777777777777777,0.6944444444444444,2.083333333333333,5.555555555555555,2.7777777777777777,2.7777777777777777,0
E00053409,140,105,65,40,0,0,10,0,10,25,25,0,0,75,46.42857142857143,28.57142857142857,0,0,7.142857142857142,0,7.142857142857142,17.857142857142858,17.857142857142858,0,0
E00053410,126,103,55,48,1,1,4,1,3,18,18,0,0,81.74603174603175,43.65079365079365,38.095238095238095,0.7936507936507936,0.7936507936507936,3.1746031746031744,0.7936507936507936,2.380952380952381,14.285714285714285,14.285714285714285,0,0
E00053411,200,85,47,38,0,0,1,0,1,114,110,4,0,42.5,23.5,19,0,0,0.5,0,0.5,56.99999999999999,55.00000000000001,2,0
E00053412,130,77,42,35,0,0,12,5,7,41,40,1,0,59.23076923076923,32.30769230769231,26.923076923076923,0,0,9.230769230769232,3.8461538461538463,5.384615384615385,31.538461538461537,30.76923076923077,0.7692307692307693,0
E00053414,214,144,53,91,0,0,26,0,26,44,36,8,0,67.28971962616822,24.766355140186917,42.523364485981304,0,0,12.149532710280374,0,12.149532710280374,20.5607476635514,16.822429906542055,3.7383177570093453,0
E00053415,181,117,62,55,2,2,9,4,5,53,50,3,0,64.64088397790056,34.25414364640884,30.386740331491712,1.1049723756906076,1.1049723756906076,4.972375690607735,2.209944751381215,2.7624309392265194,29.2817679558011,27.624309392265197,1.6574585635359116,0
E00053416,133,85,31,54,0,0,0,0,0,48,46,2,0,63.90977443609023,23.308270676691727,40.6015037593985,0,0,0,0,0,36.09022556390977,34.58646616541353,1.5037593984962405,0
E00053417,164,85,34,51,2,2,29,9,20,48,38,10,0,51.829268292682926,20.73170731707317,31.097560975609756,1.2195121951219512,1.2195121951219512,17.682926829268293,5.487804878048781,12.195121951219512,29.268292682926827,23.170731707317074,6.097560975609756,0
E00053418,186,161,80,81,2,2,4,2,2,19,13,6,0,86.55913978494624,43.01075268817204,43.54838709677419,1.0752688172043012,1.0752688172043012,2.1505376344086025,1.0752688172043012,1.0752688172043012,10.21505376344086,6.989247311827956,3.225806451612903,0
E00053419,125,23,15,8,0,0,87,4,83,15,11,4,0,18.4,12,6.4,0,0,69.6,3.2,66.4,12,8.799999999999999,3.2,0
E00053420,118,90,46,44,2,2,14,9,5,12,8,4,0,76.27118644067797,38.983050847457626,37.28813559322034,1.694915254237288,1.694915254237288,11.864406779661017,7.627118644067797,4.23728813559322,10.16949152542373,6.779661016949152,3.389830508474576,0
E00053421,96,58,26,32,0,0,14,7,7,24,21,3,0,60.416666666666664,27.083333333333332,33.33333333333333,0,0,14.583333333333334,7.291666666666667,7.291666666666667,25,21.875,3.125,0
E00053422,95,59,30,29,0,0,10,2,8,25,24,1,1,62.10526315789474,31.57894736842105,30.526315789473685,0,0,10.526315789473683,2.1052631578947367,8.421052631578947,26.31578947368421,25.263157894736842,1.0526315789473684,1.0526315789473684
E00053424,113,18,3,15,2,2,78,44,34,14,14,0,1,15.929203539823009,2.6548672566371683,13.274336283185843,1.7699115044247788,1.7699115044247788,69.02654867256636,38.93805309734513,30.08849557522124,12.389380530973451,12.389380530973451,0,0.8849557522123894
E00053425,153,89,25,64,0,0,17,12,5,47,41,6,0,58.16993464052288,16.33986928104575,41.830065359477125,0,0,11.11111111111111,7.8431372549019605,3.2679738562091507,30.718954248366014,26.797385620915033,3.9215686274509802,0
E00053426,139,40,18,22,0,0,51,21,30,48,46,2,0,28.776978417266186,12.949640287769784,15.827338129496402,0,0,36.69064748201439,15.107913669064748,21.58273381294964,34.53237410071942,33.093525179856115,1.4388489208633095,0
E00053427,164,104,49,55,0,0,26,6,20,34,30,4,0,63.41463414634146,29.878048780487802,33.53658536585366,0,0,15.853658536585366,3.6585365853658534,12.195121951219512,20.73170731707317,18.29268292682927,2.4390243902439024,0
E00053428,103,67,39,28,0,0,7,2,5,29,28,1,0,65.0485436893204,37.86407766990291,27.184466019417474,0,0,6.796116504854369,1.9417475728155338,4.854368932038835,28.155339805825243,27.184466019417474,0.9708737864077669,0
E00053430,158,56,37,19,0,0,76,35,41,25,24,1,1,35.44303797468354,23.417721518987342,12.025316455696203,0,0,48.10126582278481,22.151898734177212,25.949367088607595,15.822784810126583,15.18987341772152,0.6329113924050633,0.6329113924050633
E00053431,137,112,60,52,1,1,5,1,4,19,18,1,0,81.75182481751825,43.79562043795621,37.95620437956204,0.7299270072992701,0.7299270072992701,3.64963503649635,0.7299270072992701,2.9197080291970803,13.86861313868613,13.138686131386862,0.7299270072992701,0
E00053432,129,66,40,26,0,0,36,17,19,27,24,3,0,51.162790697674424,31.007751937984494,20.155038759689923,0,0,27.906976744186046,13.178294573643413,14.728682170542637,20.930232558139537,18.6046511627907,2.3255813953488373,0
E00053434,134,95,37,58,0,0,1,0,1,38,33,5,0,70.8955223880597,27.611940298507463,43.28358208955223,0,0,0.7462686567164178,0,0.7462686567164178,28.35820895522388,24.62686567164179,3.731343283582089,0
E00053435,164,96,46,50,3,3,26,4,22,39,34,5,0,58.536585365853654,28.04878048780488,30.48780487804878,1.8292682926829267,1.8292682926829267,15.853658536585366,2.4390243902439024,13.414634146341465,23.78048780487805,20.73170731707317,3.048780487804878,0
E00053436,122,73,31,42,1,1,30,18,12,17,15,2,1,59.83606557377049,25.40983606557377,34.42622950819672,0.819672131147541,0.819672131147541,24.59016393442623,14.754098360655737,9.836065573770492,13.934426229508196,12.295081967213115,1.639344262295082,0.819672131147541
E00053437,158,128,70,58,0,0,0,0,0,30,24,6,0,81.0126582278481,44.303797468354425,36.708860759493675,0,0,0,0,0,18.9873417721519,15.18987341772152,3.79746835443038,0
E00053438,148,108,50,58,1,1,0,0,0,39,38,1,0,72.97297297297297,33.78378378378378,39.189189189189186,0.6756756756756757,0.6756756756756757,0,0,0,26.351351351351347,25.675675675675674,0.6756756756756757,0
E00053439,148,131,87,44,0,0,7,7,0,10,8,2,0,88.51351351351352,58.78378378378378,29.72972972972973,0,0,4.72972972972973,4.72972972972973,0,6.756756756756757,5.405405405405405,1.3513513513513513,0
E00053440,130,79,52,27,0,0,4,1,3,47,43,4,0,60.76923076923077,40,20.76923076923077,0,0,3.076923076923077,0.7692307692307693,2.307692307692308,36.15384615384615,33.07692307692307,3.076923076923077,0
E00053441,134,128,58,70,0,0,0,0,0,6,6,0,0,95.52238805970148,43.28358208955223,52.23880597014925,0,0,0,0,0,4.477611940298507,4.477611940298507,0,0
E00053442,127,119,69,50,0,0,1,1,0,7,6,1,0,93.7007874015748,54.330708661417326,39.37007874015748,0,0,0.7874015748031495,0.7874015748031495,0,5.511811023622047,4.724409448818897,0.7874015748031495,0
E00053443,134,131,84,47,0,0,0,0,0,3,1,2,0,97.76119402985076,62.68656716417911,35.07462686567165,0,0,0,0,0,2.2388059701492535,0.7462686567164178,1.4925373134328357,0
E00053444,132,127,85,42,0,0,1,1,0,4,2,2,0,96.21212121212122,64.39393939393939,31.818181818181817,0,0,0.7575757575757576,0.7575757575757576,0,3.0303030303030303,1.5151515151515151,1.5151515151515151,0
E00053445,122,99,76,23,0,0,1,0,1,22,20,2,0,81.14754098360656,62.295081967213115,18.852459016393443,0,0,0.819672131147541,0,0.819672131147541,18.0327868852459,16.39344262295082,1.639344262295082,0
E00053447,127,120,77,43,0,0,3,1,2,4,2,2,0,94.48818897637796,60.629921259842526,33.85826771653544,0,0,2.3622047244094486,0.7874015748031495,1.574803149606299,3.149606299212598,1.574803149606299,1.574803149606299,0
E00053448,125,113,72,41,1,1,3,1,2,8,6,2,0,90.4,57.599999999999994,32.800000000000004,0.8,0.8,2.4,0.8,1.6,6.4,4.8,1.6,0
E00053450,125,91,45,46,1,1,12,0,12,21,18,3,0,72.8,36,36.8,0.8,0.8,9.6,0,9.6,16.8,14.399999999999999,2.4,0
E00053451,138,99,57,42,2,2,1,0,1,36,32,4,0,71.73913043478261,41.30434782608695,30.434782608695656,1.4492753623188406,1.4492753623188406,0.7246376811594203,0,0.7246376811594203,26.08695652173913,23.18840579710145,2.898550724637681,0
E00053452,137,129,77,52,0,0,2,1,1,6,5,1,0,94.16058394160584,56.20437956204379,37.95620437956204,0,0,1.4598540145985401,0.7299270072992701,0.7299270072992701,4.37956204379562,3.64963503649635,0.7299270072992701,0
E00053453,128,76,38,38,0,0,7,0,7,45,42,3,0,59.375,29.6875,29.6875,0,0,5.46875,0,5.46875,35.15625,32.8125,2.34375,0
E00053454,149,130,73,57,0,0,0,0,0,19,19,0,0,87.24832214765101,48.99328859060403,38.25503355704698,0,0,0,0,0,12.751677852348994,12.751677852348994,0,0
E00053455,175,133,58,75,0,0,3,0,3,39,33,6,0,76,33.14285714285714,42.857142857142854,0,0,1.7142857142857144,0,1.7142857142857144,22.285714285714285,18.857142857142858,3.428571428571429,0
E00053456,176,161,105,56,0,0,2,1,1,13,9,4,0,91.47727272727273,59.65909090909091,31.818181818181817,0,0,1.1363636363636365,0.5681818181818182,0.5681818181818182,7.386363636363637,5.113636363636364,2.272727272727273,0
E00053457,138,106,64,42,0,0,2,0,2,30,25,5,0,76.81159420289855,46.3768115942029,30.434782608695656,0,0,1.4492753623188406,0,1.4492753623188406,21.73913043478261,18.115942028985508,3.6231884057971016,0
E00053458,163,145,111,34,0,0,1,0,1,17,11,6,0,88.95705521472392,68.09815950920245,20.858895705521473,0,0,0.6134969325153374,0,0.6134969325153374,10.429447852760736,6.748466257668712,3.6809815950920246,0
E00053459,146,126,59,67,0,0,2,2,0,18,10,8,0,86.3013698630137,40.41095890410959,45.89041095890411,0,0,1.36986301369863,1.36986301369863,0,12.32876712328767,6.8493150684931505,5.47945205479452,0
E00053460,158,100,54,46,0,0,25,12,13,33,26,7,0,63.29113924050633,34.177215189873415,29.11392405063291,0,0,15.822784810126583,7.59493670886076,8.227848101265822,20.88607594936709,16.455696202531644,4.430379746835443,0
E00053462,136,121,76,45,1,1,5,1,4,9,7,2,0,88.97058823529412,55.88235294117647,33.088235294117645,0.7352941176470588,0.7352941176470588,3.6764705882352944,0.7352941176470588,2.941176470588235,6.61764705882353,5.147058823529411,1.4705882352941175,0
E00053463,107,97,57,40,0,0,1,0,1,9,8,1,0,90.65420560747664,53.271028037383175,37.38317757009346,0,0,0.9345794392523363,0,0.9345794392523363,8.411214953271028,7.476635514018691,0.9345794392523363,0
E00053464,134,114,70,44,0,0,6,0,6,14,10,4,0,85.07462686567165,52.23880597014925,32.83582089552239,0,0,4.477611940298507,0,4.477611940298507,10.44776119402985,7.462686567164178,2.9850746268656714,0
E00053465,125,111,73,38,0,0,1,0,1,13,12,1,0,88.8,58.4,30.4,0,0,0.8,0,0.8,10.4,9.6,0.8,0
E00053466,124,103,53,50,0,0,0,0,0,21,21,0,0,83.06451612903226,42.74193548387097,40.32258064516129,0,0,0,0,0,16.93548387096774,16.93548387096774,0,0
E00053467,130,116,64,52,0,0,1,0,1,13,13,0,0,89.23076923076924,49.23076923076923,40,0,0,0.7692307692307693,0,0.7692307692307693,10,10,0,0
E00053468,125,93,59,34,0,0,25,15,10,7,5,2,0,74.4,47.199999999999996,27.200000000000003,0,0,20,12,8,5.6000000000000005,4,1.6,0
E00053469,153,132,71,61,2,2,7,0,7,12,10,2,0,86.27450980392157,46.40522875816993,39.869281045751634,1.3071895424836601,1.3071895424836601,4.57516339869281,0,4.57516339869281,7.8431372549019605,6.535947712418301,1.3071895424836601,0
E00053470,146,87,31,56,0,0,35,14,21,24,17,7,0,59.589041095890416,21.232876712328768,38.35616438356164,0,0,23.972602739726025,9.58904109589041,14.383561643835616,16.43835616438356,11.643835616438356,4.794520547945205,0
E00053471,126,107,47,60,0,0,7,0,7,12,12,0,0,84.92063492063492,37.301587301587304,47.61904761904761,0,0,5.555555555555555,0,5.555555555555555,9.523809523809524,9.523809523809524,0,0
E00053472,129,120,55,65,0,0,2,1,1,7,6,1,0,93.02325581395348,42.63565891472868,50.3875968992248,0,0,1.550387596899225,0.7751937984496124,0.7751937984496124,5.426356589147287,4.651162790697675,0.7751937984496124,0
E00053473,115,102,61,41,1,1,1,0,1,11,7,4,0,88.69565217391305,53.04347826086957,35.65217391304348,0.8695652173913043,0.8695652173913043,0.8695652173913043,0,0.8695652173913043,9.565217391304348,6.086956521739131,3.4782608695652173,0
E00053474,164,28,14,14,0,0,79,18,61,57,55,2,0,17.073170731707318,8.536585365853659,8.536585365853659,0,0,48.170731707317074,10.975609756097562,37.19512195121951,34.756097560975604,33.53658536585366,1.2195121951219512,0
E00053475,121,112,69,43,1,1,1,0,1,7,7,0,0,92.56198347107438,57.02479338842975,35.53719008264463,0.8264462809917356,0.8264462809917356,0.8264462809917356,0,0.8264462809917356,5.785123966942149,5.785123966942149,0,0
E00053476,149,108,55,53,1,1,9,3,6,31,27,4,0,72.48322147651007,36.91275167785235,35.57046979865772,0.6711409395973155,0.6711409395973155,6.0402684563758395,2.013422818791946,4.026845637583892,20.80536912751678,18.120805369127517,2.684563758389262,0
E00053477,118,95,58,37,1,1,6,0,6,16,13,3,0,80.50847457627118,49.152542372881356,31.35593220338983,0.847457627118644,0.847457627118644,5.084745762711865,0,5.084745762711865,13.559322033898304,11.016949152542372,2.5423728813559325,0
E00053478,191,105,40,65,7,7,21,1,20,58,51,7,0,54.973821989528794,20.94240837696335,34.031413612565444,3.664921465968586,3.664921465968586,10.99476439790576,0.5235602094240838,10.471204188481675,30.36649214659686,26.701570680628272,3.664921465968586,0
E00053479,130,85,46,39,0,0,24,12,12,21,20,1,0,65.38461538461539,35.38461538461539,30,0,0,18.461538461538463,9.230769230769232,9.230769230769232,16.153846153846153,15.384615384615385,0.7692307692307693,0
E00053480,145,94,41,53,0,0,30,13,17,21,17,4,0,64.82758620689654,28.27586206896552,36.55172413793103,0,0,20.689655172413794,8.96551724137931,11.724137931034482,14.482758620689657,11.724137931034482,2.7586206896551726,0
E00053481,127,107,74,33,0,0,2,0,2,18,10,8,0,84.25196850393701,58.26771653543307,25.984251968503933,0,0,1.574803149606299,0,1.574803149606299,14.173228346456693,7.874015748031496,6.299212598425196,0
E00053482,126,112,70,42,0,0,1,1,0,13,7,6,0,88.88888888888889,55.55555555555556,33.33333333333333,0,0,0.7936507936507936,0.7936507936507936,0,10.317460317460316,5.555555555555555,4.761904761904762,0
E00053483,124,90,52,38,0,0,1,0,1,33,31,2,0,72.58064516129032,41.935483870967744,30.64516129032258,0,0,0.8064516129032258,0,0.8064516129032258,26.61290322580645,25,1.6129032258064515,0
E00053484,134,79,49,30,0,0,38,16,22,16,13,3,1,58.95522388059702,36.56716417910448,22.388059701492537,0,0,28.35820895522388,11.940298507462686,16.417910447761194,11.940298507462686,9.701492537313433,2.2388059701492535,0.7462686567164178
E00053485,146,66,36,30,2,2,51,24,27,27,24,3,0,45.20547945205479,24.65753424657534,20.54794520547945,1.36986301369863,1.36986301369863,34.93150684931507,16.43835616438356,18.493150684931507,18.493150684931507,16.43835616438356,2.054794520547945,0
E00053486,189,145,77,68,1,1,2,0,2,41,36,5,0,76.71957671957672,40.74074074074074,35.978835978835974,0.5291005291005291,0.5291005291005291,1.0582010582010581,0,1.0582010582010581,21.693121693121693,19.047619047619047,2.6455026455026456,0
E00053487,157,109,67,42,0,0,11,4,7,37,29,8,0,69.42675159235668,42.675159235668794,26.751592356687897,0,0,7.006369426751593,2.547770700636943,4.45859872611465,23.56687898089172,18.471337579617835,5.095541401273886,0
E00053488,131,118,73,45,0,0,6,2,4,7,3,4,0,90.07633587786259,55.72519083969466,34.35114503816794,0,0,4.580152671755725,1.5267175572519083,3.0534351145038165,5.343511450381679,2.2900763358778624,3.0534351145038165,0
E00053489,169,146,79,67,0,0,3,0,3,20,18,2,0,86.3905325443787,46.74556213017752,39.64497041420118,0,0,1.7751479289940828,0,1.7751479289940828,11.834319526627219,10.650887573964498,1.183431952662722,0
E00053490,131,38,19,19,0,0,66,2,64,27,24,3,0,29.00763358778626,14.50381679389313,14.50381679389313,0,0,50.38167938931297,1.5267175572519083,48.854961832061065,20.610687022900763,18.3206106870229,2.2900763358778624,0
E00053491,135,123,96,27,0,0,0,0,0,12,10,2,0,91.11111111111111,71.11111111111111,20,0,0,0,0,0,8.88888888888889,7.4074074074074066,1.4814814814814816,0
E00053493,238,202,82,120,0,0,18,12,6,18,14,4,0,84.87394957983193,34.45378151260504,50.42016806722689,0,0,7.563025210084033,5.042016806722689,2.5210084033613445,7.563025210084033,5.88235294117647,1.680672268907563,0
E00053494,152,99,61,38,0,0,1,0,1,52,48,4,0,65.13157894736842,40.131578947368425,25,0,0,0.6578947368421052,0,0.6578947368421052,34.21052631578947,31.57894736842105,2.631578947368421,0
E00053495,159,128,55,73,0,0,19,5,14,12,7,5,0,80.50314465408806,34.59119496855346,45.911949685534594,0,0,11.949685534591195,3.1446540880503147,8.80503144654088,7.547169811320755,4.40251572327044,3.1446540880503147,0
E00053496,132,60,20,40,1,1,53,11,42,18,17,1,0,45.45454545454545,15.151515151515152,30.303030303030305,0.7575757575757576,0.7575757575757576,40.15151515151515,8.333333333333332,31.818181818181817,13.636363636363635,12.878787878787879,0.7575757575757576,0
E00053497,249,154,59,95,0,0,15,1,14,79,75,4,1,61.84738955823293,23.694779116465863,38.152610441767074,0,0,6.024096385542169,0.4016064257028112,5.622489959839357,31.72690763052209,30.120481927710845,1.6064257028112447,0.4016064257028112
E00053498,190,141,74,67,0,0,1,0,1,48,45,3,0,74.21052631578947,38.94736842105263,35.26315789473684,0,0,0.5263157894736842,0,0.5263157894736842,25.263157894736842,23.684210526315788,1.5789473684210527,0
E00053499,233,130,37,93,0,0,75,18,57,28,25,3,0,55.793991416309005,15.879828326180256,39.91416309012876,0,0,32.18884120171674,7.725321888412018,24.463519313304722,12.017167381974248,10.72961373390558,1.2875536480686696,0
E00053500,155,119,63,56,0,0,17,0,17,19,10,9,0,76.77419354838709,40.64516129032258,36.12903225806451,0,0,10.967741935483872,0,10.967741935483872,12.258064516129032,6.451612903225806,5.806451612903226,0
E00053501,132,119,68,51,0,0,1,0,1,12,9,3,0,90.15151515151516,51.515151515151516,38.63636363636363,0,0,0.7575757575757576,0,0.7575757575757576,9.090909090909092,6.8181818181818175,2.272727272727273,0
E00053502,135,85,49,36,0,0,33,14,19,16,12,4,1,62.96296296296296,36.2962962962963,26.666666666666668,0,0,24.444444444444443,10.37037037037037,14.074074074074074,11.851851851851853,8.88888888888889,2.9629629629629632,0.7407407407407408
E00053503,134,95,36,59,1,1,9,3,6,29,28,1,0,70.8955223880597,26.865671641791046,44.02985074626866,0.7462686567164178,0.7462686567164178,6.7164179104477615,2.2388059701492535,4.477611940298507,21.641791044776117,20.8955223880597,0.7462686567164178,0
E00053504,152,137,89,48,1,1,2,1,1,11,11,0,1,90.13157894736842,58.55263157894737,31.57894736842105,0.6578947368421052,0.6578947368421052,1.3157894736842104,0.6578947368421052,0.6578947368421052,7.236842105263158,7.236842105263158,0,0.6578947368421052
E00053505,227,189,125,64,4,4,5,2,3,29,24,5,0,83.25991189427313,55.06607929515418,28.193832599118945,1.762114537444934,1.762114537444934,2.2026431718061676,0.881057268722467,1.3215859030837005,12.77533039647577,10.572687224669604,2.2026431718061676,0
E00053506,121,84,40,44,0,0,10,4,6,27,25,2,0,69.42148760330579,33.057851239669425,36.36363636363637,0,0,8.264462809917356,3.3057851239669422,4.958677685950414,22.31404958677686,20.66115702479339,1.6528925619834711,0
E00053507,137,101,44,57,0,0,3,0,3,33,27,6,0,73.72262773722628,32.11678832116788,41.605839416058394,0,0,2.18978102189781,0,2.18978102189781,24.087591240875913,19.708029197080293,4.37956204379562,0
E00053508,132,105,55,50,0,0,6,1,5,21,17,4,0,79.54545454545455,41.66666666666667,37.878787878787875,0,0,4.545454545454546,0.7575757575757576,3.787878787878788,15.909090909090908,12.878787878787879,3.0303030303030303,0
E00053509,119,81,41,40,0,0,12,8,4,26,23,3,0,68.0672268907563,34.45378151260504,33.61344537815126,0,0,10.084033613445378,6.722689075630252,3.361344537815126,21.84873949579832,19.327731092436977,2.5210084033613445,0
E00053510,134,92,46,46,1,1,10,5,5,31,30,1,0,68.65671641791045,34.32835820895522,34.32835820895522,0.7462686567164178,0.7462686567164178,7.462686567164178,3.731343283582089,3.731343283582089,23.134328358208954,22.388059701492537,0.7462686567164178,0
E00053511,136,41,22,19,0,0,85,48,37,10,5,5,0,30.14705882352941,16.176470588235293,13.970588235294118,0,0,62.5,35.294117647058826,27.205882352941174,7.352941176470589,3.6764705882352944,3.6764705882352944,0
E00053512,123,76,43,33,1,1,20,5,15,26,23,3,0,61.78861788617886,34.959349593495936,26.82926829268293,0.8130081300813009,0.8130081300813009,16.260162601626014,4.0650406504065035,12.195121951219512,21.138211382113823,18.69918699186992,2.4390243902439024,0
E00053513,129,73,24,49,0,0,39,25,14,17,12,5,0,56.58914728682171,18.6046511627907,37.98449612403101,0,0,30.23255813953488,19.379844961240313,10.852713178294573,13.178294573643413,9.30232558139535,3.875968992248062,0
E00053514,131,72,25,47,0,0,28,19,9,31,27,4,0,54.961832061068705,19.083969465648856,35.87786259541985,0,0,21.374045801526716,14.50381679389313,6.870229007633588,23.66412213740458,20.610687022900763,3.0534351145038165,0
E00053515,140,84,43,41,0,0,28,12,16,28,21,7,0,60,30.714285714285715,29.28571428571429,0,0,20,8.571428571428571,11.428571428571429,20,15,5,0
E00053516,121,74,29,45,0,0,17,11,6,30,26,4,0,61.15702479338842,23.96694214876033,37.1900826446281,0,0,14.049586776859504,9.090909090909092,4.958677685950414,24.793388429752067,21.487603305785125,3.3057851239669422,0
E00053517,109,59,32,27,0,0,31,17,14,19,17,2,0,54.12844036697248,29.357798165137616,24.770642201834864,0,0,28.440366972477065,15.59633027522936,12.844036697247708,17.431192660550458,15.59633027522936,1.834862385321101,0
E00053518,118,53,29,24,0,0,45,2,43,20,17,3,0,44.91525423728814,24.576271186440678,20.33898305084746,0,0,38.13559322033898,1.694915254237288,36.440677966101696,16.94915254237288,14.40677966101695,2.5423728813559325,0
E00053519,98,81,28,53,1,1,4,1,3,12,11,1,0,82.6530612244898,28.57142857142857,54.08163265306123,1.0204081632653061,1.0204081632653061,4.081632653061225,1.0204081632653061,3.061224489795918,12.244897959183673,11.224489795918368,1.0204081632653061,0
E00053520,128,103,56,47,0,0,5,2,3,20,12,8,0,80.46875,43.75,36.71875,0,0,3.90625,1.5625,2.34375,15.625,9.375,6.25,0
E00053521,138,100,38,62,2,2,2,0,2,34,34,0,0,72.46376811594203,27.536231884057973,44.927536231884055,1.4492753623188406,1.4492753623188406,1.4492753623188406,0,1.4492753623188406,24.637681159420293,24.637681159420293,0,0
E00053522,109,97,44,53,0,0,1,1,0,11,5,6,0,88.9908256880734,40.36697247706422,48.62385321100918,0,0,0.9174311926605505,0.9174311926605505,0,10.091743119266056,4.587155963302752,5.5045871559633035,0
E00053523,184,105,44,61,23,23,3,0,3,53,45,8,0,57.065217391304344,23.91304347826087,33.15217391304348,12.5,12.5,1.6304347826086956,0,1.6304347826086956,28.804347826086957,24.456521739130434,4.3478260869565215,0
E00053524,126,77,35,42,3,3,1,0,1,45,42,3,0,61.111111111111114,27.77777777777778,33.33333333333333,2.380952380952381,2.380952380952381,0.7936507936507936,0,0.7936507936507936,35.714285714285715,33.33333333333333,2.380952380952381,0
E00053525,133,104,54,50,0,0,0,0,0,29,27,2,0,78.19548872180451,40.6015037593985,37.59398496240601,0,0,0,0,0,21.804511278195488,20.30075187969925,1.5037593984962405,0
E00053526,121,84,48,36,0,0,2,0,2,35,32,3,0,69.42148760330579,39.66942148760331,29.75206611570248,0,0,1.6528925619834711,0,1.6528925619834711,28.92561983471074,26.446280991735538,2.479338842975207,0
E00053527,115,71,24,47,3,3,4,0,4,37,30,7,0,61.73913043478261,20.869565217391305,40.869565217391305,2.608695652173913,2.608695652173913,3.4782608695652173,0,3.4782608695652173,32.17391304347826,26.08695652173913,6.086956521739131,0
E00053528,116,87,46,41,0,0,1,0,1,28,24,4,0,75,39.6551724137931,35.3448275862069,0,0,0.8620689655172413,0,0.8620689655172413,24.137931034482758,20.689655172413794,3.4482758620689653,0
E00053529,152,83,38,45,0,0,4,2,2,65,29,36,0,54.60526315789473,25,29.605263157894733,0,0,2.631578947368421,1.3157894736842104,1.3157894736842104,42.76315789473684,19.078947368421055,23.684210526315788,0
E00053530,122,99,52,47,0,0,0,0,0,23,19,4,0,81.14754098360656,42.62295081967213,38.52459016393443,0,0,0,0,0,18.852459016393443,15.573770491803279,3.278688524590164,0
E00053531,132,118,56,62,0,0,3,1,2,11,9,2,0,89.39393939393939,42.42424242424242,46.96969696969697,0,0,2.272727272727273,0.7575757575757576,1.5151515151515151,8.333333333333332,6.8181818181818175,1.5151515151515151,0
E00053532,112,77,38,39,1,1,2,0,2,32,28,4,0,68.75,33.92857142857143,34.82142857142857,0.8928571428571428,0.8928571428571428,1.7857142857142856,0,1.7857142857142856,28.57142857142857,25,3.571428571428571,0
E00053533,110,85,52,33,0,0,2,0,2,23,20,3,0,77.27272727272727,47.27272727272727,30,0,0,1.8181818181818181,0,1.8181818181818181,20.909090909090907,18.181818181818183,2.727272727272727,0
E00053534,129,100,43,57,0,0,1,1,0,28,24,4,0,77.51937984496125,33.33333333333333,44.18604651162791,0,0,0.7751937984496124,0.7751937984496124,0,21.705426356589147,18.6046511627907,3.10077519379845,0
E00053535,138,115,65,50,0,0,4,1,3,19,15,4,0,83.33333333333334,47.10144927536232,36.231884057971016,0,0,2.898550724637681,0.7246376811594203,2.1739130434782608,13.768115942028986,10.869565217391305,2.898550724637681,0
E00053536,153,108,42,66,0,0,7,1,6,38,30,8,0,70.58823529411765,27.450980392156865,43.13725490196079,0,0,4.57516339869281,0.6535947712418301,3.9215686274509802,24.836601307189543,19.607843137254903,5.228758169934641,0
E00053537,179,103,42,61,0,0,15,0,15,61,57,4,0,57.54189944134078,23.463687150837988,34.07821229050279,0,0,8.379888268156424,0,8.379888268156424,34.07821229050279,31.843575418994412,2.2346368715083798,0
E00053538,138,121,72,49,0,0,0,0,0,17,13,4,0,87.68115942028986,52.17391304347826,35.507246376811594,0,0,0,0,0,12.318840579710146,9.420289855072465,2.898550724637681,0
E00053539,126,84,43,41,0,0,2,0,2,40,31,9,0,66.66666666666666,34.12698412698413,32.53968253968254,0,0,1.5873015873015872,0,1.5873015873015872,31.746031746031743,24.6031746031746,7.142857142857142,0
E00053540,110,87,50,37,0,0,1,1,0,22,20,2,0,79.0909090909091,45.45454545454545,33.63636363636363,0,0,0.9090909090909091,0.9090909090909091,0,20,18.181818181818183,1.8181818181818181,0
E00053541,129,82,43,39,0,0,6,0,6,41,37,4,0,63.565891472868216,33.33333333333333,30.23255813953488,0,0,4.651162790697675,0,4.651162790697675,31.782945736434108,28.68217054263566,3.10077519379845,0
E00053542,128,107,54,53,0,0,8,6,2,13,10,3,0,83.59375,42.1875,41.40625,0,0,6.25,4.6875,1.5625,10.15625,7.8125,2.34375,0
E00053543,124,109,77,32,0,0,0,0,0,15,11,4,0,87.90322580645162,62.096774193548384,25.806451612903224,0,0,0,0,0,12.096774193548388,8.870967741935484,3.225806451612903,0
E00053544,133,114,49,65,0,0,2,2,0,17,14,3,0,85.71428571428571,36.84210526315789,48.87218045112782,0,0,1.5037593984962405,1.5037593984962405,0,12.781954887218044,10.526315789473683,2.2556390977443606,0
E00053545,133,107,66,41,0,0,1,0,1,25,23,2,0,80.45112781954887,49.62406015037594,30.82706766917293,0,0,0.7518796992481203,0,0.7518796992481203,18.796992481203006,17.293233082706767,1.5037593984962405,0
E00053546,126,108,59,49,0,0,0,0,0,18,15,3,0,85.71428571428571,46.82539682539682,38.88888888888889,0,0,0,0,0,14.285714285714285,11.904761904761903,2.380952380952381,0
E00053547,129,12,4,8,0,0,109,13,96,8,5,3,0,9.30232558139535,3.10077519379845,6.2015503875969,0,0,84.49612403100775,10.077519379844961,74.4186046511628,6.2015503875969,3.875968992248062,2.3255813953488373,0
E00053548,79,62,38,24,0,0,1,1,0,16,15,1,0,78.48101265822784,48.10126582278481,30.37974683544304,0,0,1.2658227848101267,1.2658227848101267,0,20.253164556962027,18.9873417721519,1.2658227848101267,0
E00053550,164,83,46,37,0,0,34,14,20,46,39,7,1,50.609756097560975,28.04878048780488,22.5609756097561,0,0,20.73170731707317,8.536585365853659,12.195121951219512,28.04878048780488,23.78048780487805,4.2682926829268295,0.6097560975609756
E00053552,123,8,2,6,0,0,101,10,91,14,12,2,0,6.504065040650407,1.6260162601626018,4.878048780487805,0,0,82.11382113821138,8.130081300813007,73.98373983739837,11.38211382113821,9.75609756097561,1.6260162601626018,0
E00053553,143,36,29,7,0,0,79,37,42,28,25,3,0,25.174825174825177,20.27972027972028,4.895104895104895,0,0,55.24475524475524,25.874125874125873,29.37062937062937,19.58041958041958,17.482517482517483,2.097902097902098,0
E00053555,134,12,5,7,0,0,117,5,112,5,4,1,0,8.955223880597014,3.731343283582089,5.223880597014925,0,0,87.31343283582089,3.731343283582089,83.5820895522388,3.731343283582089,2.9850746268656714,0.7462686567164178,0
E00053556,190,40,32,8,0,0,8,4,4,142,134,8,0,21.052631578947366,16.842105263157894,4.2105263157894735,0,0,4.2105263157894735,2.1052631578947367,2.1052631578947367,74.73684210526315,70.52631578947368,4.2105263157894735,0
E00053557,137,35,22,13,0,0,69,30,39,33,33,0,0,25.547445255474454,16.05839416058394,9.48905109489051,0,0,50.36496350364964,21.897810218978105,28.467153284671532,24.087591240875913,24.087591240875913,0,0
E00053558,131,19,8,11,1,1,87,37,50,24,23,1,0,14.50381679389313,6.106870229007633,8.396946564885496,0.7633587786259541,0.7633587786259541,66.41221374045801,28.24427480916031,38.16793893129771,18.3206106870229,17.557251908396946,0.7633587786259541,0
E00053559,214,148,71,77,1,1,8,0,8,57,51,6,0,69.1588785046729,33.177570093457945,35.981308411214954,0.46728971962616817,0.46728971962616817,3.7383177570093453,0,3.7383177570093453,26.635514018691588,23.83177570093458,2.803738317757009,0
E00053560,133,24,11,13,0,0,99,12,87,10,9,1,0,18.045112781954884,8.270676691729323,9.774436090225564,0,0,74.43609022556392,9.022556390977442,65.41353383458647,7.518796992481203,6.7669172932330826,0.7518796992481203,0
E00053561,138,53,26,27,0,0,38,7,31,47,45,2,0,38.405797101449274,18.84057971014493,19.565217391304348,0,0,27.536231884057973,5.072463768115942,22.463768115942027,34.05797101449276,32.608695652173914,1.4492753623188406,0
E00053562,129,57,35,22,0,0,44,25,19,28,26,2,0,44.18604651162791,27.131782945736433,17.05426356589147,0,0,34.10852713178294,19.379844961240313,14.728682170542637,21.705426356589147,20.155038759689923,1.550387596899225,0
E00053563,128,38,29,9,1,1,58,26,32,31,28,3,0,29.6875,22.65625,7.03125,0.78125,0.78125,45.3125,20.3125,25,24.21875,21.875,2.34375,0
E00053564,137,34,15,19,0,0,52,24,28,50,48,2,1,24.817518248175183,10.948905109489052,13.86861313868613,0,0,37.95620437956204,17.51824817518248,20.437956204379564,36.496350364963504,35.03649635036496,1.4598540145985401,0.7299270072992701
E00053565,119,30,11,19,0,0,54,28,26,35,31,4,0,25.210084033613445,9.243697478991598,15.966386554621847,0,0,45.378151260504204,23.52941176470588,21.84873949579832,29.411764705882355,26.05042016806723,3.361344537815126,0
E00053566,145,36,17,19,1,1,77,35,42,31,30,1,0,24.82758620689655,11.724137931034482,13.10344827586207,0.6896551724137931,0.6896551724137931,53.103448275862064,24.137931034482758,28.965517241379313,21.379310344827587,20.689655172413794,0.6896551724137931,0
E00053567,130,42,24,18,0,0,33,17,16,54,53,1,1,32.30769230769231,18.461538461538463,13.846153846153847,0,0,25.384615384615383,13.076923076923078,12.307692307692308,41.53846153846154,40.76923076923077,0.7692307692307693,0.7692307692307693
E00053568,146,46,18,28,0,0,64,33,31,35,28,7,1,31.506849315068493,12.32876712328767,19.17808219178082,0,0,43.83561643835616,22.602739726027394,21.232876712328768,23.972602739726025,19.17808219178082,4.794520547945205,0.684931506849315
E00053569,127,71,49,22,3,3,4,0,4,49,46,3,0,55.90551181102362,38.582677165354326,17.322834645669293,2.3622047244094486,2.3622047244094486,3.149606299212598,0,3.149606299212598,38.582677165354326,36.22047244094488,2.3622047244094486,0
E00053570,121,69,27,42,1,1,25,8,17,25,19,6,1,57.02479338842975,22.31404958677686,34.710743801652896,0.8264462809917356,0.8264462809917356,20.66115702479339,6.6115702479338845,14.049586776859504,20.66115702479339,15.702479338842975,4.958677685950414,0.8264462809917356
E00053571,128,77,37,40,0,0,13,3,10,38,33,5,0,60.15625,28.90625,31.25,0,0,10.15625,2.34375,7.8125,29.6875,25.78125,3.90625,0
E00053572,165,6,2,4,0,0,128,53,75,30,27,3,1,3.6363636363636362,1.2121212121212122,2.4242424242424243,0,0,77.57575757575758,32.121212121212125,45.45454545454545,18.181818181818183,16.363636363636363,1.8181818181818181,0.6060606060606061
E00053573,153,71,37,34,0,0,25,4,21,57,53,4,0,46.40522875816993,24.183006535947712,22.22222222222222,0,0,16.33986928104575,2.6143790849673203,13.725490196078432,37.254901960784316,34.64052287581699,2.6143790849673203,0
E00053574,145,105,59,46,0,0,7,2,5,33,30,3,0,72.41379310344827,40.689655172413794,31.724137931034484,0,0,4.827586206896552,1.3793103448275863,3.4482758620689653,22.758620689655174,20.689655172413794,2.0689655172413794,0
E00053575,143,95,47,48,0,0,8,3,5,40,37,3,0,66.43356643356644,32.86713286713287,33.56643356643357,0,0,5.594405594405594,2.097902097902098,3.4965034965034967,27.972027972027973,25.874125874125873,2.097902097902098,0
E00053576,138,100,44,56,1,1,1,0,1,36,28,8,0,72.46376811594203,31.88405797101449,40.57971014492754,0.7246376811594203,0.7246376811594203,0.7246376811594203,0,0.7246376811594203,26.08695652173913,20.28985507246377,5.797101449275362,0
E00053577,181,72,43,29,1,1,76,30,46,32,31,1,0,39.77900552486188,23.756906077348066,16.022099447513813,0.5524861878453038,0.5524861878453038,41.988950276243095,16.574585635359114,25.41436464088398,17.67955801104972,17.12707182320442,0.5524861878453038,0
E00053578,141,80,33,47,0,0,1,1,0,60,55,5,0,56.73758865248227,23.404255319148938,33.33333333333333,0,0,0.7092198581560284,0.7092198581560284,0,42.5531914893617,39.00709219858156,3.546099290780142,0
E00053579,159,98,59,39,0,0,8,0,8,53,44,9,0,61.63522012578616,37.10691823899371,24.528301886792452,0,0,5.031446540880504,0,5.031446540880504,33.33333333333333,27.67295597484277,5.660377358490567,0
E00053580,130,100,50,50,1,1,2,1,1,27,25,2,0,76.92307692307693,38.46153846153847,38.46153846153847,0.7692307692307693,0.7692307692307693,1.5384615384615385,0.7692307692307693,0.7692307692307693,20.76923076923077,19.230769230769234,1.5384615384615385,0
E00053581,133,95,49,46,2,2,7,1,6,29,19,10,0,71.42857142857143,36.84210526315789,34.58646616541353,1.5037593984962405,1.5037593984962405,5.263157894736842,0.7518796992481203,4.511278195488721,21.804511278195488,14.285714285714285,7.518796992481203,0
E00053582,133,62,33,29,1,1,39,23,16,31,25,6,0,46.616541353383454,24.81203007518797,21.804511278195488,0.7518796992481203,0.7518796992481203,29.32330827067669,17.293233082706767,12.030075187969924,23.308270676691727,18.796992481203006,4.511278195488721,0
E00053583,145,68,37,31,1,1,55,14,41,21,16,5,0,46.89655172413793,25.517241379310345,21.379310344827587,0.6896551724137931,0.6896551724137931,37.93103448275862,9.655172413793103,28.27586206896552,14.482758620689657,11.03448275862069,3.4482758620689653,0
E00053584,168,83,38,45,0,0,66,33,33,19,16,3,0,49.404761904761905,22.61904761904762,26.785714285714285,0,0,39.285714285714285,19.642857142857142,19.642857142857142,11.30952380952381,9.523809523809524,1.7857142857142856,0
E00053585,94,44,31,13,0,0,27,9,18,23,19,4,0,46.808510638297875,32.97872340425532,13.829787234042554,0,0,28.723404255319153,9.574468085106384,19.148936170212767,24.46808510638298,20.212765957446805,4.25531914893617,0
E00053586,131,37,15,22,0,0,22,1,21,72,65,7,0,28.24427480916031,11.450381679389313,16.793893129770993,0,0,16.793893129770993,0.7633587786259541,16.030534351145036,54.961832061068705,49.61832061068702,5.343511450381679,0
E00053587,109,22,5,17,0,0,72,29,43,15,12,3,0,20.18348623853211,4.587155963302752,15.59633027522936,0,0,66.05504587155964,26.605504587155966,39.44954128440367,13.761467889908257,11.009174311926607,2.7522935779816518,0
E00053588,107,13,6,7,0,0,82,27,55,12,12,0,0,12.149532710280374,5.607476635514018,6.5420560747663545,0,0,76.63551401869158,25.233644859813083,51.4018691588785,11.214953271028037,11.214953271028037,0,0
E00053589,162,16,8,8,1,1,127,60,67,18,16,2,0,9.876543209876543,4.938271604938271,4.938271604938271,0.6172839506172839,0.6172839506172839,78.39506172839506,37.03703703703704,41.358024691358025,11.11111111111111,9.876543209876543,1.2345679012345678,0
E00053590,91,25,8,17,0,0,34,20,14,32,27,5,0,27.472527472527474,8.791208791208792,18.681318681318682,0,0,37.362637362637365,21.978021978021978,15.384615384615385,35.16483516483517,29.67032967032967,5.4945054945054945,0
E00053591,144,28,12,16,0,0,92,33,59,24,18,6,0,19.444444444444446,8.333333333333332,11.11111111111111,0,0,63.888888888888886,22.916666666666664,40.97222222222222,16.666666666666664,12.5,4.166666666666666,0
E00053592,100,59,38,21,0,0,19,2,17,22,19,3,0,59,38,21,0,0,19,2,17,22,19,3,0
E00053593,119,73,42,31,0,0,10,2,8,36,31,5,0,61.34453781512605,35.294117647058826,26.05042016806723,0,0,8.403361344537815,1.680672268907563,6.722689075630252,30.252100840336134,26.05042016806723,4.201680672268908,0
E00053594,174,19,10,9,0,0,117,11,106,38,36,2,0,10.919540229885058,5.747126436781609,5.172413793103448,0,0,67.24137931034483,6.321839080459771,60.91954022988506,21.839080459770116,20.689655172413794,1.1494252873563218,0
E00053595,119,68,34,34,0,0,2,0,2,49,44,5,0,57.14285714285714,28.57142857142857,28.57142857142857,0,0,1.680672268907563,0,1.680672268907563,41.17647058823529,36.97478991596639,4.201680672268908,0
E00053596,146,44,28,16,0,0,54,11,43,48,35,13,0,30.136986301369863,19.17808219178082,10.95890410958904,0,0,36.986301369863014,7.534246575342466,29.45205479452055,32.87671232876712,23.972602739726025,8.904109589041095,0
E00053597,132,43,26,17,0,0,62,14,48,27,25,2,0,32.57575757575758,19.696969696969695,12.878787878787879,0,0,46.96969696969697,10.606060606060606,36.36363636363637,20.454545454545457,18.939393939393938,1.5151515151515151,0
E00053598,126,47,24,23,0,0,30,3,27,49,45,4,0,37.301587301587304,19.047619047619047,18.253968253968253,0,0,23.809523809523807,2.380952380952381,21.428571428571427,38.88888888888889,35.714285714285715,3.1746031746031744,0
E00053599,142,61,46,15,0,0,20,2,18,61,51,10,0,42.95774647887324,32.3943661971831,10.56338028169014,0,0,14.084507042253522,1.4084507042253522,12.676056338028168,42.95774647887324,35.91549295774648,7.042253521126761,0
E00053600,131,52,42,10,0,0,38,5,33,41,31,10,0,39.69465648854962,32.06106870229007,7.633587786259542,0,0,29.00763358778626,3.816793893129771,25.190839694656486,31.297709923664126,23.66412213740458,7.633587786259542,0
E00053602,139,81,60,21,1,1,36,16,20,21,16,5,0,58.27338129496403,43.16546762589928,15.107913669064748,0.7194244604316548,0.7194244604316548,25.899280575539567,11.510791366906476,14.388489208633093,15.107913669064748,11.510791366906476,3.5971223021582732,0
E00053603,121,53,26,27,0,0,56,26,30,12,9,3,0,43.80165289256198,21.487603305785125,22.31404958677686,0,0,46.28099173553719,21.487603305785125,24.793388429752067,9.917355371900827,7.43801652892562,2.479338842975207,0
E00053604,131,92,58,34,0,0,5,3,2,34,24,10,0,70.22900763358778,44.274809160305345,25.954198473282442,0,0,3.816793893129771,2.2900763358778624,1.5267175572519083,25.954198473282442,18.3206106870229,7.633587786259542,0
E00053605,120,97,50,47,1,1,0,0,0,22,17,5,0,80.83333333333333,41.66666666666667,39.166666666666664,0.8333333333333334,0.8333333333333334,0,0,0,18.333333333333332,14.166666666666666,4.166666666666666,0
E00053606,128,85,31,54,0,0,1,0,1,42,39,3,0,66.40625,24.21875,42.1875,0,0,0.78125,0,0.78125,32.8125,30.46875,2.34375,0
E00053607,129,52,20,32,0,0,53,29,24,24,22,2,0,40.310077519379846,15.503875968992247,24.8062015503876,0,0,41.08527131782946,22.48062015503876,18.6046511627907,18.6046511627907,17.05426356589147,1.550387596899225,0
E00053608,134,56,17,39,1,1,54,23,31,21,20,1,2,41.7910447761194,12.686567164179104,29.1044776119403,0.7462686567164178,0.7462686567164178,40.298507462686565,17.16417910447761,23.134328358208954,15.671641791044777,14.925373134328357,0.7462686567164178,1.4925373134328357
E00053609,145,81,37,44,0,0,13,9,4,51,47,4,0,55.86206896551724,25.517241379310345,30.344827586206897,0,0,8.96551724137931,6.206896551724138,2.7586206896551726,35.172413793103445,32.41379310344827,2.7586206896551726,0
E00053610,120,95,34,61,0,0,0,0,0,25,23,2,0,79.16666666666666,28.333333333333332,50.83333333333333,0,0,0,0,0,20.833333333333336,19.166666666666668,1.6666666666666667,0
E00053611,130,82,47,35,1,1,1,0,1,46,45,1,0,63.07692307692307,36.15384615384615,26.923076923076923,0.7692307692307693,0.7692307692307693,0.7692307692307693,0,0.7692307692307693,35.38461538461539,34.61538461538461,0.7692307692307693,0
E00053612,120,70,30,40,0,0,34,17,17,16,15,1,0,58.333333333333336,25,33.33333333333333,0,0,28.333333333333332,14.166666666666666,14.166666666666666,13.333333333333334,12.5,0.8333333333333334,0
E00053613,126,66,31,35,0,0,42,35,7,17,15,2,1,52.38095238095239,24.6031746031746,27.77777777777778,0,0,33.33333333333333,27.77777777777778,5.555555555555555,13.492063492063492,11.904761904761903,1.5873015873015872,0.7936507936507936
E00053614,143,92,51,41,1,1,10,7,3,40,32,8,0,64.33566433566433,35.66433566433567,28.671328671328673,0.6993006993006993,0.6993006993006993,6.993006993006993,4.895104895104895,2.097902097902098,27.972027972027973,22.377622377622377,5.594405594405594,0
E00053616,114,65,41,24,0,0,5,4,1,44,38,6,0,57.01754385964912,35.96491228070175,21.052631578947366,0,0,4.385964912280701,3.508771929824561,0.8771929824561403,38.59649122807017,33.33333333333333,5.263157894736842,0
E00053617,119,48,19,29,0,0,58,37,21,13,12,1,0,40.33613445378151,15.966386554621847,24.369747899159663,0,0,48.739495798319325,31.092436974789916,17.647058823529413,10.92436974789916,10.084033613445378,0.8403361344537815,0
E00053618,115,65,35,30,0,0,3,0,3,47,26,21,0,56.52173913043478,30.434782608695656,26.08695652173913,0,0,2.608695652173913,0,2.608695652173913,40.869565217391305,22.608695652173914,18.26086956521739,0
E00053621,130,98,50,48,0,0,0,0,0,32,29,3,0,75.38461538461539,38.46153846153847,36.92307692307693,0,0,0,0,0,24.615384615384617,22.30769230769231,2.307692307692308,0
E00053622,148,75,38,37,0,0,44,31,13,27,23,4,2,50.67567567567568,25.675675675675674,25,0,0,29.72972972972973,20.945945945945947,8.783783783783784,18.243243243243242,15.54054054054054,2.7027027027027026,1.3513513513513513
E00053623,157,102,45,57,0,0,7,1,6,47,38,9,1,64.96815286624204,28.662420382165603,36.30573248407643,0,0,4.45859872611465,0.6369426751592357,3.821656050955414,29.936305732484076,24.203821656050955,5.7324840764331215,0.6369426751592357
E00053624,138,76,43,33,0,0,31,20,11,31,23,8,0,55.072463768115945,31.15942028985507,23.91304347826087,0,0,22.463768115942027,14.492753623188406,7.971014492753622,22.463768115942027,16.666666666666664,5.797101449275362,0
E00053625,122,89,41,48,1,1,1,1,0,31,27,4,0,72.95081967213115,33.60655737704918,39.34426229508197,0.819672131147541,0.819672131147541,0.819672131147541,0.819672131147541,0,25.40983606557377,22.131147540983605,3.278688524590164,0
E00053626,122,83,43,40,0,0,3,2,1,36,33,3,0,68.0327868852459,35.24590163934426,32.78688524590164,0,0,2.459016393442623,1.639344262295082,0.819672131147541,29.508196721311474,27.049180327868854,2.459016393442623,0
E00053627,144,96,59,37,2,2,1,1,0,45,34,11,0,66.66666666666666,40.97222222222222,25.694444444444443,1.3888888888888888,1.3888888888888888,0.6944444444444444,0.6944444444444444,0,31.25,23.61111111111111,7.638888888888889,0
E00053629,147,69,36,33,0,0,6,3,3,72,68,4,0,46.93877551020408,24.489795918367346,22.448979591836736,0,0,4.081632653061225,2.0408163265306123,2.0408163265306123,48.97959183673469,46.25850340136054,2.7210884353741496,0
E00053630,138,104,63,41,0,0,1,0,1,33,28,5,0,75.36231884057972,45.65217391304348,29.71014492753623,0,0,0.7246376811594203,0,0.7246376811594203,23.91304347826087,20.28985507246377,3.6231884057971016,0
E00053631,146,90,63,27,1,1,9,5,4,45,34,11,1,61.64383561643836,43.15068493150685,18.493150684931507,0.684931506849315,0.684931506849315,6.164383561643835,3.4246575342465753,2.73972602739726,30.82191780821918,23.28767123287671,7.534246575342466,0.684931506849315
E00053632,127,79,55,24,1,1,4,1,3,43,35,8,0,62.20472440944882,43.30708661417323,18.89763779527559,0.7874015748031495,0.7874015748031495,3.149606299212598,0.7874015748031495,2.3622047244094486,33.85826771653544,27.559055118110237,6.299212598425196,0
E00053633,129,40,31,9,0,0,34,2,32,55,51,4,0,31.007751937984494,24.031007751937985,6.976744186046512,0,0,26.356589147286826,1.550387596899225,24.8062015503876,42.63565891472868,39.53488372093023,3.10077519379845,0
E00053634,166,74,37,37,1,1,7,6,1,84,71,13,0,44.57831325301205,22.289156626506024,22.289156626506024,0.6024096385542169,0.6024096385542169,4.216867469879518,3.614457831325301,0.6024096385542169,50.602409638554214,42.77108433734939,7.83132530120482,0
E00053635,133,86,53,33,1,1,10,3,7,36,30,6,0,64.66165413533834,39.849624060150376,24.81203007518797,0.7518796992481203,0.7518796992481203,7.518796992481203,2.2556390977443606,5.263157894736842,27.06766917293233,22.55639097744361,4.511278195488721,0
E00053637,129,61,36,25,1,1,36,14,22,29,19,10,2,47.286821705426355,27.906976744186046,19.379844961240313,0.7751937984496124,0.7751937984496124,27.906976744186046,10.852713178294573,17.05426356589147,22.48062015503876,14.728682170542637,7.751937984496124,1.550387596899225
E00053638,155,16,12,4,0,0,113,10,103,25,23,2,1,10.32258064516129,7.741935483870968,2.5806451612903225,0,0,72.90322580645162,6.451612903225806,66.45161290322581,16.129032258064516,14.838709677419354,1.2903225806451613,0.6451612903225806
E00053639,138,30,17,13,0,0,72,12,60,34,34,0,2,21.73913043478261,12.318840579710146,9.420289855072465,0,0,52.17391304347826,8.695652173913043,43.47826086956522,24.637681159420293,24.637681159420293,0,1.4492753623188406
E00053640,170,98,76,22,0,0,24,12,12,48,43,5,0,57.647058823529406,44.70588235294118,12.941176470588237,0,0,14.117647058823529,7.0588235294117645,7.0588235294117645,28.235294117647058,25.294117647058822,2.941176470588235,0
E00053641,143,63,23,40,0,0,33,4,29,47,45,2,0,44.05594405594406,16.083916083916083,27.972027972027973,0,0,23.076923076923077,2.797202797202797,20.27972027972028,32.86713286713287,31.46853146853147,1.3986013986013985,0
E00053642,134,116,64,52,1,1,1,0,1,16,15,1,0,86.56716417910447,47.76119402985074,38.80597014925373,0.7462686567164178,0.7462686567164178,0.7462686567164178,0,0.7462686567164178,11.940298507462686,11.194029850746269,0.7462686567164178,0
E00053643,140,112,60,52,1,1,1,0,1,26,22,4,0,80,42.857142857142854,37.142857142857146,0.7142857142857143,0.7142857142857143,0.7142857142857143,0,0.7142857142857143,18.571428571428573,15.714285714285714,2.857142857142857,0
E00053644,125,108,74,34,0,0,1,0,1,16,14,2,0,86.4,59.199999999999996,27.200000000000003,0,0,0.8,0,0.8,12.8,11.200000000000001,1.6,0
E00053645,162,108,49,59,0,0,3,1,2,51,45,6,0,66.66666666666666,30.246913580246915,36.41975308641975,0,0,1.8518518518518516,0.6172839506172839,1.2345679012345678,31.48148148148148,27.77777777777778,3.7037037037037033,0
E00053646,198,177,89,88,1,1,0,0,0,20,15,5,0,89.39393939393939,44.94949494949495,44.44444444444444,0.5050505050505051,0.5050505050505051,0,0,0,10.1010101010101,7.575757575757576,2.525252525252525,0
E00053647,130,98,53,45,0,0,4,2,2,28,20,8,0,75.38461538461539,40.76923076923077,34.61538461538461,0,0,3.076923076923077,1.5384615384615385,1.5384615384615385,21.53846153846154,15.384615384615385,6.153846153846154,0
E00053648,134,45,16,29,0,0,77,46,31,12,9,3,0,33.582089552238806,11.940298507462686,21.641791044776117,0,0,57.46268656716418,34.32835820895522,23.134328358208954,8.955223880597014,6.7164179104477615,2.2388059701492535,0
E00053649,111,75,31,44,0,0,0,0,0,36,27,9,0,67.56756756756756,27.927927927927925,39.63963963963964,0,0,0,0,0,32.432432432432435,24.324324324324326,8.108108108108109,0
E00053650,156,86,46,40,12,12,31,19,12,26,22,4,1,55.12820512820513,29.48717948717949,25.64102564102564,7.6923076923076925,7.6923076923076925,19.871794871794872,12.179487179487179,7.6923076923076925,16.666666666666664,14.102564102564102,2.564102564102564,0.641025641025641
E00053651,116,102,75,27,0,0,2,1,1,12,10,2,0,87.93103448275862,64.65517241379311,23.275862068965516,0,0,1.7241379310344827,0.8620689655172413,0.8620689655172413,10.344827586206897,8.620689655172415,1.7241379310344827,0
E00053652,130,16,12,4,0,0,106,51,55,8,7,1,0,12.307692307692308,9.230769230769232,3.076923076923077,0,0,81.53846153846153,39.23076923076923,42.30769230769231,6.153846153846154,5.384615384615385,0.7692307692307693,0
E00053653,120,95,50,45,0,0,8,8,0,17,15,2,0,79.16666666666666,41.66666666666667,37.5,0,0,6.666666666666667,6.666666666666667,0,14.166666666666666,12.5,1.6666666666666667,0
E00053654,132,79,31,48,0,0,38,21,17,15,15,0,0,59.84848484848485,23.484848484848484,36.36363636363637,0,0,28.78787878787879,15.909090909090908,12.878787878787879,11.363636363636363,11.363636363636363,0,0
E00053655,134,83,43,40,0,0,27,1,26,24,21,3,0,61.940298507462686,32.08955223880597,29.850746268656714,0,0,20.149253731343283,0.7462686567164178,19.402985074626866,17.91044776119403,15.671641791044777,2.2388059701492535,0
E00053656,167,150,45,105,0,0,2,2,0,15,11,4,0,89.82035928143712,26.94610778443114,62.874251497005986,0,0,1.1976047904191618,1.1976047904191618,0,8.982035928143713,6.58682634730539,2.3952095808383236,0
E00053657,176,129,68,61,5,5,22,0,22,20,20,0,0,73.29545454545455,38.63636363636363,34.659090909090914,2.840909090909091,2.840909090909091,12.5,0,12.5,11.363636363636363,11.363636363636363,0,0
E00053658,130,92,27,65,1,1,3,1,2,34,32,2,0,70.76923076923077,20.76923076923077,50,0.7692307692307693,0.7692307692307693,2.307692307692308,0.7692307692307693,1.5384615384615385,26.153846153846157,24.615384615384617,1.5384615384615385,0
E00053659,117,61,26,35,0,0,1,0,1,55,51,4,0,52.13675213675214,22.22222222222222,29.914529914529915,0,0,0.8547008547008548,0,0.8547008547008548,47.008547008547005,43.58974358974359,3.418803418803419,0
E00053660,118,81,43,38,1,1,0,0,0,36,32,4,0,68.64406779661016,36.440677966101696,32.20338983050847,0.847457627118644,0.847457627118644,0,0,0,30.508474576271187,27.11864406779661,3.389830508474576,0
E00053661,134,82,25,57,0,0,7,2,5,45,40,5,0,61.19402985074627,18.65671641791045,42.53731343283582,0,0,5.223880597014925,1.4925373134328357,3.731343283582089,33.582089552238806,29.850746268656714,3.731343283582089,0
E00053663,127,96,37,59,0,0,2,0,2,29,26,3,0,75.59055118110236,29.133858267716533,46.45669291338583,0,0,1.574803149606299,0,1.574803149606299,22.83464566929134,20.47244094488189,2.3622047244094486,0
E00053664,128,110,53,57,0,0,0,0,0,18,15,3,0,85.9375,41.40625,44.53125,0,0,0,0,0,14.0625,11.71875,2.34375,0
E00053665,135,113,57,56,0,0,0,0,0,22,21,1,0,83.7037037037037,42.22222222222222,41.48148148148148,0,0,0,0,0,16.296296296296298,15.555555555555555,0.7407407407407408,0
E00053666,178,99,25,74,1,1,46,10,36,32,29,3,0,55.61797752808989,14.04494382022472,41.57303370786517,0.5617977528089888,0.5617977528089888,25.842696629213485,5.617977528089887,20.224719101123593,17.97752808988764,16.292134831460675,1.6853932584269662,0
E00053667,111,93,34,59,1,1,0,0,0,17,16,1,0,83.78378378378379,30.630630630630627,53.153153153153156,0.9009009009009009,0.9009009009009009,0,0,0,15.315315315315313,14.414414414414415,0.9009009009009009,0
E00053668,130,92,35,57,0,0,9,4,5,29,29,0,0,70.76923076923077,26.923076923076923,43.84615384615385,0,0,6.923076923076923,3.076923076923077,3.8461538461538463,22.30769230769231,22.30769230769231,0,0
E00053670,130,45,16,29,0,0,54,36,18,31,29,2,0,34.61538461538461,12.307692307692308,22.30769230769231,0,0,41.53846153846154,27.692307692307693,13.846153846153847,23.846153846153847,22.30769230769231,1.5384615384615385,0
E00053671,117,34,18,16,0,0,68,36,32,15,12,3,0,29.059829059829063,15.384615384615385,13.675213675213676,0,0,58.119658119658126,30.76923076923077,27.350427350427353,12.82051282051282,10.256410256410255,2.564102564102564,0
E00053672,134,65,23,42,0,0,26,6,20,43,43,0,0,48.507462686567166,17.16417910447761,31.343283582089555,0,0,19.402985074626866,4.477611940298507,14.925373134328357,32.08955223880597,32.08955223880597,0,0
E00053673,136,111,34,77,0,0,1,0,1,24,19,5,0,81.61764705882352,25,56.61764705882353,0,0,0.7352941176470588,0,0.7352941176470588,17.647058823529413,13.970588235294118,3.6764705882352944,0
E00053674,133,95,37,58,1,1,8,2,6,29,29,0,0,71.42857142857143,27.819548872180448,43.609022556390975,0.7518796992481203,0.7518796992481203,6.015037593984962,1.5037593984962405,4.511278195488721,21.804511278195488,21.804511278195488,0,0
E00053675,138,47,21,26,0,0,66,28,38,25,21,4,0,34.05797101449276,15.217391304347828,18.84057971014493,0,0,47.82608695652174,20.28985507246377,27.536231884057973,18.115942028985508,15.217391304347828,2.898550724637681,0
E00053676,139,29,12,17,0,0,63,51,12,47,44,3,0,20.863309352517987,8.633093525179856,12.23021582733813,0,0,45.32374100719424,36.69064748201439,8.633093525179856,33.81294964028777,31.654676258992804,2.158273381294964,0
E00053677,143,28,10,18,0,0,103,16,87,12,10,2,0,19.58041958041958,6.993006993006993,12.587412587412588,0,0,72.02797202797203,11.188811188811188,60.83916083916085,8.391608391608392,6.993006993006993,1.3986013986013985,0
E00053678,158,54,20,34,7,7,49,29,20,48,40,8,0,34.177215189873415,12.658227848101266,21.518987341772153,4.430379746835443,4.430379746835443,31.0126582278481,18.354430379746837,12.658227848101266,30.37974683544304,25.31645569620253,5.063291139240507,0
E00053679,145,88,50,38,0,0,12,6,6,45,42,3,0,60.689655172413794,34.48275862068966,26.20689655172414,0,0,8.275862068965518,4.137931034482759,4.137931034482759,31.03448275862069,28.965517241379313,2.0689655172413794,0
E00053680,128,58,36,22,0,0,22,8,14,48,43,5,0,45.3125,28.125,17.1875,0,0,17.1875,6.25,10.9375,37.5,33.59375,3.90625,0
E00053681,138,70,34,36,1,1,13,3,10,54,48,6,0,50.72463768115942,24.637681159420293,26.08695652173913,0.7246376811594203,0.7246376811594203,9.420289855072465,2.1739130434782608,7.246376811594203,39.130434782608695,34.78260869565217,4.3478260869565215,0
E00053682,130,109,68,41,0,0,2,1,1,19,18,1,0,83.84615384615385,52.307692307692314,31.538461538461537,0,0,1.5384615384615385,0.7692307692307693,0.7692307692307693,14.615384615384617,13.846153846153847,0.7692307692307693,0
E00053683,141,117,73,44,0,0,5,4,1,19,15,4,0,82.97872340425532,51.77304964539007,31.20567375886525,0,0,3.546099290780142,2.8368794326241136,0.7092198581560284,13.47517730496454,10.638297872340425,2.8368794326241136,0
E00053684,108,4,3,1,0,0,93,8,85,11,11,0,0,3.7037037037037033,2.7777777777777777,0.9259259259259258,0,0,86.11111111111111,7.4074074074074066,78.70370370370371,10.185185185185185,10.185185185185185,0,0
E00053685,132,91,56,35,0,0,1,1,0,40,33,7,0,68.93939393939394,42.42424242424242,26.515151515151516,0,0,0.7575757575757576,0.7575757575757576,0,30.303030303030305,25,5.303030303030303,0
E00053686,145,76,34,42,2,2,4,1,3,63,56,7,0,52.41379310344828,23.448275862068964,28.965517241379313,1.3793103448275863,1.3793103448275863,2.7586206896551726,0.6896551724137931,2.0689655172413794,43.44827586206896,38.62068965517241,4.827586206896552,0
E00053687,134,52,30,22,4,4,56,16,40,22,20,2,0,38.80597014925373,22.388059701492537,16.417910447761194,2.9850746268656714,2.9850746268656714,41.7910447761194,11.940298507462686,29.850746268656714,16.417910447761194,14.925373134328357,1.4925373134328357,0
E00053688,137,99,49,50,0,0,2,0,2,36,31,5,0,72.26277372262774,35.76642335766424,36.496350364963504,0,0,1.4598540145985401,0,1.4598540145985401,26.277372262773724,22.62773722627737,3.64963503649635,0
E00053689,123,108,77,31,0,0,1,1,0,14,10,4,0,87.8048780487805,62.601626016260155,25.203252032520325,0,0,0.8130081300813009,0.8130081300813009,0,11.38211382113821,8.130081300813007,3.2520325203252036,0
E00053690,123,115,69,46,0,0,4,1,3,4,3,1,0,93.4959349593496,56.09756097560976,37.39837398373984,0,0,3.2520325203252036,0.8130081300813009,2.4390243902439024,3.2520325203252036,2.4390243902439024,0.8130081300813009,0
E00053691,125,112,91,21,0,0,7,3,4,6,3,3,0,89.60000000000001,72.8,16.8,0,0,5.6000000000000005,2.4,3.2,4.8,2.4,2.4,0
E00053692,150,123,81,42,0,0,8,3,5,19,13,6,0,82,54,28.000000000000004,0,0,5.333333333333334,2,3.3333333333333335,12.666666666666668,8.666666666666668,4,0
E00053693,133,118,82,36,0,0,2,1,1,13,12,1,0,88.7218045112782,61.65413533834586,27.06766917293233,0,0,1.5037593984962405,0.7518796992481203,0.7518796992481203,9.774436090225564,9.022556390977442,0.7518796992481203,0
E00053695,135,126,73,53,0,0,1,1,0,8,6,2,0,93.33333333333333,54.074074074074076,39.25925925925926,0,0,0.7407407407407408,0.7407407407407408,0,5.9259259259259265,4.444444444444445,1.4814814814814816,0
E00053696,158,116,89,27,0,0,33,11,22,9,6,3,0,73.41772151898735,56.32911392405063,17.088607594936708,0,0,20.88607594936709,6.962025316455696,13.924050632911392,5.69620253164557,3.79746835443038,1.89873417721519,0
E00053697,115,71,45,26,0,0,36,18,18,8,8,0,0,61.73913043478261,39.130434782608695,22.608695652173914,0,0,31.30434782608696,15.65217391304348,15.65217391304348,6.956521739130435,6.956521739130435,0,0
E00053698,137,124,91,33,0,0,3,2,1,10,9,1,0,90.51094890510949,66.42335766423358,24.087591240875913,0,0,2.18978102189781,1.4598540145985401,0.7299270072992701,7.2992700729927,6.569343065693431,0.7299270072992701,0
E00053699,123,109,72,37,0,0,9,6,3,5,5,0,0,88.6178861788618,58.536585365853654,30.081300813008134,0,0,7.317073170731707,4.878048780487805,2.4390243902439024,4.0650406504065035,4.0650406504065035,0,0
E00053700,236,172,67,105,4,4,36,15,21,24,21,3,0,72.88135593220339,28.389830508474578,44.49152542372881,1.694915254237288,1.694915254237288,15.254237288135593,6.3559322033898304,8.898305084745763,10.16949152542373,8.898305084745763,1.2711864406779663,0
E00053701,130,101,74,27,0,0,6,4,2,23,20,3,0,77.6923076923077,56.92307692307692,20.76923076923077,0,0,4.615384615384616,3.076923076923077,1.5384615384615385,17.692307692307693,15.384615384615385,2.307692307692308,0
E00053702,139,81,37,44,0,0,1,0,1,57,54,3,0,58.27338129496403,26.618705035971225,31.654676258992804,0,0,0.7194244604316548,0,0.7194244604316548,41.007194244604314,38.84892086330935,2.158273381294964,0
E00053703,107,34,15,19,3,3,63,28,35,7,5,2,0,31.775700934579437,14.018691588785046,17.75700934579439,2.803738317757009,2.803738317757009,58.87850467289719,26.168224299065418,32.71028037383177,6.5420560747663545,4.672897196261682,1.8691588785046727,0
E00053704,156,107,44,63,1,1,2,1,1,46,41,5,0,68.58974358974359,28.205128205128204,40.38461538461539,0.641025641025641,0.641025641025641,1.282051282051282,0.641025641025641,0.641025641025641,29.48717948717949,26.282051282051285,3.205128205128205,0
E00053705,138,81,46,35,0,0,21,7,14,36,35,1,0,58.69565217391305,33.33333333333333,25.36231884057971,0,0,15.217391304347828,5.072463768115942,10.144927536231885,26.08695652173913,25.36231884057971,0.7246376811594203,0
E00053706,129,124,79,45,0,0,0,0,0,5,4,1,0,96.12403100775194,61.240310077519375,34.883720930232556,0,0,0,0,0,3.875968992248062,3.10077519379845,0.7751937984496124,0
E00053707,140,114,76,38,0,0,0,0,0,26,22,4,0,81.42857142857143,54.285714285714285,27.142857142857142,0,0,0,0,0,18.571428571428573,15.714285714285714,2.857142857142857,0
E00053708,121,85,41,44,0,0,25,17,8,9,8,1,2,70.24793388429752,33.88429752066116,36.36363636363637,0,0,20.66115702479339,14.049586776859504,6.6115702479338845,7.43801652892562,6.6115702479338845,0.8264462809917356,1.6528925619834711
E00053709,149,121,84,37,0,0,1,0,1,27,25,2,0,81.20805369127517,56.375838926174495,24.832214765100673,0,0,0.6711409395973155,0,0.6711409395973155,18.120805369127517,16.778523489932887,1.342281879194631,0
E00053710,125,90,41,49,0,0,2,1,1,33,30,3,0,72,32.800000000000004,39.2,0,0,1.6,0.8,0.8,26.400000000000002,24,2.4,0
E00053711,137,86,50,36,2,2,0,0,0,49,45,4,0,62.77372262773723,36.496350364963504,26.277372262773724,1.4598540145985401,1.4598540145985401,0,0,0,35.76642335766424,32.846715328467155,2.9197080291970803,0
E00053712,142,65,37,28,0,0,23,9,14,53,46,7,1,45.774647887323944,26.056338028169012,19.718309859154928,0,0,16.19718309859155,6.338028169014084,9.859154929577464,37.32394366197183,32.3943661971831,4.929577464788732,0.7042253521126761
E00053713,132,105,67,38,1,1,1,1,0,25,24,1,0,79.54545454545455,50.75757575757576,28.78787878787879,0.7575757575757576,0.7575757575757576,0.7575757575757576,0.7575757575757576,0,18.939393939393938,18.181818181818183,0.7575757575757576,0
E00053714,147,69,44,25,0,0,2,1,1,76,71,5,0,46.93877551020408,29.931972789115648,17.006802721088434,0,0,1.3605442176870748,0.6802721088435374,0.6802721088435374,51.70068027210885,48.29931972789115,3.4013605442176873,0
E00053715,129,114,67,47,3,3,7,6,1,5,4,1,0,88.37209302325581,51.93798449612403,36.434108527131784,2.3255813953488373,2.3255813953488373,5.426356589147287,4.651162790697675,0.7751937984496124,3.875968992248062,3.10077519379845,0.7751937984496124,0
E00053716,181,128,86,42,3,3,3,1,2,47,41,6,0,70.71823204419888,47.51381215469613,23.204419889502763,1.6574585635359116,1.6574585635359116,1.6574585635359116,0.5524861878453038,1.1049723756906076,25.96685082872928,22.65193370165746,3.314917127071823,0
E00053717,132,97,60,37,0,0,9,1,8,26,24,2,0,73.48484848484848,45.45454545454545,28.030303030303028,0,0,6.8181818181818175,0.7575757575757576,6.0606060606060606,19.696969696969695,18.181818181818183,1.5151515151515151,0
E00053718,143,133,90,43,0,0,0,0,0,10,8,2,0,93.00699300699301,62.93706293706294,30.069930069930066,0,0,0,0,0,6.993006993006993,5.594405594405594,1.3986013986013985,0
E00053719,153,139,104,35,0,0,2,0,2,12,8,4,0,90.84967320261438,67.97385620915033,22.875816993464053,0,0,1.3071895424836601,0,1.3071895424836601,7.8431372549019605,5.228758169934641,2.6143790849673203,0
E00053720,125,103,57,46,1,1,0,0,0,21,18,3,0,82.39999999999999,45.6,36.8,0.8,0.8,0,0,0,16.8,14.399999999999999,2.4,0
E00053721,137,122,73,49,0,0,5,3,2,10,9,1,0,89.05109489051095,53.284671532846716,35.76642335766424,0,0,3.64963503649635,2.18978102189781,1.4598540145985401,7.2992700729927,6.569343065693431,0.7299270072992701,0
E00053722,128,58,21,37,0,0,2,0,2,68,65,3,0,45.3125,16.40625,28.90625,0,0,1.5625,0,1.5625,53.125,50.78125,2.34375,0
E00053723,121,108,64,44,1,1,5,2,3,7,7,0,0,89.25619834710744,52.892561983471076,36.36363636363637,0.8264462809917356,0.8264462809917356,4.132231404958678,1.6528925619834711,2.479338842975207,5.785123966942149,5.785123966942149,0,0
E00053725,124,113,81,32,0,0,0,0,0,11,9,2,0,91.12903225806451,65.32258064516128,25.806451612903224,0,0,0,0,0,8.870967741935484,7.258064516129033,1.6129032258064515,0
E00053726,125,120,77,43,0,0,0,0,0,5,5,0,0,96,61.6,34.4,0,0,0,0,0,4,4,0,0
E00053727,148,128,102,26,2,2,3,1,2,15,11,4,0,86.48648648648648,68.91891891891892,17.56756756756757,1.3513513513513513,1.3513513513513513,2.027027027027027,0.6756756756756757,1.3513513513513513,10.135135135135135,7.4324324324324325,2.7027027027027026,0
E00053728,136,126,69,57,0,0,0,0,0,10,8,2,0,92.64705882352942,50.73529411764706,41.911764705882355,0,0,0,0,0,7.352941176470589,5.88235294117647,1.4705882352941175,0
E00053729,158,145,80,65,0,0,2,0,2,11,11,0,0,91.77215189873418,50.63291139240506,41.139240506329116,0,0,1.2658227848101267,0,1.2658227848101267,6.962025316455696,6.962025316455696,0,0
E00053730,121,84,36,48,0,0,16,6,10,21,16,5,0,69.42148760330579,29.75206611570248,39.66942148760331,0,0,13.223140495867769,4.958677685950414,8.264462809917356,17.355371900826448,13.223140495867769,4.132231404958678,0
E00053731,121,77,26,51,0,0,4,0,4,40,37,3,0,63.63636363636363,21.487603305785125,42.14876033057851,0,0,3.3057851239669422,0,3.3057851239669422,33.057851239669425,30.57851239669421,2.479338842975207,0
E00053732,147,138,69,69,0,0,1,1,0,8,7,1,0,93.87755102040816,46.93877551020408,46.93877551020408,0,0,0.6802721088435374,0.6802721088435374,0,5.442176870748299,4.761904761904762,0.6802721088435374,0
E00053734,114,75,37,38,1,1,1,0,1,37,32,5,0,65.78947368421053,32.45614035087719,33.33333333333333,0.8771929824561403,0.8771929824561403,0.8771929824561403,0,0.8771929824561403,32.45614035087719,28.07017543859649,4.385964912280701,0
E00053735,92,51,24,27,0,0,29,18,11,12,6,6,0,55.434782608695656,26.08695652173913,29.347826086956523,0,0,31.521739130434785,19.565217391304348,11.956521739130435,13.043478260869565,6.521739130434782,6.521739130434782,0
E00053737,130,86,51,35,0,0,0,0,0,44,39,5,0,66.15384615384615,39.23076923076923,26.923076923076923,0,0,0,0,0,33.84615384615385,30,3.8461538461538463,0
E00053738,146,133,68,65,6,6,1,1,0,6,6,0,0,91.0958904109589,46.57534246575342,44.52054794520548,4.10958904109589,4.10958904109589,0.684931506849315,0.684931506849315,0,4.10958904109589,4.10958904109589,0,0
E00053739,155,130,49,81,0,0,3,3,0,22,19,3,0,83.87096774193549,31.61290322580645,52.25806451612903,0,0,1.935483870967742,1.935483870967742,0,14.193548387096774,12.258064516129032,1.935483870967742,0
E00053740,217,156,96,60,0,0,4,1,3,57,50,7,0,71.88940092165899,44.23963133640553,27.64976958525346,0,0,1.8433179723502304,0.4608294930875576,1.3824884792626728,26.26728110599078,23.04147465437788,3.225806451612903,0
E00053741,86,64,36,28,0,0,2,1,1,20,19,1,0,74.4186046511628,41.86046511627907,32.55813953488372,0,0,2.3255813953488373,1.1627906976744187,1.1627906976744187,23.25581395348837,22.093023255813954,1.1627906976744187,0
E00053742,148,87,35,52,0,0,3,1,2,58,56,2,0,58.78378378378378,23.64864864864865,35.13513513513514,0,0,2.027027027027027,0.6756756756756757,1.3513513513513513,39.189189189189186,37.83783783783784,1.3513513513513513,0
E00053743,134,119,48,71,0,0,1,1,0,14,10,4,0,88.80597014925374,35.82089552238806,52.98507462686567,0,0,0.7462686567164178,0.7462686567164178,0,10.44776119402985,7.462686567164178,2.9850746268656714,0
E00053744,114,104,52,52,1,1,1,0,1,8,8,0,0,91.22807017543859,45.614035087719294,45.614035087719294,0.8771929824561403,0.8771929824561403,0.8771929824561403,0,0.8771929824561403,7.017543859649122,7.017543859649122,0,0
E00053745,124,105,54,51,1,1,0,0,0,18,12,6,0,84.67741935483872,43.54838709677419,41.12903225806452,0.8064516129032258,0.8064516129032258,0,0,0,14.516129032258066,9.67741935483871,4.838709677419355,0
E00053746,187,81,29,52,0,0,58,19,39,48,46,2,0,43.31550802139038,15.508021390374333,27.807486631016044,0,0,31.016042780748666,10.16042780748663,20.855614973262032,25.668449197860966,24.598930481283425,1.06951871657754,0
E00053747,132,92,50,42,1,1,6,3,3,33,31,2,0,69.6969696969697,37.878787878787875,31.818181818181817,0.7575757575757576,0.7575757575757576,4.545454545454546,2.272727272727273,2.272727272727273,25,23.484848484848484,1.5151515151515151,0
E00053748,155,104,50,54,0,0,5,5,0,46,40,6,0,67.0967741935484,32.25806451612903,34.83870967741935,0,0,3.225806451612903,3.225806451612903,0,29.677419354838708,25.806451612903224,3.870967741935484,0
E00053749,136,86,37,49,1,1,1,0,1,48,45,3,0,63.23529411764706,27.205882352941174,36.029411764705884,0.7352941176470588,0.7352941176470588,0.7352941176470588,0,0.7352941176470588,35.294117647058826,33.088235294117645,2.2058823529411766,0
E00053750,130,75,39,36,0,0,34,2,32,21,18,3,0,57.692307692307686,30,27.692307692307693,0,0,26.153846153846157,1.5384615384615385,24.615384615384617,16.153846153846153,13.846153846153847,2.307692307692308,0
E00053751,119,98,48,50,0,0,10,5,5,11,9,2,0,82.35294117647058,40.33613445378151,42.016806722689076,0,0,8.403361344537815,4.201680672268908,4.201680672268908,9.243697478991598,7.563025210084033,1.680672268907563,0
E00053752,144,84,34,50,3,3,0,0,0,57,51,6,0,58.333333333333336,23.61111111111111,34.72222222222222,2.083333333333333,2.083333333333333,0,0,0,39.58333333333333,35.41666666666667,4.166666666666666,0
E00053753,148,68,23,45,0,0,4,1,3,76,66,10,0,45.94594594594595,15.54054054054054,30.405405405405407,0,0,2.7027027027027026,0.6756756756756757,2.027027027027027,51.35135135135135,44.5945945945946,6.756756756756757,0
E00053754,120,96,70,26,1,1,0,0,0,23,21,2,0,80,58.333333333333336,21.666666666666668,0.8333333333333334,0.8333333333333334,0,0,0,19.166666666666668,17.5,1.6666666666666667,0
E00053756,222,114,52,62,24,24,14,7,7,70,67,3,0,51.35135135135135,23.423423423423422,27.927927927927925,10.81081081081081,10.81081081081081,6.306306306306306,3.153153153153153,3.153153153153153,31.53153153153153,30.180180180180184,1.3513513513513513,0
E00053757,104,41,21,20,0,0,34,26,8,29,27,2,0,39.42307692307692,20.192307692307693,19.230769230769234,0,0,32.69230769230769,25,7.6923076923076925,27.884615384615387,25.961538461538463,1.9230769230769231,0
E00053759,126,25,12,13,0,0,85,27,58,16,13,3,0,19.841269841269842,9.523809523809524,10.317460317460316,0,0,67.46031746031747,21.428571428571427,46.03174603174603,12.698412698412698,10.317460317460316,2.380952380952381,0
E00053760,125,115,58,57,0,0,1,0,1,8,8,0,1,92,46.400000000000006,45.6,0,0,0.8,0,0.8,6.4,6.4,0,0.8
E00053761,137,29,24,5,0,0,89,47,42,19,18,1,0,21.16788321167883,17.51824817518248,3.64963503649635,0,0,64.96350364963503,34.306569343065696,30.656934306569344,13.86861313868613,13.138686131386862,0.7299270072992701,0
E00053762,134,61,26,35,0,0,37,24,13,36,33,3,0,45.52238805970149,19.402985074626866,26.119402985074625,0,0,27.611940298507463,17.91044776119403,9.701492537313433,26.865671641791046,24.62686567164179,2.2388059701492535,0
E00053763,152,139,83,56,3,3,1,0,1,9,9,0,0,91.44736842105263,54.60526315789473,36.84210526315789,1.9736842105263157,1.9736842105263157,0.6578947368421052,0,0.6578947368421052,5.921052631578947,5.921052631578947,0,0
E00053764,122,94,46,48,0,0,5,2,3,23,22,1,0,77.04918032786885,37.704918032786885,39.34426229508197,0,0,4.098360655737705,1.639344262295082,2.459016393442623,18.852459016393443,18.0327868852459,0.819672131147541,0
E00053765,122,97,42,55,0,0,0,0,0,25,22,3,0,79.50819672131148,34.42622950819672,45.08196721311475,0,0,0,0,0,20.491803278688526,18.0327868852459,2.459016393442623,0
E00053766,122,101,56,45,0,0,2,0,2,19,16,3,0,82.78688524590164,45.90163934426229,36.885245901639344,0,0,1.639344262295082,0,1.639344262295082,15.573770491803279,13.114754098360656,2.459016393442623,0
E00053767,139,57,26,31,1,1,63,42,21,18,17,1,0,41.007194244604314,18.705035971223023,22.302158273381295,0.7194244604316548,0.7194244604316548,45.32374100719424,30.215827338129497,15.107913669064748,12.949640287769784,12.23021582733813,0.7194244604316548,0
E00053768,149,50,16,34,0,0,73,41,32,26,24,2,0,33.557046979865774,10.738255033557047,22.818791946308725,0,0,48.99328859060403,27.516778523489933,21.476510067114095,17.449664429530202,16.10738255033557,1.342281879194631,0
E00053769,141,75,33,42,0,0,42,1,41,24,20,4,0,53.191489361702125,23.404255319148938,29.78723404255319,0,0,29.78723404255319,0.7092198581560284,29.078014184397162,17.02127659574468,14.184397163120568,2.8368794326241136,0
E00053770,115,97,44,53,0,0,2,2,0,16,12,4,0,84.34782608695653,38.26086956521739,46.08695652173913,0,0,1.7391304347826086,1.7391304347826086,0,13.91304347826087,10.434782608695652,3.4782608695652173,0
E00053771,126,107,51,56,0,0,3,2,1,16,15,1,0,84.92063492063492,40.476190476190474,44.44444444444444,0,0,2.380952380952381,1.5873015873015872,0.7936507936507936,12.698412698412698,11.904761904761903,0.7936507936507936,0
E00053772,125,90,48,42,0,0,17,6,11,18,14,4,0,72,38.4,33.6,0,0,13.600000000000001,4.8,8.799999999999999,14.399999999999999,11.200000000000001,3.2,0
E00053773,106,74,37,37,0,0,11,1,10,21,21,0,0,69.81132075471697,34.90566037735849,34.90566037735849,0,0,10.377358490566039,0.9433962264150944,9.433962264150944,19.81132075471698,19.81132075471698,0,0
E00053774,142,88,35,53,0,0,1,0,1,53,47,6,0,61.97183098591549,24.647887323943664,37.32394366197183,0,0,0.7042253521126761,0,0.7042253521126761,37.32394366197183,33.098591549295776,4.225352112676056,0
E00053775,140,64,35,29,0,0,61,36,25,15,13,2,0,45.714285714285715,25,20.714285714285715,0,0,43.57142857142857,25.71428571428571,17.857142857142858,10.714285714285714,9.285714285714286,1.4285714285714286,0
E00053776,155,62,22,40,4,4,19,8,11,69,69,0,1,40,14.193548387096774,25.806451612903224,2.5806451612903225,2.5806451612903225,12.258064516129032,5.161290322580645,7.096774193548387,44.516129032258064,44.516129032258064,0,0.6451612903225806
E00053777,173,66,38,28,0,0,60,27,33,47,46,1,0,38.15028901734104,21.965317919075144,16.184971098265898,0,0,34.68208092485549,15.606936416184972,19.07514450867052,27.167630057803464,26.589595375722542,0.5780346820809248,0
E00053778,142,80,30,50,8,8,11,7,4,43,39,4,0,56.33802816901409,21.12676056338028,35.2112676056338,5.633802816901409,5.633802816901409,7.746478873239436,4.929577464788732,2.8169014084507045,30.28169014084507,27.464788732394368,2.8169014084507045,0
E00053779,127,75,32,43,0,0,24,17,7,28,27,1,0,59.055118110236215,25.196850393700785,33.85826771653544,0,0,18.89763779527559,13.385826771653544,5.511811023622047,22.04724409448819,21.25984251968504,0.7874015748031495,0
E00053780,128,59,22,37,0,0,46,9,37,22,18,4,1,46.09375,17.1875,28.90625,0,0,35.9375,7.03125,28.90625,17.1875,14.0625,3.125,0.78125
E00053781,155,46,15,31,0,0,66,39,27,43,40,3,0,29.677419354838708,9.67741935483871,20,0,0,42.58064516129032,25.161290322580644,17.419354838709676,27.741935483870968,25.806451612903224,1.935483870967742,0
E00053783,153,66,30,36,0,0,63,38,25,23,20,3,1,43.13725490196079,19.607843137254903,23.52941176470588,0,0,41.17647058823529,24.836601307189543,16.33986928104575,15.032679738562091,13.071895424836603,1.9607843137254901,0.6535947712418301
E00053785,131,54,26,28,0,0,64,18,46,11,11,0,2,41.221374045801525,19.84732824427481,21.374045801526716,0,0,48.854961832061065,13.740458015267176,35.11450381679389,8.396946564885496,8.396946564885496,0,1.5267175572519083
E00053786,164,103,36,67,1,1,12,2,10,48,43,5,0,62.80487804878049,21.951219512195124,40.853658536585364,0.6097560975609756,0.6097560975609756,7.317073170731707,1.2195121951219512,6.097560975609756,29.268292682926827,26.21951219512195,3.048780487804878,0
E00053787,101,31,15,16,1,1,62,19,43,6,5,1,1,30.693069306930692,14.85148514851485,15.841584158415841,0.9900990099009901,0.9900990099009901,61.386138613861384,18.81188118811881,42.57425742574257,5.9405940594059405,4.9504950495049505,0.9900990099009901,0.9900990099009901
E00053788,130,62,32,30,0,0,41,27,14,27,23,4,0,47.69230769230769,24.615384615384617,23.076923076923077,0,0,31.538461538461537,20.76923076923077,10.76923076923077,20.76923076923077,17.692307692307693,3.076923076923077,0
E00053789,186,143,80,63,0,0,11,1,10,32,28,4,0,76.88172043010752,43.01075268817204,33.87096774193548,0,0,5.913978494623656,0.5376344086021506,5.376344086021505,17.20430107526882,15.053763440860216,2.1505376344086025,0
E00053790,126,16,7,9,0,0,79,6,73,31,29,2,0,12.698412698412698,5.555555555555555,7.142857142857142,0,0,62.698412698412696,4.761904761904762,57.936507936507944,24.6031746031746,23.015873015873016,1.5873015873015872,0
E00053791,113,37,22,15,0,0,33,2,31,42,37,5,1,32.743362831858406,19.469026548672566,13.274336283185843,0,0,29.20353982300885,1.7699115044247788,27.43362831858407,37.16814159292036,32.743362831858406,4.424778761061947,0.8849557522123894
E00053792,121,96,43,53,0,0,0,0,0,25,22,3,0,79.33884297520662,35.53719008264463,43.80165289256198,0,0,0,0,0,20.66115702479339,18.181818181818183,2.479338842975207,0
E00053793,146,80,41,39,0,0,9,2,7,57,53,4,0,54.794520547945204,28.08219178082192,26.71232876712329,0,0,6.164383561643835,1.36986301369863,4.794520547945205,39.04109589041096,36.3013698630137,2.73972602739726,0
E00053794,138,35,13,22,0,0,41,7,34,62,60,2,0,25.36231884057971,9.420289855072465,15.942028985507244,0,0,29.71014492753623,5.072463768115942,24.637681159420293,44.927536231884055,43.47826086956522,1.4492753623188406,0
E00053795,151,66,34,32,0,0,8,1,7,77,67,10,0,43.70860927152318,22.516556291390728,21.192052980132452,0,0,5.298013245033113,0.6622516556291391,4.635761589403973,50.993377483443716,44.370860927152314,6.622516556291391,0
E00053796,136,108,53,55,0,0,0,0,0,28,22,6,0,79.41176470588235,38.970588235294116,40.44117647058824,0,0,0,0,0,20.588235294117645,16.176470588235293,4.411764705882353,0
E00053797,119,89,42,47,0,0,0,0,0,30,27,3,0,74.78991596638656,35.294117647058826,39.49579831932773,0,0,0,0,0,25.210084033613445,22.689075630252102,2.5210084033613445,0
E00053798,128,112,54,58,0,0,0,0,0,16,14,2,0,87.5,42.1875,45.3125,0,0,0,0,0,12.5,10.9375,1.5625,0
E00053799,134,117,59,58,1,1,0,0,0,16,14,2,0,87.31343283582089,44.02985074626866,43.28358208955223,0.7462686567164178,0.7462686567164178,0,0,0,11.940298507462686,10.44776119402985,1.4925373134328357,0
E00053800,112,88,41,47,1,1,5,1,4,18,17,1,0,78.57142857142857,36.607142857142854,41.964285714285715,0.8928571428571428,0.8928571428571428,4.464285714285714,0.8928571428571428,3.571428571428571,16.071428571428573,15.178571428571427,0.8928571428571428,0
E00053801,124,109,63,46,0,0,1,0,1,14,11,3,0,87.90322580645162,50.806451612903224,37.096774193548384,0,0,0.8064516129032258,0,0.8064516129032258,11.29032258064516,8.870967741935484,2.4193548387096775,0
E00053802,141,79,40,39,0,0,0,0,0,62,60,2,0,56.02836879432624,28.368794326241137,27.659574468085108,0,0,0,0,0,43.97163120567376,42.5531914893617,1.4184397163120568,0
E00053803,161,102,54,48,0,0,8,1,7,51,44,7,0,63.35403726708074,33.54037267080746,29.81366459627329,0,0,4.968944099378882,0.6211180124223602,4.3478260869565215,31.67701863354037,27.32919254658385,4.3478260869565215,0
E00053804,145,83,55,28,0,0,16,1,15,46,41,5,0,57.24137931034483,37.93103448275862,19.310344827586206,0,0,11.03448275862069,0.6896551724137931,10.344827586206897,31.724137931034484,28.27586206896552,3.4482758620689653,0
E00053805,92,57,31,26,1,1,3,0,3,31,25,6,0,61.95652173913043,33.69565217391305,28.26086956521739,1.0869565217391304,1.0869565217391304,3.260869565217391,0,3.260869565217391,33.69565217391305,27.173913043478258,6.521739130434782,0
E00053806,100,79,50,29,0,0,1,1,0,20,17,3,0,79,50,28.999999999999996,0,0,1,1,0,20,17,3,0
E00053807,96,35,23,12,0,0,2,1,1,59,45,14,0,36.45833333333333,23.958333333333336,12.5,0,0,2.083333333333333,1.0416666666666665,1.0416666666666665,61.458333333333336,46.875,14.583333333333334,0
E00053808,110,64,29,35,0,0,6,2,4,39,32,7,1,58.18181818181818,26.36363636363636,31.818181818181817,0,0,5.454545454545454,1.8181818181818181,3.6363636363636362,35.45454545454545,29.09090909090909,6.363636363636363,0.9090909090909091
E00053809,132,49,16,33,0,0,65,50,15,17,15,2,1,37.121212121212125,12.121212121212121,25,0,0,49.24242424242424,37.878787878787875,11.363636363636363,12.878787878787879,11.363636363636363,1.5151515151515151,0.7575757575757576
E00053810,105,71,37,34,0,0,1,0,1,33,23,10,0,67.61904761904762,35.23809523809524,32.38095238095238,0,0,0.9523809523809524,0,0.9523809523809524,31.428571428571427,21.904761904761905,9.523809523809524,0
E00053811,99,65,42,23,0,0,3,3,0,31,27,4,0,65.65656565656566,42.42424242424242,23.232323232323232,0,0,3.0303030303030303,3.0303030303030303,0,31.313131313131315,27.27272727272727,4.040404040404041,0
E00053812,107,59,33,26,0,0,21,10,11,27,22,5,0,55.140186915887845,30.8411214953271,24.299065420560748,0,0,19.626168224299064,9.345794392523365,10.2803738317757,25.233644859813083,20.5607476635514,4.672897196261682,0
E00053813,83,57,33,24,0,0,2,2,0,24,22,2,0,68.67469879518072,39.75903614457831,28.915662650602407,0,0,2.4096385542168677,2.4096385542168677,0,28.915662650602407,26.506024096385545,2.4096385542168677,0
E00053814,149,47,20,27,0,0,76,42,34,26,24,2,0,31.543624161073826,13.422818791946309,18.120805369127517,0,0,51.006711409395976,28.187919463087248,22.818791946308725,17.449664429530202,16.10738255033557,1.342281879194631,0
E00053815,132,41,23,18,0,0,5,1,4,86,81,5,0,31.060606060606062,17.424242424242426,13.636363636363635,0,0,3.787878787878788,0.7575757575757576,3.0303030303030303,65.15151515151516,61.36363636363637,3.787878787878788,0
E00053816,106,80,45,35,0,0,7,4,3,19,17,2,0,75.47169811320755,42.45283018867924,33.0188679245283,0,0,6.60377358490566,3.7735849056603774,2.8301886792452833,17.92452830188679,16.037735849056602,1.8867924528301887,0
E00053817,124,100,50,50,1,1,1,0,1,22,22,0,0,80.64516129032258,40.32258064516129,40.32258064516129,0.8064516129032258,0.8064516129032258,0.8064516129032258,0,0.8064516129032258,17.741935483870968,17.741935483870968,0,0
E00053818,118,100,54,46,0,0,0,0,0,18,16,2,0,84.7457627118644,45.76271186440678,38.983050847457626,0,0,0,0,0,15.254237288135593,13.559322033898304,1.694915254237288,0
E00053819,142,114,66,48,0,0,4,0,4,24,19,5,0,80.28169014084507,46.478873239436616,33.80281690140845,0,0,2.8169014084507045,0,2.8169014084507045,16.901408450704224,13.380281690140844,3.5211267605633805,0
E00053820,114,77,38,39,0,0,4,2,2,33,30,3,0,67.54385964912281,33.33333333333333,34.21052631578947,0,0,3.508771929824561,1.7543859649122806,1.7543859649122806,28.947368421052634,26.31578947368421,2.631578947368421,0
E00053821,162,38,26,12,0,0,49,24,25,74,67,7,1,23.456790123456788,16.049382716049383,7.4074074074074066,0,0,30.246913580246915,14.814814814814813,15.432098765432098,45.67901234567901,41.358024691358025,4.320987654320987,0.6172839506172839
E00053822,117,99,55,44,0,0,0,0,0,18,18,0,0,84.61538461538461,47.008547008547005,37.60683760683761,0,0,0,0,0,15.384615384615385,15.384615384615385,0,0
E00053823,133,107,56,51,0,0,1,1,0,25,20,5,0,80.45112781954887,42.10526315789473,38.34586466165413,0,0,0.7518796992481203,0.7518796992481203,0,18.796992481203006,15.037593984962406,3.7593984962406015,0
E00053824,146,27,15,12,0,0,84,34,50,35,34,1,0,18.493150684931507,10.273972602739725,8.21917808219178,0,0,57.534246575342465,23.28767123287671,34.24657534246575,23.972602739726025,23.28767123287671,0.684931506849315,0
E00053825,152,122,65,57,2,2,0,0,0,28,23,5,0,80.26315789473685,42.76315789473684,37.5,1.3157894736842104,1.3157894736842104,0,0,0,18.421052631578945,15.131578947368421,3.289473684210526,0
E00053826,120,45,21,24,0,0,20,1,19,55,47,8,0,37.5,17.5,20,0,0,16.666666666666664,0.8333333333333334,15.833333333333332,45.83333333333333,39.166666666666664,6.666666666666667,0
E00053827,128,73,32,41,0,0,45,16,29,9,9,0,1,57.03125,25,32.03125,0,0,35.15625,12.5,22.65625,7.03125,7.03125,0,0.78125
E00053828,132,48,20,28,0,0,5,1,4,79,74,5,0,36.36363636363637,15.151515151515152,21.21212121212121,0,0,3.787878787878788,0.7575757575757576,3.0303030303030303,59.84848484848485,56.060606060606055,3.787878787878788,0
E00053829,160,105,45,60,1,1,12,2,10,42,41,1,0,65.625,28.125,37.5,0.625,0.625,7.5,1.25,6.25,26.25,25.624999999999996,0.625,0
E00053830,119,55,21,34,0,0,6,0,6,57,52,5,1,46.21848739495798,17.647058823529413,28.57142857142857,0,0,5.042016806722689,0,5.042016806722689,47.89915966386555,43.69747899159664,4.201680672268908,0.8403361344537815
E00053831,150,104,47,57,0,0,9,3,6,37,34,3,0,69.33333333333334,31.333333333333336,38,0,0,6,2,4,24.666666666666668,22.666666666666664,2,0
E00053832,103,42,28,14,1,1,5,2,3,55,47,8,0,40.77669902912621,27.184466019417474,13.592233009708737,0.9708737864077669,0.9708737864077669,4.854368932038835,1.9417475728155338,2.912621359223301,53.398058252427184,45.63106796116505,7.766990291262135,0
E00053833,121,71,27,44,0,0,7,2,5,43,39,4,0,58.67768595041323,22.31404958677686,36.36363636363637,0,0,5.785123966942149,1.6528925619834711,4.132231404958678,35.53719008264463,32.231404958677686,3.3057851239669422,0
E00053834,159,115,65,50,0,0,6,1,5,38,35,3,0,72.32704402515722,40.88050314465409,31.446540880503143,0,0,3.7735849056603774,0.628930817610063,3.1446540880503147,23.89937106918239,22.0125786163522,1.8867924528301887,0
E00053836,135,117,66,51,0,0,4,0,4,14,10,4,0,86.66666666666667,48.888888888888886,37.77777777777778,0,0,2.9629629629629632,0,2.9629629629629632,10.37037037037037,7.4074074074074066,2.9629629629629632,0
E00053837,124,48,28,20,0,0,16,2,14,60,57,3,0,38.70967741935484,22.58064516129032,16.129032258064516,0,0,12.903225806451612,1.6129032258064515,11.29032258064516,48.38709677419355,45.96774193548387,2.4193548387096775,0
E00053838,159,62,44,18,0,0,48,7,41,49,41,8,0,38.9937106918239,27.67295597484277,11.320754716981133,0,0,30.18867924528302,4.40251572327044,25.78616352201258,30.81761006289308,25.78616352201258,5.031446540880504,0
E00053839,165,135,51,84,1,1,0,0,0,29,26,3,0,81.81818181818183,30.909090909090907,50.90909090909091,0.6060606060606061,0.6060606060606061,0,0,0,17.575757575757574,15.757575757575756,1.8181818181818181,0
E00053841,131,108,43,65,0,0,1,1,0,22,16,6,0,82.44274809160305,32.82442748091603,49.61832061068702,0,0,0.7633587786259541,0.7633587786259541,0,16.793893129770993,12.213740458015266,4.580152671755725,0
E00053842,139,102,65,37,0,0,3,0,3,34,31,3,0,73.38129496402878,46.76258992805755,26.618705035971225,0,0,2.158273381294964,0,2.158273381294964,24.46043165467626,22.302158273381295,2.158273381294964,0
E00053843,106,76,44,32,0,0,0,0,0,30,25,5,0,71.69811320754717,41.509433962264154,30.18867924528302,0,0,0,0,0,28.30188679245283,23.58490566037736,4.716981132075472,0
E00053844,124,109,58,51,0,0,1,1,0,14,13,1,0,87.90322580645162,46.774193548387096,41.12903225806452,0,0,0.8064516129032258,0.8064516129032258,0,11.29032258064516,10.483870967741936,0.8064516129032258,0
E00053845,138,113,48,65,0,0,1,1,0,24,16,8,0,81.88405797101449,34.78260869565217,47.10144927536232,0,0,0.7246376811594203,0.7246376811594203,0,17.391304347826086,11.594202898550725,5.797101449275362,0
E00053846,136,97,52,45,0,0,19,0,19,20,15,5,0,71.32352941176471,38.23529411764706,33.088235294117645,0,0,13.970588235294118,0,13.970588235294118,14.705882352941178,11.029411764705882,3.6764705882352944,0
E00053847,125,90,45,45,0,0,0,0,0,35,28,7,0,72,36,36,0,0,0,0,0,28.000000000000004,22.400000000000002,5.6000000000000005,0
E00053848,125,32,9,23,0,0,30,12,18,63,58,5,0,25.6,7.199999999999999,18.4,0,0,24,9.6,14.399999999999999,50.4,46.400000000000006,4,0
E00053850,119,50,14,36,0,0,37,25,12,32,27,5,0,42.016806722689076,11.76470588235294,30.252100840336134,0,0,31.092436974789916,21.008403361344538,10.084033613445378,26.89075630252101,22.689075630252102,4.201680672268908,0
E00053851,138,101,56,45,0,0,7,0,7,30,24,6,0,73.18840579710145,40.57971014492754,32.608695652173914,0,0,5.072463768115942,0,5.072463768115942,21.73913043478261,17.391304347826086,4.3478260869565215,0
E00053852,136,69,23,46,0,0,32,14,18,35,29,6,0,50.73529411764706,16.911764705882355,33.82352941176471,0,0,23.52941176470588,10.294117647058822,13.23529411764706,25.735294117647058,21.323529411764707,4.411764705882353,0
E00053853,150,99,60,39,1,1,7,1,6,43,40,3,0,66,40,26,0.6666666666666667,0.6666666666666667,4.666666666666667,0.6666666666666667,4,28.666666666666668,26.666666666666668,2,0
E00053854,130,102,37,65,1,1,2,0,2,25,21,4,0,78.46153846153847,28.46153846153846,50,0.7692307692307693,0.7692307692307693,1.5384615384615385,0,1.5384615384615385,19.230769230769234,16.153846153846153,3.076923076923077,0
E00053856,130,97,56,41,0,0,1,1,0,31,27,4,1,74.61538461538461,43.07692307692308,31.538461538461537,0,0,0.7692307692307693,0.7692307692307693,0,23.846153846153847,20.76923076923077,3.076923076923077,0.7692307692307693
E00053857,113,58,27,31,0,0,31,4,27,24,21,3,0,51.32743362831859,23.893805309734514,27.43362831858407,0,0,27.43362831858407,3.5398230088495577,23.893805309734514,21.238938053097346,18.58407079646018,2.6548672566371683,0
E00053858,128,62,23,39,0,0,26,23,3,40,31,9,0,48.4375,17.96875,30.46875,0,0,20.3125,17.96875,2.34375,31.25,24.21875,7.03125,0
E00053859,94,65,41,24,1,1,5,1,4,23,19,4,0,69.14893617021278,43.61702127659575,25.53191489361702,1.0638297872340425,1.0638297872340425,5.319148936170213,1.0638297872340425,4.25531914893617,24.46808510638298,20.212765957446805,4.25531914893617,0
E00053861,96,69,37,32,0,0,0,0,0,27,20,7,0,71.875,38.54166666666667,33.33333333333333,0,0,0,0,0,28.125,20.833333333333336,7.291666666666667,0
E00053862,138,97,61,36,0,0,0,0,0,41,33,8,0,70.28985507246377,44.20289855072464,26.08695652173913,0,0,0,0,0,29.71014492753623,23.91304347826087,5.797101449275362,0
E00053863,114,77,54,23,0,0,5,2,3,32,22,10,0,67.54385964912281,47.368421052631575,20.175438596491226,0,0,4.385964912280701,1.7543859649122806,2.631578947368421,28.07017543859649,19.298245614035086,8.771929824561402,0
E00053864,124,36,15,21,0,0,72,2,70,16,13,3,0,29.03225806451613,12.096774193548388,16.93548387096774,0,0,58.06451612903226,1.6129032258064515,56.451612903225815,12.903225806451612,10.483870967741936,2.4193548387096775,0
E00053867,138,30,20,10,1,1,64,8,56,43,42,1,0,21.73913043478261,14.492753623188406,7.246376811594203,0.7246376811594203,0.7246376811594203,46.3768115942029,5.797101449275362,40.57971014492754,31.15942028985507,30.434782608695656,0.7246376811594203,0
E00053868,120,91,44,47,0,0,1,0,1,28,28,0,0,75.83333333333333,36.666666666666664,39.166666666666664,0,0,0.8333333333333334,0,0.8333333333333334,23.333333333333332,23.333333333333332,0,0
E00053869,125,100,51,49,1,1,0,0,0,24,22,2,0,80,40.8,39.2,0.8,0.8,0,0,0,19.2,17.599999999999998,1.6,0
E00053870,131,98,32,66,0,0,3,1,2,30,30,0,0,74.80916030534351,24.427480916030532,50.38167938931297,0,0,2.2900763358778624,0.7633587786259541,1.5267175572519083,22.900763358778626,22.900763358778626,0,0
E00053871,134,106,37,69,0,0,2,2,0,26,21,5,0,79.1044776119403,27.611940298507463,51.49253731343284,0,0,1.4925373134328357,1.4925373134328357,0,19.402985074626866,15.671641791044777,3.731343283582089,0
E00053873,153,64,16,48,4,4,63,20,43,22,20,2,0,41.830065359477125,10.457516339869281,31.372549019607842,2.6143790849673203,2.6143790849673203,41.17647058823529,13.071895424836603,28.104575163398692,14.37908496732026,13.071895424836603,1.3071895424836601,0
E00053874,204,184,88,96,3,3,1,0,1,16,13,3,0,90.19607843137256,43.13725490196079,47.05882352941176,1.4705882352941175,1.4705882352941175,0.49019607843137253,0,0.49019607843137253,7.8431372549019605,6.372549019607843,1.4705882352941175,0
E00053875,122,60,38,22,11,11,16,1,15,35,34,1,0,49.18032786885246,31.147540983606557,18.0327868852459,9.01639344262295,9.01639344262295,13.114754098360656,0.819672131147541,12.295081967213115,28.688524590163933,27.86885245901639,0.819672131147541,0
E00053876,122,87,36,51,1,1,0,0,0,34,32,2,0,71.31147540983606,29.508196721311474,41.80327868852459,0.819672131147541,0.819672131147541,0,0,0,27.86885245901639,26.229508196721312,1.639344262295082,0
E00053877,185,133,70,63,2,2,1,1,0,49,46,3,0,71.89189189189189,37.83783783783784,34.054054054054056,1.0810810810810811,1.0810810810810811,0.5405405405405406,0.5405405405405406,0,26.486486486486488,24.864864864864867,1.6216216216216217,0
E00053878,121,67,32,35,0,0,33,1,32,21,17,4,0,55.371900826446286,26.446280991735538,28.92561983471074,0,0,27.27272727272727,0.8264462809917356,26.446280991735538,17.355371900826448,14.049586776859504,3.3057851239669422,0
E00053879,135,88,41,47,1,1,1,1,0,45,44,1,0,65.18518518518519,30.37037037037037,34.81481481481482,0.7407407407407408,0.7407407407407408,0.7407407407407408,0.7407407407407408,0,33.33333333333333,32.592592592592595,0.7407407407407408,0
E00053880,131,116,66,50,0,0,3,0,3,12,9,3,0,88.54961832061069,50.38167938931297,38.16793893129771,0,0,2.2900763358778624,0,2.2900763358778624,9.16030534351145,6.870229007633588,2.2900763358778624,0
E00053881,130,110,45,65,0,0,1,0,1,19,16,3,0,84.61538461538461,34.61538461538461,50,0,0,0.7692307692307693,0,0.7692307692307693,14.615384615384617,12.307692307692308,2.307692307692308,0
E00053882,122,116,62,54,0,0,0,0,0,6,4,2,0,95.08196721311475,50.81967213114754,44.26229508196721,0,0,0,0,0,4.918032786885246,3.278688524590164,1.639344262295082,0
E00053883,123,75,29,46,0,0,34,16,18,14,14,0,0,60.97560975609756,23.577235772357724,37.39837398373984,0,0,27.64227642276423,13.008130081300814,14.634146341463413,11.38211382113821,11.38211382113821,0,0
E00053884,110,81,46,35,0,0,7,5,2,22,19,3,0,73.63636363636363,41.81818181818181,31.818181818181817,0,0,6.363636363636363,4.545454545454546,1.8181818181818181,20,17.272727272727273,2.727272727272727,0
E00053885,150,90,45,45,1,1,20,9,11,39,35,4,0,60,30,30,0.6666666666666667,0.6666666666666667,13.333333333333334,6,7.333333333333333,26,23.333333333333332,2.666666666666667,0
E00053886,132,47,23,24,6,6,8,3,5,71,70,1,0,35.60606060606061,17.424242424242426,18.181818181818183,4.545454545454546,4.545454545454546,6.0606060606060606,2.272727272727273,3.787878787878788,53.78787878787878,53.03030303030303,0.7575757575757576,0
E00053887,127,25,11,14,0,0,100,45,55,2,1,1,0,19.68503937007874,8.661417322834646,11.023622047244094,0,0,78.74015748031496,35.43307086614173,43.30708661417323,1.574803149606299,0.7874015748031495,0.7874015748031495,0
E00053888,204,188,71,117,0,0,6,0,6,10,8,2,0,92.15686274509804,34.80392156862745,57.35294117647059,0,0,2.941176470588235,0,2.941176470588235,4.901960784313726,3.9215686274509802,0.9803921568627451,0
E00053890,118,27,13,14,0,0,86,6,80,5,4,1,0,22.88135593220339,11.016949152542372,11.864406779661017,0,0,72.88135593220339,5.084745762711865,67.79661016949152,4.23728813559322,3.389830508474576,0.847457627118644,0
E00053891,168,95,41,54,3,3,41,25,16,28,22,6,1,56.547619047619044,24.404761904761905,32.142857142857146,1.7857142857142856,1.7857142857142856,24.404761904761905,14.880952380952381,9.523809523809524,16.666666666666664,13.095238095238097,3.571428571428571,0.5952380952380952
E00053892,173,134,55,79,14,14,0,0,0,25,20,5,0,77.45664739884393,31.79190751445087,45.664739884393065,8.092485549132949,8.092485549132949,0,0,0,14.450867052023122,11.560693641618498,2.8901734104046244,0
E00053893,124,24,7,17,0,0,86,11,75,14,13,1,0,19.35483870967742,5.64516129032258,13.709677419354838,0,0,69.35483870967742,8.870967741935484,60.483870967741936,11.29032258064516,10.483870967741936,0.8064516129032258,0
E00053894,139,111,60,51,3,3,1,1,0,24,21,3,0,79.85611510791367,43.16546762589928,36.69064748201439,2.158273381294964,2.158273381294964,0.7194244604316548,0.7194244604316548,0,17.26618705035971,15.107913669064748,2.158273381294964,0
E00053895,177,141,62,79,0,0,0,0,0,35,29,6,1,79.66101694915254,35.02824858757062,44.632768361581924,0,0,0,0,0,19.774011299435028,16.38418079096045,3.389830508474576,0.5649717514124294
E00053896,117,60,26,34,0,0,43,26,17,14,13,1,0,51.28205128205128,22.22222222222222,29.059829059829063,0,0,36.75213675213676,22.22222222222222,14.529914529914532,11.965811965811966,11.11111111111111,0.8547008547008548,0
E00053897,124,84,38,46,0,0,7,2,5,33,29,4,0,67.74193548387096,30.64516129032258,37.096774193548384,0,0,5.64516129032258,1.6129032258064515,4.032258064516129,26.61290322580645,23.387096774193548,3.225806451612903,0
E00053898,185,40,9,31,0,0,111,69,42,34,31,3,0,21.62162162162162,4.864864864864865,16.756756756756758,0,0,60,37.2972972972973,22.702702702702705,18.37837837837838,16.756756756756758,1.6216216216216217,0
E00053899,123,56,29,27,0,0,43,18,25,24,24,0,0,45.52845528455284,23.577235772357724,21.951219512195124,0,0,34.959349593495936,14.634146341463413,20.32520325203252,19.51219512195122,19.51219512195122,0,0
E00053900,144,42,21,21,0,0,89,46,43,13,11,2,0,29.166666666666668,14.583333333333334,14.583333333333334,0,0,61.80555555555556,31.944444444444443,29.86111111111111,9.027777777777777,7.638888888888889,1.3888888888888888,0
E00053902,132,114,78,36,1,1,7,5,2,10,6,4,0,86.36363636363636,59.09090909090909,27.27272727272727,0.7575757575757576,0.7575757575757576,5.303030303030303,3.787878787878788,1.5151515151515151,7.575757575757576,4.545454545454546,3.0303030303030303,0
E00053903,197,124,48,76,0,0,22,14,8,51,49,2,0,62.944162436548226,24.36548223350254,38.578680203045685,0,0,11.16751269035533,7.1065989847715745,4.060913705583756,25.888324873096447,24.873096446700508,1.015228426395939,0
E00053904,134,78,30,48,0,0,32,5,27,24,21,3,0,58.2089552238806,22.388059701492537,35.82089552238806,0,0,23.88059701492537,3.731343283582089,20.149253731343283,17.91044776119403,15.671641791044777,2.2388059701492535,0
E00053905,124,79,39,40,4,4,10,7,3,31,20,11,0,63.70967741935484,31.451612903225808,32.25806451612903,3.225806451612903,3.225806451612903,8.064516129032258,5.64516129032258,2.4193548387096775,25,16.129032258064516,8.870967741935484,0
E00053907,132,97,47,50,0,0,3,3,0,32,30,2,0,73.48484848484848,35.60606060606061,37.878787878787875,0,0,2.272727272727273,2.272727272727273,0,24.242424242424242,22.727272727272727,1.5151515151515151,0
E00053908,197,130,79,51,0,0,11,1,10,56,53,3,0,65.98984771573603,40.10152284263959,25.888324873096447,0,0,5.583756345177665,0.5076142131979695,5.0761421319796955,28.426395939086298,26.903553299492383,1.5228426395939088,0
E00053910,132,113,64,49,4,4,0,0,0,15,14,1,0,85.60606060606061,48.484848484848484,37.121212121212125,3.0303030303030303,3.0303030303030303,0,0,0,11.363636363636363,10.606060606060606,0.7575757575757576,0
E00053911,136,126,79,47,0,0,1,1,0,9,6,3,0,92.64705882352942,58.08823529411765,34.55882352941176,0,0,0.7352941176470588,0.7352941176470588,0,6.61764705882353,4.411764705882353,2.2058823529411766,0
E00053912,123,100,68,32,0,0,14,8,6,9,4,5,0,81.30081300813008,55.28455284552846,26.01626016260163,0,0,11.38211382113821,6.504065040650407,4.878048780487805,7.317073170731707,3.2520325203252036,4.0650406504065035,0
E00053913,137,94,56,38,1,1,14,9,5,28,27,1,0,68.61313868613139,40.87591240875913,27.73722627737226,0.7299270072992701,0.7299270072992701,10.218978102189782,6.569343065693431,3.64963503649635,20.437956204379564,19.708029197080293,0.7299270072992701,0
E00053914,185,169,60,109,0,0,2,0,2,14,13,1,0,91.35135135135135,32.432432432432435,58.91891891891892,0,0,1.0810810810810811,0,1.0810810810810811,7.567567567567568,7.027027027027027,0.5405405405405406,0
E00053915,139,100,51,49,0,0,30,2,28,9,6,3,0,71.94244604316546,36.69064748201439,35.25179856115108,0,0,21.58273381294964,1.4388489208633095,20.14388489208633,6.474820143884892,4.316546762589928,2.158273381294964,0
E00053916,122,86,31,55,2,2,17,2,15,17,17,0,0,70.49180327868852,25.40983606557377,45.08196721311475,1.639344262295082,1.639344262295082,13.934426229508196,1.639344262295082,12.295081967213115,13.934426229508196,13.934426229508196,0,0
E00053917,191,176,71,105,0,0,0,0,0,15,15,0,0,92.14659685863874,37.17277486910995,54.973821989528794,0,0,0,0,0,7.853403141361256,7.853403141361256,0,0
E00053918,167,126,78,48,2,2,9,0,9,30,27,3,0,75.44910179640718,46.706586826347305,28.74251497005988,1.1976047904191618,1.1976047904191618,5.389221556886228,0,5.389221556886228,17.964071856287426,16.16766467065868,1.7964071856287425,0
E00053919,144,114,61,53,0,0,0,0,0,30,20,10,0,79.16666666666666,42.36111111111111,36.80555555555556,0,0,0,0,0,20.833333333333336,13.88888888888889,6.944444444444445,0
E00053920,175,164,80,84,0,0,0,0,0,11,11,0,0,93.71428571428572,45.714285714285715,48,0,0,0,0,0,6.2857142857142865,6.2857142857142865,0,0
E00053921,138,110,53,57,1,1,16,1,15,11,9,2,0,79.71014492753623,38.405797101449274,41.30434782608695,0.7246376811594203,0.7246376811594203,11.594202898550725,0.7246376811594203,10.869565217391305,7.971014492753622,6.521739130434782,1.4492753623188406,0
E00053922,127,114,37,77,0,0,3,1,2,10,10,0,0,89.76377952755905,29.133858267716533,60.629921259842526,0,0,2.3622047244094486,0.7874015748031495,1.574803149606299,7.874015748031496,7.874015748031496,0,0
E00053923,226,159,66,93,3,3,2,0,2,62,55,7,0,70.35398230088495,29.20353982300885,41.150442477876105,1.3274336283185841,1.3274336283185841,0.8849557522123894,0,0.8849557522123894,27.43362831858407,24.336283185840706,3.0973451327433628,0
E00053925,170,148,48,100,3,3,3,0,3,16,13,3,0,87.05882352941177,28.235294117647058,58.82352941176471,1.7647058823529411,1.7647058823529411,1.7647058823529411,0,1.7647058823529411,9.411764705882353,7.647058823529412,1.7647058823529411,0
E00053926,98,76,21,55,6,6,2,1,1,14,12,2,0,77.55102040816327,21.428571428571427,56.12244897959183,6.122448979591836,6.122448979591836,2.0408163265306123,1.0204081632653061,1.0204081632653061,14.285714285714285,12.244897959183673,2.0408163265306123,0
E00053927,116,104,44,60,0,0,1,0,1,11,8,3,0,89.65517241379311,37.93103448275862,51.724137931034484,0,0,0.8620689655172413,0,0.8620689655172413,9.482758620689655,6.896551724137931,2.586206896551724,0
E00053928,117,109,58,51,0,0,0,0,0,8,7,1,0,93.16239316239316,49.572649572649574,43.58974358974359,0,0,0,0,0,6.837606837606838,5.982905982905983,0.8547008547008548,0
E00053929,133,115,40,75,5,5,0,0,0,13,11,2,0,86.46616541353383,30.075187969924812,56.390977443609025,3.7593984962406015,3.7593984962406015,0,0,0,9.774436090225564,8.270676691729323,1.5037593984962405,0
E00053930,130,82,39,43,1,1,34,1,33,13,13,0,0,63.07692307692307,30,33.07692307692307,0.7692307692307693,0.7692307692307693,26.153846153846157,0.7692307692307693,25.384615384615383,10,10,0,0
E00053931,180,123,34,89,3,3,8,2,6,46,41,5,0,68.33333333333333,18.88888888888889,49.44444444444444,1.6666666666666667,1.6666666666666667,4.444444444444445,1.1111111111111112,3.3333333333333335,25.555555555555554,22.77777777777778,2.7777777777777777,0
E00053932,144,112,48,64,1,1,2,2,0,29,26,3,0,77.77777777777779,33.33333333333333,44.44444444444444,0.6944444444444444,0.6944444444444444,1.3888888888888888,1.3888888888888888,0,20.13888888888889,18.055555555555554,2.083333333333333,0
E00053933,150,37,13,24,0,0,90,38,52,22,21,1,1,24.666666666666668,8.666666666666668,16,0,0,60,25.333333333333336,34.66666666666667,14.666666666666666,14.000000000000002,0.6666666666666667,0.6666666666666667
E00053934,113,14,12,2,1,1,75,13,62,23,20,3,0,12.389380530973451,10.619469026548673,1.7699115044247788,0.8849557522123894,0.8849557522123894,66.3716814159292,11.504424778761061,54.86725663716814,20.353982300884958,17.699115044247787,2.6548672566371683,0
E00053935,121,99,70,29,1,1,4,2,2,17,13,4,0,81.81818181818183,57.85123966942148,23.96694214876033,0.8264462809917356,0.8264462809917356,3.3057851239669422,1.6528925619834711,1.6528925619834711,14.049586776859504,10.743801652892563,3.3057851239669422,0
E00053936,134,104,80,24,1,1,4,3,1,25,23,2,0,77.61194029850746,59.70149253731343,17.91044776119403,0.7462686567164178,0.7462686567164178,2.9850746268656714,2.2388059701492535,0.7462686567164178,18.65671641791045,17.16417910447761,1.4925373134328357,0
E00053937,146,112,76,36,3,3,16,1,15,15,13,2,0,76.71232876712328,52.054794520547944,24.65753424657534,2.054794520547945,2.054794520547945,10.95890410958904,0.684931506849315,10.273972602739725,10.273972602739725,8.904109589041095,1.36986301369863,0
E00053938,157,148,87,61,0,0,1,0,1,8,6,2,0,94.26751592356688,55.4140127388535,38.853503184713375,0,0,0.6369426751592357,0,0.6369426751592357,5.095541401273886,3.821656050955414,1.2738853503184715,0
E00053939,156,148,106,42,0,0,0,0,0,8,7,1,0,94.87179487179486,67.94871794871796,26.923076923076923,0,0,0,0,0,5.128205128205128,4.487179487179487,0.641025641025641,0
E00053940,134,80,34,46,0,0,38,15,23,16,14,2,0,59.70149253731343,25.37313432835821,34.32835820895522,0,0,28.35820895522388,11.194029850746269,17.16417910447761,11.940298507462686,10.44776119402985,1.4925373134328357,0
E00053941,169,121,65,56,2,2,37,20,17,9,8,1,0,71.59763313609467,38.46153846153847,33.13609467455622,1.183431952662722,1.183431952662722,21.893491124260358,11.834319526627219,10.059171597633137,5.325443786982249,4.733727810650888,0.591715976331361,0
E00053942,193,104,52,52,2,2,55,25,30,32,27,5,0,53.8860103626943,26.94300518134715,26.94300518134715,1.0362694300518136,1.0362694300518136,28.497409326424872,12.953367875647666,15.544041450777202,16.580310880829018,13.989637305699482,2.5906735751295336,0
E00053943,159,151,93,58,0,0,1,0,1,7,6,1,0,94.9685534591195,58.490566037735846,36.477987421383645,0,0,0.628930817610063,0,0.628930817610063,4.40251572327044,3.7735849056603774,0.628930817610063,0
E00053944,124,119,73,46,0,0,0,0,0,4,3,1,1,95.96774193548387,58.87096774193549,37.096774193548384,0,0,0,0,0,3.225806451612903,2.4193548387096775,0.8064516129032258,0.8064516129032258
E00053945,130,120,65,55,1,1,2,2,0,7,4,3,0,92.3076923076923,50,42.30769230769231,0.7692307692307693,0.7692307692307693,1.5384615384615385,1.5384615384615385,0,5.384615384615385,3.076923076923077,2.307692307692308,0
E00053946,120,105,66,39,1,1,2,1,1,12,11,1,0,87.5,55.00000000000001,32.5,0.8333333333333334,0.8333333333333334,1.6666666666666667,0.8333333333333334,0.8333333333333334,10,9.166666666666666,0.8333333333333334,0
E00053947,134,119,88,31,1,1,1,1,0,13,9,4,0,88.80597014925374,65.67164179104478,23.134328358208954,0.7462686567164178,0.7462686567164178,0.7462686567164178,0.7462686567164178,0,9.701492537313433,6.7164179104477615,2.9850746268656714,0
E00053948,137,133,82,51,0,0,1,0,1,3,3,0,0,97.08029197080292,59.854014598540154,37.22627737226277,0,0,0.7299270072992701,0,0.7299270072992701,2.18978102189781,2.18978102189781,0,0
E00053949,143,128,86,42,0,0,3,2,1,12,10,2,0,89.5104895104895,60.13986013986013,29.37062937062937,0,0,2.097902097902098,1.3986013986013985,0.6993006993006993,8.391608391608392,6.993006993006993,1.3986013986013985,0
E00053950,130,117,77,40,0,0,0,0,0,13,10,3,0,90,59.23076923076923,30.76923076923077,0,0,0,0,0,10,7.6923076923076925,2.307692307692308,0
E00053951,145,104,54,50,0,0,0,0,0,41,38,3,0,71.72413793103448,37.24137931034483,34.48275862068966,0,0,0,0,0,28.27586206896552,26.20689655172414,2.0689655172413794,0
E00053952,149,136,79,57,0,0,3,2,1,10,10,0,0,91.2751677852349,53.02013422818792,38.25503355704698,0,0,2.013422818791946,1.342281879194631,0.6711409395973155,6.7114093959731544,6.7114093959731544,0,0
E00053953,194,158,92,66,6,6,2,0,2,28,26,2,0,81.44329896907216,47.42268041237113,34.02061855670103,3.0927835051546393,3.0927835051546393,1.0309278350515463,0,1.0309278350515463,14.432989690721648,13.402061855670103,1.0309278350515463,0
E00053954,154,136,110,26,0,0,9,2,7,9,8,1,0,88.31168831168831,71.42857142857143,16.883116883116884,0,0,5.844155844155844,1.2987012987012987,4.545454545454546,5.844155844155844,5.194805194805195,0.6493506493506493,0
E00053955,72,62,44,18,1,1,2,2,0,6,4,2,1,86.11111111111111,61.111111111111114,25,1.3888888888888888,1.3888888888888888,2.7777777777777777,2.7777777777777777,0,8.333333333333332,5.555555555555555,2.7777777777777777,1.3888888888888888
E00053956,137,131,93,38,0,0,0,0,0,6,5,1,0,95.62043795620438,67.88321167883211,27.73722627737226,0,0,0,0,0,4.37956204379562,3.64963503649635,0.7299270072992701,0
E00053957,170,128,63,65,2,2,5,1,4,35,32,3,0,75.29411764705883,37.05882352941177,38.23529411764706,1.1764705882352942,1.1764705882352942,2.941176470588235,0.5882352941176471,2.3529411764705883,20.588235294117645,18.823529411764707,1.7647058823529411,0
E00053958,153,95,72,23,0,0,10,1,9,48,44,4,0,62.091503267973856,47.05882352941176,15.032679738562091,0,0,6.535947712418301,0.6535947712418301,5.88235294117647,31.372549019607842,28.75816993464052,2.6143790849673203,0
E00053959,138,136,93,43,0,0,0,0,0,2,1,1,0,98.55072463768117,67.3913043478261,31.15942028985507,0,0,0,0,0,1.4492753623188406,0.7246376811594203,0.7246376811594203,0
E00053960,166,108,64,44,2,2,12,2,10,44,44,0,0,65.06024096385542,38.55421686746988,26.506024096385545,1.2048192771084338,1.2048192771084338,7.228915662650602,1.2048192771084338,6.024096385542169,26.506024096385545,26.506024096385545,0,0
E00053961,139,113,76,37,1,1,2,1,1,23,22,1,0,81.29496402877699,54.67625899280576,26.618705035971225,0.7194244604316548,0.7194244604316548,1.4388489208633095,0.7194244604316548,0.7194244604316548,16.546762589928058,15.827338129496402,0.7194244604316548,0
E00053962,126,100,69,31,0,0,5,2,3,21,16,5,0,79.36507936507937,54.761904761904766,24.6031746031746,0,0,3.968253968253968,1.5873015873015872,2.380952380952381,16.666666666666664,12.698412698412698,3.968253968253968,0
E00053963,133,102,58,44,0,0,14,7,7,17,16,1,0,76.69172932330827,43.609022556390975,33.08270676691729,0,0,10.526315789473683,5.263157894736842,5.263157894736842,12.781954887218044,12.030075187969924,0.7518796992481203,0
E00053964,154,84,47,37,2,2,26,24,2,42,39,3,0,54.54545454545454,30.519480519480517,24.025974025974026,1.2987012987012987,1.2987012987012987,16.883116883116884,15.584415584415584,1.2987012987012987,27.27272727272727,25.324675324675322,1.948051948051948,0
E00053965,144,86,39,47,1,1,8,2,6,49,46,3,0,59.72222222222222,27.083333333333332,32.63888888888889,0.6944444444444444,0.6944444444444444,5.555555555555555,1.3888888888888888,4.166666666666666,34.02777777777778,31.944444444444443,2.083333333333333,0
E00053966,127,117,69,48,1,1,1,0,1,8,8,0,0,92.1259842519685,54.330708661417326,37.79527559055118,0.7874015748031495,0.7874015748031495,0.7874015748031495,0,0.7874015748031495,6.299212598425196,6.299212598425196,0,0
E00053967,140,87,55,32,3,3,40,18,22,10,10,0,0,62.142857142857146,39.285714285714285,22.857142857142858,2.142857142857143,2.142857142857143,28.57142857142857,12.857142857142856,15.714285714285714,7.142857142857142,7.142857142857142,0,0
E00053968,166,133,98,35,9,9,6,1,5,18,14,4,0,80.12048192771084,59.036144578313255,21.084337349397593,5.421686746987952,5.421686746987952,3.614457831325301,0.6024096385542169,3.0120481927710845,10.843373493975903,8.433734939759036,2.4096385542168677,0
E00053969,118,92,60,32,0,0,6,0,6,20,18,2,0,77.96610169491525,50.847457627118644,27.11864406779661,0,0,5.084745762711865,0,5.084745762711865,16.94915254237288,15.254237288135593,1.694915254237288,0
E00053970,139,71,38,33,0,0,3,1,2,65,63,2,0,51.07913669064749,27.33812949640288,23.741007194244602,0,0,2.158273381294964,0.7194244604316548,1.4388489208633095,46.76258992805755,45.32374100719424,1.4388489208633095,0
E00053971,116,108,59,49,0,0,1,1,0,7,6,1,0,93.10344827586206,50.86206896551724,42.241379310344826,0,0,0.8620689655172413,0.8620689655172413,0,6.0344827586206895,5.172413793103448,0.8620689655172413,0
E00053972,117,103,61,42,0,0,1,0,1,13,12,1,0,88.03418803418803,52.13675213675214,35.8974358974359,0,0,0.8547008547008548,0,0.8547008547008548,11.11111111111111,10.256410256410255,0.8547008547008548,0
E00053973,142,79,65,14,0,0,21,8,13,42,34,8,0,55.633802816901415,45.774647887323944,9.859154929577464,0,0,14.788732394366196,5.633802816901409,9.15492957746479,29.577464788732392,23.943661971830984,5.633802816901409,0
E00053974,121,86,48,38,0,0,1,0,1,34,29,5,0,71.07438016528926,39.66942148760331,31.40495867768595,0,0,0.8264462809917356,0,0.8264462809917356,28.09917355371901,23.96694214876033,4.132231404958678,0
E00053975,124,67,47,20,3,3,44,10,34,10,8,2,0,54.03225806451613,37.903225806451616,16.129032258064516,2.4193548387096775,2.4193548387096775,35.483870967741936,8.064516129032258,27.419354838709676,8.064516129032258,6.451612903225806,1.6129032258064515,0
E00053976,132,116,74,42,1,1,1,0,1,14,12,2,0,87.87878787878788,56.060606060606055,31.818181818181817,0.7575757575757576,0.7575757575757576,0.7575757575757576,0,0.7575757575757576,10.606060606060606,9.090909090909092,1.5151515151515151,0
E00053977,124,91,59,32,0,0,15,7,8,18,17,1,0,73.38709677419355,47.58064516129033,25.806451612903224,0,0,12.096774193548388,5.64516129032258,6.451612903225806,14.516129032258066,13.709677419354838,0.8064516129032258,0
E00053978,127,110,66,44,1,1,3,1,2,13,10,3,0,86.61417322834646,51.96850393700787,34.645669291338585,0.7874015748031495,0.7874015748031495,2.3622047244094486,0.7874015748031495,1.574803149606299,10.236220472440944,7.874015748031496,2.3622047244094486,0
E00053979,135,101,56,45,0,0,1,1,0,33,30,3,0,74.81481481481481,41.48148148148148,33.33333333333333,0,0,0.7407407407407408,0.7407407407407408,0,24.444444444444443,22.22222222222222,2.2222222222222223,0
E00053980,177,97,75,22,0,0,29,2,27,51,43,8,0,54.80225988700565,42.3728813559322,12.429378531073446,0,0,16.38418079096045,1.1299435028248588,15.254237288135593,28.8135593220339,24.293785310734464,4.519774011299435,0
E00053981,160,74,56,18,4,4,38,7,31,44,42,2,0,46.25,35,11.25,2.5,2.5,23.75,4.375,19.375,27.500000000000004,26.25,1.25,0
E00053982,120,103,74,29,0,0,5,2,3,12,10,2,0,85.83333333333333,61.66666666666667,24.166666666666668,0,0,4.166666666666666,1.6666666666666667,2.5,10,8.333333333333332,1.6666666666666667,0
E00053983,123,69,30,39,0,0,1,1,0,53,46,7,0,56.09756097560976,24.390243902439025,31.70731707317073,0,0,0.8130081300813009,0.8130081300813009,0,43.08943089430895,37.39837398373984,5.691056910569105,0
E00053984,130,70,48,22,0,0,14,2,12,46,34,12,0,53.84615384615385,36.92307692307693,16.923076923076923,0,0,10.76923076923077,1.5384615384615385,9.230769230769232,35.38461538461539,26.153846153846157,9.230769230769232,0
E00053985,147,111,54,57,2,2,11,6,5,22,21,1,1,75.51020408163265,36.734693877551024,38.775510204081634,1.3605442176870748,1.3605442176870748,7.482993197278912,4.081632653061225,3.4013605442176873,14.965986394557824,14.285714285714285,0.6802721088435374,0.6802721088435374
E00053986,148,111,56,55,1,1,3,3,0,33,30,3,0,75,37.83783783783784,37.16216216216216,0.6756756756756757,0.6756756756756757,2.027027027027027,2.027027027027027,0,22.2972972972973,20.27027027027027,2.027027027027027,0
E00053987,235,186,84,102,14,14,9,2,7,25,23,2,1,79.14893617021276,35.74468085106383,43.40425531914894,5.957446808510639,5.957446808510639,3.829787234042553,0.851063829787234,2.9787234042553195,10.638297872340425,9.787234042553191,0.851063829787234,0.425531914893617
E00053988,150,142,90,52,0,0,0,0,0,8,6,2,0,94.66666666666667,60,34.66666666666667,0,0,0,0,0,5.333333333333334,4,1.3333333333333335,0
E00053989,123,86,61,25,0,0,0,0,0,37,25,12,0,69.91869918699187,49.59349593495935,20.32520325203252,0,0,0,0,0,30.081300813008134,20.32520325203252,9.75609756097561,0
E00053990,70,11,3,8,0,0,42,15,27,16,12,4,1,15.714285714285714,4.285714285714286,11.428571428571429,0,0,60,21.428571428571427,38.57142857142858,22.857142857142858,17.142857142857142,5.714285714285714,1.4285714285714286
E00053991,119,69,42,27,0,0,2,1,1,48,41,7,0,57.98319327731093,35.294117647058826,22.689075630252102,0,0,1.680672268907563,0.8403361344537815,0.8403361344537815,40.33613445378151,34.45378151260504,5.88235294117647,0
E00053992,111,66,32,34,0,0,23,3,20,22,21,1,0,59.45945945945946,28.82882882882883,30.630630630630627,0,0,20.72072072072072,2.7027027027027026,18.01801801801802,19.81981981981982,18.91891891891892,0.9009009009009009,0
E00053993,105,71,49,22,1,1,1,1,0,32,31,1,0,67.61904761904762,46.666666666666664,20.952380952380953,0.9523809523809524,0.9523809523809524,0.9523809523809524,0.9523809523809524,0,30.476190476190478,29.523809523809526,0.9523809523809524,0
E00053994,133,111,82,29,0,0,1,0,1,21,16,5,0,83.45864661654136,61.65413533834586,21.804511278195488,0,0,0.7518796992481203,0,0.7518796992481203,15.789473684210526,12.030075187969924,3.7593984962406015,0
E00053995,113,77,44,33,0,0,23,3,20,13,11,2,0,68.14159292035397,38.93805309734513,29.20353982300885,0,0,20.353982300884958,2.6548672566371683,17.699115044247787,11.504424778761061,9.734513274336283,1.7699115044247788,0
E00053996,146,65,24,41,1,1,5,4,1,75,66,9,0,44.52054794520548,16.43835616438356,28.08219178082192,0.684931506849315,0.684931506849315,3.4246575342465753,2.73972602739726,0.684931506849315,51.369863013698634,45.20547945205479,6.164383561643835,0
E00053997,135,121,73,48,0,0,0,0,0,13,11,2,1,89.62962962962962,54.074074074074076,35.55555555555556,0,0,0,0,0,9.62962962962963,8.148148148148149,1.4814814814814816,0.7407407407407408
E00053998,120,110,62,48,1,1,1,0,1,8,7,1,0,91.66666666666666,51.66666666666667,40,0.8333333333333334,0.8333333333333334,0.8333333333333334,0,0.8333333333333334,6.666666666666667,5.833333333333333,0.8333333333333334,0
E00053999,169,154,87,67,0,0,1,1,0,14,11,3,0,91.12426035502959,51.4792899408284,39.64497041420118,0,0,0.591715976331361,0.591715976331361,0,8.284023668639055,6.508875739644971,1.7751479289940828,0
E00054000,125,97,59,38,1,1,10,7,3,17,14,3,0,77.60000000000001,47.199999999999996,30.4,0.8,0.8,8,5.6000000000000005,2.4,13.600000000000001,11.200000000000001,2.4,0
E00054001,126,93,48,45,0,0,3,1,2,30,28,2,0,73.80952380952381,38.095238095238095,35.714285714285715,0,0,2.380952380952381,0.7936507936507936,1.5873015873015872,23.809523809523807,22.22222222222222,1.5873015873015872,0
E00054002,128,110,57,53,0,0,1,0,1,17,11,6,0,85.9375,44.53125,41.40625,0,0,0.78125,0,0.78125,13.28125,8.59375,4.6875,0
E00054003,119,86,48,38,0,0,18,11,7,15,12,3,0,72.26890756302521,40.33613445378151,31.932773109243694,0,0,15.126050420168067,9.243697478991598,5.88235294117647,12.605042016806722,10.084033613445378,2.5210084033613445,0
E00054004,71,24,17,7,0,0,30,17,13,17,15,2,0,33.80281690140845,23.943661971830984,9.859154929577464,0,0,42.25352112676056,23.943661971830984,18.30985915492958,23.943661971830984,21.12676056338028,2.8169014084507045,0
E00054005,138,118,75,43,0,0,1,1,0,19,17,2,0,85.5072463768116,54.347826086956516,31.15942028985507,0,0,0.7246376811594203,0.7246376811594203,0,13.768115942028986,12.318840579710146,1.4492753623188406,0
E00054006,128,118,73,45,0,0,1,0,1,9,5,4,0,92.1875,57.03125,35.15625,0,0,0.78125,0,0.78125,7.03125,3.90625,3.125,0
E00054007,53,43,21,22,0,0,0,0,0,10,9,1,0,81.13207547169812,39.62264150943396,41.509433962264154,0,0,0,0,0,18.867924528301888,16.9811320754717,1.8867924528301887,0
E00054008,120,111,64,47,0,0,1,1,0,8,7,1,0,92.5,53.333333333333336,39.166666666666664,0,0,0.8333333333333334,0.8333333333333334,0,6.666666666666667,5.833333333333333,0.8333333333333334,0
E00054009,125,118,52,66,0,0,2,1,1,5,4,1,0,94.39999999999999,41.6,52.800000000000004,0,0,1.6,0.8,0.8,4,3.2,0.8,0
E00054011,153,130,62,68,0,0,1,0,1,22,17,5,0,84.9673202614379,40.52287581699346,44.44444444444444,0,0,0.6535947712418301,0,0.6535947712418301,14.37908496732026,11.11111111111111,3.2679738562091507,0
E00054012,114,88,45,43,0,0,0,0,0,26,23,3,0,77.19298245614034,39.473684210526315,37.719298245614034,0,0,0,0,0,22.807017543859647,20.175438596491226,2.631578947368421,0
E00054013,215,162,80,82,0,0,4,1,3,49,46,3,0,75.34883720930232,37.2093023255814,38.139534883720934,0,0,1.8604651162790697,0.46511627906976744,1.3953488372093024,22.790697674418606,21.3953488372093,1.3953488372093024,0
E00054014,144,133,74,59,0,0,0,0,0,11,9,2,0,92.36111111111111,51.388888888888886,40.97222222222222,0,0,0,0,0,7.638888888888889,6.25,1.3888888888888888,0
E00054015,128,96,43,53,0,0,1,1,0,31,29,2,0,75,33.59375,41.40625,0,0,0.78125,0.78125,0,24.21875,22.65625,1.5625,0
E00054016,156,143,62,81,0,0,0,0,0,13,12,1,0,91.66666666666666,39.743589743589745,51.92307692307693,0,0,0,0,0,8.333333333333332,7.6923076923076925,0.641025641025641,0
E00054017,135,100,50,50,0,0,4,1,3,31,31,0,0,74.07407407407408,37.03703703703704,37.03703703703704,0,0,2.9629629629629632,0.7407407407407408,2.2222222222222223,22.962962962962962,22.962962962962962,0,0
E00054019,163,141,86,55,0,0,1,0,1,21,20,1,0,86.50306748466258,52.760736196319016,33.74233128834356,0,0,0.6134969325153374,0,0.6134969325153374,12.883435582822086,12.269938650306749,0.6134969325153374,0
E00054020,148,80,41,39,0,0,1,0,1,67,64,3,0,54.054054054054056,27.7027027027027,26.351351351351347,0,0,0.6756756756756757,0,0.6756756756756757,45.27027027027027,43.24324324324324,2.027027027027027,0
E00054021,101,93,72,21,0,0,0,0,0,8,6,2,0,92.07920792079209,71.28712871287128,20.792079207920793,0,0,0,0,0,7.920792079207921,5.9405940594059405,1.9801980198019802,0
E00054022,100,55,35,20,1,1,0,0,0,44,35,9,0,55.00000000000001,35,20,1,1,0,0,0,44,35,9,0
E00054023,100,58,37,21,0,0,1,1,0,41,36,5,0,57.99999999999999,37,21,0,0,1,1,0,41,36,5,0
E00054024,141,87,38,49,0,0,22,3,19,32,29,3,0,61.702127659574465,26.95035460992908,34.751773049645394,0,0,15.602836879432624,2.127659574468085,13.47517730496454,22.69503546099291,20.56737588652482,2.127659574468085,0
E00054025,107,86,58,28,0,0,2,1,1,19,15,4,0,80.37383177570094,54.20560747663551,26.168224299065418,0,0,1.8691588785046727,0.9345794392523363,0.9345794392523363,17.75700934579439,14.018691588785046,3.7383177570093453,0
E00054026,107,68,46,22,0,0,3,1,2,36,28,8,0,63.55140186915887,42.99065420560748,20.5607476635514,0,0,2.803738317757009,0.9345794392523363,1.8691588785046727,33.64485981308411,26.168224299065418,7.476635514018691,0
E00054027,147,113,62,51,1,1,3,2,1,30,25,5,0,76.87074829931973,42.17687074829932,34.69387755102041,0.6802721088435374,0.6802721088435374,2.0408163265306123,1.3605442176870748,0.6802721088435374,20.408163265306122,17.006802721088434,3.4013605442176873,0
E00054028,129,69,39,30,2,2,1,0,1,57,44,13,0,53.48837209302325,30.23255813953488,23.25581395348837,1.550387596899225,1.550387596899225,0.7751937984496124,0,0.7751937984496124,44.18604651162791,34.10852713178294,10.077519379844961,0
E00054029,206,186,98,88,0,0,1,1,0,19,17,2,0,90.29126213592234,47.57281553398058,42.71844660194174,0,0,0.48543689320388345,0.48543689320388345,0,9.223300970873787,8.25242718446602,0.9708737864077669,0
E00054030,83,11,7,4,0,0,60,1,59,12,7,5,0,13.253012048192772,8.433734939759036,4.819277108433735,0,0,72.28915662650603,1.2048192771084338,71.08433734939759,14.457831325301203,8.433734939759036,6.024096385542169,0
E00054031,101,83,34,49,0,0,0,0,0,18,18,0,0,82.17821782178217,33.663366336633665,48.51485148514851,0,0,0,0,0,17.82178217821782,17.82178217821782,0,0
E00054032,143,35,26,9,0,0,79,2,77,29,28,1,0,24.475524475524477,18.181818181818183,6.293706293706294,0,0,55.24475524475524,1.3986013986013985,53.84615384615385,20.27972027972028,19.58041958041958,0.6993006993006993,0
E00054033,126,61,25,36,0,0,8,1,7,57,52,5,0,48.41269841269841,19.841269841269842,28.57142857142857,0,0,6.349206349206349,0.7936507936507936,5.555555555555555,45.23809523809524,41.269841269841265,3.968253968253968,0
E00054034,196,119,42,77,1,1,29,2,27,47,39,8,0,60.71428571428571,21.428571428571427,39.285714285714285,0.5102040816326531,0.5102040816326531,14.795918367346939,1.0204081632653061,13.77551020408163,23.97959183673469,19.897959183673468,4.081632653061225,0
E00054035,88,70,41,29,0,0,4,0,4,14,11,3,0,79.54545454545455,46.590909090909086,32.95454545454545,0,0,4.545454545454546,0,4.545454545454546,15.909090909090908,12.5,3.4090909090909087,0
E00054036,169,109,55,54,6,6,31,20,11,19,17,2,4,64.49704142011834,32.544378698224854,31.952662721893493,3.5502958579881656,3.5502958579881656,18.34319526627219,11.834319526627219,6.508875739644971,11.242603550295858,10.059171597633137,1.183431952662722,2.366863905325444
E00054037,153,103,45,58,2,2,9,0,9,39,38,1,0,67.3202614379085,29.411764705882355,37.908496732026144,1.3071895424836601,1.3071895424836601,5.88235294117647,0,5.88235294117647,25.49019607843137,24.836601307189543,0.6535947712418301,0
E00054038,123,19,12,7,0,0,70,14,56,34,33,1,0,15.447154471544716,9.75609756097561,5.691056910569105,0,0,56.91056910569105,11.38211382113821,45.52845528455284,27.64227642276423,26.82926829268293,0.8130081300813009,0
E00054039,196,5,4,1,0,0,12,6,6,179,170,9,0,2.5510204081632653,2.0408163265306123,0.5102040816326531,0,0,6.122448979591836,3.061224489795918,3.061224489795918,91.3265306122449,86.73469387755102,4.591836734693878,0
E00054040,202,68,30,38,5,5,1,0,1,128,117,11,0,33.663366336633665,14.85148514851485,18.81188118811881,2.4752475247524752,2.4752475247524752,0.49504950495049505,0,0.49504950495049505,63.366336633663366,57.920792079207914,5.445544554455446,0
E00054041,131,90,62,28,0,0,0,0,0,41,34,7,0,68.70229007633588,47.32824427480916,21.374045801526716,0,0,0,0,0,31.297709923664126,25.954198473282442,5.343511450381679,0
E00054042,122,4,2,2,0,0,104,51,53,12,11,1,2,3.278688524590164,1.639344262295082,1.639344262295082,0,0,85.24590163934425,41.80327868852459,43.44262295081967,9.836065573770492,9.01639344262295,0.819672131147541,1.639344262295082
E00054043,134,11,5,6,0,0,77,39,38,44,43,1,2,8.208955223880597,3.731343283582089,4.477611940298507,0,0,57.46268656716418,29.1044776119403,28.35820895522388,32.83582089552239,32.08955223880597,0.7462686567164178,1.4925373134328357
E00054044,159,6,4,2,1,1,9,3,6,143,139,4,0,3.7735849056603774,2.515723270440252,1.257861635220126,0.628930817610063,0.628930817610063,5.660377358490567,1.8867924528301887,3.7735849056603774,89.937106918239,87.42138364779875,2.515723270440252,0
E00054045,120,9,7,2,0,0,102,43,59,9,6,3,0,7.5,5.833333333333333,1.6666666666666667,0,0,85,35.833333333333336,49.166666666666664,7.5,5,2.5,0
E00054046,115,70,38,32,1,1,0,0,0,44,41,3,0,60.86956521739131,33.04347826086956,27.82608695652174,0.8695652173913043,0.8695652173913043,0,0,0,38.26086956521739,35.65217391304348,2.608695652173913,0
E00054047,135,66,23,43,2,2,4,2,2,63,51,12,0,48.888888888888886,17.037037037037038,31.851851851851855,1.4814814814814816,1.4814814814814816,2.9629629629629632,1.4814814814814816,1.4814814814814816,46.666666666666664,37.77777777777778,8.88888888888889,0
E00054048,122,77,32,45,0,0,0,0,0,45,40,5,0,63.114754098360656,26.229508196721312,36.885245901639344,0,0,0,0,0,36.885245901639344,32.78688524590164,4.098360655737705,0
E00054049,220,0,0,0,0,0,43,18,25,177,176,1,0,0,0,0,0,0,19.545454545454547,8.181818181818182,11.363636363636363,80.45454545454545,80,0.45454545454545453,0
E00054050,129,41,21,20,0,0,52,12,40,36,34,2,0,31.782945736434108,16.27906976744186,15.503875968992247,0,0,40.310077519379846,9.30232558139535,31.007751937984494,27.906976744186046,26.356589147286826,1.550387596899225,0
E00054051,121,97,48,49,0,0,7,0,7,17,15,2,0,80.16528925619835,39.66942148760331,40.49586776859504,0,0,5.785123966942149,0,5.785123966942149,14.049586776859504,12.396694214876034,1.6528925619834711,0
E00054052,126,100,61,39,0,0,5,4,1,21,18,3,0,79.36507936507937,48.41269841269841,30.952380952380953,0,0,3.968253968253968,3.1746031746031744,0.7936507936507936,16.666666666666664,14.285714285714285,2.380952380952381,0
E00054053,135,75,49,26,0,0,1,1,0,59,57,2,0,55.55555555555556,36.2962962962963,19.25925925925926,0,0,0.7407407407407408,0.7407407407407408,0,43.7037037037037,42.22222222222222,1.4814814814814816,0
E00054054,109,71,33,38,0,0,18,7,11,20,16,4,0,65.13761467889908,30.275229357798167,34.862385321100916,0,0,16.51376146788991,6.422018348623854,10.091743119266056,18.34862385321101,14.678899082568808,3.669724770642202,0
E00054055,122,98,56,42,0,0,14,8,6,10,10,0,0,80.32786885245902,45.90163934426229,34.42622950819672,0,0,11.475409836065573,6.557377049180328,4.918032786885246,8.19672131147541,8.19672131147541,0,0
E00054056,109,26,16,10,0,0,63,37,26,18,18,0,2,23.853211009174313,14.678899082568808,9.174311926605505,0,0,57.798165137614674,33.94495412844037,23.853211009174313,16.51376146788991,16.51376146788991,0,1.834862385321101
E00054057,131,87,49,38,0,0,23,10,13,20,18,2,1,66.41221374045801,37.404580152671755,29.00763358778626,0,0,17.557251908396946,7.633587786259542,9.923664122137405,15.267175572519085,13.740458015267176,1.5267175572519083,0.7633587786259541
E00054058,120,88,50,38,0,0,10,6,4,22,16,6,0,73.33333333333333,41.66666666666667,31.666666666666664,0,0,8.333333333333332,5,3.3333333333333335,18.333333333333332,13.333333333333334,5,0
E00054059,156,52,19,33,0,0,65,35,30,39,38,1,0,33.33333333333333,12.179487179487179,21.153846153846153,0,0,41.66666666666667,22.435897435897438,19.230769230769234,25,24.358974358974358,0.641025641025641,0
E00054060,109,72,27,45,0,0,4,3,1,33,32,1,0,66.05504587155964,24.770642201834864,41.284403669724774,0,0,3.669724770642202,2.7522935779816518,0.9174311926605505,30.275229357798167,29.357798165137616,0.9174311926605505,0
E00054061,124,57,31,26,0,0,42,13,29,25,21,4,0,45.96774193548387,25,20.967741935483872,0,0,33.87096774193548,10.483870967741936,23.387096774193548,20.161290322580644,16.93548387096774,3.225806451612903,0
E00054062,156,73,32,41,0,0,0,0,0,83,81,2,0,46.794871794871796,20.51282051282051,26.282051282051285,0,0,0,0,0,53.205128205128204,51.92307692307693,1.282051282051282,0
E00054063,113,81,43,38,1,1,1,0,1,30,29,1,0,71.68141592920354,38.05309734513274,33.6283185840708,0.8849557522123894,0.8849557522123894,0.8849557522123894,0,0.8849557522123894,26.548672566371685,25.663716814159294,0.8849557522123894,0
E00054064,244,81,51,30,1,1,39,1,38,123,115,8,0,33.19672131147541,20.901639344262296,12.295081967213115,0.4098360655737705,0.4098360655737705,15.983606557377051,0.4098360655737705,15.573770491803279,50.409836065573764,47.13114754098361,3.278688524590164,0
E00054065,103,56,27,29,1,1,3,0,3,43,40,3,0,54.36893203883495,26.21359223300971,28.155339805825243,0.9708737864077669,0.9708737864077669,2.912621359223301,0,2.912621359223301,41.74757281553398,38.83495145631068,2.912621359223301,0
E00054066,134,59,31,28,0,0,44,26,18,31,28,3,0,44.02985074626866,23.134328358208954,20.8955223880597,0,0,32.83582089552239,19.402985074626866,13.432835820895523,23.134328358208954,20.8955223880597,2.2388059701492535,0
E00054067,105,95,71,24,1,1,2,1,1,7,7,0,0,90.47619047619048,67.61904761904762,22.857142857142858,0.9523809523809524,0.9523809523809524,1.9047619047619049,0.9523809523809524,0.9523809523809524,6.666666666666667,6.666666666666667,0,0
E00054068,120,5,3,2,0,0,100,33,67,15,15,0,0,4.166666666666666,2.5,1.6666666666666667,0,0,83.33333333333334,27.500000000000004,55.833333333333336,12.5,12.5,0,0
E00054069,223,85,35,50,3,3,104,13,91,31,28,3,0,38.11659192825112,15.695067264573993,22.421524663677133,1.345291479820628,1.345291479820628,46.63677130044843,5.829596412556054,40.80717488789238,13.901345291479823,12.556053811659194,1.345291479820628,0
E00054070,122,54,21,33,1,1,44,23,21,23,18,5,0,44.26229508196721,17.21311475409836,27.049180327868854,0.819672131147541,0.819672131147541,36.0655737704918,18.852459016393443,17.21311475409836,18.852459016393443,14.754098360655737,4.098360655737705,0
E00054071,134,49,20,29,0,0,51,24,27,32,31,1,2,36.56716417910448,14.925373134328357,21.641791044776117,0,0,38.059701492537314,17.91044776119403,20.149253731343283,23.88059701492537,23.134328358208954,0.7462686567164178,1.4925373134328357
E00054072,143,95,44,51,0,0,5,0,5,43,40,3,0,66.43356643356644,30.76923076923077,35.66433566433567,0,0,3.4965034965034967,0,3.4965034965034967,30.069930069930066,27.972027972027973,2.097902097902098,0
E00054073,115,31,15,16,1,1,69,47,22,13,11,2,1,26.956521739130434,13.043478260869565,13.91304347826087,0.8695652173913043,0.8695652173913043,60,40.869565217391305,19.130434782608695,11.304347826086957,9.565217391304348,1.7391304347826086,0.8695652173913043
E00054074,102,21,8,13,0,0,67,29,38,14,11,3,0,20.588235294117645,7.8431372549019605,12.745098039215685,0,0,65.68627450980392,28.431372549019606,37.254901960784316,13.725490196078432,10.784313725490197,2.941176470588235,0
E00054075,108,20,7,13,0,0,70,41,29,11,11,0,7,18.51851851851852,6.481481481481481,12.037037037037036,0,0,64.81481481481481,37.96296296296296,26.851851851851855,10.185185185185185,10.185185185185185,0,6.481481481481481
E00054076,133,54,20,34,0,0,58,41,17,21,20,1,0,40.6015037593985,15.037593984962406,25.563909774436087,0,0,43.609022556390975,30.82706766917293,12.781954887218044,15.789473684210526,15.037593984962406,0.7518796992481203,0
E00054077,129,64,34,30,0,0,0,0,0,64,61,3,1,49.6124031007752,26.356589147286826,23.25581395348837,0,0,0,0,0,49.6124031007752,47.286821705426355,2.3255813953488373,0.7751937984496124
E00054078,109,95,54,41,0,0,4,1,3,10,10,0,0,87.1559633027523,49.54128440366973,37.61467889908257,0,0,3.669724770642202,0.9174311926605505,2.7522935779816518,9.174311926605505,9.174311926605505,0,0
E00054079,125,103,58,45,0,0,5,2,3,17,14,3,0,82.39999999999999,46.400000000000006,36,0,0,4,1.6,2.4,13.600000000000001,11.200000000000001,2.4,0
E00054080,117,104,57,47,0,0,0,0,0,13,11,2,0,88.88888888888889,48.717948717948715,40.17094017094017,0,0,0,0,0,11.11111111111111,9.401709401709402,1.7094017094017095,0
E00054082,119,22,15,7,0,0,73,28,45,23,19,4,1,18.487394957983195,12.605042016806722,5.88235294117647,0,0,61.34453781512605,23.52941176470588,37.81512605042017,19.327731092436977,15.966386554621847,3.361344537815126,0.8403361344537815
E00054083,116,94,62,32,0,0,0,0,0,22,19,3,0,81.03448275862068,53.44827586206896,27.586206896551722,0,0,0,0,0,18.96551724137931,16.379310344827587,2.586206896551724,0
E00054084,184,141,75,66,3,3,6,1,5,34,31,3,0,76.63043478260869,40.76086956521739,35.869565217391305,1.6304347826086956,1.6304347826086956,3.260869565217391,0.5434782608695652,2.717391304347826,18.478260869565215,16.847826086956523,1.6304347826086956,0
E00054085,133,94,67,27,0,0,7,1,6,32,31,1,0,70.67669172932331,50.37593984962406,20.30075187969925,0,0,5.263157894736842,0.7518796992481203,4.511278195488721,24.06015037593985,23.308270676691727,0.7518796992481203,0
E00054086,135,93,58,35,0,0,0,0,0,42,40,2,0,68.88888888888889,42.96296296296296,25.925925925925924,0,0,0,0,0,31.11111111111111,29.629629629629626,1.4814814814814816,0
E00054087,124,37,17,20,0,0,58,39,19,29,28,1,0,29.838709677419356,13.709677419354838,16.129032258064516,0,0,46.774193548387096,31.451612903225808,15.32258064516129,23.387096774193548,22.58064516129032,0.8064516129032258,0
E00054088,130,25,11,14,0,0,89,53,36,16,16,0,0,19.230769230769234,8.461538461538462,10.76923076923077,0,0,68.46153846153847,40.76923076923077,27.692307692307693,12.307692307692308,12.307692307692308,0,0
E00054089,138,61,27,34,1,1,54,46,8,21,19,2,1,44.20289855072464,19.565217391304348,24.637681159420293,0.7246376811594203,0.7246376811594203,39.130434782608695,33.33333333333333,5.797101449275362,15.217391304347828,13.768115942028986,1.4492753623188406,0.7246376811594203
E00054090,128,33,15,18,0,0,72,55,17,23,22,1,0,25.78125,11.71875,14.0625,0,0,56.25,42.96875,13.28125,17.96875,17.1875,0.78125,0
E00054091,119,77,35,42,1,1,21,14,7,18,18,0,2,64.70588235294117,29.411764705882355,35.294117647058826,0.8403361344537815,0.8403361344537815,17.647058823529413,11.76470588235294,5.88235294117647,15.126050420168067,15.126050420168067,0,1.680672268907563
E00054092,133,30,15,15,0,0,92,65,27,11,11,0,0,22.55639097744361,11.278195488721805,11.278195488721805,0,0,69.17293233082707,48.87218045112782,20.30075187969925,8.270676691729323,8.270676691729323,0,0
E00054093,122,69,27,42,0,0,9,8,1,44,42,2,0,56.557377049180324,22.131147540983605,34.42622950819672,0,0,7.377049180327869,6.557377049180328,0.819672131147541,36.0655737704918,34.42622950819672,1.639344262295082,0
E00054094,129,88,53,35,0,0,4,0,4,37,27,10,0,68.21705426356588,41.08527131782946,27.131782945736433,0,0,3.10077519379845,0,3.10077519379845,28.68217054263566,20.930232558139537,7.751937984496124,0
E00054095,109,65,41,24,0,0,4,1,3,40,31,9,0,59.63302752293578,37.61467889908257,22.018348623853214,0,0,3.669724770642202,0.9174311926605505,2.7522935779816518,36.69724770642202,28.440366972477065,8.256880733944955,0
E00054096,129,84,42,42,0,0,7,1,6,37,34,3,1,65.11627906976744,32.55813953488372,32.55813953488372,0,0,5.426356589147287,0.7751937984496124,4.651162790697675,28.68217054263566,26.356589147286826,2.3255813953488373,0.7751937984496124
E00054097,137,52,19,33,0,0,65,45,20,20,15,5,0,37.95620437956204,13.86861313868613,24.087591240875913,0,0,47.44525547445255,32.846715328467155,14.5985401459854,14.5985401459854,10.948905109489052,3.64963503649635,0
E00054098,113,21,7,14,1,1,71,32,39,20,20,0,0,18.58407079646018,6.1946902654867255,12.389380530973451,0.8849557522123894,0.8849557522123894,62.83185840707964,28.31858407079646,34.51327433628318,17.699115044247787,17.699115044247787,0,0
E00054099,127,64,28,36,0,0,39,14,25,22,17,5,2,50.39370078740157,22.04724409448819,28.346456692913385,0,0,30.708661417322837,11.023622047244094,19.68503937007874,17.322834645669293,13.385826771653544,3.937007874015748,1.574803149606299
E00054100,122,75,43,32,3,3,20,0,20,23,22,1,1,61.47540983606557,35.24590163934426,26.229508196721312,2.459016393442623,2.459016393442623,16.39344262295082,0,16.39344262295082,18.852459016393443,18.0327868852459,0.819672131147541,0.819672131147541
E00054101,173,40,15,25,0,0,22,2,20,111,104,7,0,23.121387283236995,8.670520231213873,14.450867052023122,0,0,12.716763005780345,1.1560693641618496,11.560693641618498,64.16184971098265,60.115606936416185,4.046242774566474,0
E00054102,123,96,60,36,0,0,3,0,3,24,21,3,0,78.04878048780488,48.78048780487805,29.268292682926827,0,0,2.4390243902439024,0,2.4390243902439024,19.51219512195122,17.073170731707318,2.4390243902439024,0
E00054103,125,25,10,15,0,0,88,5,83,12,12,0,0,20,8,12,0,0,70.39999999999999,4,66.4,9.6,9.6,0,0
E00054104,138,64,21,43,0,0,21,1,20,53,51,2,0,46.3768115942029,15.217391304347828,31.15942028985507,0,0,15.217391304347828,0.7246376811594203,14.492753623188406,38.405797101449274,36.95652173913043,1.4492753623188406,0
E00054105,118,75,40,35,1,1,2,0,2,40,37,3,0,63.559322033898304,33.89830508474576,29.66101694915254,0.847457627118644,0.847457627118644,1.694915254237288,0,1.694915254237288,33.89830508474576,31.35593220338983,2.5423728813559325,0
E00054106,117,107,71,36,1,1,1,0,1,8,6,2,0,91.45299145299145,60.68376068376068,30.76923076923077,0.8547008547008548,0.8547008547008548,0.8547008547008548,0,0.8547008547008548,6.837606837606838,5.128205128205128,1.7094017094017095,0
E00054107,135,114,61,53,1,1,1,1,0,19,17,2,0,84.44444444444444,45.18518518518518,39.25925925925926,0.7407407407407408,0.7407407407407408,0.7407407407407408,0.7407407407407408,0,14.074074074074074,12.592592592592592,1.4814814814814816,0
E00054108,139,131,70,61,0,0,1,1,0,7,5,2,0,94.24460431654677,50.35971223021583,43.884892086330936,0,0,0.7194244604316548,0.7194244604316548,0,5.0359712230215825,3.5971223021582732,1.4388489208633095,0
E00054109,128,109,56,53,0,0,2,0,2,17,11,6,0,85.15625,43.75,41.40625,0,0,1.5625,0,1.5625,13.28125,8.59375,4.6875,0
E00054110,121,104,56,48,1,1,1,0,1,15,10,5,0,85.9504132231405,46.28099173553719,39.66942148760331,0.8264462809917356,0.8264462809917356,0.8264462809917356,0,0.8264462809917356,12.396694214876034,8.264462809917356,4.132231404958678,0
E00054111,140,126,71,55,1,1,1,0,1,12,10,2,0,90,50.71428571428571,39.285714285714285,0.7142857142857143,0.7142857142857143,0.7142857142857143,0,0.7142857142857143,8.571428571428571,7.142857142857142,1.4285714285714286,0
E00054112,176,100,41,59,0,0,0,0,0,76,68,8,0,56.81818181818182,23.295454545454543,33.52272727272727,0,0,0,0,0,43.18181818181818,38.63636363636363,4.545454545454546,0
E00054113,159,98,54,44,6,6,37,10,27,18,13,5,0,61.63522012578616,33.9622641509434,27.67295597484277,3.7735849056603774,3.7735849056603774,23.270440251572328,6.289308176100629,16.9811320754717,11.320754716981133,8.176100628930817,3.1446540880503147,0
E00054114,204,159,89,70,0,0,2,0,2,43,41,2,0,77.94117647058823,43.627450980392155,34.31372549019608,0,0,0.9803921568627451,0,0.9803921568627451,21.07843137254902,20.098039215686274,0.9803921568627451,0
E00054115,136,116,65,51,0,0,2,0,2,18,15,3,0,85.29411764705883,47.794117647058826,37.5,0,0,1.4705882352941175,0,1.4705882352941175,13.23529411764706,11.029411764705882,2.2058823529411766,0
E00054116,148,107,57,50,0,0,19,9,10,21,11,10,1,72.2972972972973,38.513513513513516,33.78378378378378,0,0,12.837837837837837,6.081081081081082,6.756756756756757,14.18918918918919,7.4324324324324325,6.756756756756757,0.6756756756756757
E00054117,120,109,72,37,0,0,2,0,2,9,7,2,0,90.83333333333333,60,30.833333333333336,0,0,1.6666666666666667,0,1.6666666666666667,7.5,5.833333333333333,1.6666666666666667,0
E00054118,136,63,31,32,0,0,3,2,1,70,65,5,0,46.32352941176471,22.794117647058822,23.52941176470588,0,0,2.2058823529411766,1.4705882352941175,0.7352941176470588,51.470588235294116,47.794117647058826,3.6764705882352944,0
E00054119,134,117,64,53,0,0,1,0,1,16,14,2,0,87.31343283582089,47.76119402985074,39.55223880597015,0,0,0.7462686567164178,0,0.7462686567164178,11.940298507462686,10.44776119402985,1.4925373134328357,0
E00054120,121,97,49,48,0,0,0,0,0,24,23,1,0,80.16528925619835,40.49586776859504,39.66942148760331,0,0,0,0,0,19.834710743801654,19.00826446280992,0.8264462809917356,0
E00054121,130,104,41,63,0,0,4,1,3,22,18,4,0,80,31.538461538461537,48.46153846153846,0,0,3.076923076923077,0.7692307692307693,2.307692307692308,16.923076923076923,13.846153846153847,3.076923076923077,0
E00054122,119,98,57,41,0,0,1,0,1,20,14,6,0,82.35294117647058,47.89915966386555,34.45378151260504,0,0,0.8403361344537815,0,0.8403361344537815,16.80672268907563,11.76470588235294,5.042016806722689,0
E00054123,132,109,64,45,0,0,1,0,1,22,19,3,0,82.57575757575758,48.484848484848484,34.090909090909086,0,0,0.7575757575757576,0,0.7575757575757576,16.666666666666664,14.393939393939394,2.272727272727273,0
E00054124,136,92,68,24,0,0,11,7,4,33,29,4,0,67.64705882352942,50,17.647058823529413,0,0,8.088235294117647,5.147058823529411,2.941176470588235,24.264705882352942,21.323529411764707,2.941176470588235,0
E00054125,111,58,31,27,0,0,23,16,7,30,22,8,0,52.25225225225225,27.927927927927925,24.324324324324326,0,0,20.72072072072072,14.414414414414415,6.306306306306306,27.027027027027028,19.81981981981982,7.207207207207207,0
E00054126,116,73,28,45,0,0,20,12,8,22,17,5,1,62.93103448275862,24.137931034482758,38.793103448275865,0,0,17.24137931034483,10.344827586206897,6.896551724137931,18.96551724137931,14.655172413793101,4.310344827586207,0.8620689655172413
E00054127,134,48,31,17,0,0,61,35,26,24,23,1,1,35.82089552238806,23.134328358208954,12.686567164179104,0,0,45.52238805970149,26.119402985074625,19.402985074626866,17.91044776119403,17.16417910447761,0.7462686567164178,0.7462686567164178
E00054128,125,13,8,5,0,0,69,6,63,43,31,12,0,10.4,6.4,4,0,0,55.2,4.8,50.4,34.4,24.8,9.6,0
E00054129,150,62,31,31,0,0,8,1,7,80,78,2,0,41.333333333333336,20.666666666666668,20.666666666666668,0,0,5.333333333333334,0.6666666666666667,4.666666666666667,53.333333333333336,52,1.3333333333333335,0
E00054130,130,63,34,29,0,0,31,10,21,35,30,5,1,48.46153846153846,26.153846153846157,22.30769230769231,0,0,23.846153846153847,7.6923076923076925,16.153846153846153,26.923076923076923,23.076923076923077,3.8461538461538463,0.7692307692307693
E00054132,70,23,11,12,0,0,19,3,16,28,28,0,0,32.857142857142854,15.714285714285714,17.142857142857142,0,0,27.142857142857142,4.285714285714286,22.857142857142858,40,40,0,0
E00054133,82,6,3,3,0,0,71,1,70,5,4,1,0,7.317073170731707,3.6585365853658534,3.6585365853658534,0,0,86.58536585365853,1.2195121951219512,85.36585365853658,6.097560975609756,4.878048780487805,1.2195121951219512,0
E00054134,136,43,19,24,0,0,80,46,34,11,11,0,2,31.61764705882353,13.970588235294118,17.647058823529413,0,0,58.82352941176471,33.82352941176471,25,8.088235294117647,8.088235294117647,0,1.4705882352941175
E00054135,130,40,12,28,0,0,78,41,37,12,9,3,0,30.76923076923077,9.230769230769232,21.53846153846154,0,0,60,31.538461538461537,28.46153846153846,9.230769230769232,6.923076923076923,2.307692307692308,0
E00054136,122,52,27,25,0,0,45,20,25,25,19,6,0,42.62295081967213,22.131147540983605,20.491803278688526,0,0,36.885245901639344,16.39344262295082,20.491803278688526,20.491803278688526,15.573770491803279,4.918032786885246,0
E00054137,127,36,15,21,0,0,20,0,20,70,57,13,1,28.346456692913385,11.811023622047244,16.535433070866144,0,0,15.748031496062993,0,15.748031496062993,55.118110236220474,44.881889763779526,10.236220472440944,0.7874015748031495
E00054139,144,79,40,39,1,1,3,1,2,61,54,7,0,54.861111111111114,27.77777777777778,27.083333333333332,0.6944444444444444,0.6944444444444444,2.083333333333333,0.6944444444444444,1.3888888888888888,42.36111111111111,37.5,4.861111111111112,0
E00054140,144,51,29,22,3,3,7,0,7,83,71,12,0,35.41666666666667,20.13888888888889,15.277777777777779,2.083333333333333,2.083333333333333,4.861111111111112,0,4.861111111111112,57.638888888888886,49.30555555555556,8.333333333333332,0
E00054141,149,91,52,39,0,0,11,1,10,47,42,5,0,61.07382550335571,34.899328859060404,26.174496644295303,0,0,7.38255033557047,0.6711409395973155,6.7114093959731544,31.543624161073826,28.187919463087248,3.3557046979865772,0
E00054142,117,63,40,23,0,0,16,3,13,38,38,0,0,53.84615384615385,34.18803418803419,19.65811965811966,0,0,13.675213675213676,2.564102564102564,11.11111111111111,32.47863247863248,32.47863247863248,0,0
E00054143,146,57,29,28,0,0,57,26,31,32,30,2,0,39.04109589041096,19.863013698630137,19.17808219178082,0,0,39.04109589041096,17.80821917808219,21.232876712328768,21.91780821917808,20.54794520547945,1.36986301369863,0
E00054144,156,63,41,22,1,1,60,38,22,32,26,6,0,40.38461538461539,26.282051282051285,14.102564102564102,0.641025641025641,0.641025641025641,38.46153846153847,24.358974358974358,14.102564102564102,20.51282051282051,16.666666666666664,3.8461538461538463,0
E00054145,122,77,45,32,0,0,4,1,3,41,37,4,0,63.114754098360656,36.885245901639344,26.229508196721312,0,0,3.278688524590164,0.819672131147541,2.459016393442623,33.60655737704918,30.327868852459016,3.278688524590164,0
E00054146,89,28,11,17,0,0,54,26,28,7,7,0,0,31.46067415730337,12.359550561797752,19.101123595505616,0,0,60.67415730337079,29.213483146067414,31.46067415730337,7.865168539325842,7.865168539325842,0,0
E00054147,153,33,14,19,0,0,100,49,51,19,17,2,1,21.568627450980394,9.15032679738562,12.418300653594772,0,0,65.359477124183,32.02614379084967,33.33333333333333,12.418300653594772,11.11111111111111,1.3071895424836601,0.6535947712418301
E00054148,137,95,61,34,0,0,7,1,6,35,29,6,0,69.34306569343066,44.52554744525548,24.817518248175183,0,0,5.109489051094891,0.7299270072992701,4.37956204379562,25.547445255474454,21.16788321167883,4.37956204379562,0
E00054149,139,55,44,11,0,0,26,9,17,57,48,9,1,39.568345323741006,31.654676258992804,7.913669064748201,0,0,18.705035971223023,6.474820143884892,12.23021582733813,41.007194244604314,34.53237410071942,6.474820143884892,0.7194244604316548
E00054150,133,53,34,19,0,0,28,9,19,52,47,5,0,39.849624060150376,25.563909774436087,14.285714285714285,0,0,21.052631578947366,6.7669172932330826,14.285714285714285,39.097744360902254,35.338345864661655,3.7593984962406015,0
E00054151,124,64,37,27,0,0,24,13,11,36,31,5,0,51.61290322580645,29.838709677419356,21.774193548387096,0,0,19.35483870967742,10.483870967741936,8.870967741935484,29.03225806451613,25,4.032258064516129,0
E00054152,150,85,51,34,1,1,42,7,35,22,16,6,0,56.666666666666664,34,22.666666666666664,0.6666666666666667,0.6666666666666667,28.000000000000004,4.666666666666667,23.333333333333332,14.666666666666666,10.666666666666668,4,0
E00054153,144,58,47,11,0,0,26,16,10,60,55,5,0,40.27777777777778,32.63888888888889,7.638888888888889,0,0,18.055555555555554,11.11111111111111,6.944444444444445,41.66666666666667,38.19444444444444,3.4722222222222223,0
E00054154,136,98,65,33,1,1,7,1,6,30,22,8,0,72.05882352941177,47.794117647058826,24.264705882352942,0.7352941176470588,0.7352941176470588,5.147058823529411,0.7352941176470588,4.411764705882353,22.058823529411764,16.176470588235293,5.88235294117647,0
E00054155,127,81,47,34,0,0,10,2,8,36,31,5,0,63.77952755905512,37.00787401574803,26.77165354330709,0,0,7.874015748031496,1.574803149606299,6.299212598425196,28.346456692913385,24.409448818897637,3.937007874015748,0
E00054156,109,6,4,2,0,0,89,50,39,13,12,1,1,5.5045871559633035,3.669724770642202,1.834862385321101,0,0,81.65137614678899,45.87155963302752,35.77981651376147,11.926605504587156,11.009174311926607,0.9174311926605505,0.9174311926605505
E00054158,82,3,2,1,0,0,64,8,56,15,13,2,0,3.6585365853658534,2.4390243902439024,1.2195121951219512,0,0,78.04878048780488,9.75609756097561,68.29268292682927,18.29268292682927,15.853658536585366,2.4390243902439024,0
E00054160,80,5,2,3,0,0,63,31,32,12,11,1,0,6.25,2.5,3.75,0,0,78.75,38.75,40,15,13.750000000000002,1.25,0
E00054161,142,9,8,1,0,0,124,27,97,8,8,0,1,6.338028169014084,5.633802816901409,0.7042253521126761,0,0,87.32394366197182,19.014084507042252,68.30985915492957,5.633802816901409,5.633802816901409,0,0.7042253521126761
E00054162,180,69,54,15,0,0,55,12,43,55,47,8,1,38.333333333333336,30,8.333333333333332,0,0,30.555555555555557,6.666666666666667,23.88888888888889,30.555555555555557,26.111111111111114,4.444444444444445,0.5555555555555556
E00054163,162,48,25,23,0,0,34,22,12,79,67,12,1,29.629629629629626,15.432098765432098,14.19753086419753,0,0,20.98765432098765,13.580246913580247,7.4074074074074066,48.76543209876543,41.358024691358025,7.4074074074074066,0.6172839506172839
E00054164,127,19,9,10,4,4,79,25,54,24,21,3,1,14.960629921259844,7.086614173228346,7.874015748031496,3.149606299212598,3.149606299212598,62.20472440944882,19.68503937007874,42.51968503937008,18.89763779527559,16.535433070866144,2.3622047244094486,0.7874015748031495
E00054165,127,11,11,0,0,0,80,10,70,36,29,7,0,8.661417322834646,8.661417322834646,0,0,0,62.99212598425197,7.874015748031496,55.118110236220474,28.346456692913385,22.83464566929134,5.511811023622047,0
E00054166,123,55,25,30,0,0,6,2,4,62,55,7,0,44.71544715447154,20.32520325203252,24.390243902439025,0,0,4.878048780487805,1.6260162601626018,3.2520325203252036,50.40650406504065,44.71544715447154,5.691056910569105,0
E00054167,155,27,13,14,1,1,61,18,43,66,62,4,0,17.419354838709676,8.38709677419355,9.032258064516128,0.6451612903225806,0.6451612903225806,39.35483870967742,11.612903225806452,27.741935483870968,42.58064516129032,40,2.5806451612903225,0
E00054169,129,63,38,25,2,2,31,17,14,33,30,3,0,48.837209302325576,29.457364341085274,19.379844961240313,1.550387596899225,1.550387596899225,24.031007751937985,13.178294573643413,10.852713178294573,25.581395348837212,23.25581395348837,2.3255813953488373,0
E00054170,113,59,27,32,0,0,2,0,2,52,50,2,0,52.21238938053098,23.893805309734514,28.31858407079646,0,0,1.7699115044247788,0,1.7699115044247788,46.017699115044245,44.24778761061947,1.7699115044247788,0
E00054171,107,59,34,25,0,0,6,3,3,42,37,5,0,55.140186915887845,31.775700934579437,23.364485981308412,0,0,5.607476635514018,2.803738317757009,2.803738317757009,39.25233644859813,34.57943925233645,4.672897196261682,0
E00054172,141,55,29,26,0,0,35,6,29,51,47,4,0,39.00709219858156,20.56737588652482,18.439716312056735,0,0,24.822695035460992,4.25531914893617,20.56737588652482,36.17021276595745,33.33333333333333,2.8368794326241136,0
E00054173,118,14,9,5,3,3,77,9,68,24,19,5,0,11.864406779661017,7.627118644067797,4.23728813559322,2.5423728813559325,2.5423728813559325,65.2542372881356,7.627118644067797,57.6271186440678,20.33898305084746,16.101694915254235,4.23728813559322,0
E00054174,124,92,47,45,0,0,0,0,0,32,26,6,0,74.19354838709677,37.903225806451616,36.29032258064516,0,0,0,0,0,25.806451612903224,20.967741935483872,4.838709677419355,0
E00054175,120,72,48,24,0,0,33,1,32,15,15,0,0,60,40,20,0,0,27.500000000000004,0.8333333333333334,26.666666666666668,12.5,12.5,0,0
E00054176,143,56,26,30,1,1,54,36,18,31,26,5,1,39.16083916083916,18.181818181818183,20.97902097902098,0.6993006993006993,0.6993006993006993,37.76223776223776,25.174825174825177,12.587412587412588,21.678321678321677,18.181818181818183,3.4965034965034967,0.6993006993006993
E00054177,147,103,52,51,1,1,17,12,5,26,21,5,0,70.06802721088435,35.374149659863946,34.69387755102041,0.6802721088435374,0.6802721088435374,11.564625850340136,8.16326530612245,3.4013605442176873,17.687074829931973,14.285714285714285,3.4013605442176873,0
E00054178,147,119,62,57,0,0,0,0,0,28,24,4,0,80.95238095238095,42.17687074829932,38.775510204081634,0,0,0,0,0,19.047619047619047,16.3265306122449,2.7210884353741496,0
E00054179,120,92,47,45,0,0,9,6,3,19,15,4,0,76.66666666666667,39.166666666666664,37.5,0,0,7.5,5,2.5,15.833333333333332,12.5,3.3333333333333335,0
E00054180,146,26,14,12,1,1,99,39,60,18,15,3,2,17.80821917808219,9.58904109589041,8.21917808219178,0.684931506849315,0.684931506849315,67.8082191780822,26.71232876712329,41.0958904109589,12.32876712328767,10.273972602739725,2.054794520547945,1.36986301369863
E00054181,150,73,29,44,0,0,48,7,41,29,26,3,0,48.66666666666667,19.333333333333332,29.333333333333332,0,0,32,4.666666666666667,27.333333333333332,19.333333333333332,17.333333333333336,2,0
E00054182,123,95,50,45,0,0,3,2,1,25,19,6,0,77.23577235772358,40.65040650406504,36.58536585365854,0,0,2.4390243902439024,1.6260162601626018,0.8130081300813009,20.32520325203252,15.447154471544716,4.878048780487805,0
E00054183,126,65,38,27,0,0,18,14,4,42,36,6,1,51.587301587301596,30.158730158730158,21.428571428571427,0,0,14.285714285714285,11.11111111111111,3.1746031746031744,33.33333333333333,28.57142857142857,4.761904761904762,0.7936507936507936
E00054184,123,24,14,10,1,1,77,4,73,21,19,2,0,19.51219512195122,11.38211382113821,8.130081300813007,0.8130081300813009,0.8130081300813009,62.601626016260155,3.2520325203252036,59.34959349593496,17.073170731707318,15.447154471544716,1.6260162601626018,0
E00054185,118,105,65,40,0,0,0,0,0,13,8,5,0,88.98305084745762,55.08474576271186,33.89830508474576,0,0,0,0,0,11.016949152542372,6.779661016949152,4.23728813559322,0
E00054186,125,95,47,48,1,1,7,6,1,22,20,2,0,76,37.6,38.4,0.8,0.8,5.6000000000000005,4.8,0.8,17.599999999999998,16,1.6,0
E00054187,137,65,35,30,0,0,20,15,5,52,48,4,0,47.44525547445255,25.547445255474454,21.897810218978105,0,0,14.5985401459854,10.948905109489052,3.64963503649635,37.95620437956204,35.03649635036496,2.9197080291970803,0
E00054188,130,90,54,36,0,0,3,2,1,37,32,5,0,69.23076923076923,41.53846153846154,27.692307692307693,0,0,2.307692307692308,1.5384615384615385,0.7692307692307693,28.46153846153846,24.615384615384617,3.8461538461538463,0
E00054189,131,51,21,30,0,0,42,24,18,37,33,4,1,38.93129770992366,16.030534351145036,22.900763358778626,0,0,32.06106870229007,18.3206106870229,13.740458015267176,28.24427480916031,25.190839694656486,3.0534351145038165,0.7633587786259541
E00054190,146,34,12,22,0,0,91,38,53,21,20,1,0,23.28767123287671,8.21917808219178,15.068493150684931,0,0,62.328767123287676,26.027397260273972,36.3013698630137,14.383561643835616,13.698630136986301,0.684931506849315,0
E00054191,141,69,25,44,2,2,47,4,43,23,22,1,0,48.93617021276596,17.73049645390071,31.20567375886525,1.4184397163120568,1.4184397163120568,33.33333333333333,2.8368794326241136,30.49645390070922,16.312056737588655,15.602836879432624,0.7092198581560284,0
E00054192,134,78,28,50,0,0,34,22,12,22,20,2,0,58.2089552238806,20.8955223880597,37.3134328358209,0,0,25.37313432835821,16.417910447761194,8.955223880597014,16.417910447761194,14.925373134328357,1.4925373134328357,0
E00054193,122,41,22,19,0,0,62,33,29,18,16,2,1,33.60655737704918,18.0327868852459,15.573770491803279,0,0,50.81967213114754,27.049180327868854,23.770491803278688,14.754098360655737,13.114754098360656,1.639344262295082,0.819672131147541
E00054194,139,112,59,53,0,0,0,0,0,27,21,6,0,80.57553956834532,42.44604316546763,38.1294964028777,0,0,0,0,0,19.424460431654676,15.107913669064748,4.316546762589928,0
E00054195,135,120,85,35,0,0,3,1,2,12,8,4,0,88.88888888888889,62.96296296296296,25.925925925925924,0,0,2.2222222222222223,0.7407407407407408,1.4814814814814816,8.88888888888889,5.9259259259259265,2.9629629629629632,0
E00054196,136,101,50,51,1,1,2,2,0,32,31,1,0,74.26470588235294,36.76470588235294,37.5,0.7352941176470588,0.7352941176470588,1.4705882352941175,1.4705882352941175,0,23.52941176470588,22.794117647058822,0.7352941176470588,0
E00054197,126,113,74,39,0,0,0,0,0,13,9,4,0,89.68253968253968,58.730158730158735,30.952380952380953,0,0,0,0,0,10.317460317460316,7.142857142857142,3.1746031746031744,0
E00054198,137,109,68,41,0,0,1,1,0,27,22,5,0,79.56204379562044,49.63503649635037,29.927007299270077,0,0,0.7299270072992701,0.7299270072992701,0,19.708029197080293,16.05839416058394,3.64963503649635,0
E00054199,129,109,43,66,0,0,1,0,1,19,15,4,0,84.49612403100775,33.33333333333333,51.162790697674424,0,0,0.7751937984496124,0,0.7751937984496124,14.728682170542637,11.627906976744185,3.10077519379845,0
E00054200,120,95,57,38,0,0,3,1,2,22,19,3,0,79.16666666666666,47.5,31.666666666666664,0,0,2.5,0.8333333333333334,1.6666666666666667,18.333333333333332,15.833333333333332,2.5,0
E00054201,138,109,69,40,0,0,0,0,0,29,25,4,0,78.98550724637681,50,28.985507246376812,0,0,0,0,0,21.014492753623188,18.115942028985508,2.898550724637681,0
E00054202,108,82,42,40,0,0,1,0,1,25,25,0,0,75.92592592592592,38.88888888888889,37.03703703703704,0,0,0.9259259259259258,0,0.9259259259259258,23.14814814814815,23.14814814814815,0,0
E00054203,144,64,29,35,0,0,65,36,29,15,12,3,0,44.44444444444444,20.13888888888889,24.305555555555554,0,0,45.13888888888889,25,20.13888888888889,10.416666666666668,8.333333333333332,2.083333333333333,0
E00054204,136,124,66,58,1,1,1,1,0,10,5,5,0,91.17647058823529,48.529411764705884,42.64705882352941,0.7352941176470588,0.7352941176470588,0.7352941176470588,0.7352941176470588,0,7.352941176470589,3.6764705882352944,3.6764705882352944,0
E00054205,126,87,43,44,0,0,2,1,1,37,33,4,0,69.04761904761905,34.12698412698413,34.92063492063492,0,0,1.5873015873015872,0.7936507936507936,0.7936507936507936,29.365079365079367,26.190476190476193,3.1746031746031744,0
E00054206,157,26,15,11,0,0,119,16,103,12,12,0,0,16.560509554140125,9.554140127388536,7.006369426751593,0,0,75.79617834394905,10.191082802547772,65.60509554140127,7.643312101910828,7.643312101910828,0,0
E00054207,127,22,19,3,0,0,32,1,31,73,69,4,0,17.322834645669293,14.960629921259844,2.3622047244094486,0,0,25.196850393700785,0.7874015748031495,24.409448818897637,57.48031496062992,54.330708661417326,3.149606299212598,0
E00054209,116,86,37,49,1,1,3,1,2,26,22,4,0,74.13793103448276,31.896551724137932,42.241379310344826,0.8620689655172413,0.8620689655172413,2.586206896551724,0.8620689655172413,1.7241379310344827,22.413793103448278,18.96551724137931,3.4482758620689653,0
E00054210,116,67,32,35,0,0,17,3,14,32,29,3,0,57.758620689655174,27.586206896551722,30.17241379310345,0,0,14.655172413793101,2.586206896551724,12.068965517241379,27.586206896551722,25,2.586206896551724,0
E00054211,114,62,30,32,1,1,11,4,7,40,33,7,0,54.385964912280706,26.31578947368421,28.07017543859649,0.8771929824561403,0.8771929824561403,9.649122807017543,3.508771929824561,6.140350877192982,35.08771929824561,28.947368421052634,6.140350877192982,0
E00054212,163,84,53,31,1,1,22,4,18,56,49,7,0,51.533742331288344,32.515337423312886,19.018404907975462,0.6134969325153374,0.6134969325153374,13.496932515337424,2.4539877300613497,11.042944785276074,34.355828220858896,30.061349693251532,4.294478527607362,0
E00054213,94,66,39,27,0,0,5,1,4,22,18,4,1,70.2127659574468,41.48936170212766,28.723404255319153,0,0,5.319148936170213,1.0638297872340425,4.25531914893617,23.404255319148938,19.148936170212767,4.25531914893617,1.0638297872340425
E00054214,111,62,41,21,1,1,11,2,9,37,32,5,0,55.85585585585585,36.93693693693694,18.91891891891892,0.9009009009009009,0.9009009009009009,9.90990990990991,1.8018018018018018,8.108108108108109,33.33333333333333,28.82882882882883,4.504504504504505,0
E00054215,147,32,19,13,1,1,82,23,59,32,28,4,0,21.768707482993197,12.925170068027212,8.843537414965986,0.6802721088435374,0.6802721088435374,55.78231292517006,15.646258503401361,40.136054421768705,21.768707482993197,19.047619047619047,2.7210884353741496,0
E00054216,122,73,30,43,0,0,4,1,3,45,42,3,0,59.83606557377049,24.59016393442623,35.24590163934426,0,0,3.278688524590164,0.819672131147541,2.459016393442623,36.885245901639344,34.42622950819672,2.459016393442623,0
E00054217,129,70,48,22,2,2,15,3,12,42,36,6,0,54.263565891472865,37.2093023255814,17.05426356589147,1.550387596899225,1.550387596899225,11.627906976744185,2.3255813953488373,9.30232558139535,32.55813953488372,27.906976744186046,4.651162790697675,0
E00054218,137,79,29,50,1,1,14,3,11,43,22,21,0,57.66423357664233,21.16788321167883,36.496350364963504,0.7299270072992701,0.7299270072992701,10.218978102189782,2.18978102189781,8.02919708029197,31.386861313868614,16.05839416058394,15.328467153284672,0
E00054219,124,78,38,40,0,0,18,2,16,28,24,4,0,62.903225806451616,30.64516129032258,32.25806451612903,0,0,14.516129032258066,1.6129032258064515,12.903225806451612,22.58064516129032,19.35483870967742,3.225806451612903,0
E00054220,146,76,33,43,1,1,17,12,5,52,48,4,0,52.054794520547944,22.602739726027394,29.45205479452055,0.684931506849315,0.684931506849315,11.643835616438356,8.21917808219178,3.4246575342465753,35.61643835616438,32.87671232876712,2.73972602739726,0
E00054221,125,90,45,45,1,1,2,0,2,32,26,6,0,72,36,36,0.8,0.8,1.6,0,1.6,25.6,20.8,4.8,0
E00054222,100,27,13,14,1,1,26,12,14,45,40,5,1,27,13,14.000000000000002,1,1,26,12,14.000000000000002,45,40,5,1
E00054223,125,89,40,49,0,0,1,0,1,35,30,5,0,71.2,32,39.2,0,0,0.8,0,0.8,28.000000000000004,24,4,0
E00054224,105,50,26,24,4,4,24,12,12,27,18,9,0,47.61904761904761,24.761904761904763,22.857142857142858,3.8095238095238098,3.8095238095238098,22.857142857142858,11.428571428571429,11.428571428571429,25.71428571428571,17.142857142857142,8.571428571428571,0
E00054226,151,105,37,68,0,0,3,1,2,43,40,3,0,69.5364238410596,24.503311258278146,45.033112582781456,0,0,1.9867549668874174,0.6622516556291391,1.3245033112582782,28.47682119205298,26.490066225165563,1.9867549668874174,0
E00054227,121,110,58,52,0,0,0,0,0,11,9,2,0,90.9090909090909,47.93388429752066,42.97520661157025,0,0,0,0,0,9.090909090909092,7.43801652892562,1.6528925619834711,0
E00054228,159,134,58,76,0,0,2,1,1,23,16,7,0,84.27672955974843,36.477987421383645,47.79874213836478,0,0,1.257861635220126,0.628930817610063,0.628930817610063,14.465408805031446,10.062893081761008,4.40251572327044,0
E00054229,140,125,75,50,0,0,2,0,2,13,12,1,0,89.28571428571429,53.57142857142857,35.714285714285715,0,0,1.4285714285714286,0,1.4285714285714286,9.285714285714286,8.571428571428571,0.7142857142857143,0
E00054231,133,101,60,41,0,0,5,0,5,27,23,4,0,75.93984962406014,45.11278195488722,30.82706766917293,0,0,3.7593984962406015,0,3.7593984962406015,20.30075187969925,17.293233082706767,3.007518796992481,0
E00054232,143,91,47,44,0,0,2,0,2,50,47,3,0,63.63636363636363,32.86713286713287,30.76923076923077,0,0,1.3986013986013985,0,1.3986013986013985,34.96503496503497,32.86713286713287,2.097902097902098,0
E00054233,149,119,57,62,0,0,1,0,1,29,24,5,0,79.86577181208054,38.25503355704698,41.61073825503356,0,0,0.6711409395973155,0,0.6711409395973155,19.463087248322147,16.10738255033557,3.3557046979865772,0
E00054234,165,85,47,38,6,6,28,7,21,45,43,2,1,51.515151515151516,28.484848484848484,23.03030303030303,3.6363636363636362,3.6363636363636362,16.969696969696972,4.242424242424243,12.727272727272727,27.27272727272727,26.060606060606062,1.2121212121212122,0.6060606060606061
E00054235,115,98,61,37,0,0,5,4,1,12,10,2,0,85.21739130434783,53.04347826086957,32.17391304347826,0,0,4.3478260869565215,3.4782608695652173,0.8695652173913043,10.434782608695652,8.695652173913043,1.7391304347826086,0
E00054236,111,63,31,32,0,0,5,2,3,43,40,3,0,56.75675675675676,27.927927927927925,28.82882882882883,0,0,4.504504504504505,1.8018018018018018,2.7027027027027026,38.73873873873874,36.03603603603604,2.7027027027027026,0
E00054237,134,84,34,50,8,8,2,0,2,40,38,2,0,62.68656716417911,25.37313432835821,37.3134328358209,5.970149253731343,5.970149253731343,1.4925373134328357,0,1.4925373134328357,29.850746268656714,28.35820895522388,1.4925373134328357,0
E00054238,139,121,69,52,0,0,1,0,1,17,12,5,0,87.05035971223022,49.64028776978417,37.410071942446045,0,0,0.7194244604316548,0,0.7194244604316548,12.23021582733813,8.633093525179856,3.5971223021582732,0
E00054239,117,85,43,42,1,1,1,1,0,30,27,3,0,72.64957264957265,36.75213675213676,35.8974358974359,0.8547008547008548,0.8547008547008548,0.8547008547008548,0.8547008547008548,0,25.64102564102564,23.076923076923077,2.564102564102564,0
E00054240,116,76,29,47,0,0,4,0,4,36,31,5,0,65.51724137931035,25,40.51724137931034,0,0,3.4482758620689653,0,3.4482758620689653,31.03448275862069,26.72413793103448,4.310344827586207,0
E00054241,107,81,46,35,0,0,1,1,0,25,20,5,0,75.70093457943925,42.99065420560748,32.71028037383177,0,0,0.9345794392523363,0.9345794392523363,0,23.364485981308412,18.69158878504673,4.672897196261682,0
E00054242,122,89,43,46,1,1,1,0,1,31,24,7,0,72.95081967213115,35.24590163934426,37.704918032786885,0.819672131147541,0.819672131147541,0.819672131147541,0,0.819672131147541,25.40983606557377,19.672131147540984,5.737704918032787,0
E00054243,113,103,68,35,0,0,0,0,0,10,7,3,0,91.1504424778761,60.17699115044248,30.973451327433626,0,0,0,0,0,8.849557522123893,6.1946902654867255,2.6548672566371683,0
E00054244,143,117,49,68,5,5,1,1,0,20,19,1,0,81.81818181818183,34.26573426573427,47.55244755244755,3.4965034965034967,3.4965034965034967,0.6993006993006993,0.6993006993006993,0,13.986013986013987,13.286713286713287,0.6993006993006993,0
E00054245,131,98,45,53,0,0,7,3,4,26,26,0,0,74.80916030534351,34.35114503816794,40.458015267175576,0,0,5.343511450381679,2.2900763358778624,3.0534351145038165,19.84732824427481,19.84732824427481,0,0
E00054246,144,114,60,54,0,0,1,1,0,29,26,3,0,79.16666666666666,41.66666666666667,37.5,0,0,0.6944444444444444,0.6944444444444444,0,20.13888888888889,18.055555555555554,2.083333333333333,0
E00054247,212,97,41,56,0,0,34,13,21,81,78,3,0,45.75471698113208,19.339622641509436,26.41509433962264,0,0,16.037735849056602,6.132075471698113,9.90566037735849,38.20754716981132,36.79245283018868,1.4150943396226416,0
E00054248,133,63,23,40,1,1,7,1,6,62,61,1,0,47.368421052631575,17.293233082706767,30.075187969924812,0.7518796992481203,0.7518796992481203,5.263157894736842,0.7518796992481203,4.511278195488721,46.616541353383454,45.86466165413533,0.7518796992481203,0
E00054249,149,111,48,63,0,0,1,0,1,37,32,5,0,74.49664429530202,32.21476510067114,42.281879194630875,0,0,0.6711409395973155,0,0.6711409395973155,24.832214765100673,21.476510067114095,3.3557046979865772,0
E00054250,120,114,38,76,0,0,1,0,1,5,5,0,0,95,31.666666666666664,63.33333333333333,0,0,0.8333333333333334,0,0.8333333333333334,4.166666666666666,4.166666666666666,0,0
E00054251,128,58,21,37,0,0,5,1,4,65,61,4,0,45.3125,16.40625,28.90625,0,0,3.90625,0.78125,3.125,50.78125,47.65625,3.125,0
E00054252,119,58,7,51,1,1,6,1,5,54,53,1,0,48.739495798319325,5.88235294117647,42.857142857142854,0.8403361344537815,0.8403361344537815,5.042016806722689,0.8403361344537815,4.201680672268908,45.378151260504204,44.537815126050425,0.8403361344537815,0
E00054253,127,116,79,37,0,0,2,1,1,9,4,5,0,91.33858267716536,62.20472440944882,29.133858267716533,0,0,1.574803149606299,0.7874015748031495,0.7874015748031495,7.086614173228346,3.149606299212598,3.937007874015748,0
E00054254,237,111,29,82,0,0,22,2,20,104,103,1,0,46.835443037974684,12.236286919831224,34.59915611814346,0,0,9.282700421940929,0.8438818565400843,8.438818565400844,43.88185654008439,43.459915611814345,0.42194092827004215,0
E00054255,144,83,27,56,15,15,38,17,21,7,7,0,1,57.638888888888886,18.75,38.88888888888889,10.416666666666668,10.416666666666668,26.38888888888889,11.805555555555555,14.583333333333334,4.861111111111112,4.861111111111112,0,0.6944444444444444
E00054256,110,101,54,47,0,0,2,1,1,7,6,1,0,91.81818181818183,49.09090909090909,42.72727272727273,0,0,1.8181818181818181,0.9090909090909091,0.9090909090909091,6.363636363636363,5.454545454545454,0.9090909090909091,0
E00054257,178,90,38,52,1,1,20,11,9,67,58,9,0,50.56179775280899,21.34831460674157,29.213483146067414,0.5617977528089888,0.5617977528089888,11.235955056179774,6.179775280898876,5.056179775280898,37.640449438202246,32.58426966292135,5.056179775280898,0
E00054258,120,108,67,41,2,2,1,1,0,9,9,0,0,90,55.833333333333336,34.166666666666664,1.6666666666666667,1.6666666666666667,0.8333333333333334,0.8333333333333334,0,7.5,7.5,0,0
E00054259,127,39,23,16,0,0,72,31,41,15,11,4,1,30.708661417322837,18.11023622047244,12.598425196850393,0,0,56.69291338582677,24.409448818897637,32.28346456692913,11.811023622047244,8.661417322834646,3.149606299212598,0.7874015748031495
E00054260,87,80,31,49,0,0,2,0,2,5,5,0,0,91.95402298850574,35.63218390804598,56.32183908045977,0,0,2.2988505747126435,0,2.2988505747126435,5.747126436781609,5.747126436781609,0,0
E00054261,117,63,31,32,0,0,1,0,1,53,44,9,0,53.84615384615385,26.495726495726498,27.350427350427353,0,0,0.8547008547008548,0,0.8547008547008548,45.2991452991453,37.60683760683761,7.6923076923076925,0
E00054262,124,110,78,32,0,0,2,1,1,12,8,4,0,88.70967741935483,62.903225806451616,25.806451612903224,0,0,1.6129032258064515,0.8064516129032258,0.8064516129032258,9.67741935483871,6.451612903225806,3.225806451612903,0
E00054263,137,80,35,45,3,3,1,0,1,53,50,3,0,58.3941605839416,25.547445255474454,32.846715328467155,2.18978102189781,2.18978102189781,0.7299270072992701,0,0.7299270072992701,38.68613138686132,36.496350364963504,2.18978102189781,0
E00054264,172,99,21,78,0,0,27,18,9,46,43,3,0,57.55813953488372,12.209302325581394,45.348837209302324,0,0,15.69767441860465,10.465116279069768,5.232558139534884,26.744186046511626,25,1.744186046511628,0
E00054265,111,42,20,22,0,0,48,32,16,20,19,1,1,37.83783783783784,18.01801801801802,19.81981981981982,0,0,43.24324324324324,28.82882882882883,14.414414414414415,18.01801801801802,17.117117117117118,0.9009009009009009,0.9009009009009009
E00054266,118,102,55,47,1,1,2,1,1,13,12,1,0,86.4406779661017,46.61016949152542,39.83050847457627,0.847457627118644,0.847457627118644,1.694915254237288,0.847457627118644,0.847457627118644,11.016949152542372,10.16949152542373,0.847457627118644,0
E00054267,198,82,21,61,0,0,60,48,12,56,54,2,0,41.41414141414141,10.606060606060606,30.808080808080806,0,0,30.303030303030305,24.242424242424242,6.0606060606060606,28.28282828282828,27.27272727272727,1.0101010101010102,0
E00054268,176,87,36,51,0,0,1,0,1,88,78,10,0,49.43181818181818,20.454545454545457,28.97727272727273,0,0,0.5681818181818182,0,0.5681818181818182,50,44.31818181818182,5.681818181818182,0
E00054269,166,132,45,87,0,0,8,2,6,26,18,8,0,79.51807228915662,27.10843373493976,52.40963855421686,0,0,4.819277108433735,1.2048192771084338,3.614457831325301,15.66265060240964,10.843373493975903,4.819277108433735,0
E00054270,110,92,38,54,0,0,6,4,2,12,9,3,0,83.63636363636363,34.54545454545455,49.09090909090909,0,0,5.454545454545454,3.6363636363636362,1.8181818181818181,10.909090909090908,8.181818181818182,2.727272727272727,0
E00054271,142,97,38,59,0,0,5,2,3,39,35,4,1,68.30985915492957,26.76056338028169,41.54929577464789,0,0,3.5211267605633805,1.4084507042253522,2.112676056338028,27.464788732394368,24.647887323943664,2.8169014084507045,0.7042253521126761
E00054272,124,95,48,47,0,0,1,0,1,28,23,5,0,76.61290322580645,38.70967741935484,37.903225806451616,0,0,0.8064516129032258,0,0.8064516129032258,22.58064516129032,18.548387096774192,4.032258064516129,0
E00054274,108,99,60,39,0,0,2,0,2,7,7,0,0,91.66666666666666,55.55555555555556,36.11111111111111,0,0,1.8518518518518516,0,1.8518518518518516,6.481481481481481,6.481481481481481,0,0
E00054275,117,85,39,46,0,0,4,2,2,28,22,6,0,72.64957264957265,33.33333333333333,39.31623931623932,0,0,3.418803418803419,1.7094017094017095,1.7094017094017095,23.931623931623932,18.803418803418804,5.128205128205128,0
E00054277,116,95,45,50,0,0,13,1,12,8,8,0,0,81.89655172413794,38.793103448275865,43.103448275862064,0,0,11.206896551724139,0.8620689655172413,10.344827586206897,6.896551724137931,6.896551724137931,0,0
E00054278,151,145,60,85,0,0,0,0,0,6,4,2,0,96.02649006622516,39.735099337748345,56.29139072847682,0,0,0,0,0,3.9735099337748347,2.6490066225165565,1.3245033112582782,0
E00054279,109,99,50,49,0,0,2,1,1,8,4,4,0,90.82568807339449,45.87155963302752,44.95412844036697,0,0,1.834862385321101,0.9174311926605505,0.9174311926605505,7.339449541284404,3.669724770642202,3.669724770642202,0
E00054282,151,81,40,41,0,0,21,2,19,49,47,2,0,53.64238410596026,26.490066225165563,27.1523178807947,0,0,13.90728476821192,1.3245033112582782,12.582781456953644,32.450331125827816,31.125827814569533,1.3245033112582782,0
E00054283,131,114,38,76,0,0,0,0,0,17,16,1,0,87.02290076335878,29.00763358778626,58.01526717557252,0,0,0,0,0,12.977099236641221,12.213740458015266,0.7633587786259541,0
E00054284,114,100,60,40,0,0,3,1,2,11,10,1,0,87.71929824561403,52.63157894736842,35.08771929824561,0,0,2.631578947368421,0.8771929824561403,1.7543859649122806,9.649122807017543,8.771929824561402,0.8771929824561403,0
E00054285,139,96,51,45,0,0,18,1,17,25,19,6,0,69.06474820143885,36.69064748201439,32.37410071942446,0,0,12.949640287769784,0.7194244604316548,12.23021582733813,17.985611510791365,13.66906474820144,4.316546762589928,0
E00054286,111,73,33,40,0,0,3,0,3,35,33,2,0,65.76576576576578,29.72972972972973,36.03603603603604,0,0,2.7027027027027026,0,2.7027027027027026,31.53153153153153,29.72972972972973,1.8018018018018018,0
E00054287,120,77,44,33,0,0,3,1,2,40,36,4,0,64.16666666666667,36.666666666666664,27.500000000000004,0,0,2.5,0.8333333333333334,1.6666666666666667,33.33333333333333,30,3.3333333333333335,0
E00054288,113,75,35,40,0,0,1,0,1,37,29,8,0,66.3716814159292,30.973451327433626,35.39823008849557,0,0,0.8849557522123894,0,0.8849557522123894,32.743362831858406,25.663716814159294,7.079646017699115,0
E00054289,172,114,50,64,1,1,27,10,17,30,29,1,0,66.27906976744185,29.069767441860467,37.2093023255814,0.5813953488372093,0.5813953488372093,15.69767441860465,5.813953488372093,9.883720930232558,17.441860465116278,16.86046511627907,0.5813953488372093,0
E00054290,150,129,77,52,0,0,0,0,0,21,13,8,0,86,51.33333333333333,34.66666666666667,0,0,0,0,0,14.000000000000002,8.666666666666668,5.333333333333334,0
E00054291,94,81,58,23,0,0,5,2,3,8,7,1,0,86.17021276595744,61.702127659574465,24.46808510638298,0,0,5.319148936170213,2.127659574468085,3.1914893617021276,8.51063829787234,7.446808510638298,1.0638297872340425,0
E00054292,113,79,43,36,1,1,16,9,7,17,15,2,0,69.91150442477876,38.05309734513274,31.858407079646017,0.8849557522123894,0.8849557522123894,14.15929203539823,7.964601769911504,6.1946902654867255,15.04424778761062,13.274336283185843,1.7699115044247788,0
E00054293,150,121,65,56,0,0,8,5,3,21,16,5,0,80.66666666666666,43.333333333333336,37.333333333333336,0,0,5.333333333333334,3.3333333333333335,2,14.000000000000002,10.666666666666668,3.3333333333333335,0
E00054294,242,182,101,81,0,0,15,2,13,45,39,6,0,75.20661157024794,41.735537190082646,33.47107438016529,0,0,6.198347107438017,0.8264462809917356,5.371900826446281,18.59504132231405,16.115702479338843,2.479338842975207,0
E00054295,119,110,72,38,0,0,1,0,1,8,5,3,0,92.43697478991596,60.50420168067227,31.932773109243694,0,0,0.8403361344537815,0,0.8403361344537815,6.722689075630252,4.201680672268908,2.5210084033613445,0
E00054296,129,122,87,35,0,0,1,1,0,6,5,1,0,94.57364341085271,67.44186046511628,27.131782945736433,0,0,0.7751937984496124,0.7751937984496124,0,4.651162790697675,3.875968992248062,0.7751937984496124,0
E00054297,159,146,86,60,1,1,0,0,0,12,9,3,0,91.82389937106919,54.088050314465406,37.735849056603776,0.628930817610063,0.628930817610063,0,0,0,7.547169811320755,5.660377358490567,1.8867924528301887,0
E00054298,186,29,13,16,0,0,116,50,66,41,38,3,0,15.591397849462366,6.989247311827956,8.60215053763441,0,0,62.365591397849464,26.881720430107524,35.483870967741936,22.043010752688172,20.43010752688172,1.6129032258064515,0
E00054299,121,106,59,47,0,0,1,0,1,14,12,2,0,87.60330578512396,48.760330578512395,38.84297520661157,0,0,0.8264462809917356,0,0.8264462809917356,11.570247933884298,9.917355371900827,1.6528925619834711,0
E00054300,149,124,76,48,0,0,3,1,2,22,20,2,0,83.22147651006712,51.006711409395976,32.21476510067114,0,0,2.013422818791946,0.6711409395973155,1.342281879194631,14.76510067114094,13.422818791946309,1.342281879194631,0
E00054301,126,114,82,32,0,0,5,3,2,7,7,0,0,90.47619047619048,65.07936507936508,25.396825396825395,0,0,3.968253968253968,2.380952380952381,1.5873015873015872,5.555555555555555,5.555555555555555,0,0
E00054302,112,103,60,43,1,1,1,0,1,7,6,1,0,91.96428571428571,53.57142857142857,38.392857142857146,0.8928571428571428,0.8928571428571428,0.8928571428571428,0,0.8928571428571428,6.25,5.357142857142857,0.8928571428571428,0
E00054303,135,127,84,43,0,0,2,0,2,6,6,0,0,94.07407407407408,62.22222222222222,31.851851851851855,0,0,1.4814814814814816,0,1.4814814814814816,4.444444444444445,4.444444444444445,0,0
E00054304,175,147,73,74,10,10,1,0,1,17,16,1,0,84,41.714285714285715,42.285714285714285,5.714285714285714,5.714285714285714,0.5714285714285714,0,0.5714285714285714,9.714285714285714,9.142857142857142,0.5714285714285714,0
E00054305,105,99,55,44,0,0,0,0,0,6,2,4,0,94.28571428571428,52.38095238095239,41.904761904761905,0,0,0,0,0,5.714285714285714,1.9047619047619049,3.8095238095238098,0
E00054306,122,121,62,59,0,0,0,0,0,1,1,0,0,99.18032786885246,50.81967213114754,48.36065573770492,0,0,0,0,0,0.819672131147541,0.819672131147541,0,0
E00054307,153,134,80,54,0,0,1,1,0,18,16,2,0,87.58169934640523,52.28758169934641,35.294117647058826,0,0,0.6535947712418301,0.6535947712418301,0,11.76470588235294,10.457516339869281,1.3071895424836601,0
E00054308,112,105,53,52,0,0,1,0,1,6,6,0,0,93.75,47.32142857142857,46.42857142857143,0,0,0.8928571428571428,0,0.8928571428571428,5.357142857142857,5.357142857142857,0,0
E00054309,154,145,82,63,0,0,0,0,0,9,8,1,0,94.15584415584416,53.246753246753244,40.909090909090914,0,0,0,0,0,5.844155844155844,5.194805194805195,0.6493506493506493,0
E00054310,137,75,40,35,12,12,33,11,22,17,13,4,0,54.74452554744526,29.1970802919708,25.547445255474454,8.75912408759124,8.75912408759124,24.087591240875913,8.02919708029197,16.05839416058394,12.408759124087592,9.48905109489051,2.9197080291970803,0
E00054311,108,103,60,43,0,0,0,0,0,5,4,1,0,95.37037037037037,55.55555555555556,39.81481481481482,0,0,0,0,0,4.62962962962963,3.7037037037037033,0.9259259259259258,0
E00054312,126,122,61,61,0,0,3,0,3,1,1,0,0,96.82539682539682,48.41269841269841,48.41269841269841,0,0,2.380952380952381,0,2.380952380952381,0.7936507936507936,0.7936507936507936,0,0
E00054313,174,124,76,48,0,0,19,4,15,31,26,5,0,71.26436781609196,43.67816091954023,27.586206896551722,0,0,10.919540229885058,2.2988505747126435,8.620689655172415,17.81609195402299,14.942528735632186,2.8735632183908044,0
E00054315,166,137,87,50,0,0,22,1,21,7,3,4,0,82.53012048192771,52.40963855421686,30.120481927710845,0,0,13.253012048192772,0.6024096385542169,12.650602409638553,4.216867469879518,1.8072289156626504,2.4096385542168677,0
E00054316,109,96,61,35,1,1,0,0,0,12,8,4,0,88.07339449541286,55.96330275229357,32.11009174311927,0.9174311926605505,0.9174311926605505,0,0,0,11.009174311926607,7.339449541284404,3.669724770642202,0
E00054317,150,117,63,54,12,12,7,1,6,14,12,2,0,78,42,36,8,8,4.666666666666667,0.6666666666666667,4,9.333333333333334,8,1.3333333333333335,0
E00054318,136,125,89,36,0,0,1,0,1,10,10,0,0,91.91176470588235,65.44117647058823,26.47058823529412,0,0,0.7352941176470588,0,0.7352941176470588,7.352941176470589,7.352941176470589,0,0
E00054319,140,119,75,44,0,0,2,0,2,19,17,2,0,85,53.57142857142857,31.428571428571427,0,0,1.4285714285714286,0,1.4285714285714286,13.571428571428571,12.142857142857142,1.4285714285714286,0
E00054320,143,125,77,48,1,1,1,0,1,16,14,2,0,87.41258741258741,53.84615384615385,33.56643356643357,0.6993006993006993,0.6993006993006993,0.6993006993006993,0,0.6993006993006993,11.188811188811188,9.79020979020979,1.3986013986013985,0
E00054321,144,102,50,52,0,0,25,15,10,17,16,1,0,70.83333333333334,34.72222222222222,36.11111111111111,0,0,17.36111111111111,10.416666666666668,6.944444444444445,11.805555555555555,11.11111111111111,0.6944444444444444,0
E00054322,122,109,54,55,1,1,1,1,0,11,10,1,0,89.34426229508196,44.26229508196721,45.08196721311475,0.819672131147541,0.819672131147541,0.819672131147541,0.819672131147541,0,9.01639344262295,8.19672131147541,0.819672131147541,0
E00054323,121,84,48,36,0,0,6,1,5,31,29,2,0,69.42148760330579,39.66942148760331,29.75206611570248,0,0,4.958677685950414,0.8264462809917356,4.132231404958678,25.6198347107438,23.96694214876033,1.6528925619834711,0
E00054324,126,124,67,57,0,0,0,0,0,2,1,1,0,98.4126984126984,53.17460317460318,45.23809523809524,0,0,0,0,0,1.5873015873015872,0.7936507936507936,0.7936507936507936,0
E00054325,127,101,43,58,0,0,1,1,0,25,25,0,0,79.52755905511812,33.85826771653544,45.66929133858268,0,0,0.7874015748031495,0.7874015748031495,0,19.68503937007874,19.68503937007874,0,0
E00054326,144,114,59,55,0,0,1,0,1,29,24,5,0,79.16666666666666,40.97222222222222,38.19444444444444,0,0,0.6944444444444444,0,0.6944444444444444,20.13888888888889,16.666666666666664,3.4722222222222223,0
E00054327,126,120,76,44,0,0,0,0,0,6,5,1,0,95.23809523809523,60.317460317460316,34.92063492063492,0,0,0,0,0,4.761904761904762,3.968253968253968,0.7936507936507936,0
E00054328,188,109,54,55,0,0,10,1,9,69,66,3,0,57.97872340425532,28.723404255319153,29.25531914893617,0,0,5.319148936170213,0.5319148936170213,4.787234042553192,36.702127659574465,35.1063829787234,1.5957446808510638,0
E00054329,132,90,61,29,6,6,14,4,10,22,19,3,0,68.18181818181817,46.21212121212121,21.96969696969697,4.545454545454546,4.545454545454546,10.606060606060606,3.0303030303030303,7.575757575757576,16.666666666666664,14.393939393939394,2.272727272727273,0
E00054330,121,113,73,40,1,1,2,1,1,5,3,2,0,93.38842975206612,60.33057851239669,33.057851239669425,0.8264462809917356,0.8264462809917356,1.6528925619834711,0.8264462809917356,0.8264462809917356,4.132231404958678,2.479338842975207,1.6528925619834711,0
E00054331,137,64,34,30,1,1,55,25,30,16,13,3,1,46.715328467153284,24.817518248175183,21.897810218978105,0.7299270072992701,0.7299270072992701,40.14598540145985,18.248175182481752,21.897810218978105,11.678832116788321,9.48905109489051,2.18978102189781,0.7299270072992701
E00054332,129,103,37,66,0,0,17,10,7,7,5,2,2,79.84496124031007,28.68217054263566,51.162790697674424,0,0,13.178294573643413,7.751937984496124,5.426356589147287,5.426356589147287,3.875968992248062,1.550387596899225,1.550387596899225
E00054333,144,118,57,61,0,0,3,1,2,23,20,3,0,81.94444444444444,39.58333333333333,42.36111111111111,0,0,2.083333333333333,0.6944444444444444,1.3888888888888888,15.972222222222221,13.88888888888889,2.083333333333333,0
E00054334,129,88,49,39,0,0,34,4,30,7,7,0,0,68.21705426356588,37.98449612403101,30.23255813953488,0,0,26.356589147286826,3.10077519379845,23.25581395348837,5.426356589147287,5.426356589147287,0,0
E00054335,122,78,56,22,4,4,26,10,16,14,13,1,0,63.934426229508205,45.90163934426229,18.0327868852459,3.278688524590164,3.278688524590164,21.311475409836063,8.19672131147541,13.114754098360656,11.475409836065573,10.655737704918032,0.819672131147541,0
E00054336,150,141,85,56,0,0,4,3,1,5,4,1,0,94,56.666666666666664,37.333333333333336,0,0,2.666666666666667,2,0.6666666666666667,3.3333333333333335,2.666666666666667,0.6666666666666667,0
E00054337,109,92,48,44,0,0,4,1,3,13,12,1,0,84.40366972477065,44.03669724770643,40.36697247706422,0,0,3.669724770642202,0.9174311926605505,2.7522935779816518,11.926605504587156,11.009174311926607,0.9174311926605505,0
E00054338,121,116,66,50,0,0,1,1,0,4,4,0,0,95.86776859504133,54.54545454545454,41.32231404958678,0,0,0.8264462809917356,0.8264462809917356,0,3.3057851239669422,3.3057851239669422,0,0
E00054339,111,104,51,53,0,0,0,0,0,7,5,2,0,93.69369369369369,45.94594594594595,47.74774774774775,0,0,0,0,0,6.306306306306306,4.504504504504505,1.8018018018018018,0
E00054340,112,105,61,44,0,0,1,1,0,6,4,2,0,93.75,54.46428571428571,39.285714285714285,0,0,0.8928571428571428,0.8928571428571428,0,5.357142857142857,3.571428571428571,1.7857142857142856,0
E00054341,99,68,34,34,0,0,25,1,24,6,5,1,0,68.68686868686868,34.34343434343434,34.34343434343434,0,0,25.252525252525253,1.0101010101010102,24.242424242424242,6.0606060606060606,5.05050505050505,1.0101010101010102,0
E00054342,51,44,21,23,0,0,0,0,0,7,5,2,0,86.27450980392157,41.17647058823529,45.09803921568628,0,0,0,0,0,13.725490196078432,9.803921568627452,3.9215686274509802,0
E00054343,143,104,64,40,8,8,15,1,14,16,12,4,0,72.72727272727273,44.75524475524475,27.972027972027973,5.594405594405594,5.594405594405594,10.48951048951049,0.6993006993006993,9.79020979020979,11.188811188811188,8.391608391608392,2.797202797202797,0
E00054344,126,30,18,12,1,1,73,35,38,22,19,3,0,23.809523809523807,14.285714285714285,9.523809523809524,0.7936507936507936,0.7936507936507936,57.936507936507944,27.77777777777778,30.158730158730158,17.46031746031746,15.079365079365079,2.380952380952381,0
E00054345,117,13,9,4,0,0,85,40,45,17,13,4,2,11.11111111111111,7.6923076923076925,3.418803418803419,0,0,72.64957264957265,34.18803418803419,38.46153846153847,14.529914529914532,11.11111111111111,3.418803418803419,1.7094017094017095
E00054346,225,85,22,63,0,0,113,50,63,26,25,1,1,37.77777777777778,9.777777777777779,28.000000000000004,0,0,50.22222222222222,22.22222222222222,28.000000000000004,11.555555555555555,11.11111111111111,0.4444444444444444,0.4444444444444444
E00054348,203,78,24,54,0,0,53,34,19,72,55,17,0,38.42364532019704,11.822660098522167,26.60098522167488,0,0,26.108374384236456,16.748768472906402,9.35960591133005,35.467980295566505,27.093596059113302,8.374384236453201,0
E00054350,164,97,43,54,6,6,16,5,11,45,39,6,0,59.14634146341463,26.21951219512195,32.926829268292686,3.6585365853658534,3.6585365853658534,9.75609756097561,3.048780487804878,6.707317073170732,27.439024390243905,23.78048780487805,3.6585365853658534,0
E00054351,239,40,25,15,0,0,102,60,42,96,91,5,1,16.736401673640167,10.460251046025103,6.2761506276150625,0,0,42.67782426778243,25.10460251046025,17.573221757322173,40.1673640167364,38.07531380753138,2.092050209205021,0.41841004184100417
E00054353,123,54,29,25,0,0,47,30,17,22,18,4,0,43.90243902439025,23.577235772357724,20.32520325203252,0,0,38.21138211382114,24.390243902439025,13.821138211382115,17.88617886178862,14.634146341463413,3.2520325203252036,0
E00054354,134,118,62,56,0,0,2,0,2,14,13,1,0,88.05970149253731,46.26865671641791,41.7910447761194,0,0,1.4925373134328357,0,1.4925373134328357,10.44776119402985,9.701492537313433,0.7462686567164178,0
E00054355,139,75,32,43,0,0,17,10,7,47,26,21,0,53.956834532374096,23.021582733812952,30.935251798561154,0,0,12.23021582733813,7.1942446043165464,5.0359712230215825,33.81294964028777,18.705035971223023,15.107913669064748,0
E00054356,128,111,61,50,0,0,1,1,0,16,13,3,0,86.71875,47.65625,39.0625,0,0,0.78125,0.78125,0,12.5,10.15625,2.34375,0
E00054357,203,104,33,71,0,0,42,24,18,56,46,10,1,51.231527093596064,16.25615763546798,34.97536945812808,0,0,20.689655172413794,11.822660098522167,8.866995073891626,27.586206896551722,22.660098522167488,4.926108374384237,0.49261083743842365
E00054358,124,55,31,24,0,0,30,17,13,39,36,3,0,44.354838709677416,25,19.35483870967742,0,0,24.193548387096776,13.709677419354838,10.483870967741936,31.451612903225808,29.03225806451613,2.4193548387096775,0
E00054359,131,115,57,58,0,0,1,0,1,15,12,3,0,87.78625954198473,43.51145038167939,44.274809160305345,0,0,0.7633587786259541,0,0.7633587786259541,11.450381679389313,9.16030534351145,2.2900763358778624,0
E00054360,123,66,31,35,0,0,41,19,22,15,12,3,1,53.65853658536586,25.203252032520325,28.455284552845526,0,0,33.33333333333333,15.447154471544716,17.88617886178862,12.195121951219512,9.75609756097561,2.4390243902439024,0.8130081300813009
E00054361,122,109,70,39,0,0,2,2,0,11,8,3,0,89.34426229508196,57.377049180327866,31.967213114754102,0,0,1.639344262295082,1.639344262295082,0,9.01639344262295,6.557377049180328,2.459016393442623,0
E00054362,135,63,31,32,0,0,44,22,22,27,20,7,1,46.666666666666664,22.962962962962962,23.703703703703706,0,0,32.592592592592595,16.296296296296298,16.296296296296298,20,14.814814814814813,5.185185185185185,0.7407407407407408
E00054363,152,60,20,40,0,0,54,8,46,38,35,3,0,39.473684210526315,13.157894736842104,26.31578947368421,0,0,35.526315789473685,5.263157894736842,30.263157894736842,25,23.026315789473685,1.9736842105263157,0
E00054364,147,130,67,63,2,2,2,1,1,13,11,2,0,88.43537414965986,45.57823129251701,42.857142857142854,1.3605442176870748,1.3605442176870748,1.3605442176870748,0.6802721088435374,0.6802721088435374,8.843537414965986,7.482993197278912,1.3605442176870748,0
E00054366,140,104,51,53,1,1,11,8,3,24,21,3,0,74.28571428571429,36.42857142857142,37.857142857142854,0.7142857142857143,0.7142857142857143,7.857142857142857,5.714285714285714,2.142857142857143,17.142857142857142,15,2.142857142857143,0
E00054367,145,111,46,65,0,0,13,9,4,20,18,2,1,76.55172413793103,31.724137931034484,44.827586206896555,0,0,8.96551724137931,6.206896551724138,2.7586206896551726,13.793103448275861,12.413793103448276,1.3793103448275863,0.6896551724137931
E00054368,136,62,23,39,5,5,39,24,15,30,27,3,0,45.588235294117645,16.911764705882355,28.676470588235293,3.6764705882352944,3.6764705882352944,28.676470588235293,17.647058823529413,11.029411764705882,22.058823529411764,19.852941176470587,2.2058823529411766,0
E00054370,111,90,42,48,0,0,2,2,0,19,17,2,0,81.08108108108108,37.83783783783784,43.24324324324324,0,0,1.8018018018018018,1.8018018018018018,0,17.117117117117118,15.315315315315313,1.8018018018018018,0
E00054371,110,97,51,46,0,0,0,0,0,13,10,3,0,88.18181818181819,46.36363636363636,41.81818181818181,0,0,0,0,0,11.818181818181818,9.090909090909092,2.727272727272727,0
E00054372,128,28,11,17,0,0,81,38,43,19,15,4,0,21.875,8.59375,13.28125,0,0,63.28125,29.6875,33.59375,14.84375,11.71875,3.125,0
E00054374,144,72,41,31,3,3,50,20,30,18,17,1,1,50,28.47222222222222,21.52777777777778,2.083333333333333,2.083333333333333,34.72222222222222,13.88888888888889,20.833333333333336,12.5,11.805555555555555,0.6944444444444444,0.6944444444444444
E00054375,128,76,35,41,0,0,24,10,14,28,23,5,0,59.375,27.34375,32.03125,0,0,18.75,7.8125,10.9375,21.875,17.96875,3.90625,0
E00054376,114,47,20,27,0,0,39,25,14,28,26,2,0,41.228070175438596,17.543859649122805,23.684210526315788,0,0,34.21052631578947,21.929824561403507,12.280701754385964,24.561403508771928,22.807017543859647,1.7543859649122806,0
E00054377,140,50,19,31,2,2,64,25,39,24,21,3,0,35.714285714285715,13.571428571428571,22.142857142857142,1.4285714285714286,1.4285714285714286,45.714285714285715,17.857142857142858,27.857142857142858,17.142857142857142,15,2.142857142857143,0
E00054378,215,179,79,100,1,1,3,2,1,32,25,7,0,83.25581395348837,36.74418604651163,46.51162790697674,0.46511627906976744,0.46511627906976744,1.3953488372093024,0.9302325581395349,0.46511627906976744,14.883720930232558,11.627906976744185,3.255813953488372,0
E00054379,131,68,35,33,2,2,31,3,28,30,28,2,0,51.908396946564885,26.717557251908396,25.190839694656486,1.5267175572519083,1.5267175572519083,23.66412213740458,2.2900763358778624,21.374045801526716,22.900763358778626,21.374045801526716,1.5267175572519083,0
E00054380,142,59,26,33,0,0,5,3,2,78,73,5,0,41.54929577464789,18.30985915492958,23.239436619718308,0,0,3.5211267605633805,2.112676056338028,1.4084507042253522,54.929577464788736,51.40845070422535,3.5211267605633805,0
E00054381,185,57,11,46,1,1,94,30,64,32,26,6,1,30.810810810810814,5.9459459459459465,24.864864864864867,0.5405405405405406,0.5405405405405406,50.810810810810814,16.216216216216218,34.5945945945946,17.2972972972973,14.054054054054054,3.2432432432432434,0.5405405405405406
E00054382,139,112,62,50,3,3,11,6,5,12,12,0,1,80.57553956834532,44.60431654676259,35.97122302158273,2.158273381294964,2.158273381294964,7.913669064748201,4.316546762589928,3.5971223021582732,8.633093525179856,8.633093525179856,0,0.7194244604316548
E00054383,131,101,40,61,0,0,8,4,4,22,19,3,0,77.09923664122137,30.53435114503817,46.56488549618321,0,0,6.106870229007633,3.0534351145038165,3.0534351145038165,16.793893129770993,14.50381679389313,2.2900763358778624,0
E00054384,125,94,49,45,0,0,14,6,8,17,13,4,0,75.2,39.2,36,0,0,11.200000000000001,4.8,6.4,13.600000000000001,10.4,3.2,0
E00054385,142,79,38,41,2,2,17,9,8,44,38,6,0,55.633802816901415,26.76056338028169,28.87323943661972,1.4084507042253522,1.4084507042253522,11.971830985915492,6.338028169014084,5.633802816901409,30.985915492957744,26.76056338028169,4.225352112676056,0
E00054386,138,74,31,43,1,1,26,20,6,37,31,6,0,53.62318840579711,22.463768115942027,31.15942028985507,0.7246376811594203,0.7246376811594203,18.84057971014493,14.492753623188406,4.3478260869565215,26.811594202898554,22.463768115942027,4.3478260869565215,0
E00054387,106,74,38,36,0,0,2,1,1,30,27,3,0,69.81132075471697,35.84905660377358,33.9622641509434,0,0,1.8867924528301887,0.9433962264150944,0.9433962264150944,28.30188679245283,25.471698113207548,2.8301886792452833,0
E00054388,146,64,40,24,0,0,59,41,18,23,20,3,0,43.83561643835616,27.397260273972602,16.43835616438356,0,0,40.41095890410959,28.08219178082192,12.32876712328767,15.753424657534246,13.698630136986301,2.054794520547945,0
E00054389,152,73,41,32,1,1,2,0,2,76,72,4,0,48.026315789473685,26.973684210526315,21.052631578947366,0.6578947368421052,0.6578947368421052,1.3157894736842104,0,1.3157894736842104,50,47.368421052631575,2.631578947368421,0
E00054390,133,63,38,25,4,4,44,1,43,22,18,4,0,47.368421052631575,28.57142857142857,18.796992481203006,3.007518796992481,3.007518796992481,33.08270676691729,0.7518796992481203,32.33082706766917,16.541353383458645,13.533834586466165,3.007518796992481,0
E00054391,135,102,50,52,3,3,2,0,2,28,23,5,0,75.55555555555556,37.03703703703704,38.51851851851852,2.2222222222222223,2.2222222222222223,1.4814814814814816,0,1.4814814814814816,20.74074074074074,17.037037037037038,3.7037037037037033,0
E00054392,126,108,51,57,0,0,3,3,0,15,13,2,0,85.71428571428571,40.476190476190474,45.23809523809524,0,0,2.380952380952381,2.380952380952381,0,11.904761904761903,10.317460317460316,1.5873015873015872,0
E00054393,134,91,48,43,1,1,0,0,0,42,37,5,0,67.91044776119402,35.82089552238806,32.08955223880597,0.7462686567164178,0.7462686567164178,0,0,0,31.343283582089555,27.611940298507463,3.731343283582089,0
E00054394,157,107,55,52,4,4,2,2,0,44,39,5,0,68.15286624203821,35.03184713375796,33.12101910828025,2.547770700636943,2.547770700636943,1.2738853503184715,1.2738853503184715,0,28.02547770700637,24.840764331210192,3.1847133757961785,0
E00054395,119,102,51,51,2,2,0,0,0,15,14,1,0,85.71428571428571,42.857142857142854,42.857142857142854,1.680672268907563,1.680672268907563,0,0,0,12.605042016806722,11.76470588235294,0.8403361344537815,0
E00054396,148,130,70,60,1,1,0,0,0,17,12,5,0,87.83783783783784,47.2972972972973,40.54054054054054,0.6756756756756757,0.6756756756756757,0,0,0,11.486486486486488,8.108108108108109,3.3783783783783785,0
E00054397,115,98,52,46,2,2,4,2,2,11,11,0,0,85.21739130434783,45.21739130434783,40,1.7391304347826086,1.7391304347826086,3.4782608695652173,1.7391304347826086,1.7391304347826086,9.565217391304348,9.565217391304348,0,0
E00054398,123,118,65,53,0,0,1,0,1,4,4,0,0,95.9349593495935,52.84552845528455,43.08943089430895,0,0,0.8130081300813009,0,0.8130081300813009,3.2520325203252036,3.2520325203252036,0,0
E00054399,145,77,45,32,0,0,12,7,5,56,51,5,0,53.103448275862064,31.03448275862069,22.06896551724138,0,0,8.275862068965518,4.827586206896552,3.4482758620689653,38.62068965517241,35.172413793103445,3.4482758620689653,0
E00054400,123,100,45,55,0,0,0,0,0,23,19,4,0,81.30081300813008,36.58536585365854,44.71544715447154,0,0,0,0,0,18.69918699186992,15.447154471544716,3.2520325203252036,0
E00054401,122,56,19,37,0,0,45,25,20,21,19,2,0,45.90163934426229,15.573770491803279,30.327868852459016,0,0,36.885245901639344,20.491803278688526,16.39344262295082,17.21311475409836,15.573770491803279,1.639344262295082,0
E00054402,129,103,53,50,1,1,0,0,0,25,21,4,0,79.84496124031007,41.08527131782946,38.759689922480625,0.7751937984496124,0.7751937984496124,0,0,0,19.379844961240313,16.27906976744186,3.10077519379845,0
E00054403,135,115,55,60,0,0,1,0,1,19,13,6,0,85.18518518518519,40.74074074074074,44.44444444444444,0,0,0.7407407407407408,0,0.7407407407407408,14.074074074074074,9.62962962962963,4.444444444444445,0
E00054404,120,76,45,31,0,0,20,3,17,24,21,3,0,63.33333333333333,37.5,25.833333333333336,0,0,16.666666666666664,2.5,14.166666666666666,20,17.5,2.5,0
E00054405,133,94,46,48,1,1,12,2,10,26,23,3,0,70.67669172932331,34.58646616541353,36.09022556390977,0.7518796992481203,0.7518796992481203,9.022556390977442,1.5037593984962405,7.518796992481203,19.548872180451127,17.293233082706767,2.2556390977443606,0
E00054407,124,86,47,39,1,1,4,0,4,33,31,2,0,69.35483870967742,37.903225806451616,31.451612903225808,0.8064516129032258,0.8064516129032258,3.225806451612903,0,3.225806451612903,26.61290322580645,25,1.6129032258064515,0
E00054408,131,104,49,55,0,0,1,0,1,26,23,3,0,79.38931297709924,37.404580152671755,41.98473282442748,0,0,0.7633587786259541,0,0.7633587786259541,19.84732824427481,17.557251908396946,2.2900763358778624,0
E00054409,142,99,47,52,3,3,10,1,9,30,22,8,0,69.71830985915493,33.098591549295776,36.61971830985916,2.112676056338028,2.112676056338028,7.042253521126761,0.7042253521126761,6.338028169014084,21.12676056338028,15.492957746478872,5.633802816901409,0
E00054410,167,110,59,51,0,0,2,0,2,55,53,2,0,65.86826347305389,35.32934131736527,30.538922155688624,0,0,1.1976047904191618,0,1.1976047904191618,32.93413173652694,31.736526946107784,1.1976047904191618,0
E00054411,165,66,33,33,0,0,27,4,23,72,57,15,0,40,20,20,0,0,16.363636363636363,2.4242424242424243,13.939393939393941,43.63636363636363,34.54545454545455,9.090909090909092,0
E00054412,141,44,32,12,0,0,7,4,3,90,84,6,0,31.20567375886525,22.69503546099291,8.51063829787234,0,0,4.964539007092199,2.8368794326241136,2.127659574468085,63.829787234042556,59.57446808510638,4.25531914893617,0
E00054413,126,72,36,36,9,9,27,8,19,18,13,5,0,57.14285714285714,28.57142857142857,28.57142857142857,7.142857142857142,7.142857142857142,21.428571428571427,6.349206349206349,15.079365079365079,14.285714285714285,10.317460317460316,3.968253968253968,0
E00054414,120,84,37,47,0,0,10,4,6,26,20,6,0,70,30.833333333333336,39.166666666666664,0,0,8.333333333333332,3.3333333333333335,5,21.666666666666668,16.666666666666664,5,0
E00054415,126,63,24,39,0,0,12,8,4,51,46,5,0,50,19.047619047619047,30.952380952380953,0,0,9.523809523809524,6.349206349206349,3.1746031746031744,40.476190476190474,36.507936507936506,3.968253968253968,0
E00054416,120,72,38,34,1,1,24,12,12,23,16,7,0,60,31.666666666666664,28.333333333333332,0.8333333333333334,0.8333333333333334,20,10,10,19.166666666666668,13.333333333333334,5.833333333333333,0
E00054417,142,65,29,36,0,0,3,1,2,74,72,2,0,45.774647887323944,20.422535211267608,25.352112676056336,0,0,2.112676056338028,0.7042253521126761,1.4084507042253522,52.112676056338024,50.70422535211267,1.4084507042253522,0
E00054418,135,90,48,42,0,0,3,0,3,42,38,4,0,66.66666666666666,35.55555555555556,31.11111111111111,0,0,2.2222222222222223,0,2.2222222222222223,31.11111111111111,28.14814814814815,2.9629629629629632,0
E00054419,172,141,73,68,0,0,9,0,9,22,18,4,0,81.97674418604652,42.44186046511628,39.53488372093023,0,0,5.232558139534884,0,5.232558139534884,12.790697674418606,10.465116279069768,2.3255813953488373,0
E00054420,146,91,42,49,0,0,1,0,1,54,53,1,0,62.328767123287676,28.767123287671232,33.56164383561644,0,0,0.684931506849315,0,0.684931506849315,36.986301369863014,36.3013698630137,0.684931506849315,0
E00054421,147,68,32,36,0,0,22,11,11,57,50,7,0,46.25850340136054,21.768707482993197,24.489795918367346,0,0,14.965986394557824,7.482993197278912,7.482993197278912,38.775510204081634,34.01360544217687,4.761904761904762,0
E00054422,171,76,33,43,0,0,13,1,12,82,81,1,0,44.44444444444444,19.298245614035086,25.146198830409354,0,0,7.602339181286549,0.5847953216374269,7.017543859649122,47.953216374269005,47.368421052631575,0.5847953216374269,0
E00054423,131,79,36,43,0,0,4,2,2,48,43,5,0,60.30534351145038,27.480916030534353,32.82442748091603,0,0,3.0534351145038165,1.5267175572519083,1.5267175572519083,36.6412213740458,32.82442748091603,3.816793893129771,0
E00054424,136,115,62,53,1,1,2,0,2,18,12,6,0,84.55882352941177,45.588235294117645,38.970588235294116,0.7352941176470588,0.7352941176470588,1.4705882352941175,0,1.4705882352941175,13.23529411764706,8.823529411764707,4.411764705882353,0
E00054425,179,165,116,49,0,0,1,0,1,13,11,2,0,92.17877094972067,64.80446927374301,27.37430167597765,0,0,0.5586592178770949,0,0.5586592178770949,7.262569832402235,6.145251396648044,1.1173184357541899,0
E00054426,135,91,43,48,1,1,8,1,7,35,30,5,0,67.4074074074074,31.851851851851855,35.55555555555556,0.7407407407407408,0.7407407407407408,5.9259259259259265,0.7407407407407408,5.185185185185185,25.925925925925924,22.22222222222222,3.7037037037037033,0
E00054427,170,94,54,40,1,1,7,3,4,68,61,7,0,55.294117647058826,31.76470588235294,23.52941176470588,0.5882352941176471,0.5882352941176471,4.117647058823529,1.7647058823529411,2.3529411764705883,40,35.88235294117647,4.117647058823529,0
E00054428,136,129,79,50,0,0,2,1,1,5,5,0,0,94.85294117647058,58.08823529411765,36.76470588235294,0,0,1.4705882352941175,0.7352941176470588,0.7352941176470588,3.6764705882352944,3.6764705882352944,0,0
E00054429,121,108,65,43,4,4,1,1,0,8,7,1,0,89.25619834710744,53.71900826446281,35.53719008264463,3.3057851239669422,3.3057851239669422,0.8264462809917356,0.8264462809917356,0,6.6115702479338845,5.785123966942149,0.8264462809917356,0
E00054430,98,24,15,9,8,8,60,3,57,6,4,2,0,24.489795918367346,15.306122448979592,9.183673469387756,8.16326530612245,8.16326530612245,61.224489795918366,3.061224489795918,58.16326530612245,6.122448979591836,4.081632653061225,2.0408163265306123,0
E00054431,109,101,56,45,0,0,3,2,1,5,1,4,0,92.66055045871559,51.37614678899083,41.284403669724774,0,0,2.7522935779816518,1.834862385321101,0.9174311926605505,4.587155963302752,0.9174311926605505,3.669724770642202,0
E00054432,140,114,59,55,0,0,4,2,2,22,21,1,0,81.42857142857143,42.142857142857146,39.285714285714285,0,0,2.857142857142857,1.4285714285714286,1.4285714285714286,15.714285714285714,15,0.7142857142857143,0
E00054433,131,123,76,47,0,0,0,0,0,8,5,3,0,93.89312977099237,58.01526717557252,35.87786259541985,0,0,0,0,0,6.106870229007633,3.816793893129771,2.2900763358778624,0
E00054434,132,119,66,53,0,0,2,1,1,11,11,0,0,90.15151515151516,50,40.15151515151515,0,0,1.5151515151515151,0.7575757575757576,0.7575757575757576,8.333333333333332,8.333333333333332,0,0
E00054435,117,104,57,47,3,3,0,0,0,10,8,2,0,88.88888888888889,48.717948717948715,40.17094017094017,2.564102564102564,2.564102564102564,0,0,0,8.547008547008547,6.837606837606838,1.7094017094017095,0
E00054436,149,125,62,63,0,0,2,1,1,22,17,5,0,83.89261744966443,41.61073825503356,42.281879194630875,0,0,1.342281879194631,0.6711409395973155,0.6711409395973155,14.76510067114094,11.409395973154362,3.3557046979865772,0
E00054437,136,89,42,47,4,4,5,1,4,38,35,3,0,65.44117647058823,30.88235294117647,34.55882352941176,2.941176470588235,2.941176470588235,3.6764705882352944,0.7352941176470588,2.941176470588235,27.941176470588236,25.735294117647058,2.2058823529411766,0
E00054438,122,100,57,43,0,0,1,1,0,21,18,3,0,81.9672131147541,46.72131147540984,35.24590163934426,0,0,0.819672131147541,0.819672131147541,0,17.21311475409836,14.754098360655737,2.459016393442623,0
E00054439,154,129,73,56,0,0,0,0,0,25,21,4,0,83.76623376623377,47.4025974025974,36.36363636363637,0,0,0,0,0,16.233766233766232,13.636363636363635,2.5974025974025974,0
E00054440,112,58,20,38,0,0,36,23,13,18,17,1,0,51.78571428571429,17.857142857142858,33.92857142857143,0,0,32.142857142857146,20.535714285714285,11.607142857142858,16.071428571428573,15.178571428571427,0.8928571428571428,0
E00054441,128,72,36,36,0,0,30,7,23,26,22,4,0,56.25,28.125,28.125,0,0,23.4375,5.46875,17.96875,20.3125,17.1875,3.125,0
E00054442,134,32,13,19,0,0,80,49,31,21,19,2,1,23.88059701492537,9.701492537313433,14.17910447761194,0,0,59.70149253731343,36.56716417910448,23.134328358208954,15.671641791044777,14.17910447761194,1.4925373134328357,0.7462686567164178
E00054443,132,30,13,17,0,0,85,24,61,17,13,4,0,22.727272727272727,9.848484848484848,12.878787878787879,0,0,64.39393939393939,18.181818181818183,46.21212121212121,12.878787878787879,9.848484848484848,3.0303030303030303,0
E00054444,169,160,69,91,0,0,1,0,1,8,6,2,0,94.67455621301775,40.828402366863905,53.84615384615385,0,0,0.591715976331361,0,0.591715976331361,4.733727810650888,3.5502958579881656,1.183431952662722,0
E00054445,163,144,71,73,0,0,0,0,0,19,14,5,0,88.34355828220859,43.558282208588956,44.785276073619634,0,0,0,0,0,11.65644171779141,8.588957055214724,3.067484662576687,0
E00054446,143,114,53,61,1,1,0,0,0,28,19,9,0,79.72027972027972,37.06293706293706,42.65734265734265,0.6993006993006993,0.6993006993006993,0,0,0,19.58041958041958,13.286713286713287,6.293706293706294,0
E00054447,136,102,50,52,0,0,1,0,1,33,28,5,0,75,36.76470588235294,38.23529411764706,0,0,0.7352941176470588,0,0.7352941176470588,24.264705882352942,20.588235294117645,3.6764705882352944,0
E00054448,118,111,93,18,0,0,2,1,1,5,5,0,0,94.0677966101695,78.8135593220339,15.254237288135593,0,0,1.694915254237288,0.847457627118644,0.847457627118644,4.23728813559322,4.23728813559322,0,0
E00054449,129,105,59,46,0,0,2,1,1,22,20,2,0,81.3953488372093,45.73643410852713,35.65891472868217,0,0,1.550387596899225,0.7751937984496124,0.7751937984496124,17.05426356589147,15.503875968992247,1.550387596899225,0
E00054450,157,129,60,69,1,1,0,0,0,27,18,9,0,82.16560509554141,38.21656050955414,43.94904458598726,0.6369426751592357,0.6369426751592357,0,0,0,17.197452229299362,11.464968152866243,5.7324840764331215,0
E00054451,121,79,36,43,0,0,2,0,2,40,39,1,0,65.28925619834712,29.75206611570248,35.53719008264463,0,0,1.6528925619834711,0,1.6528925619834711,33.057851239669425,32.231404958677686,0.8264462809917356,0
E00054452,127,106,56,50,1,1,0,0,0,20,16,4,0,83.46456692913385,44.09448818897638,39.37007874015748,0.7874015748031495,0.7874015748031495,0,0,0,15.748031496062993,12.598425196850393,3.149606299212598,0
E00054453,137,110,40,70,0,0,4,0,4,22,21,1,1,80.2919708029197,29.1970802919708,51.09489051094891,0,0,2.9197080291970803,0,2.9197080291970803,16.05839416058394,15.328467153284672,0.7299270072992701,0.7299270072992701
E00054454,133,59,24,35,0,0,55,28,27,19,19,0,0,44.3609022556391,18.045112781954884,26.31578947368421,0,0,41.35338345864661,21.052631578947366,20.30075187969925,14.285714285714285,14.285714285714285,0,0
E00054456,121,72,39,33,0,0,16,7,9,32,24,8,1,59.50413223140496,32.231404958677686,27.27272727272727,0,0,13.223140495867769,5.785123966942149,7.43801652892562,26.446280991735538,19.834710743801654,6.6115702479338845,0.8264462809917356
E00054457,131,57,23,34,1,1,37,31,6,36,32,4,0,43.51145038167939,17.557251908396946,25.954198473282442,0.7633587786259541,0.7633587786259541,28.24427480916031,23.66412213740458,4.580152671755725,27.480916030534353,24.427480916030532,3.0534351145038165,0
E00054458,115,29,16,13,1,1,59,40,19,25,23,2,1,25.217391304347824,13.91304347826087,11.304347826086957,0.8695652173913043,0.8695652173913043,51.30434782608696,34.78260869565217,16.52173913043478,21.73913043478261,20,1.7391304347826086,0.8695652173913043
E00054459,127,73,28,45,0,0,5,1,4,49,43,6,0,57.48031496062992,22.04724409448819,35.43307086614173,0,0,3.937007874015748,0.7874015748031495,3.149606299212598,38.582677165354326,33.85826771653544,4.724409448818897,0
E00054460,129,86,33,53,0,0,6,0,6,37,34,3,0,66.66666666666666,25.581395348837212,41.08527131782946,0,0,4.651162790697675,0,4.651162790697675,28.68217054263566,26.356589147286826,2.3255813953488373,0
E00054461,159,49,21,28,0,0,91,45,46,18,15,3,1,30.81761006289308,13.20754716981132,17.61006289308176,0,0,57.23270440251572,28.30188679245283,28.930817610062892,11.320754716981133,9.433962264150944,1.8867924528301887,0.628930817610063
E00054462,133,59,28,31,0,0,50,28,22,24,23,1,0,44.3609022556391,21.052631578947366,23.308270676691727,0,0,37.59398496240601,21.052631578947366,16.541353383458645,18.045112781954884,17.293233082706767,0.7518796992481203,0
E00054463,161,34,18,16,0,0,102,45,57,24,22,2,1,21.11801242236025,11.180124223602485,9.937888198757763,0,0,63.35403726708074,27.95031055900621,35.40372670807454,14.906832298136646,13.664596273291925,1.2422360248447204,0.6211180124223602
E00054464,143,57,24,33,0,0,61,25,36,25,20,5,0,39.86013986013986,16.783216783216783,23.076923076923077,0,0,42.65734265734265,17.482517482517483,25.174825174825177,17.482517482517483,13.986013986013987,3.4965034965034967,0
E00054465,89,68,20,48,0,0,1,1,0,20,18,2,0,76.40449438202246,22.47191011235955,53.93258426966292,0,0,1.1235955056179776,1.1235955056179776,0,22.47191011235955,20.224719101123593,2.247191011235955,0
E00054467,171,74,48,26,0,0,71,31,40,26,23,3,0,43.27485380116959,28.07017543859649,15.204678362573098,0,0,41.52046783625731,18.128654970760234,23.391812865497073,15.204678362573098,13.450292397660817,1.7543859649122806,0
E00054468,190,96,31,65,0,0,66,29,37,28,25,3,0,50.526315789473685,16.315789473684212,34.21052631578947,0,0,34.73684210526316,15.263157894736842,19.473684210526315,14.736842105263156,13.157894736842104,1.5789473684210527,0
E00054469,125,89,47,42,1,1,13,7,6,22,21,1,0,71.2,37.6,33.6,0.8,0.8,10.4,5.6000000000000005,4.8,17.599999999999998,16.8,0.8,0
E00054470,131,116,72,44,0,0,4,3,1,11,7,4,0,88.54961832061069,54.961832061068705,33.587786259541986,0,0,3.0534351145038165,2.2900763358778624,0.7633587786259541,8.396946564885496,5.343511450381679,3.0534351145038165,0
E00054471,151,120,52,68,0,0,2,2,0,29,26,3,0,79.47019867549669,34.437086092715234,45.033112582781456,0,0,1.3245033112582782,1.3245033112582782,0,19.205298013245034,17.218543046357617,1.9867549668874174,0
E00054472,125,44,19,25,0,0,67,35,32,14,13,1,0,35.199999999999996,15.2,20,0,0,53.6,28.000000000000004,25.6,11.200000000000001,10.4,0.8,0
E00054474,161,67,37,30,0,0,3,2,1,91,83,8,0,41.61490683229814,22.981366459627328,18.633540372670808,0,0,1.8633540372670807,1.2422360248447204,0.6211180124223602,56.52173913043478,51.5527950310559,4.968944099378882,0
E00054475,143,118,53,65,0,0,3,1,2,22,21,1,0,82.51748251748252,37.06293706293706,45.45454545454545,0,0,2.097902097902098,0.6993006993006993,1.3986013986013985,15.384615384615385,14.685314685314685,0.6993006993006993,0
E00054476,154,120,55,65,0,0,10,4,6,24,19,5,0,77.92207792207793,35.714285714285715,42.2077922077922,0,0,6.493506493506493,2.5974025974025974,3.896103896103896,15.584415584415584,12.337662337662337,3.2467532467532463,0
E00054477,152,95,50,45,0,0,1,0,1,56,37,19,0,62.5,32.89473684210527,29.605263157894733,0,0,0.6578947368421052,0,0.6578947368421052,36.84210526315789,24.342105263157894,12.5,0
E00054478,135,50,19,31,1,1,43,10,33,41,39,2,0,37.03703703703704,14.074074074074074,22.962962962962962,0.7407407407407408,0.7407407407407408,31.851851851851855,7.4074074074074066,24.444444444444443,30.37037037037037,28.888888888888886,1.4814814814814816,0
E00054479,135,98,55,43,0,0,16,11,5,21,18,3,0,72.5925925925926,40.74074074074074,31.851851851851855,0,0,11.851851851851853,8.148148148148149,3.7037037037037033,15.555555555555555,13.333333333333334,2.2222222222222223,0
E00054480,140,49,21,28,0,0,33,1,32,58,54,4,0,35,15,20,0,0,23.57142857142857,0.7142857142857143,22.857142857142858,41.42857142857143,38.57142857142858,2.857142857142857,0
E00054482,165,91,58,33,0,0,16,4,12,58,46,12,0,55.15151515151515,35.15151515151515,20,0,0,9.696969696969697,2.4242424242424243,7.2727272727272725,35.15151515151515,27.878787878787882,7.2727272727272725,0
E00054483,155,126,67,59,0,0,0,0,0,29,29,0,0,81.29032258064515,43.225806451612904,38.064516129032256,0,0,0,0,0,18.70967741935484,18.70967741935484,0,0
E00054484,110,83,47,36,0,0,6,0,6,21,13,8,0,75.45454545454545,42.72727272727273,32.72727272727273,0,0,5.454545454545454,0,5.454545454545454,19.090909090909093,11.818181818181818,7.2727272727272725,0
E00054485,120,85,34,51,0,0,1,0,1,34,28,6,0,70.83333333333334,28.333333333333332,42.5,0,0,0.8333333333333334,0,0.8333333333333334,28.333333333333332,23.333333333333332,5,0
E00054486,126,56,28,28,0,0,24,13,11,46,43,3,0,44.44444444444444,22.22222222222222,22.22222222222222,0,0,19.047619047619047,10.317460317460316,8.73015873015873,36.507936507936506,34.12698412698413,2.380952380952381,0
E00054488,127,112,54,58,1,1,5,5,0,9,9,0,0,88.18897637795276,42.51968503937008,45.66929133858268,0.7874015748031495,0.7874015748031495,3.937007874015748,3.937007874015748,0,7.086614173228346,7.086614173228346,0,0
E00054489,139,99,42,57,3,3,1,0,1,36,28,8,0,71.22302158273382,30.215827338129497,41.007194244604314,2.158273381294964,2.158273381294964,0.7194244604316548,0,0.7194244604316548,25.899280575539567,20.14388489208633,5.755395683453238,0
E00054490,140,23,11,12,1,1,10,2,8,106,96,10,0,16.428571428571427,7.857142857142857,8.571428571428571,0.7142857142857143,0.7142857142857143,7.142857142857142,1.4285714285714286,5.714285714285714,75.71428571428571,68.57142857142857,7.142857142857142,0
E00054491,150,79,38,41,1,1,27,12,15,43,34,9,0,52.666666666666664,25.333333333333336,27.333333333333332,0.6666666666666667,0.6666666666666667,18,8,10,28.666666666666668,22.666666666666664,6,0
E00054492,150,73,34,39,4,4,10,1,9,63,59,4,0,48.66666666666667,22.666666666666664,26,2.666666666666667,2.666666666666667,6.666666666666667,0.6666666666666667,6,42,39.33333333333333,2.666666666666667,0
E00054493,141,78,43,35,0,0,4,0,4,59,53,6,0,55.319148936170215,30.49645390070922,24.822695035460992,0,0,2.8368794326241136,0,2.8368794326241136,41.843971631205676,37.5886524822695,4.25531914893617,0
E00054494,144,77,50,27,0,0,16,1,15,51,47,4,0,53.47222222222222,34.72222222222222,18.75,0,0,11.11111111111111,0.6944444444444444,10.416666666666668,35.41666666666667,32.63888888888889,2.7777777777777777,0
E00054495,136,60,25,35,1,1,1,0,1,74,62,12,0,44.11764705882353,18.38235294117647,25.735294117647058,0.7352941176470588,0.7352941176470588,0.7352941176470588,0,0.7352941176470588,54.41176470588235,45.588235294117645,8.823529411764707,0
E00054496,110,98,50,48,1,1,0,0,0,11,8,3,0,89.0909090909091,45.45454545454545,43.63636363636363,0.9090909090909091,0.9090909090909091,0,0,0,10,7.2727272727272725,2.727272727272727,0
E00054497,144,107,41,66,0,0,0,0,0,37,32,5,0,74.30555555555556,28.47222222222222,45.83333333333333,0,0,0,0,0,25.694444444444443,22.22222222222222,3.4722222222222223,0
E00054498,116,39,24,15,0,0,41,14,27,36,30,6,0,33.62068965517241,20.689655172413794,12.931034482758621,0,0,35.3448275862069,12.068965517241379,23.275862068965516,31.03448275862069,25.862068965517242,5.172413793103448,0
E00054499,130,108,61,47,0,0,0,0,0,22,19,3,0,83.07692307692308,46.92307692307692,36.15384615384615,0,0,0,0,0,16.923076923076923,14.615384615384617,2.307692307692308,0
E00054501,108,30,17,13,0,0,19,3,16,59,44,15,0,27.77777777777778,15.74074074074074,12.037037037037036,0,0,17.59259259259259,2.7777777777777777,14.814814814814813,54.629629629629626,40.74074074074074,13.88888888888889,0
E00054504,131,91,55,36,0,0,26,12,14,14,11,3,0,69.46564885496184,41.98473282442748,27.480916030534353,0,0,19.84732824427481,9.16030534351145,10.687022900763358,10.687022900763358,8.396946564885496,2.2900763358778624,0
E00054505,115,90,49,41,0,0,0,0,0,25,22,3,0,78.26086956521739,42.608695652173914,35.65217391304348,0,0,0,0,0,21.73913043478261,19.130434782608695,2.608695652173913,0
E00054506,122,91,62,29,0,0,2,1,1,28,21,7,1,74.59016393442623,50.81967213114754,23.770491803278688,0,0,1.639344262295082,0.819672131147541,0.819672131147541,22.950819672131146,17.21311475409836,5.737704918032787,0.819672131147541
E00054507,136,99,30,69,0,0,0,0,0,36,31,5,1,72.79411764705883,22.058823529411764,50.73529411764706,0,0,0,0,0,26.47058823529412,22.794117647058822,3.6764705882352944,0.7352941176470588
E00054508,121,89,47,42,0,0,1,0,1,31,30,1,0,73.55371900826447,38.84297520661157,34.710743801652896,0,0,0.8264462809917356,0,0.8264462809917356,25.6198347107438,24.793388429752067,0.8264462809917356,0
E00054509,135,92,55,37,0,0,6,0,6,37,26,11,0,68.14814814814815,40.74074074074074,27.40740740740741,0,0,4.444444444444445,0,4.444444444444445,27.40740740740741,19.25925925925926,8.148148148148149,0
E00054510,106,67,35,32,1,1,1,1,0,37,31,6,0,63.20754716981132,33.0188679245283,30.18867924528302,0.9433962264150944,0.9433962264150944,0.9433962264150944,0.9433962264150944,0,34.90566037735849,29.245283018867923,5.660377358490567,0
E00054511,165,111,42,69,0,0,7,6,1,46,42,4,1,67.27272727272727,25.454545454545453,41.81818181818181,0,0,4.242424242424243,3.6363636363636362,0.6060606060606061,27.878787878787882,25.454545454545453,2.4242424242424243,0.6060606060606061
E00054512,129,106,67,39,0,0,1,0,1,22,13,9,0,82.17054263565892,51.93798449612403,30.23255813953488,0,0,0.7751937984496124,0,0.7751937984496124,17.05426356589147,10.077519379844961,6.976744186046512,0
E00054513,179,130,73,57,0,0,6,3,3,38,33,5,5,72.62569832402235,40.78212290502793,31.843575418994412,0,0,3.35195530726257,1.675977653631285,1.675977653631285,21.22905027932961,18.435754189944134,2.793296089385475,2.793296089385475
E00054514,90,15,10,5,0,0,68,6,62,7,7,0,0,16.666666666666664,11.11111111111111,5.555555555555555,0,0,75.55555555555556,6.666666666666667,68.88888888888889,7.777777777777778,7.777777777777778,0,0
E00054516,152,96,34,62,0,0,3,0,3,52,50,2,1,63.1578947368421,22.36842105263158,40.78947368421053,0,0,1.9736842105263157,0,1.9736842105263157,34.21052631578947,32.89473684210527,1.3157894736842104,0.6578947368421052
E00054517,113,89,52,37,0,0,6,5,1,18,16,2,0,78.76106194690266,46.017699115044245,32.743362831858406,0,0,5.3097345132743365,4.424778761061947,0.8849557522123894,15.929203539823009,14.15929203539823,1.7699115044247788,0
E00054519,133,77,37,40,0,0,14,6,8,42,39,3,0,57.89473684210527,27.819548872180448,30.075187969924812,0,0,10.526315789473683,4.511278195488721,6.015037593984962,31.57894736842105,29.32330827067669,2.2556390977443606,0
E00054521,132,25,9,16,7,7,79,19,60,20,20,0,1,18.939393939393938,6.8181818181818175,12.121212121212121,5.303030303030303,5.303030303030303,59.84848484848485,14.393939393939394,45.45454545454545,15.151515151515152,15.151515151515152,0,0.7575757575757576
E00054522,130,80,35,45,1,1,9,2,7,40,35,5,0,61.53846153846154,26.923076923076923,34.61538461538461,0.7692307692307693,0.7692307692307693,6.923076923076923,1.5384615384615385,5.384615384615385,30.76923076923077,26.923076923076923,3.8461538461538463,0
E00054523,140,59,25,34,0,0,26,15,11,55,48,7,0,42.142857142857146,17.857142857142858,24.285714285714285,0,0,18.571428571428573,10.714285714285714,7.857142857142857,39.285714285714285,34.285714285714285,5,0
E00054524,123,15,4,11,0,0,92,45,47,16,12,4,0,12.195121951219512,3.2520325203252036,8.94308943089431,0,0,74.79674796747967,36.58536585365854,38.21138211382114,13.008130081300814,9.75609756097561,3.2520325203252036,0
E00054525,182,120,54,66,0,0,13,8,5,49,44,5,0,65.93406593406593,29.67032967032967,36.26373626373626,0,0,7.142857142857142,4.395604395604396,2.7472527472527473,26.923076923076923,24.175824175824175,2.7472527472527473,0
E00054526,182,82,15,67,0,0,71,10,61,29,27,2,0,45.05494505494506,8.241758241758241,36.81318681318682,0,0,39.010989010989015,5.4945054945054945,33.51648351648351,15.934065934065933,14.835164835164836,1.098901098901099,0
E00054527,136,118,49,69,0,0,0,0,0,18,15,3,0,86.76470588235294,36.029411764705884,50.73529411764706,0,0,0,0,0,13.23529411764706,11.029411764705882,2.2058823529411766,0
E00054528,118,69,40,29,1,1,18,10,8,30,24,6,0,58.47457627118644,33.89830508474576,24.576271186440678,0.847457627118644,0.847457627118644,15.254237288135593,8.47457627118644,6.779661016949152,25.423728813559322,20.33898305084746,5.084745762711865,0
E00054529,129,105,65,40,0,0,14,3,11,10,7,3,0,81.3953488372093,50.3875968992248,31.007751937984494,0,0,10.852713178294573,2.3255813953488373,8.527131782945736,7.751937984496124,5.426356589147287,2.3255813953488373,0
E00054530,154,125,77,48,0,0,3,3,0,26,22,4,0,81.16883116883116,50,31.16883116883117,0,0,1.948051948051948,1.948051948051948,0,16.883116883116884,14.285714285714285,2.5974025974025974,0
E00054531,181,119,42,77,4,4,2,0,2,56,55,1,0,65.74585635359117,23.204419889502763,42.5414364640884,2.209944751381215,2.209944751381215,1.1049723756906076,0,1.1049723756906076,30.939226519337016,30.386740331491712,0.5524861878453038,0
E00054533,133,109,57,52,0,0,2,1,1,22,19,3,0,81.95488721804512,42.857142857142854,39.097744360902254,0,0,1.5037593984962405,0.7518796992481203,0.7518796992481203,16.541353383458645,14.285714285714285,2.2556390977443606,0
E00054534,134,115,65,50,0,0,2,1,1,17,14,3,0,85.82089552238806,48.507462686567166,37.3134328358209,0,0,1.4925373134328357,0.7462686567164178,0.7462686567164178,12.686567164179104,10.44776119402985,2.2388059701492535,0
E00054535,128,28,15,13,0,0,75,33,42,24,22,2,1,21.875,11.71875,10.15625,0,0,58.59375,25.78125,32.8125,18.75,17.1875,1.5625,0.78125
E00054536,123,26,8,18,0,0,85,58,27,11,11,0,1,21.138211382113823,6.504065040650407,14.634146341463413,0,0,69.10569105691057,47.15447154471545,21.951219512195124,8.94308943089431,8.94308943089431,0,0.8130081300813009
E00054537,138,42,15,27,0,0,69,40,29,27,26,1,0,30.434782608695656,10.869565217391305,19.565217391304348,0,0,50,28.985507246376812,21.014492753623188,19.565217391304348,18.84057971014493,0.7246376811594203,0
E00054538,134,30,16,14,0,0,87,61,26,17,11,6,0,22.388059701492537,11.940298507462686,10.44776119402985,0,0,64.92537313432835,45.52238805970149,19.402985074626866,12.686567164179104,8.208955223880597,4.477611940298507,0
E00054539,129,28,13,15,0,0,72,22,50,28,27,1,1,21.705426356589147,10.077519379844961,11.627906976744185,0,0,55.81395348837209,17.05426356589147,38.759689922480625,21.705426356589147,20.930232558139537,0.7751937984496124,0.7751937984496124
E00054541,137,17,12,5,0,0,101,38,63,19,19,0,0,12.408759124087592,8.75912408759124,3.64963503649635,0,0,73.72262773722628,27.73722627737226,45.98540145985402,13.86861313868613,13.86861313868613,0,0
E00054542,134,53,25,28,0,0,57,24,33,23,18,5,1,39.55223880597015,18.65671641791045,20.8955223880597,0,0,42.53731343283582,17.91044776119403,24.62686567164179,17.16417910447761,13.432835820895523,3.731343283582089,0.7462686567164178
E00054543,122,33,16,17,0,0,66,34,32,22,20,2,1,27.049180327868854,13.114754098360656,13.934426229508196,0,0,54.09836065573771,27.86885245901639,26.229508196721312,18.0327868852459,16.39344262295082,1.639344262295082,0.819672131147541
E00054544,124,51,29,22,0,0,55,38,17,18,17,1,0,41.12903225806452,23.387096774193548,17.741935483870968,0,0,44.354838709677416,30.64516129032258,13.709677419354838,14.516129032258066,13.709677419354838,0.8064516129032258,0
E00054545,134,47,29,18,0,0,59,38,21,28,21,7,0,35.07462686567165,21.641791044776117,13.432835820895523,0,0,44.02985074626866,28.35820895522388,15.671641791044777,20.8955223880597,15.671641791044777,5.223880597014925,0
E00054546,138,29,13,16,1,1,95,47,48,13,9,4,0,21.014492753623188,9.420289855072465,11.594202898550725,0.7246376811594203,0.7246376811594203,68.84057971014492,34.05797101449276,34.78260869565217,9.420289855072465,6.521739130434782,2.898550724637681,0
E00054547,137,44,25,19,1,1,58,28,30,33,23,10,1,32.11678832116788,18.248175182481752,13.86861313868613,0.7299270072992701,0.7299270072992701,42.33576642335766,20.437956204379564,21.897810218978105,24.087591240875913,16.78832116788321,7.2992700729927,0.7299270072992701
E00054548,125,31,16,15,1,1,72,50,22,21,21,0,0,24.8,12.8,12,0.8,0.8,57.599999999999994,40,17.599999999999998,16.8,16.8,0,0
E00054549,140,66,38,28,0,0,27,9,18,47,43,4,0,47.14285714285714,27.142857142857142,20,0,0,19.28571428571429,6.428571428571428,12.857142857142856,33.57142857142857,30.714285714285715,2.857142857142857,0
E00054550,153,52,16,36,0,0,73,32,41,28,27,1,0,33.98692810457516,10.457516339869281,23.52941176470588,0,0,47.712418300653596,20.915032679738562,26.797385620915033,18.30065359477124,17.647058823529413,0.6535947712418301,0
E00054551,118,30,14,16,0,0,77,53,24,11,11,0,0,25.423728813559322,11.864406779661017,13.559322033898304,0,0,65.2542372881356,44.91525423728814,20.33898305084746,9.322033898305085,9.322033898305085,0,0
E00054552,140,68,31,37,0,0,44,30,14,28,23,5,0,48.57142857142857,22.142857142857142,26.42857142857143,0,0,31.428571428571427,21.428571428571427,10,20,16.428571428571427,3.571428571428571,0
E00054553,112,14,8,6,0,0,92,52,40,6,5,1,0,12.5,7.142857142857142,5.357142857142857,0,0,82.14285714285714,46.42857142857143,35.714285714285715,5.357142857142857,4.464285714285714,0.8928571428571428,0
E00054554,216,157,51,106,2,2,20,10,10,37,35,2,0,72.68518518518519,23.61111111111111,49.074074074074076,0.9259259259259258,0.9259259259259258,9.25925925925926,4.62962962962963,4.62962962962963,17.12962962962963,16.203703703703702,0.9259259259259258,0
E00054555,132,64,35,29,0,0,1,0,1,67,64,3,0,48.484848484848484,26.515151515151516,21.96969696969697,0,0,0.7575757575757576,0,0.7575757575757576,50.75757575757576,48.484848484848484,2.272727272727273,0
E00054556,127,51,24,27,0,0,50,25,25,26,22,4,0,40.15748031496063,18.89763779527559,21.25984251968504,0,0,39.37007874015748,19.68503937007874,19.68503937007874,20.47244094488189,17.322834645669293,3.149606299212598,0
E00054557,122,24,9,15,1,1,57,1,56,40,35,5,0,19.672131147540984,7.377049180327869,12.295081967213115,0.819672131147541,0.819672131147541,46.72131147540984,0.819672131147541,45.90163934426229,32.78688524590164,28.688524590163933,4.098360655737705,0
E00054558,135,70,29,41,0,0,50,33,17,15,13,2,0,51.85185185185185,21.48148148148148,30.37037037037037,0,0,37.03703703703704,24.444444444444443,12.592592592592592,11.11111111111111,9.62962962962963,1.4814814814814816,0
E00054559,147,126,52,74,0,0,1,0,1,20,14,6,0,85.71428571428571,35.374149659863946,50.34013605442177,0,0,0.6802721088435374,0,0.6802721088435374,13.60544217687075,9.523809523809524,4.081632653061225,0
E00054560,147,62,32,30,0,0,5,0,5,80,70,10,0,42.17687074829932,21.768707482993197,20.408163265306122,0,0,3.4013605442176873,0,3.4013605442176873,54.421768707483,47.61904761904761,6.802721088435375,0
E00054562,128,92,56,36,0,0,5,0,5,31,27,4,0,71.875,43.75,28.125,0,0,3.90625,0,3.90625,24.21875,21.09375,3.125,0
E00054563,137,72,48,24,0,0,7,2,5,58,58,0,0,52.55474452554745,35.03649635036496,17.51824817518248,0,0,5.109489051094891,1.4598540145985401,3.64963503649635,42.33576642335766,42.33576642335766,0,0
E00054564,133,41,13,28,0,0,72,33,39,20,19,1,0,30.82706766917293,9.774436090225564,21.052631578947366,0,0,54.13533834586466,24.81203007518797,29.32330827067669,15.037593984962406,14.285714285714285,0.7518796992481203,0
E00054565,176,129,82,47,0,0,7,2,5,40,39,1,0,73.29545454545455,46.590909090909086,26.704545454545453,0,0,3.977272727272727,1.1363636363636365,2.840909090909091,22.727272727272727,22.15909090909091,0.5681818181818182,0
E00054566,218,61,16,45,0,0,123,42,81,34,31,3,0,27.981651376146786,7.339449541284404,20.642201834862387,0,0,56.42201834862385,19.26605504587156,37.15596330275229,15.59633027522936,14.220183486238533,1.3761467889908259,0
E00054567,147,117,50,67,1,1,0,0,0,29,25,4,0,79.59183673469387,34.01360544217687,45.57823129251701,0.6802721088435374,0.6802721088435374,0,0,0,19.727891156462583,17.006802721088434,2.7210884353741496,0
E00054569,122,69,31,38,1,1,1,0,1,51,47,4,0,56.557377049180324,25.40983606557377,31.147540983606557,0.819672131147541,0.819672131147541,0.819672131147541,0,0.819672131147541,41.80327868852459,38.52459016393443,3.278688524590164,0
E00054570,156,57,28,29,0,0,17,5,12,82,70,12,0,36.53846153846153,17.94871794871795,18.58974358974359,0,0,10.897435897435898,3.205128205128205,7.6923076923076925,52.56410256410257,44.871794871794876,7.6923076923076925,0
E00054574,142,20,10,10,0,0,97,11,86,25,25,0,0,14.084507042253522,7.042253521126761,7.042253521126761,0,0,68.30985915492957,7.746478873239436,60.56338028169014,17.6056338028169,17.6056338028169,0,0
E00054575,202,65,31,34,0,0,5,2,3,132,130,2,0,32.17821782178218,15.346534653465346,16.831683168316832,0,0,2.4752475247524752,0.9900990099009901,1.4851485148514851,65.34653465346535,64.35643564356435,0.9900990099009901,0
E00054576,138,90,35,55,0,0,1,1,0,47,42,5,0,65.21739130434783,25.36231884057971,39.85507246376812,0,0,0.7246376811594203,0.7246376811594203,0,34.05797101449276,30.434782608695656,3.6231884057971016,0
E00054577,148,120,50,70,0,0,1,1,0,27,21,6,0,81.08108108108108,33.78378378378378,47.2972972972973,0,0,0.6756756756756757,0.6756756756756757,0,18.243243243243242,14.18918918918919,4.054054054054054,0
E00054578,111,71,39,32,0,0,1,0,1,39,39,0,0,63.96396396396396,35.13513513513514,28.82882882882883,0,0,0.9009009009009009,0,0.9009009009009009,35.13513513513514,35.13513513513514,0,0
E00054579,99,20,13,7,0,0,52,4,48,27,24,3,0,20.2020202020202,13.131313131313133,7.07070707070707,0,0,52.52525252525253,4.040404040404041,48.484848484848484,27.27272727272727,24.242424242424242,3.0303030303030303,0
E00054580,120,69,33,36,1,1,2,0,2,48,47,1,0,57.49999999999999,27.500000000000004,30,0.8333333333333334,0.8333333333333334,1.6666666666666667,0,1.6666666666666667,40,39.166666666666664,0.8333333333333334,0
E00054581,110,54,33,21,0,0,25,14,11,31,27,4,0,49.09090909090909,30,19.090909090909093,0,0,22.727272727272727,12.727272727272727,10,28.18181818181818,24.545454545454547,3.6363636363636362,0
E00054583,144,77,33,44,0,0,5,3,2,62,57,5,0,53.47222222222222,22.916666666666664,30.555555555555557,0,0,3.4722222222222223,2.083333333333333,1.3888888888888888,43.05555555555556,39.58333333333333,3.4722222222222223,0
E00054585,129,50,31,19,0,0,24,5,19,54,49,5,1,38.759689922480625,24.031007751937985,14.728682170542637,0,0,18.6046511627907,3.875968992248062,14.728682170542637,41.86046511627907,37.98449612403101,3.875968992248062,0.7751937984496124
E00054587,135,41,17,24,0,0,69,15,54,22,16,6,3,30.37037037037037,12.592592592592592,17.77777777777778,0,0,51.11111111111111,11.11111111111111,40,16.296296296296298,11.851851851851853,4.444444444444445,2.2222222222222223
E00054588,106,73,29,44,0,0,3,1,2,30,29,1,0,68.86792452830188,27.358490566037734,41.509433962264154,0,0,2.8301886792452833,0.9433962264150944,1.8867924528301887,28.30188679245283,27.358490566037734,0.9433962264150944,0
E00054589,129,75,32,43,0,0,4,3,1,50,44,6,0,58.139534883720934,24.8062015503876,33.33333333333333,0,0,3.10077519379845,2.3255813953488373,0.7751937984496124,38.759689922480625,34.10852713178294,4.651162790697675,0
E00054590,134,65,29,36,0,0,2,0,2,66,53,13,1,48.507462686567166,21.641791044776117,26.865671641791046,0,0,1.4925373134328357,0,1.4925373134328357,49.25373134328358,39.55223880597015,9.701492537313433,0.7462686567164178
E00054592,112,79,53,26,0,0,5,4,1,28,23,5,0,70.53571428571429,47.32142857142857,23.214285714285715,0,0,4.464285714285714,3.571428571428571,0.8928571428571428,25,20.535714285714285,4.464285714285714,0
E00054594,132,46,34,12,0,0,50,22,28,36,32,4,0,34.84848484848485,25.757575757575758,9.090909090909092,0,0,37.878787878787875,16.666666666666664,21.21212121212121,27.27272727272727,24.242424242424242,3.0303030303030303,0
E00054595,164,87,30,57,0,0,2,2,0,74,71,3,1,53.04878048780488,18.29268292682927,34.756097560975604,0,0,1.2195121951219512,1.2195121951219512,0,45.1219512195122,43.292682926829265,1.8292682926829267,0.6097560975609756
E00054597,113,10,2,8,9,9,89,29,60,5,3,2,0,8.849557522123893,1.7699115044247788,7.079646017699115,7.964601769911504,7.964601769911504,78.76106194690266,25.663716814159294,53.09734513274337,4.424778761061947,2.6548672566371683,1.7699115044247788,0
E00054598,126,105,42,63,0,0,1,0,1,20,12,8,0,83.33333333333334,33.33333333333333,50,0,0,0.7936507936507936,0,0.7936507936507936,15.873015873015872,9.523809523809524,6.349206349206349,0
E00054599,150,98,37,61,0,0,21,7,14,31,29,2,0,65.33333333333333,24.666666666666668,40.666666666666664,0,0,14.000000000000002,4.666666666666667,9.333333333333334,20.666666666666668,19.333333333333332,1.3333333333333335,0
E00054600,136,42,20,22,0,0,67,46,21,26,22,4,1,30.88235294117647,14.705882352941178,16.176470588235293,0,0,49.26470588235294,33.82352941176471,15.441176470588236,19.11764705882353,16.176470588235293,2.941176470588235,0.7352941176470588
E00054602,163,120,44,76,0,0,1,1,0,42,37,5,0,73.61963190184049,26.993865030674847,46.62576687116564,0,0,0.6134969325153374,0.6134969325153374,0,25.766871165644172,22.699386503067483,3.067484662576687,0
E00054603,137,107,52,55,1,1,2,1,1,27,24,3,0,78.1021897810219,37.95620437956204,40.14598540145985,0.7299270072992701,0.7299270072992701,1.4598540145985401,0.7299270072992701,0.7299270072992701,19.708029197080293,17.51824817518248,2.18978102189781,0
E00054604,87,21,13,8,1,1,58,6,52,7,6,1,0,24.137931034482758,14.942528735632186,9.195402298850574,1.1494252873563218,1.1494252873563218,66.66666666666666,6.896551724137931,59.77011494252874,8.045977011494253,6.896551724137931,1.1494252873563218,0
E00054605,121,26,10,16,0,0,79,52,27,16,16,0,0,21.487603305785125,8.264462809917356,13.223140495867769,0,0,65.28925619834712,42.97520661157025,22.31404958677686,13.223140495867769,13.223140495867769,0,0
E00054606,136,90,44,46,0,0,2,1,1,44,38,6,0,66.17647058823529,32.35294117647059,33.82352941176471,0,0,1.4705882352941175,0.7352941176470588,0.7352941176470588,32.35294117647059,27.941176470588236,4.411764705882353,0
E00054607,125,82,36,46,1,1,14,6,8,28,24,4,0,65.60000000000001,28.799999999999997,36.8,0.8,0.8,11.200000000000001,4.8,6.4,22.400000000000002,19.2,3.2,0
E00054608,137,110,39,71,0,0,4,1,3,23,19,4,0,80.2919708029197,28.467153284671532,51.82481751824818,0,0,2.9197080291970803,0.7299270072992701,2.18978102189781,16.78832116788321,13.86861313868613,2.9197080291970803,0
E00054609,135,100,59,41,0,0,11,2,9,24,20,4,0,74.07407407407408,43.7037037037037,30.37037037037037,0,0,8.148148148148149,1.4814814814814816,6.666666666666667,17.77777777777778,14.814814814814813,2.9629629629629632,0
E00054610,124,55,19,36,0,0,58,33,25,11,11,0,0,44.354838709677416,15.32258064516129,29.03225806451613,0,0,46.774193548387096,26.61290322580645,20.161290322580644,8.870967741935484,8.870967741935484,0,0
E00054611,211,29,14,15,0,0,95,11,84,87,72,15,0,13.744075829383887,6.6350710900473935,7.109004739336493,0,0,45.023696682464454,5.213270142180095,39.81042654028436,41.23222748815166,34.12322274881517,7.109004739336493,0
E00054612,118,55,29,26,1,1,36,19,17,26,26,0,0,46.61016949152542,24.576271186440678,22.033898305084744,0.847457627118644,0.847457627118644,30.508474576271187,16.101694915254235,14.40677966101695,22.033898305084744,22.033898305084744,0,0
E00054613,153,70,21,49,0,0,55,33,22,28,23,5,0,45.751633986928105,13.725490196078432,32.02614379084967,0,0,35.947712418300654,21.568627450980394,14.37908496732026,18.30065359477124,15.032679738562091,3.2679738562091507,0
E00054617,156,69,44,25,0,0,52,4,48,35,30,5,0,44.230769230769226,28.205128205128204,16.025641025641026,0,0,33.33333333333333,2.564102564102564,30.76923076923077,22.435897435897438,19.230769230769234,3.205128205128205,0
E00054618,231,49,29,20,0,0,41,10,31,140,121,19,1,21.21212121212121,12.554112554112553,8.658008658008658,0,0,17.74891774891775,4.329004329004329,13.41991341991342,60.60606060606061,52.38095238095239,8.225108225108226,0.4329004329004329
E00054620,150,41,29,12,0,0,62,6,56,47,40,7,0,27.333333333333332,19.333333333333332,8,0,0,41.333333333333336,4,37.333333333333336,31.333333333333336,26.666666666666668,4.666666666666667,0
E00054621,100,7,6,1,0,0,30,16,14,63,61,2,0,7.000000000000001,6,1,0,0,30,16,14.000000000000002,63,61,2,0
E00054622,84,13,10,3,0,0,22,7,15,47,42,5,2,15.476190476190476,11.904761904761903,3.571428571428571,0,0,26.190476190476193,8.333333333333332,17.857142857142858,55.952380952380956,50,5.952380952380952,2.380952380952381
E00054624,116,70,45,25,0,0,5,0,5,41,34,7,0,60.3448275862069,38.793103448275865,21.551724137931032,0,0,4.310344827586207,0,4.310344827586207,35.3448275862069,29.310344827586203,6.0344827586206895,0
E00054626,112,68,56,12,0,0,1,0,1,43,38,5,0,60.71428571428571,50,10.714285714285714,0,0,0.8928571428571428,0,0.8928571428571428,38.392857142857146,33.92857142857143,4.464285714285714,0
E00054628,167,36,24,12,0,0,23,1,22,107,101,6,1,21.55688622754491,14.37125748502994,7.18562874251497,0,0,13.77245508982036,0.5988023952095809,13.17365269461078,64.07185628742515,60.47904191616767,3.592814371257485,0.5988023952095809
E00054629,118,78,50,28,0,0,1,0,1,39,38,1,0,66.10169491525424,42.3728813559322,23.728813559322035,0,0,0.847457627118644,0,0.847457627118644,33.05084745762712,32.20338983050847,0.847457627118644,0
E00054631,132,71,47,24,0,0,1,0,1,60,54,6,0,53.78787878787878,35.60606060606061,18.181818181818183,0,0,0.7575757575757576,0,0.7575757575757576,45.45454545454545,40.909090909090914,4.545454545454546,0
E00054632,140,98,37,61,0,0,0,0,0,42,32,10,0,70,26.42857142857143,43.57142857142857,0,0,0,0,0,30,22.857142857142858,7.142857142857142,0
E00054633,120,71,57,14,0,0,1,1,0,48,41,7,0,59.166666666666664,47.5,11.666666666666666,0,0,0.8333333333333334,0.8333333333333334,0,40,34.166666666666664,5.833333333333333,0
E00054636,110,85,56,29,1,1,1,1,0,23,18,5,0,77.27272727272727,50.90909090909091,26.36363636363636,0.9090909090909091,0.9090909090909091,0.9090909090909091,0.9090909090909091,0,20.909090909090907,16.363636363636363,4.545454545454546,0
E00054637,131,46,32,14,0,0,5,0,5,79,77,2,1,35.11450381679389,24.427480916030532,10.687022900763358,0,0,3.816793893129771,0,3.816793893129771,60.30534351145038,58.778625954198475,1.5267175572519083,0.7633587786259541
E00054638,150,47,39,8,0,0,12,2,10,90,81,9,1,31.333333333333336,26,5.333333333333334,0,0,8,1.3333333333333335,6.666666666666667,60,54,6,0.6666666666666667
E00054640,137,84,54,30,2,2,2,1,1,49,41,8,0,61.31386861313869,39.416058394160586,21.897810218978105,1.4598540145985401,1.4598540145985401,1.4598540145985401,0.7299270072992701,0.7299270072992701,35.76642335766424,29.927007299270077,5.839416058394161,0
E00054641,146,43,31,12,2,2,21,2,19,79,73,6,1,29.45205479452055,21.232876712328768,8.21917808219178,1.36986301369863,1.36986301369863,14.383561643835616,1.36986301369863,13.013698630136986,54.109589041095894,50,4.10958904109589,0.684931506849315
E00054642,138,57,39,18,1,1,12,2,10,68,56,12,0,41.30434782608695,28.26086956521739,13.043478260869565,0.7246376811594203,0.7246376811594203,8.695652173913043,1.4492753623188406,7.246376811594203,49.275362318840585,40.57971014492754,8.695652173913043,0
E00054643,106,52,34,18,1,1,0,0,0,49,45,4,4,49.056603773584904,32.075471698113205,16.9811320754717,0.9433962264150944,0.9433962264150944,0,0,0,46.22641509433962,42.45283018867924,3.7735849056603774,3.7735849056603774
E00054644,142,44,27,17,0,0,51,3,48,46,43,3,1,30.985915492957744,19.014084507042252,11.971830985915492,0,0,35.91549295774648,2.112676056338028,33.80281690140845,32.3943661971831,30.28169014084507,2.112676056338028,0.7042253521126761
E00054645,118,44,17,27,0,0,30,22,8,43,40,3,1,37.28813559322034,14.40677966101695,22.88135593220339,0,0,25.423728813559322,18.64406779661017,6.779661016949152,36.440677966101696,33.89830508474576,2.5423728813559325,0.847457627118644
E00054646,153,77,38,39,0,0,50,1,49,26,20,6,0,50.326797385620914,24.836601307189543,25.49019607843137,0,0,32.6797385620915,0.6535947712418301,32.02614379084967,16.99346405228758,13.071895424836603,3.9215686274509802,0
E00054647,129,100,62,38,0,0,1,0,1,27,21,6,1,77.51937984496125,48.06201550387597,29.457364341085274,0,0,0.7751937984496124,0,0.7751937984496124,20.930232558139537,16.27906976744186,4.651162790697675,0.7751937984496124
E00054648,155,70,52,18,1,1,25,2,23,59,47,12,0,45.16129032258064,33.5483870967742,11.612903225806452,0.6451612903225806,0.6451612903225806,16.129032258064516,1.2903225806451613,14.838709677419354,38.064516129032256,30.32258064516129,7.741935483870968,0
E00054649,119,93,69,24,0,0,3,0,3,23,23,0,0,78.15126050420169,57.98319327731093,20.168067226890756,0,0,2.5210084033613445,0,2.5210084033613445,19.327731092436977,19.327731092436977,0,0
E00054650,160,75,44,31,0,0,58,32,26,27,18,9,0,46.875,27.500000000000004,19.375,0,0,36.25,20,16.25,16.875,11.25,5.625,0
E00054652,139,41,24,17,1,1,72,40,32,25,19,6,0,29.496402877697843,17.26618705035971,12.23021582733813,0.7194244604316548,0.7194244604316548,51.798561151079134,28.776978417266186,23.021582733812952,17.985611510791365,13.66906474820144,4.316546762589928,0
E00054653,146,66,37,29,1,1,30,6,24,49,40,9,0,45.20547945205479,25.34246575342466,19.863013698630137,0.684931506849315,0.684931506849315,20.54794520547945,4.10958904109589,16.43835616438356,33.56164383561644,27.397260273972602,6.164383561643835,0
E00054654,135,62,38,24,0,0,27,16,11,45,32,13,1,45.925925925925924,28.14814814814815,17.77777777777778,0,0,20,11.851851851851853,8.148148148148149,33.33333333333333,23.703703703703706,9.62962962962963,0.7407407407407408
E00054660,133,93,40,53,0,0,0,0,0,40,35,5,0,69.92481203007519,30.075187969924812,39.849624060150376,0,0,0,0,0,30.075187969924812,26.31578947368421,3.7593984962406015,0
E00054661,138,109,64,45,1,1,0,0,0,28,25,3,0,78.98550724637681,46.3768115942029,32.608695652173914,0.7246376811594203,0.7246376811594203,0,0,0,20.28985507246377,18.115942028985508,2.1739130434782608,0
E00054662,147,91,43,48,0,0,1,1,0,55,49,6,0,61.904761904761905,29.25170068027211,32.6530612244898,0,0,0.6802721088435374,0.6802721088435374,0,37.41496598639456,33.33333333333333,4.081632653061225,0
E00054663,119,94,47,47,0,0,7,4,3,18,14,4,0,78.99159663865547,39.49579831932773,39.49579831932773,0,0,5.88235294117647,3.361344537815126,2.5210084033613445,15.126050420168067,11.76470588235294,3.361344537815126,0
E00054664,151,64,30,34,0,0,57,36,21,29,23,6,1,42.384105960264904,19.867549668874172,22.516556291390728,0,0,37.74834437086093,23.841059602649008,13.90728476821192,19.205298013245034,15.2317880794702,3.9735099337748347,0.6622516556291391
E00054665,122,111,67,44,0,0,2,1,1,9,9,0,0,90.98360655737704,54.91803278688525,36.0655737704918,0,0,1.639344262295082,0.819672131147541,0.819672131147541,7.377049180327869,7.377049180327869,0,0
E00054666,128,49,18,31,0,0,50,31,19,29,29,0,0,38.28125,14.0625,24.21875,0,0,39.0625,24.21875,14.84375,22.65625,22.65625,0,0
E00054667,127,48,19,29,1,1,52,37,15,24,22,2,2,37.79527559055118,14.960629921259844,22.83464566929134,0.7874015748031495,0.7874015748031495,40.94488188976378,29.133858267716533,11.811023622047244,18.89763779527559,17.322834645669293,1.574803149606299,1.574803149606299
E00054668,131,101,43,58,0,0,6,3,3,24,24,0,0,77.09923664122137,32.82442748091603,44.274809160305345,0,0,4.580152671755725,2.2900763358778624,2.2900763358778624,18.3206106870229,18.3206106870229,0,0
E00054669,114,105,59,46,0,0,0,0,0,9,9,0,0,92.10526315789474,51.75438596491229,40.35087719298245,0,0,0,0,0,7.894736842105263,7.894736842105263,0,0
E00054670,146,117,63,54,0,0,2,2,0,27,22,5,0,80.13698630136986,43.15068493150685,36.986301369863014,0,0,1.36986301369863,1.36986301369863,0,18.493150684931507,15.068493150684931,3.4246575342465753,0
E00054671,136,119,57,62,0,0,0,0,0,17,16,1,0,87.5,41.911764705882355,45.588235294117645,0,0,0,0,0,12.5,11.76470588235294,0.7352941176470588,0
E00054672,128,66,21,45,0,0,26,19,7,36,31,5,0,51.5625,16.40625,35.15625,0,0,20.3125,14.84375,5.46875,28.125,24.21875,3.90625,0
E00054673,127,65,26,39,0,0,2,0,2,60,53,7,0,51.181102362204726,20.47244094488189,30.708661417322837,0,0,1.574803149606299,0,1.574803149606299,47.24409448818898,41.732283464566926,5.511811023622047,0
E00054674,160,130,45,85,0,0,0,0,0,30,27,3,0,81.25,28.125,53.125,0,0,0,0,0,18.75,16.875,1.875,0
E00054675,128,63,36,27,0,0,31,14,17,34,25,9,0,49.21875,28.125,21.09375,0,0,24.21875,10.9375,13.28125,26.5625,19.53125,7.03125,0
E00054676,145,94,38,56,0,0,7,1,6,44,37,7,0,64.82758620689654,26.20689655172414,38.62068965517241,0,0,4.827586206896552,0.6896551724137931,4.137931034482759,30.344827586206897,25.517241379310345,4.827586206896552,0
E00054677,112,85,45,40,0,0,1,0,1,26,22,4,0,75.89285714285714,40.17857142857143,35.714285714285715,0,0,0.8928571428571428,0,0.8928571428571428,23.214285714285715,19.642857142857142,3.571428571428571,0
E00054678,135,97,48,49,1,1,1,0,1,36,28,8,0,71.85185185185186,35.55555555555556,36.2962962962963,0.7407407407407408,0.7407407407407408,0.7407407407407408,0,0.7407407407407408,26.666666666666668,20.74074074074074,5.9259259259259265,0
E00054679,131,107,54,53,0,0,0,0,0,24,20,4,0,81.67938931297711,41.221374045801525,40.458015267175576,0,0,0,0,0,18.3206106870229,15.267175572519085,3.0534351145038165,0
E00054680,134,91,40,51,0,0,4,2,2,39,36,3,0,67.91044776119402,29.850746268656714,38.059701492537314,0,0,2.9850746268656714,1.4925373134328357,1.4925373134328357,29.1044776119403,26.865671641791046,2.2388059701492535,0
E00054681,112,93,43,50,0,0,1,0,1,18,15,3,0,83.03571428571429,38.392857142857146,44.642857142857146,0,0,0.8928571428571428,0,0.8928571428571428,16.071428571428573,13.392857142857142,2.6785714285714284,0
E00054682,126,97,42,55,0,0,2,0,2,27,25,2,0,76.98412698412699,33.33333333333333,43.65079365079365,0,0,1.5873015873015872,0,1.5873015873015872,21.428571428571427,19.841269841269842,1.5873015873015872,0
E00054684,138,82,38,44,23,23,1,0,1,32,30,2,0,59.42028985507246,27.536231884057973,31.88405797101449,16.666666666666664,16.666666666666664,0.7246376811594203,0,0.7246376811594203,23.18840579710145,21.73913043478261,1.4492753623188406,0
E00054685,125,106,40,66,0,0,0,0,0,19,18,1,0,84.8,32,52.800000000000004,0,0,0,0,0,15.2,14.399999999999999,0.8,0
E00054686,139,117,56,61,1,1,3,0,3,18,14,4,0,84.17266187050359,40.28776978417266,43.884892086330936,0.7194244604316548,0.7194244604316548,2.158273381294964,0,2.158273381294964,12.949640287769784,10.071942446043165,2.877697841726619,0
E00054687,127,91,51,40,0,0,19,11,8,17,14,3,0,71.65354330708661,40.15748031496063,31.496062992125985,0,0,14.960629921259844,8.661417322834646,6.299212598425196,13.385826771653544,11.023622047244094,2.3622047244094486,0
E00054689,135,88,42,46,0,0,2,0,2,45,41,4,0,65.18518518518519,31.11111111111111,34.074074074074076,0,0,1.4814814814814816,0,1.4814814814814816,33.33333333333333,30.37037037037037,2.9629629629629632,0
E00054690,127,87,40,47,0,0,5,3,2,35,30,5,0,68.50393700787401,31.496062992125985,37.00787401574803,0,0,3.937007874015748,2.3622047244094486,1.574803149606299,27.559055118110237,23.62204724409449,3.937007874015748,0
E00054691,109,70,33,37,0,0,26,16,10,12,12,0,1,64.22018348623854,30.275229357798167,33.94495412844037,0,0,23.853211009174313,14.678899082568808,9.174311926605505,11.009174311926607,11.009174311926607,0,0.9174311926605505
E00054692,141,93,50,43,0,0,2,0,2,46,41,5,0,65.95744680851064,35.46099290780142,30.49645390070922,0,0,1.4184397163120568,0,1.4184397163120568,32.62411347517731,29.078014184397162,3.546099290780142,0
E00054693,126,89,47,42,0,0,24,7,17,13,10,3,0,70.63492063492063,37.301587301587304,33.33333333333333,0,0,19.047619047619047,5.555555555555555,13.492063492063492,10.317460317460316,7.936507936507936,2.380952380952381,0
E00054694,165,73,43,30,0,0,16,1,15,76,69,7,0,44.24242424242424,26.060606060606062,18.181818181818183,0,0,9.696969696969697,0.6060606060606061,9.090909090909092,46.06060606060606,41.81818181818181,4.242424242424243,0
E00054695,123,96,54,42,0,0,0,0,0,27,19,8,0,78.04878048780488,43.90243902439025,34.146341463414636,0,0,0,0,0,21.951219512195124,15.447154471544716,6.504065040650407,0
E00054696,171,61,10,51,2,2,75,3,72,33,30,3,0,35.67251461988304,5.847953216374268,29.82456140350877,1.1695906432748537,1.1695906432748537,43.859649122807014,1.7543859649122806,42.10526315789473,19.298245614035086,17.543859649122805,1.7543859649122806,0
E00054697,122,43,18,25,0,0,58,38,20,20,16,4,1,35.24590163934426,14.754098360655737,20.491803278688526,0,0,47.540983606557376,31.147540983606557,16.39344262295082,16.39344262295082,13.114754098360656,3.278688524590164,0.819672131147541
E00054698,102,90,43,47,0,0,2,0,2,10,8,2,0,88.23529411764706,42.15686274509804,46.07843137254902,0,0,1.9607843137254901,0,1.9607843137254901,9.803921568627452,7.8431372549019605,1.9607843137254901,0
E00054699,120,94,48,46,0,0,1,1,0,25,18,7,0,78.33333333333333,40,38.333333333333336,0,0,0.8333333333333334,0.8333333333333334,0,20.833333333333336,15,5.833333333333333,0
E00054700,220,138,63,75,1,1,26,11,15,55,46,9,0,62.727272727272734,28.636363636363637,34.090909090909086,0.45454545454545453,0.45454545454545453,11.818181818181818,5,6.8181818181818175,25,20.909090909090907,4.090909090909091,0
E00054701,124,37,9,28,0,0,51,40,11,34,33,1,2,29.838709677419356,7.258064516129033,22.58064516129032,0,0,41.12903225806452,32.25806451612903,8.870967741935484,27.419354838709676,26.61290322580645,0.8064516129032258,1.6129032258064515
E00054702,153,62,27,35,2,2,59,39,20,30,27,3,0,40.52287581699346,17.647058823529413,22.875816993464053,1.3071895424836601,1.3071895424836601,38.56209150326798,25.49019607843137,13.071895424836603,19.607843137254903,17.647058823529413,1.9607843137254901,0
E00054703,129,98,48,50,0,0,3,0,3,28,24,4,0,75.96899224806202,37.2093023255814,38.759689922480625,0,0,2.3255813953488373,0,2.3255813953488373,21.705426356589147,18.6046511627907,3.10077519379845,0
E00054704,171,149,101,48,1,1,1,0,1,20,13,7,0,87.13450292397661,59.06432748538012,28.07017543859649,0.5847953216374269,0.5847953216374269,0.5847953216374269,0,0.5847953216374269,11.695906432748536,7.602339181286549,4.093567251461988,0
E00054705,159,132,87,45,0,0,0,0,0,27,25,2,0,83.01886792452831,54.71698113207547,28.30188679245283,0,0,0,0,0,16.9811320754717,15.723270440251572,1.257861635220126,0
E00054706,142,126,77,49,0,0,3,2,1,13,8,5,0,88.73239436619718,54.22535211267606,34.50704225352113,0,0,2.112676056338028,1.4084507042253522,0.7042253521126761,9.15492957746479,5.633802816901409,3.5211267605633805,0
E00054707,151,135,100,35,1,1,1,1,0,14,7,7,0,89.40397350993378,66.22516556291392,23.178807947019866,0.6622516556291391,0.6622516556291391,0.6622516556291391,0.6622516556291391,0,9.271523178807946,4.635761589403973,4.635761589403973,0
E00054708,134,104,59,45,0,0,1,0,1,29,27,2,0,77.61194029850746,44.02985074626866,33.582089552238806,0,0,0.7462686567164178,0,0.7462686567164178,21.641791044776117,20.149253731343283,1.4925373134328357,0
E00054709,171,144,77,67,0,0,0,0,0,27,24,3,0,84.21052631578947,45.02923976608187,39.1812865497076,0,0,0,0,0,15.789473684210526,14.035087719298245,1.7543859649122806,0
E00054710,135,93,58,35,0,0,16,2,14,26,20,6,0,68.88888888888889,42.96296296296296,25.925925925925924,0,0,11.851851851851853,1.4814814814814816,10.37037037037037,19.25925925925926,14.814814814814813,4.444444444444445,0
E00054711,113,64,31,33,0,0,18,1,17,31,26,5,0,56.63716814159292,27.43362831858407,29.20353982300885,0,0,15.929203539823009,0.8849557522123894,15.04424778761062,27.43362831858407,23.008849557522122,4.424778761061947,0
E00054712,132,78,39,39,0,0,1,0,1,53,49,4,0,59.09090909090909,29.545454545454547,29.545454545454547,0,0,0.7575757575757576,0,0.7575757575757576,40.15151515151515,37.121212121212125,3.0303030303030303,0
E00054713,161,139,103,36,1,1,1,0,1,20,18,2,0,86.33540372670807,63.975155279503106,22.36024844720497,0.6211180124223602,0.6211180124223602,0.6211180124223602,0,0.6211180124223602,12.422360248447205,11.180124223602485,1.2422360248447204,0
E00054714,118,115,54,61,0,0,2,0,2,1,1,0,0,97.45762711864407,45.76271186440678,51.69491525423729,0,0,1.694915254237288,0,1.694915254237288,0.847457627118644,0.847457627118644,0,0
E00054715,119,100,63,37,0,0,2,1,1,17,13,4,0,84.03361344537815,52.94117647058824,31.092436974789916,0,0,1.680672268907563,0.8403361344537815,0.8403361344537815,14.285714285714285,10.92436974789916,3.361344537815126,0
E00054716,135,110,51,59,1,1,0,0,0,24,23,1,0,81.48148148148148,37.77777777777778,43.7037037037037,0.7407407407407408,0.7407407407407408,0,0,0,17.77777777777778,17.037037037037038,0.7407407407407408,0
E00054717,142,71,45,26,0,0,5,0,5,66,55,11,0,50,31.690140845070424,18.30985915492958,0,0,3.5211267605633805,0,3.5211267605633805,46.478873239436616,38.732394366197184,7.746478873239436,0
E00054718,118,60,29,31,0,0,26,2,24,32,31,1,0,50.847457627118644,24.576271186440678,26.27118644067797,0,0,22.033898305084744,1.694915254237288,20.33898305084746,27.11864406779661,26.27118644067797,0.847457627118644,0
E00054719,152,141,67,74,0,0,0,0,0,11,9,2,0,92.76315789473685,44.07894736842105,48.68421052631579,0,0,0,0,0,7.236842105263158,5.921052631578947,1.3157894736842104,0
E00054720,111,65,36,29,0,0,3,3,0,43,38,5,0,58.55855855855856,32.432432432432435,26.126126126126124,0,0,2.7027027027027026,2.7027027027027026,0,38.73873873873874,34.234234234234236,4.504504504504505,0
E00054721,133,109,61,48,0,0,0,0,0,24,22,2,0,81.95488721804512,45.86466165413533,36.09022556390977,0,0,0,0,0,18.045112781954884,16.541353383458645,1.5037593984962405,0
E00054722,126,73,39,34,1,1,10,5,5,42,40,2,0,57.936507936507944,30.952380952380953,26.984126984126984,0.7936507936507936,0.7936507936507936,7.936507936507936,3.968253968253968,3.968253968253968,33.33333333333333,31.746031746031743,1.5873015873015872,0
E00054723,103,92,75,17,0,0,0,0,0,11,7,4,0,89.32038834951457,72.81553398058253,16.50485436893204,0,0,0,0,0,10.679611650485436,6.796116504854369,3.8834951456310676,0
E00054724,123,92,46,46,0,0,0,0,0,31,28,3,0,74.79674796747967,37.39837398373984,37.39837398373984,0,0,0,0,0,25.203252032520325,22.76422764227642,2.4390243902439024,0
E00054725,106,87,38,49,0,0,3,1,2,16,15,1,0,82.0754716981132,35.84905660377358,46.22641509433962,0,0,2.8301886792452833,0.9433962264150944,1.8867924528301887,15.09433962264151,14.150943396226415,0.9433962264150944,0
E00054726,148,136,86,50,3,3,1,0,1,8,7,1,0,91.8918918918919,58.108108108108105,33.78378378378378,2.027027027027027,2.027027027027027,0.6756756756756757,0,0.6756756756756757,5.405405405405405,4.72972972972973,0.6756756756756757,0
E00054727,117,93,43,50,0,0,0,0,0,24,16,8,0,79.48717948717949,36.75213675213676,42.73504273504273,0,0,0,0,0,20.51282051282051,13.675213675213676,6.837606837606838,0
E00054728,199,160,73,87,2,2,7,5,2,30,25,5,0,80.40201005025126,36.68341708542713,43.71859296482412,1.0050251256281406,1.0050251256281406,3.5175879396984926,2.512562814070352,1.0050251256281406,15.07537688442211,12.562814070351758,2.512562814070352,0
E00054729,164,129,77,52,1,1,1,0,1,33,25,8,0,78.65853658536585,46.95121951219512,31.70731707317073,0.6097560975609756,0.6097560975609756,0.6097560975609756,0,0.6097560975609756,20.121951219512198,15.24390243902439,4.878048780487805,0
E00054730,153,111,63,48,0,0,1,1,0,41,40,1,0,72.54901960784314,41.17647058823529,31.372549019607842,0,0,0.6535947712418301,0.6535947712418301,0,26.797385620915033,26.143790849673206,0.6535947712418301,0
E00054731,124,41,27,14,19,19,46,17,29,17,15,2,1,33.064516129032256,21.774193548387096,11.29032258064516,15.32258064516129,15.32258064516129,37.096774193548384,13.709677419354838,23.387096774193548,13.709677419354838,12.096774193548388,1.6129032258064515,0.8064516129032258
E00054732,132,67,27,40,0,0,2,2,0,63,54,9,0,50.75757575757576,20.454545454545457,30.303030303030305,0,0,1.5151515151515151,1.5151515151515151,0,47.72727272727273,40.909090909090914,6.8181818181818175,0
E00054733,240,172,97,75,0,0,13,0,13,55,50,5,0,71.66666666666667,40.416666666666664,31.25,0,0,5.416666666666667,0,5.416666666666667,22.916666666666664,20.833333333333336,2.083333333333333,0
E00054734,218,196,93,103,3,3,4,1,3,15,12,3,0,89.90825688073394,42.6605504587156,47.24770642201835,1.3761467889908259,1.3761467889908259,1.834862385321101,0.45871559633027525,1.3761467889908259,6.8807339449541285,5.5045871559633035,1.3761467889908259,0
E00054735,128,108,62,46,0,0,6,2,4,14,11,3,0,84.375,48.4375,35.9375,0,0,4.6875,1.5625,3.125,10.9375,8.59375,2.34375,0
E00054736,110,93,40,53,2,2,1,0,1,14,12,2,0,84.54545454545455,36.36363636363637,48.18181818181818,1.8181818181818181,1.8181818181818181,0.9090909090909091,0,0.9090909090909091,12.727272727272727,10.909090909090908,1.8181818181818181,0
E00054737,72,69,41,28,0,0,0,0,0,3,0,3,0,95.83333333333334,56.94444444444444,38.88888888888889,0,0,0,0,0,4.166666666666666,0,4.166666666666666,0
E00054738,67,63,50,13,0,0,0,0,0,4,3,1,0,94.02985074626866,74.6268656716418,19.402985074626866,0,0,0,0,0,5.970149253731343,4.477611940298507,1.4925373134328357,0
E00054739,123,113,56,57,0,0,4,0,4,6,5,1,0,91.869918699187,45.52845528455284,46.34146341463415,0,0,3.2520325203252036,0,3.2520325203252036,4.878048780487805,4.0650406504065035,0.8130081300813009,0
E00054740,195,175,74,101,0,0,2,0,2,18,15,3,0,89.74358974358975,37.94871794871795,51.7948717948718,0,0,1.0256410256410255,0,1.0256410256410255,9.230769230769232,7.6923076923076925,1.5384615384615385,0
E00054741,115,104,60,44,0,0,0,0,0,11,5,6,0,90.43478260869566,52.17391304347826,38.26086956521739,0,0,0,0,0,9.565217391304348,4.3478260869565215,5.217391304347826,0
E00054742,182,100,56,44,0,0,65,46,19,17,15,2,0,54.94505494505495,30.76923076923077,24.175824175824175,0,0,35.714285714285715,25.274725274725274,10.43956043956044,9.340659340659341,8.241758241758241,1.098901098901099,0
E00054743,210,153,78,75,3,3,8,1,7,46,39,7,0,72.85714285714285,37.142857142857146,35.714285714285715,1.4285714285714286,1.4285714285714286,3.8095238095238098,0.4761904761904762,3.3333333333333335,21.904761904761905,18.571428571428573,3.3333333333333335,0
E00054744,119,91,53,38,0,0,3,1,2,25,22,3,0,76.47058823529412,44.537815126050425,31.932773109243694,0,0,2.5210084033613445,0.8403361344537815,1.680672268907563,21.008403361344538,18.487394957983195,2.5210084033613445,0
E00054745,116,100,40,60,2,2,0,0,0,14,13,1,0,86.20689655172413,34.48275862068966,51.724137931034484,1.7241379310344827,1.7241379310344827,0,0,0,12.068965517241379,11.206896551724139,0.8620689655172413,0
E00054746,104,91,59,32,0,0,2,0,2,11,10,1,0,87.5,56.730769230769226,30.76923076923077,0,0,1.9230769230769231,0,1.9230769230769231,10.576923076923077,9.615384615384617,0.9615384615384616,0
E00054747,116,96,54,42,0,0,0,0,0,20,20,0,0,82.75862068965517,46.55172413793103,36.206896551724135,0,0,0,0,0,17.24137931034483,17.24137931034483,0,0
E00054748,108,99,60,39,2,2,1,0,1,6,6,0,0,91.66666666666666,55.55555555555556,36.11111111111111,1.8518518518518516,1.8518518518518516,0.9259259259259258,0,0.9259259259259258,5.555555555555555,5.555555555555555,0,0
E00054749,135,84,44,40,1,1,1,1,0,49,47,2,0,62.22222222222222,32.592592592592595,29.629629629629626,0.7407407407407408,0.7407407407407408,0.7407407407407408,0.7407407407407408,0,36.2962962962963,34.81481481481482,1.4814814814814816,0
E00054750,76,27,13,14,0,0,42,18,24,7,7,0,0,35.526315789473685,17.105263157894736,18.421052631578945,0,0,55.26315789473685,23.684210526315788,31.57894736842105,9.210526315789473,9.210526315789473,0,0
E00054751,120,102,50,52,0,0,0,0,0,18,17,1,0,85,41.66666666666667,43.333333333333336,0,0,0,0,0,15,14.166666666666666,0.8333333333333334,0
E00054752,52,38,20,18,0,0,3,2,1,11,10,1,0,73.07692307692307,38.46153846153847,34.61538461538461,0,0,5.769230769230769,3.8461538461538463,1.9230769230769231,21.153846153846153,19.230769230769234,1.9230769230769231,0
E00054753,139,122,61,61,3,3,1,0,1,13,10,3,0,87.76978417266187,43.884892086330936,43.884892086330936,2.158273381294964,2.158273381294964,0.7194244604316548,0,0.7194244604316548,9.352517985611511,7.1942446043165464,2.158273381294964,0
E00054754,143,93,30,63,17,17,0,0,0,33,29,4,0,65.03496503496503,20.97902097902098,44.05594405594406,11.888111888111888,11.888111888111888,0,0,0,23.076923076923077,20.27972027972028,2.797202797202797,0
E00054755,163,131,55,76,0,0,8,0,8,24,20,4,0,80.3680981595092,33.74233128834356,46.62576687116564,0,0,4.9079754601226995,0,4.9079754601226995,14.723926380368098,12.269938650306749,2.4539877300613497,0
E00054756,102,93,41,52,0,0,0,0,0,9,8,1,0,91.17647058823529,40.19607843137255,50.98039215686274,0,0,0,0,0,8.823529411764707,7.8431372549019605,0.9803921568627451,0
E00054757,143,103,41,62,0,0,0,0,0,40,31,9,0,72.02797202797203,28.671328671328673,43.35664335664335,0,0,0,0,0,27.972027972027973,21.678321678321677,6.293706293706294,0
E00054758,162,78,15,63,2,2,38,1,37,43,39,4,1,48.148148148148145,9.25925925925926,38.88888888888889,1.2345679012345678,1.2345679012345678,23.456790123456788,0.6172839506172839,22.839506172839506,26.543209876543212,24.074074074074073,2.4691358024691357,0.6172839506172839
E00054759,176,119,42,77,0,0,21,9,12,36,34,2,0,67.61363636363636,23.863636363636363,43.75,0,0,11.931818181818182,5.113636363636364,6.8181818181818175,20.454545454545457,19.318181818181817,1.1363636363636365,0
E00054760,196,151,30,121,0,0,11,3,8,34,30,4,0,77.04081632653062,15.306122448979592,61.73469387755102,0,0,5.612244897959184,1.530612244897959,4.081632653061225,17.346938775510203,15.306122448979592,2.0408163265306123,0
E00054761,138,72,31,41,0,0,47,28,19,19,16,3,0,52.17391304347826,22.463768115942027,29.71014492753623,0,0,34.05797101449276,20.28985507246377,13.768115942028986,13.768115942028986,11.594202898550725,2.1739130434782608,0
E00054762,139,120,75,45,0,0,1,1,0,18,17,1,0,86.33093525179856,53.956834532374096,32.37410071942446,0,0,0.7194244604316548,0.7194244604316548,0,12.949640287769784,12.23021582733813,0.7194244604316548,0
E00054763,168,91,26,65,1,1,34,19,15,42,41,1,0,54.166666666666664,15.476190476190476,38.69047619047619,0.5952380952380952,0.5952380952380952,20.238095238095237,11.30952380952381,8.928571428571429,25,24.404761904761905,0.5952380952380952,0
E00054764,144,89,40,49,1,1,2,1,1,52,49,3,0,61.80555555555556,27.77777777777778,34.02777777777778,0.6944444444444444,0.6944444444444444,1.3888888888888888,0.6944444444444444,0.6944444444444444,36.11111111111111,34.02777777777778,2.083333333333333,0
E00054765,144,51,30,21,0,0,33,1,32,60,58,2,0,35.41666666666667,20.833333333333336,14.583333333333334,0,0,22.916666666666664,0.6944444444444444,22.22222222222222,41.66666666666667,40.27777777777778,1.3888888888888888,0
E00054766,123,107,55,52,0,0,1,1,0,15,13,2,0,86.99186991869918,44.71544715447154,42.27642276422765,0,0,0.8130081300813009,0.8130081300813009,0,12.195121951219512,10.569105691056912,1.6260162601626018,0
E00054767,135,118,58,60,0,0,3,2,1,14,9,5,0,87.4074074074074,42.96296296296296,44.44444444444444,0,0,2.2222222222222223,1.4814814814814816,0.7407407407407408,10.37037037037037,6.666666666666667,3.7037037037037033,0
E00054768,226,180,59,121,0,0,0,0,0,46,44,2,0,79.64601769911505,26.10619469026549,53.53982300884957,0,0,0,0,0,20.353982300884958,19.469026548672566,0.8849557522123894,0
E00054769,141,97,55,42,2,2,18,8,10,24,21,3,0,68.79432624113475,39.00709219858156,29.78723404255319,1.4184397163120568,1.4184397163120568,12.76595744680851,5.673758865248227,7.092198581560284,17.02127659574468,14.893617021276595,2.127659574468085,0
E00054770,133,110,55,55,0,0,2,0,2,21,21,0,0,82.70676691729322,41.35338345864661,41.35338345864661,0,0,1.5037593984962405,0,1.5037593984962405,15.789473684210526,15.789473684210526,0,0
E00054771,125,120,80,40,0,0,0,0,0,5,5,0,0,96,64,32,0,0,0,0,0,4,4,0,0
E00054772,145,61,23,38,0,0,66,33,33,18,15,3,0,42.06896551724138,15.862068965517242,26.20689655172414,0,0,45.51724137931035,22.758620689655174,22.758620689655174,12.413793103448276,10.344827586206897,2.0689655172413794,0
E00054773,157,66,26,40,1,1,58,33,25,32,31,1,0,42.038216560509554,16.560509554140125,25.477707006369428,0.6369426751592357,0.6369426751592357,36.94267515923567,21.019108280254777,15.92356687898089,20.382165605095544,19.745222929936308,0.6369426751592357,0
E00054774,122,109,70,39,1,1,1,1,0,11,8,3,0,89.34426229508196,57.377049180327866,31.967213114754102,0.819672131147541,0.819672131147541,0.819672131147541,0.819672131147541,0,9.01639344262295,6.557377049180328,2.459016393442623,0
E00054775,133,78,38,40,0,0,25,15,10,30,29,1,0,58.64661654135338,28.57142857142857,30.075187969924812,0,0,18.796992481203006,11.278195488721805,7.518796992481203,22.55639097744361,21.804511278195488,0.7518796992481203,0
E00054776,126,120,80,40,0,0,1,1,0,5,5,0,0,95.23809523809523,63.49206349206349,31.746031746031743,0,0,0.7936507936507936,0.7936507936507936,0,3.968253968253968,3.968253968253968,0,0
E00054777,145,75,45,30,0,0,39,21,18,31,26,5,0,51.724137931034484,31.03448275862069,20.689655172413794,0,0,26.89655172413793,14.482758620689657,12.413793103448276,21.379310344827587,17.93103448275862,3.4482758620689653,0
E00054778,151,86,51,35,0,0,28,3,25,37,35,2,0,56.95364238410596,33.77483443708609,23.178807947019866,0,0,18.543046357615893,1.9867549668874174,16.55629139072848,24.503311258278146,23.178807947019866,1.3245033112582782,0
E00054779,126,62,21,41,0,0,51,35,16,13,13,0,0,49.2063492063492,16.666666666666664,32.53968253968254,0,0,40.476190476190474,27.77777777777778,12.698412698412698,10.317460317460316,10.317460317460316,0,0
E00054780,116,105,75,30,0,0,2,1,1,9,8,1,0,90.51724137931035,64.65517241379311,25.862068965517242,0,0,1.7241379310344827,0.8620689655172413,0.8620689655172413,7.758620689655173,6.896551724137931,0.8620689655172413,0
E00054781,116,99,43,56,0,0,4,0,4,13,11,2,0,85.34482758620689,37.06896551724138,48.275862068965516,0,0,3.4482758620689653,0,3.4482758620689653,11.206896551724139,9.482758620689655,1.7241379310344827,0
E00054782,135,71,26,45,0,0,45,16,29,19,19,0,0,52.59259259259259,19.25925925925926,33.33333333333333,0,0,33.33333333333333,11.851851851851853,21.48148148148148,14.074074074074074,14.074074074074074,0,0
E00054783,105,58,28,30,1,1,36,14,22,9,8,1,1,55.23809523809524,26.666666666666668,28.57142857142857,0.9523809523809524,0.9523809523809524,34.285714285714285,13.333333333333334,20.952380952380953,8.571428571428571,7.6190476190476195,0.9523809523809524,0.9523809523809524
E00054784,194,94,30,64,0,0,46,26,20,53,49,4,1,48.45360824742268,15.463917525773196,32.98969072164948,0,0,23.711340206185564,13.402061855670103,10.309278350515463,27.31958762886598,25.257731958762886,2.0618556701030926,0.5154639175257731
E00054785,110,45,19,26,0,0,53,19,34,12,12,0,0,40.909090909090914,17.272727272727273,23.636363636363637,0,0,48.18181818181818,17.272727272727273,30.909090909090907,10.909090909090908,10.909090909090908,0,0
E00054786,128,98,41,57,0,0,1,1,0,29,21,8,0,76.5625,32.03125,44.53125,0,0,0.78125,0.78125,0,22.65625,16.40625,6.25,0
E00054787,114,75,27,48,0,0,1,0,1,38,26,12,0,65.78947368421053,23.684210526315788,42.10526315789473,0,0,0.8771929824561403,0,0.8771929824561403,33.33333333333333,22.807017543859647,10.526315789473683,0
E00054788,118,34,12,22,0,0,73,46,27,10,9,1,1,28.8135593220339,10.16949152542373,18.64406779661017,0,0,61.86440677966102,38.983050847457626,22.88135593220339,8.47457627118644,7.627118644067797,0.847457627118644,0.847457627118644
E00054789,161,100,33,67,0,0,20,8,12,41,36,5,0,62.11180124223602,20.496894409937887,41.61490683229814,0,0,12.422360248447205,4.968944099378882,7.453416149068323,25.465838509316768,22.36024844720497,3.1055900621118013,0
E00054790,130,99,41,58,1,1,0,0,0,30,27,3,0,76.15384615384615,31.538461538461537,44.61538461538462,0.7692307692307693,0.7692307692307693,0,0,0,23.076923076923077,20.76923076923077,2.307692307692308,0
E00054791,203,134,52,82,0,0,28,5,23,41,37,4,0,66.00985221674877,25.615763546798032,40.39408866995074,0,0,13.793103448275861,2.4630541871921183,11.330049261083744,20.19704433497537,18.226600985221676,1.9704433497536946,0
E00054792,130,109,61,48,0,0,1,0,1,20,17,3,0,83.84615384615385,46.92307692307692,36.92307692307693,0,0,0.7692307692307693,0,0.7692307692307693,15.384615384615385,13.076923076923078,2.307692307692308,0
E00054793,115,84,42,42,0,0,0,0,0,31,28,3,0,73.04347826086956,36.52173913043478,36.52173913043478,0,0,0,0,0,26.956521739130434,24.347826086956523,2.608695652173913,0
E00054794,112,85,42,43,0,0,1,1,0,26,20,6,0,75.89285714285714,37.5,38.392857142857146,0,0,0.8928571428571428,0.8928571428571428,0,23.214285714285715,17.857142857142858,5.357142857142857,0
E00054795,123,101,65,36,0,0,0,0,0,22,22,0,0,82.11382113821138,52.84552845528455,29.268292682926827,0,0,0,0,0,17.88617886178862,17.88617886178862,0,0
E00054796,143,102,39,63,1,1,11,0,11,29,23,6,0,71.32867132867133,27.27272727272727,44.05594405594406,0.6993006993006993,0.6993006993006993,7.6923076923076925,0,7.6923076923076925,20.27972027972028,16.083916083916083,4.195804195804196,0
E00054797,155,121,47,74,0,0,9,8,1,25,22,3,0,78.06451612903226,30.32258064516129,47.74193548387097,0,0,5.806451612903226,5.161290322580645,0.6451612903225806,16.129032258064516,14.193548387096774,1.935483870967742,0
E00054798,122,60,23,37,0,0,25,18,7,37,35,2,0,49.18032786885246,18.852459016393443,30.327868852459016,0,0,20.491803278688526,14.754098360655737,5.737704918032787,30.327868852459016,28.688524590163933,1.639344262295082,0
E00054799,135,86,45,41,0,0,4,1,3,45,39,6,0,63.70370370370371,33.33333333333333,30.37037037037037,0,0,2.9629629629629632,0.7407407407407408,2.2222222222222223,33.33333333333333,28.888888888888886,4.444444444444445,0
E00054800,109,75,31,44,0,0,18,9,9,16,15,1,0,68.80733944954129,28.440366972477065,40.36697247706422,0,0,16.51376146788991,8.256880733944955,8.256880733944955,14.678899082568808,13.761467889908257,0.9174311926605505,0
E00054801,125,57,26,31,1,1,46,19,27,21,19,2,0,45.6,20.8,24.8,0.8,0.8,36.8,15.2,21.6,16.8,15.2,1.6,0
E00054802,129,74,39,35,0,0,19,11,8,36,31,5,0,57.36434108527132,30.23255813953488,27.131782945736433,0,0,14.728682170542637,8.527131782945736,6.2015503875969,27.906976744186046,24.031007751937985,3.875968992248062,0
E00054803,138,59,31,28,0,0,64,33,31,13,8,5,2,42.7536231884058,22.463768115942027,20.28985507246377,0,0,46.3768115942029,23.91304347826087,22.463768115942027,9.420289855072465,5.797101449275362,3.6231884057971016,1.4492753623188406
E00054804,166,13,9,4,0,0,134,80,54,19,18,1,0,7.83132530120482,5.421686746987952,2.4096385542168677,0,0,80.72289156626506,48.19277108433735,32.53012048192771,11.44578313253012,10.843373493975903,0.6024096385542169,0
E00054805,152,90,51,39,0,0,2,0,2,60,53,7,0,59.210526315789465,33.55263157894737,25.657894736842106,0,0,1.3157894736842104,0,1.3157894736842104,39.473684210526315,34.868421052631575,4.605263157894736,0
E00054806,135,103,46,57,0,0,0,0,0,32,30,2,0,76.29629629629629,34.074074074074076,42.22222222222222,0,0,0,0,0,23.703703703703706,22.22222222222222,1.4814814814814816,0
E00054807,153,111,55,56,0,0,4,2,2,38,35,3,0,72.54901960784314,35.947712418300654,36.60130718954248,0,0,2.6143790849673203,1.3071895424836601,1.3071895424836601,24.836601307189543,22.875816993464053,1.9607843137254901,0
E00054808,165,71,37,34,4,4,51,22,29,39,32,7,0,43.03030303030303,22.424242424242426,20.606060606060606,2.4242424242424243,2.4242424242424243,30.909090909090907,13.333333333333334,17.575757575757574,23.636363636363637,19.393939393939394,4.242424242424243,0
E00054809,155,110,56,54,0,0,2,1,1,43,37,6,0,70.96774193548387,36.12903225806451,34.83870967741935,0,0,1.2903225806451613,0.6451612903225806,0.6451612903225806,27.741935483870968,23.870967741935484,3.870967741935484,0
E00176094,91,19,4,15,0,0,12,2,10,60,59,1,0,20.87912087912088,4.395604395604396,16.483516483516482,0,0,13.186813186813188,2.197802197802198,10.989010989010989,65.93406593406593,64.83516483516483,1.098901098901099,0
E00176095,93,35,21,14,0,0,9,4,5,47,43,4,2,37.634408602150536,22.58064516129032,15.053763440860216,0,0,9.67741935483871,4.301075268817205,5.376344086021505,50.53763440860215,46.236559139784944,4.301075268817205,2.1505376344086025
E00176096,127,78,25,53,1,1,1,0,1,47,45,2,0,61.417322834645674,19.68503937007874,41.732283464566926,0.7874015748031495,0.7874015748031495,0.7874015748031495,0,0.7874015748031495,37.00787401574803,35.43307086614173,1.574803149606299,0
E00176097,237,99,30,69,1,1,108,55,53,29,24,5,0,41.77215189873418,12.658227848101266,29.11392405063291,0.42194092827004215,0.42194092827004215,45.56962025316456,23.20675105485232,22.362869198312236,12.236286919831224,10.126582278481013,2.109704641350211,0
E00176098,118,60,17,43,9,9,6,4,2,43,41,2,0,50.847457627118644,14.40677966101695,36.440677966101696,7.627118644067797,7.627118644067797,5.084745762711865,3.389830508474576,1.694915254237288,36.440677966101696,34.74576271186441,1.694915254237288,0
E00176099,147,19,5,14,0,0,8,4,4,120,119,1,0,12.925170068027212,3.4013605442176873,9.523809523809524,0,0,5.442176870748299,2.7210884353741496,2.7210884353741496,81.63265306122449,80.95238095238095,0.6802721088435374,0
E00176100,147,29,12,17,0,0,4,1,3,114,111,3,0,19.727891156462583,8.16326530612245,11.564625850340136,0,0,2.7210884353741496,0.6802721088435374,2.0408163265306123,77.55102040816327,75.51020408163265,2.0408163265306123,0
E00176101,84,24,13,11,1,1,5,2,3,54,52,2,0,28.57142857142857,15.476190476190476,13.095238095238097,1.1904761904761905,1.1904761904761905,5.952380952380952,2.380952380952381,3.571428571428571,64.28571428571429,61.904761904761905,2.380952380952381,0
E00176102,115,46,26,20,1,1,15,2,13,53,42,11,0,40,22.608695652173914,17.391304347826086,0.8695652173913043,0.8695652173913043,13.043478260869565,1.7391304347826086,11.304347826086957,46.08695652173913,36.52173913043478,9.565217391304348,0
E00176103,66,30,18,12,0,0,16,10,6,20,16,4,0,45.45454545454545,27.27272727272727,18.181818181818183,0,0,24.242424242424242,15.151515151515152,9.090909090909092,30.303030303030305,24.242424242424242,6.0606060606060606,0
E00176104,182,2,1,1,0,0,12,3,9,168,163,5,0,1.098901098901099,0.5494505494505495,0.5494505494505495,0,0,6.593406593406594,1.6483516483516485,4.945054945054945,92.3076923076923,89.56043956043956,2.7472527472527473,0
E00176107,118,9,3,6,0,0,2,2,0,107,106,1,0,7.627118644067797,2.5423728813559325,5.084745762711865,0,0,1.694915254237288,1.694915254237288,0,90.67796610169492,89.83050847457628,0.847457627118644,0
E00176108,112,3,3,0,0,0,7,1,6,102,101,1,0,2.6785714285714284,2.6785714285714284,0,0,0,6.25,0.8928571428571428,5.357142857142857,91.07142857142857,90.17857142857143,0.8928571428571428,0
E00176109,147,8,4,4,0,0,10,1,9,129,127,2,0,5.442176870748299,2.7210884353741496,2.7210884353741496,0,0,6.802721088435375,0.6802721088435374,6.122448979591836,87.75510204081633,86.39455782312925,1.3605442176870748,0
E00176111,154,1,0,1,0,0,6,2,4,147,144,3,0,0.6493506493506493,0,0.6493506493506493,0,0,3.896103896103896,1.2987012987012987,2.5974025974025974,95.45454545454545,93.5064935064935,1.948051948051948,0
E00176112,168,36,33,3,3,3,13,2,11,116,114,2,0,21.428571428571427,19.642857142857142,1.7857142857142856,1.7857142857142856,1.7857142857142856,7.738095238095238,1.1904761904761905,6.547619047619048,69.04761904761905,67.85714285714286,1.1904761904761905,0
E00176113,83,39,22,17,0,0,2,2,0,42,38,4,0,46.98795180722892,26.506024096385545,20.481927710843372,0,0,2.4096385542168677,2.4096385542168677,0,50.602409638554214,45.78313253012048,4.819277108433735,0
E00176114,100,60,32,28,0,0,10,0,10,30,24,6,0,60,32,28.000000000000004,0,0,10,0,10,30,24,6,0
E00176116,45,33,21,12,0,0,1,0,1,11,11,0,0,73.33333333333333,46.666666666666664,26.666666666666668,0,0,2.2222222222222223,0,2.2222222222222223,24.444444444444443,24.444444444444443,0,0
E00176117,93,76,51,25,0,0,0,0,0,17,14,3,0,81.72043010752688,54.83870967741935,26.881720430107524,0,0,0,0,0,18.27956989247312,15.053763440860216,3.225806451612903,0
E00176118,131,91,53,38,0,0,0,0,0,40,35,5,0,69.46564885496184,40.458015267175576,29.00763358778626,0,0,0,0,0,30.53435114503817,26.717557251908396,3.816793893129771,0
E00176119,128,43,20,23,1,1,64,10,54,20,15,5,0,33.59375,15.625,17.96875,0.78125,0.78125,50,7.8125,42.1875,15.625,11.71875,3.90625,0
E00176120,53,37,27,10,0,0,1,0,1,15,13,2,0,69.81132075471697,50.943396226415096,18.867924528301888,0,0,1.8867924528301887,0,1.8867924528301887,28.30188679245283,24.528301886792452,3.7735849056603774,0
E00176121,100,77,55,22,0,0,1,0,1,22,19,3,0,77,55.00000000000001,22,0,0,1,0,1,22,19,3,0
E00176122,207,2,1,1,0,0,27,4,23,178,174,4,0,0.966183574879227,0.4830917874396135,0.4830917874396135,0,0,13.043478260869565,1.932367149758454,11.11111111111111,85.99033816425121,84.05797101449275,1.932367149758454,0
E00176123,150,14,5,9,0,0,3,0,3,133,131,2,0,9.333333333333334,3.3333333333333335,6,0,0,2,0,2,88.66666666666667,87.33333333333333,1.3333333333333335,0
E00176125,65,14,10,4,0,0,8,1,7,42,38,4,1,21.53846153846154,15.384615384615385,6.153846153846154,0,0,12.307692307692308,1.5384615384615385,10.76923076923077,64.61538461538461,58.46153846153847,6.153846153846154,1.5384615384615385
E00176126,88,32,19,13,0,0,6,0,6,49,40,9,1,36.36363636363637,21.59090909090909,14.772727272727273,0,0,6.8181818181818175,0,6.8181818181818175,55.68181818181818,45.45454545454545,10.227272727272728,1.1363636363636365
E00176127,165,45,25,20,0,0,14,1,13,103,99,4,3,27.27272727272727,15.151515151515152,12.121212121212121,0,0,8.484848484848486,0.6060606060606061,7.878787878787878,62.42424242424243,60,2.4242424242424243,1.8181818181818181
E00176128,122,75,36,39,0,0,7,1,6,37,30,7,3,61.47540983606557,29.508196721311474,31.967213114754102,0,0,5.737704918032787,0.819672131147541,4.918032786885246,30.327868852459016,24.59016393442623,5.737704918032787,2.459016393442623
E00176129,55,40,28,12,0,0,0,0,0,15,15,0,0,72.72727272727273,50.90909090909091,21.818181818181817,0,0,0,0,0,27.27272727272727,27.27272727272727,0,0
E00176131,80,21,15,6,0,0,16,7,9,42,37,5,1,26.25,18.75,7.5,0,0,20,8.75,11.25,52.5,46.25,6.25,1.25
E00176132,69,18,9,9,5,5,7,0,7,38,31,7,1,26.08695652173913,13.043478260869565,13.043478260869565,7.246376811594203,7.246376811594203,10.144927536231885,0,10.144927536231885,55.072463768115945,44.927536231884055,10.144927536231885,1.4492753623188406
E00176133,105,51,29,22,1,1,2,2,0,51,49,2,0,48.57142857142857,27.61904761904762,20.952380952380953,0.9523809523809524,0.9523809523809524,1.9047619047619049,1.9047619047619049,0,48.57142857142857,46.666666666666664,1.9047619047619049,0
E00176134,75,69,38,31,0,0,0,0,0,6,5,1,0,92,50.66666666666667,41.333333333333336,0,0,0,0,0,8,6.666666666666667,1.3333333333333335,0
E00176135,126,73,23,50,24,24,8,1,7,21,17,4,0,57.936507936507944,18.253968253968253,39.682539682539684,19.047619047619047,19.047619047619047,6.349206349206349,0.7936507936507936,5.555555555555555,16.666666666666664,13.492063492063492,3.1746031746031744,0
E00176136,55,24,11,13,0,0,0,0,0,31,27,4,0,43.63636363636363,20,23.636363636363637,0,0,0,0,0,56.36363636363636,49.09090909090909,7.2727272727272725,0
E00176137,152,15,9,6,1,1,17,2,15,119,114,5,0,9.868421052631579,5.921052631578947,3.9473684210526314,0.6578947368421052,0.6578947368421052,11.18421052631579,1.3157894736842104,9.868421052631579,78.28947368421053,75,3.289473684210526,0
E00176139,244,4,4,0,0,0,57,8,49,183,171,12,0,1.639344262295082,1.639344262295082,0,0,0,23.36065573770492,3.278688524590164,20.081967213114755,75,70.08196721311475,4.918032786885246,0
E00176140,181,83,20,63,1,1,12,11,1,84,78,6,1,45.85635359116022,11.049723756906078,34.806629834254146,0.5524861878453038,0.5524861878453038,6.629834254143646,6.077348066298343,0.5524861878453038,46.408839779005525,43.0939226519337,3.314917127071823,0.5524861878453038
E00176141,88,20,16,4,2,2,24,2,22,42,36,6,0,22.727272727272727,18.181818181818183,4.545454545454546,2.272727272727273,2.272727272727273,27.27272727272727,2.272727272727273,25,47.72727272727273,40.909090909090914,6.8181818181818175,0
E00176142,81,23,11,12,0,0,12,1,11,46,41,5,0,28.39506172839506,13.580246913580247,14.814814814814813,0,0,14.814814814814813,1.2345679012345678,13.580246913580247,56.79012345679012,50.617283950617285,6.172839506172839,0
E00176143,104,66,45,21,0,0,22,5,17,16,12,4,0,63.46153846153846,43.269230769230774,20.192307692307693,0,0,21.153846153846153,4.807692307692308,16.346153846153847,15.384615384615385,11.538461538461538,3.8461538461538463,0
E00176144,91,18,11,7,0,0,16,1,15,57,50,7,0,19.78021978021978,12.087912087912088,7.6923076923076925,0,0,17.582417582417584,1.098901098901099,16.483516483516482,62.637362637362635,54.94505494505495,7.6923076923076925,0
E00176145,97,68,31,37,0,0,1,0,1,28,23,5,0,70.10309278350515,31.958762886597935,38.144329896907216,0,0,1.0309278350515463,0,1.0309278350515463,28.865979381443296,23.711340206185564,5.154639175257731,0
E00176146,135,0,0,0,0,0,9,2,7,125,124,1,1,0,0,0,0,0,6.666666666666667,1.4814814814814816,5.185185185185185,92.5925925925926,91.85185185185185,0.7407407407407408,0.7407407407407408
E00176147,79,49,36,13,0,0,3,0,3,27,21,6,0,62.0253164556962,45.56962025316456,16.455696202531644,0,0,3.79746835443038,0,3.79746835443038,34.177215189873415,26.582278481012654,7.59493670886076,0
E00176148,197,97,16,81,0,0,50,15,35,50,47,3,0,49.23857868020304,8.121827411167512,41.11675126903553,0,0,25.380710659898476,7.614213197969544,17.766497461928935,25.380710659898476,23.85786802030457,1.5228426395939088,0
E00176149,124,82,61,21,0,0,9,0,9,32,29,3,1,66.12903225806451,49.193548387096776,16.93548387096774,0,0,7.258064516129033,0,7.258064516129033,25.806451612903224,23.387096774193548,2.4193548387096775,0.8064516129032258
E00176150,108,77,57,20,0,0,0,0,0,31,18,13,0,71.29629629629629,52.77777777777778,18.51851851851852,0,0,0,0,0,28.703703703703702,16.666666666666664,12.037037037037036,0
E00176151,82,33,25,8,0,0,28,1,27,21,19,2,0,40.243902439024396,30.48780487804878,9.75609756097561,0,0,34.146341463414636,1.2195121951219512,32.926829268292686,25.609756097560975,23.170731707317074,2.4390243902439024,0
E00176155,131,112,25,87,4,4,3,1,2,12,7,5,0,85.49618320610686,19.083969465648856,66.41221374045801,3.0534351145038165,3.0534351145038165,2.2900763358778624,0.7633587786259541,1.5267175572519083,9.16030534351145,5.343511450381679,3.816793893129771,0
E00176156,147,63,30,33,3,3,3,1,2,78,78,0,0,42.857142857142854,20.408163265306122,22.448979591836736,2.0408163265306123,2.0408163265306123,2.0408163265306123,0.6802721088435374,1.3605442176870748,53.06122448979592,53.06122448979592,0,0
E00176157,137,62,41,21,0,0,25,0,25,50,46,4,0,45.25547445255474,29.927007299270077,15.328467153284672,0,0,18.248175182481752,0,18.248175182481752,36.496350364963504,33.57664233576642,2.9197080291970803,0
E00176158,114,14,8,6,1,1,67,32,35,31,28,3,1,12.280701754385964,7.017543859649122,5.263157894736842,0.8771929824561403,0.8771929824561403,58.77192982456141,28.07017543859649,30.701754385964914,27.192982456140353,24.561403508771928,2.631578947368421,0.8771929824561403
E00176159,72,63,46,17,0,0,0,0,0,9,4,5,0,87.5,63.888888888888886,23.61111111111111,0,0,0,0,0,12.5,5.555555555555555,6.944444444444445,0
E00176160,97,59,40,19,0,0,4,0,4,34,28,6,0,60.824742268041234,41.23711340206185,19.587628865979383,0,0,4.123711340206185,0,4.123711340206185,35.051546391752574,28.865979381443296,6.185567010309279,0
E00176161,126,73,40,33,1,1,12,3,9,40,37,3,0,57.936507936507944,31.746031746031743,26.190476190476193,0.7936507936507936,0.7936507936507936,9.523809523809524,2.380952380952381,7.142857142857142,31.746031746031743,29.365079365079367,2.380952380952381,0
E00176162,136,34,14,20,1,1,75,40,35,25,23,2,1,25,10.294117647058822,14.705882352941178,0.7352941176470588,0.7352941176470588,55.14705882352941,29.411764705882355,25.735294117647058,18.38235294117647,16.911764705882355,1.4705882352941175,0.7352941176470588
E00176163,94,83,26,57,0,0,1,0,1,10,9,1,0,88.29787234042553,27.659574468085108,60.63829787234043,0,0,1.0638297872340425,0,1.0638297872340425,10.638297872340425,9.574468085106384,1.0638297872340425,0
E00176164,106,92,20,72,5,5,0,0,0,9,8,1,0,86.79245283018868,18.867924528301888,67.9245283018868,4.716981132075472,4.716981132075472,0,0,0,8.49056603773585,7.547169811320755,0.9433962264150944,0
E00176166,97,1,1,0,1,1,7,3,4,88,85,3,0,1.0309278350515463,1.0309278350515463,0,1.0309278350515463,1.0309278350515463,7.216494845360824,3.0927835051546393,4.123711340206185,90.72164948453609,87.62886597938144,3.0927835051546393,0
E00176167,127,103,43,60,0,0,4,1,3,20,17,3,0,81.10236220472441,33.85826771653544,47.24409448818898,0,0,3.149606299212598,0.7874015748031495,2.3622047244094486,15.748031496062993,13.385826771653544,2.3622047244094486,0
E00176168,98,82,52,30,0,0,3,1,2,13,7,6,0,83.6734693877551,53.06122448979592,30.612244897959183,0,0,3.061224489795918,1.0204081632653061,2.0408163265306123,13.26530612244898,7.142857142857142,6.122448979591836,0
E00176169,170,68,12,56,7,7,83,40,43,12,8,4,0,40,7.0588235294117645,32.94117647058823,4.117647058823529,4.117647058823529,48.8235294117647,23.52941176470588,25.294117647058822,7.0588235294117645,4.705882352941177,2.3529411764705883,0
E00176170,135,39,10,29,0,0,8,1,7,88,87,1,0,28.888888888888886,7.4074074074074066,21.48148148148148,0,0,5.9259259259259265,0.7407407407407408,5.185185185185185,65.18518518518519,64.44444444444444,0.7407407407407408,0
E00176171,126,83,12,71,0,0,5,1,4,38,35,3,0,65.87301587301587,9.523809523809524,56.34920634920635,0,0,3.968253968253968,0.7936507936507936,3.1746031746031744,30.158730158730158,27.77777777777778,2.380952380952381,0
E00176172,127,31,11,20,0,0,72,2,70,24,22,2,0,24.409448818897637,8.661417322834646,15.748031496062993,0,0,56.69291338582677,1.574803149606299,55.118110236220474,18.89763779527559,17.322834645669293,1.574803149606299,0
E00176173,75,62,41,21,0,0,6,0,6,7,4,3,0,82.66666666666667,54.666666666666664,28.000000000000004,0,0,8,0,8,9.333333333333334,5.333333333333334,4,0
E00176174,108,57,40,17,0,0,8,1,7,43,34,9,0,52.77777777777778,37.03703703703704,15.74074074074074,0,0,7.4074074074074066,0.9259259259259258,6.481481481481481,39.81481481481482,31.48148148148148,8.333333333333332,0
E00176175,143,89,40,49,1,1,23,18,5,30,23,7,0,62.23776223776224,27.972027972027973,34.26573426573427,0.6993006993006993,0.6993006993006993,16.083916083916083,12.587412587412588,3.4965034965034967,20.97902097902098,16.083916083916083,4.895104895104895,0
E00176176,123,104,62,42,1,1,1,0,1,17,11,6,0,84.5528455284553,50.40650406504065,34.146341463414636,0.8130081300813009,0.8130081300813009,0.8130081300813009,0,0.8130081300813009,13.821138211382115,8.94308943089431,4.878048780487805,0
E00176177,128,88,44,44,0,0,1,1,0,39,35,4,0,68.75,34.375,34.375,0,0,0.78125,0.78125,0,30.46875,27.34375,3.125,0
E00176178,123,83,23,60,0,0,2,0,2,38,36,2,0,67.47967479674797,18.69918699186992,48.78048780487805,0,0,1.6260162601626018,0,1.6260162601626018,30.89430894308943,29.268292682926827,1.6260162601626018,0
E00176179,145,119,52,67,0,0,23,19,4,3,1,2,0,82.06896551724138,35.86206896551724,46.206896551724135,0,0,15.862068965517242,13.10344827586207,2.7586206896551726,2.0689655172413794,0.6896551724137931,1.3793103448275863,0
E00176180,133,80,22,58,0,0,1,1,0,52,51,1,0,60.150375939849624,16.541353383458645,43.609022556390975,0,0,0.7518796992481203,0.7518796992481203,0,39.097744360902254,38.34586466165413,0.7518796992481203,0
E00176181,86,45,27,18,0,0,5,2,3,36,35,1,0,52.32558139534884,31.3953488372093,20.930232558139537,0,0,5.813953488372093,2.3255813953488373,3.488372093023256,41.86046511627907,40.69767441860465,1.1627906976744187,0
E00176182,56,42,19,23,0,0,2,2,0,12,11,1,0,75,33.92857142857143,41.07142857142857,0,0,3.571428571428571,3.571428571428571,0,21.428571428571427,19.642857142857142,1.7857142857142856,0
E00176183,123,94,29,65,0,0,4,0,4,25,24,1,0,76.42276422764228,23.577235772357724,52.84552845528455,0,0,3.2520325203252036,0,3.2520325203252036,20.32520325203252,19.51219512195122,0.8130081300813009,0
E00176184,149,35,27,8,2,2,33,5,28,79,72,7,0,23.48993288590604,18.120805369127517,5.369127516778524,1.342281879194631,1.342281879194631,22.14765100671141,3.3557046979865772,18.79194630872483,53.02013422818792,48.322147651006716,4.697986577181208,0
E00176185,44,37,17,20,0,0,2,1,1,5,2,3,0,84.0909090909091,38.63636363636363,45.45454545454545,0,0,4.545454545454546,2.272727272727273,2.272727272727273,11.363636363636363,4.545454545454546,6.8181818181818175,0
E00176186,132,68,9,59,0,0,13,0,13,51,46,5,0,51.515151515151516,6.8181818181818175,44.696969696969695,0,0,9.848484848484848,0,9.848484848484848,38.63636363636363,34.84848484848485,3.787878787878788,0
E00176187,121,61,16,45,0,0,29,13,16,31,31,0,0,50.413223140495866,13.223140495867769,37.1900826446281,0,0,23.96694214876033,10.743801652892563,13.223140495867769,25.6198347107438,25.6198347107438,0,0
E00176188,47,28,16,12,0,0,2,0,2,17,16,1,0,59.57446808510638,34.04255319148936,25.53191489361702,0,0,4.25531914893617,0,4.25531914893617,36.17021276595745,34.04255319148936,2.127659574468085,0
E00176189,135,68,35,33,0,0,16,5,11,51,47,4,0,50.37037037037037,25.925925925925924,24.444444444444443,0,0,11.851851851851853,3.7037037037037033,8.148148148148149,37.77777777777778,34.81481481481482,2.9629629629629632,0
E00176190,117,106,60,46,0,0,1,0,1,10,9,1,0,90.5982905982906,51.28205128205128,39.31623931623932,0,0,0.8547008547008548,0,0.8547008547008548,8.547008547008547,7.6923076923076925,0.8547008547008548,0
E00176192,88,65,38,27,1,1,2,0,2,20,19,1,0,73.86363636363636,43.18181818181818,30.681818181818183,1.1363636363636365,1.1363636363636365,2.272727272727273,0,2.272727272727273,22.727272727272727,21.59090909090909,1.1363636363636365,0
E00176193,67,44,25,19,0,0,0,0,0,23,20,3,0,65.67164179104478,37.3134328358209,28.35820895522388,0,0,0,0,0,34.32835820895522,29.850746268656714,4.477611940298507,0
E00176194,88,15,7,8,0,0,0,0,0,73,69,4,0,17.045454545454543,7.954545454545454,9.090909090909092,0,0,0,0,0,82.95454545454545,78.4090909090909,4.545454545454546,0
E00176195,51,35,20,15,0,0,2,1,1,14,12,2,0,68.62745098039215,39.21568627450981,29.411764705882355,0,0,3.9215686274509802,1.9607843137254901,1.9607843137254901,27.450980392156865,23.52941176470588,3.9215686274509802,0
E00176196,112,61,36,25,0,0,23,1,22,28,22,6,0,54.46428571428571,32.142857142857146,22.321428571428573,0,0,20.535714285714285,0.8928571428571428,19.642857142857142,25,19.642857142857142,5.357142857142857,0
E00176197,121,75,18,57,1,1,13,3,10,32,30,2,0,61.98347107438017,14.87603305785124,47.107438016528924,0.8264462809917356,0.8264462809917356,10.743801652892563,2.479338842975207,8.264462809917356,26.446280991735538,24.793388429752067,1.6528925619834711,0
E00176198,132,91,16,75,0,0,5,0,5,36,36,0,0,68.93939393939394,12.121212121212121,56.81818181818182,0,0,3.787878787878788,0,3.787878787878788,27.27272727272727,27.27272727272727,0,0
E00176199,54,15,11,4,0,0,29,3,26,8,6,2,2,27.77777777777778,20.37037037037037,7.4074074074074066,0,0,53.70370370370371,5.555555555555555,48.148148148148145,14.814814814814813,11.11111111111111,3.7037037037037033,3.7037037037037033
E00176200,59,26,14,12,0,0,4,2,2,29,23,6,0,44.06779661016949,23.728813559322035,20.33898305084746,0,0,6.779661016949152,3.389830508474576,3.389830508474576,49.152542372881356,38.983050847457626,10.16949152542373,0
E00176201,83,56,25,31,18,18,0,0,0,9,9,0,0,67.46987951807229,30.120481927710845,37.34939759036144,21.686746987951807,21.686746987951807,0,0,0,10.843373493975903,10.843373493975903,0,0
E00176202,98,89,52,37,0,0,0,0,0,9,7,2,0,90.81632653061224,53.06122448979592,37.755102040816325,0,0,0,0,0,9.183673469387756,7.142857142857142,2.0408163265306123,0
E00176203,93,89,56,33,0,0,2,1,1,2,1,1,0,95.6989247311828,60.215053763440864,35.483870967741936,0,0,2.1505376344086025,1.0752688172043012,1.0752688172043012,2.1505376344086025,1.0752688172043012,1.0752688172043012,0
E00176204,132,106,34,72,0,0,9,1,8,17,15,2,0,80.3030303030303,25.757575757575758,54.54545454545454,0,0,6.8181818181818175,0.7575757575757576,6.0606060606060606,12.878787878787879,11.363636363636363,1.5151515151515151,0
E00176205,106,97,61,36,0,0,0,0,0,9,6,3,0,91.50943396226415,57.54716981132076,33.9622641509434,0,0,0,0,0,8.49056603773585,5.660377358490567,2.8301886792452833,0
E00176206,115,75,55,20,2,2,9,0,9,29,23,6,0,65.21739130434783,47.82608695652174,17.391304347826086,1.7391304347826086,1.7391304347826086,7.82608695652174,0,7.82608695652174,25.217391304347824,20,5.217391304347826,0
E00176207,137,22,12,10,0,0,85,45,40,30,28,2,0,16.05839416058394,8.75912408759124,7.2992700729927,0,0,62.04379562043796,32.846715328467155,29.1970802919708,21.897810218978105,20.437956204379564,1.4598540145985401,0
E00176208,51,20,12,8,0,0,25,4,21,5,4,1,1,39.21568627450981,23.52941176470588,15.686274509803921,0,0,49.01960784313725,7.8431372549019605,41.17647058823529,9.803921568627452,7.8431372549019605,1.9607843137254901,1.9607843137254901
E00176209,54,31,13,18,0,0,2,0,2,21,15,6,0,57.407407407407405,24.074074074074073,33.33333333333333,0,0,3.7037037037037033,0,3.7037037037037033,38.88888888888889,27.77777777777778,11.11111111111111,0
E00176210,57,37,24,13,0,0,10,1,9,10,8,2,0,64.91228070175438,42.10526315789473,22.807017543859647,0,0,17.543859649122805,1.7543859649122806,15.789473684210526,17.543859649122805,14.035087719298245,3.508771929824561,0
E00176211,107,76,45,31,0,0,1,0,1,30,26,4,0,71.02803738317756,42.05607476635514,28.971962616822427,0,0,0.9345794392523363,0,0.9345794392523363,28.037383177570092,24.299065420560748,3.7383177570093453,0
E00176212,125,105,48,57,0,0,1,0,1,19,14,5,0,84,38.4,45.6,0,0,0.8,0,0.8,15.2,11.200000000000001,4,0
E00176213,142,117,108,9,1,1,1,1,0,22,18,4,1,82.3943661971831,76.05633802816901,6.338028169014084,0.7042253521126761,0.7042253521126761,0.7042253521126761,0.7042253521126761,0,15.492957746478872,12.676056338028168,2.8169014084507045,0.7042253521126761
E00176214,136,122,48,74,0,0,2,1,1,12,10,2,0,89.70588235294117,35.294117647058826,54.41176470588235,0,0,1.4705882352941175,0.7352941176470588,0.7352941176470588,8.823529411764707,7.352941176470589,1.4705882352941175,0
E00176215,133,108,31,77,1,1,12,9,3,12,12,0,0,81.203007518797,23.308270676691727,57.89473684210527,0.7518796992481203,0.7518796992481203,9.022556390977442,6.7669172932330826,2.2556390977443606,9.022556390977442,9.022556390977442,0,0
E00177751,223,171,113,58,2,2,20,10,10,30,23,7,0,76.68161434977578,50.672645739910315,26.00896860986547,0.8968609865470852,0.8968609865470852,8.968609865470851,4.484304932735426,4.484304932735426,13.452914798206278,10.31390134529148,3.1390134529147984,0
E00177753,115,41,8,33,0,0,43,2,41,31,28,3,0,35.65217391304348,6.956521739130435,28.695652173913043,0,0,37.391304347826086,1.7391304347826086,35.65217391304348,26.956521739130434,24.347826086956523,2.608695652173913,0
E00177754,157,82,44,38,0,0,64,33,31,11,9,2,0,52.22929936305732,28.02547770700637,24.203821656050955,0,0,40.76433121019109,21.019108280254777,19.745222929936308,7.006369426751593,5.7324840764331215,1.2738853503184715,0
E00177755,180,31,10,21,3,3,108,55,53,37,37,0,1,17.22222222222222,5.555555555555555,11.666666666666666,1.6666666666666667,1.6666666666666667,60,30.555555555555557,29.444444444444446,20.555555555555554,20.555555555555554,0,0.5555555555555556
E00177760,151,88,23,65,3,3,38,3,35,21,17,4,1,58.27814569536424,15.2317880794702,43.04635761589404,1.9867549668874174,1.9867549668874174,25.165562913907287,1.9867549668874174,23.178807947019866,13.90728476821192,11.258278145695364,2.6490066225165565,0.6622516556291391
E00177761,184,68,34,34,0,0,35,10,25,80,79,1,1,36.95652173913043,18.478260869565215,18.478260869565215,0,0,19.021739130434785,5.434782608695652,13.586956521739129,43.47826086956522,42.934782608695656,0.5434782608695652,0.5434782608695652
E00177762,156,61,44,17,0,0,5,0,5,90,86,4,0,39.1025641025641,28.205128205128204,10.897435897435898,0,0,3.205128205128205,0,3.205128205128205,57.692307692307686,55.12820512820513,2.564102564102564,0
E00177764,84,39,22,17,0,0,29,2,27,16,12,4,0,46.42857142857143,26.190476190476193,20.238095238095237,0,0,34.523809523809526,2.380952380952381,32.142857142857146,19.047619047619047,14.285714285714285,4.761904761904762,0
E00177765,87,38,22,16,0,0,15,3,12,34,29,5,0,43.67816091954023,25.287356321839084,18.39080459770115,0,0,17.24137931034483,3.4482758620689653,13.793103448275861,39.08045977011494,33.33333333333333,5.747126436781609,0
E00177766,115,10,2,8,1,1,64,22,42,39,39,0,1,8.695652173913043,1.7391304347826086,6.956521739130435,0.8695652173913043,0.8695652173913043,55.65217391304348,19.130434782608695,36.52173913043478,33.91304347826087,33.91304347826087,0,0.8695652173913043
E00177767,195,45,24,21,0,0,38,4,34,112,106,6,0,23.076923076923077,12.307692307692308,10.76923076923077,0,0,19.48717948717949,2.051282051282051,17.435897435897434,57.43589743589743,54.35897435897436,3.076923076923077,0
E00177768,169,162,31,131,0,0,1,0,1,6,6,0,0,95.85798816568047,18.34319526627219,77.51479289940828,0,0,0.591715976331361,0,0.591715976331361,3.5502958579881656,3.5502958579881656,0,0
E00177769,75,10,10,0,0,0,6,2,4,57,48,9,2,13.333333333333334,13.333333333333334,0,0,0,8,2.666666666666667,5.333333333333334,76,64,12,2.666666666666667
E00177770,180,155,48,107,3,3,20,1,19,2,1,1,0,86.11111111111111,26.666666666666668,59.44444444444444,1.6666666666666667,1.6666666666666667,11.11111111111111,0.5555555555555556,10.555555555555555,1.1111111111111112,0.5555555555555556,0.5555555555555556,0
E00177771,116,9,0,9,0,0,17,2,15,90,81,9,0,7.758620689655173,0,7.758620689655173,0,0,14.655172413793101,1.7241379310344827,12.931034482758621,77.58620689655173,69.82758620689656,7.758620689655173,0
E00177772,136,100,62,38,0,0,2,0,2,34,31,3,0,73.52941176470588,45.588235294117645,27.941176470588236,0,0,1.4705882352941175,0,1.4705882352941175,25,22.794117647058822,2.2058823529411766,0
E00177773,180,108,22,86,0,0,11,5,6,61,60,1,0,60,12.222222222222221,47.77777777777778,0,0,6.111111111111111,2.7777777777777777,3.3333333333333335,33.88888888888889,33.33333333333333,0.5555555555555556,0
E00177774,119,101,16,85,0,0,12,0,12,6,6,0,0,84.87394957983193,13.445378151260504,71.42857142857143,0,0,10.084033613445378,0,10.084033613445378,5.042016806722689,5.042016806722689,0,0
E00177775,131,94,26,68,0,0,19,1,18,18,17,1,0,71.7557251908397,19.84732824427481,51.908396946564885,0,0,14.50381679389313,0.7633587786259541,13.740458015267176,13.740458015267176,12.977099236641221,0.7633587786259541,0
E00177776,118,15,12,3,0,0,60,14,46,43,41,2,0,12.711864406779661,10.16949152542373,2.5423728813559325,0,0,50.847457627118644,11.864406779661017,38.983050847457626,36.440677966101696,34.74576271186441,1.694915254237288,0
E00177777,178,1,1,0,0,0,1,0,1,176,175,1,0,0.5617977528089888,0.5617977528089888,0,0,0,0.5617977528089888,0,0.5617977528089888,98.87640449438202,98.31460674157303,0.5617977528089888,0
E00177778,50,21,11,10,0,0,11,9,2,18,16,2,0,42,22,20,0,0,22,18,4,36,32,4,0
E00177779,95,44,22,22,0,0,1,1,0,50,34,16,0,46.31578947368421,23.157894736842106,23.157894736842106,0,0,1.0526315789473684,1.0526315789473684,0,52.63157894736842,35.78947368421053,16.842105263157894,0
E00177780,162,29,5,24,0,0,111,26,85,22,19,3,0,17.901234567901234,3.0864197530864197,14.814814814814813,0,0,68.51851851851852,16.049382716049383,52.46913580246913,13.580246913580247,11.728395061728394,1.8518518518518516,0
E00177781,118,94,53,41,3,3,7,1,6,14,14,0,0,79.66101694915254,44.91525423728814,34.74576271186441,2.5423728813559325,2.5423728813559325,5.932203389830509,0.847457627118644,5.084745762711865,11.864406779661017,11.864406779661017,0,0
E00177782,43,21,13,8,1,1,16,9,7,5,3,2,0,48.837209302325576,30.23255813953488,18.6046511627907,2.3255813953488373,2.3255813953488373,37.2093023255814,20.930232558139537,16.27906976744186,11.627906976744185,6.976744186046512,4.651162790697675,0
E00177783,76,1,1,0,0,0,4,2,2,71,69,2,0,1.3157894736842104,1.3157894736842104,0,0,0,5.263157894736842,2.631578947368421,2.631578947368421,93.42105263157895,90.78947368421053,2.631578947368421,0
E00177784,60,38,20,18,0,0,0,0,0,22,21,1,0,63.33333333333333,33.33333333333333,30,0,0,0,0,0,36.666666666666664,35,1.6666666666666667,0
E00177785,90,74,12,62,2,2,0,0,0,14,12,2,0,82.22222222222221,13.333333333333334,68.88888888888889,2.2222222222222223,2.2222222222222223,0,0,0,15.555555555555555,13.333333333333334,2.2222222222222223,0
E00177786,77,40,9,31,0,0,27,7,20,10,10,0,0,51.94805194805194,11.688311688311687,40.25974025974026,0,0,35.064935064935064,9.090909090909092,25.97402597402597,12.987012987012985,12.987012987012985,0,0
E00177787,118,52,32,20,0,0,2,1,1,64,58,6,0,44.06779661016949,27.11864406779661,16.94915254237288,0,0,1.694915254237288,0.847457627118644,0.847457627118644,54.23728813559322,49.152542372881356,5.084745762711865,0
E00177788,100,78,47,31,0,0,1,0,1,21,18,3,0,78,47,31,0,0,1,0,1,21,18,3,0
E00177789,217,201,27,174,3,3,1,1,0,12,10,2,0,92.62672811059907,12.442396313364055,80.18433179723502,1.3824884792626728,1.3824884792626728,0.4608294930875576,0.4608294930875576,0,5.529953917050691,4.6082949308755765,0.9216589861751152,0
E00177790,131,49,30,19,0,0,16,2,14,66,60,6,0,37.404580152671755,22.900763358778626,14.50381679389313,0,0,12.213740458015266,1.5267175572519083,10.687022900763358,50.38167938931297,45.80152671755725,4.580152671755725,0
E00177791,123,62,42,20,0,0,8,5,3,53,47,6,0,50.40650406504065,34.146341463414636,16.260162601626014,0,0,6.504065040650407,4.0650406504065035,2.4390243902439024,43.08943089430895,38.21138211382114,4.878048780487805,0
E00177792,125,60,18,42,0,0,6,2,4,58,52,6,1,48,14.399999999999999,33.6,0,0,4.8,1.6,3.2,46.400000000000006,41.6,4.8,0.8
E00177793,60,5,2,3,0,0,51,23,28,4,4,0,0,8.333333333333332,3.3333333333333335,5,0,0,85,38.333333333333336,46.666666666666664,6.666666666666667,6.666666666666667,0,0
E00177794,226,190,39,151,0,0,14,5,9,22,13,9,0,84.070796460177,17.25663716814159,66.8141592920354,0,0,6.1946902654867255,2.2123893805309733,3.982300884955752,9.734513274336283,5.752212389380531,3.982300884955752,0
E00177795,47,32,14,18,0,0,3,0,3,12,11,1,0,68.08510638297872,29.78723404255319,38.297872340425535,0,0,6.382978723404255,0,6.382978723404255,25.53191489361702,23.404255319148938,2.127659574468085,0
E00177796,90,64,52,12,1,1,1,0,1,24,23,1,0,71.11111111111111,57.77777777777777,13.333333333333334,1.1111111111111112,1.1111111111111112,1.1111111111111112,0,1.1111111111111112,26.666666666666668,25.555555555555554,1.1111111111111112,0
E00177797,132,53,16,37,0,0,49,29,20,30,24,6,0,40.15151515151515,12.121212121212121,28.030303030303028,0,0,37.121212121212125,21.96969696969697,15.151515151515152,22.727272727272727,18.181818181818183,4.545454545454546,0
E00177798,83,69,40,29,0,0,0,0,0,14,11,3,0,83.13253012048193,48.19277108433735,34.93975903614458,0,0,0,0,0,16.867469879518072,13.253012048192772,3.614457831325301,0
E00177799,146,42,22,20,0,0,67,14,53,37,34,3,0,28.767123287671232,15.068493150684931,13.698630136986301,0,0,45.89041095890411,9.58904109589041,36.3013698630137,25.34246575342466,23.28767123287671,2.054794520547945,0
E00177800,64,47,23,24,1,1,1,0,1,15,14,1,0,73.4375,35.9375,37.5,1.5625,1.5625,1.5625,0,1.5625,23.4375,21.875,1.5625,0
E00177801,148,34,29,5,0,0,68,18,50,46,41,5,0,22.972972972972975,19.594594594594593,3.3783783783783785,0,0,45.94594594594595,12.162162162162163,33.78378378378378,31.08108108108108,27.7027027027027,3.3783783783783785,0
E00177802,56,40,24,16,0,0,5,1,4,11,11,0,0,71.42857142857143,42.857142857142854,28.57142857142857,0,0,8.928571428571429,1.7857142857142856,7.142857142857142,19.642857142857142,19.642857142857142,0,0
E00177803,88,35,23,12,0,0,1,0,1,51,42,9,1,39.77272727272727,26.136363636363637,13.636363636363635,0,0,1.1363636363636365,0,1.1363636363636365,57.95454545454546,47.72727272727273,10.227272727272728,1.1363636363636365
E00177804,102,9,1,8,3,3,27,4,23,63,63,0,0,8.823529411764707,0.9803921568627451,7.8431372549019605,2.941176470588235,2.941176470588235,26.47058823529412,3.9215686274509802,22.54901960784314,61.76470588235294,61.76470588235294,0,0
E00177805,164,104,10,94,0,0,9,2,7,51,47,4,0,63.41463414634146,6.097560975609756,57.3170731707317,0,0,5.487804878048781,1.2195121951219512,4.2682926829268295,31.097560975609756,28.65853658536585,2.4390243902439024,0
E00177806,58,41,16,25,0,0,1,1,0,16,15,1,0,70.6896551724138,27.586206896551722,43.103448275862064,0,0,1.7241379310344827,1.7241379310344827,0,27.586206896551722,25.862068965517242,1.7241379310344827,0
E00177807,187,83,31,52,4,4,48,4,44,52,48,4,0,44.38502673796791,16.577540106951872,27.807486631016044,2.13903743315508,2.13903743315508,25.668449197860966,2.13903743315508,23.52941176470588,27.807486631016044,25.668449197860966,2.13903743315508,0
E00177808,128,8,5,3,0,0,97,55,42,23,21,2,0,6.25,3.90625,2.34375,0,0,75.78125,42.96875,32.8125,17.96875,16.40625,1.5625,0
E00177809,83,37,16,21,0,0,10,1,9,36,28,8,0,44.57831325301205,19.27710843373494,25.301204819277107,0,0,12.048192771084338,1.2048192771084338,10.843373493975903,43.373493975903614,33.734939759036145,9.63855421686747,0
E00177810,70,55,28,27,0,0,8,3,5,7,6,1,0,78.57142857142857,40,38.57142857142858,0,0,11.428571428571429,4.285714285714286,7.142857142857142,10,8.571428571428571,1.4285714285714286,0
E00177811,171,65,28,37,0,0,17,2,15,89,84,5,0,38.01169590643275,16.374269005847953,21.637426900584796,0,0,9.941520467836257,1.1695906432748537,8.771929824561402,52.046783625730995,49.122807017543856,2.923976608187134,0
E00177812,44,27,16,11,0,0,3,0,3,14,11,3,0,61.36363636363637,36.36363636363637,25,0,0,6.8181818181818175,0,6.8181818181818175,31.818181818181817,25,6.8181818181818175,0
E00177813,41,20,11,9,0,0,3,2,1,18,18,0,0,48.78048780487805,26.82926829268293,21.951219512195124,0,0,7.317073170731707,4.878048780487805,2.4390243902439024,43.90243902439025,43.90243902439025,0,0
E00177814,95,13,9,4,0,0,9,0,9,73,70,3,0,13.684210526315791,9.473684210526317,4.2105263157894735,0,0,9.473684210526317,0,9.473684210526317,76.84210526315789,73.68421052631578,3.1578947368421053,0
E00177815,91,73,39,34,0,0,2,0,2,16,14,2,0,80.21978021978022,42.857142857142854,37.362637362637365,0,0,2.197802197802198,0,2.197802197802198,17.582417582417584,15.384615384615385,2.197802197802198,0
E00177816,119,45,12,33,0,0,25,16,9,49,49,0,0,37.81512605042017,10.084033613445378,27.73109243697479,0,0,21.008403361344538,13.445378151260504,7.563025210084033,41.17647058823529,41.17647058823529,0,0
E00177817,136,31,17,14,0,0,89,60,29,14,12,2,2,22.794117647058822,12.5,10.294117647058822,0,0,65.44117647058823,44.11764705882353,21.323529411764707,10.294117647058822,8.823529411764707,1.4705882352941175,1.4705882352941175
E00177818,124,8,5,3,0,0,9,2,7,107,107,0,0,6.451612903225806,4.032258064516129,2.4193548387096775,0,0,7.258064516129033,1.6129032258064515,5.64516129032258,86.29032258064517,86.29032258064517,0,0
E00177819,59,48,18,30,0,0,6,1,5,5,4,1,0,81.35593220338984,30.508474576271187,50.847457627118644,0,0,10.16949152542373,1.694915254237288,8.47457627118644,8.47457627118644,6.779661016949152,1.694915254237288,0
E00177820,104,72,30,42,1,1,5,4,1,26,26,0,0,69.23076923076923,28.846153846153843,40.38461538461539,0.9615384615384616,0.9615384615384616,4.807692307692308,3.8461538461538463,0.9615384615384616,25,25,0,0
E00177821,138,118,87,31,3,3,1,0,1,16,11,5,0,85.5072463768116,63.04347826086957,22.463768115942027,2.1739130434782608,2.1739130434782608,0.7246376811594203,0,0.7246376811594203,11.594202898550725,7.971014492753622,3.6231884057971016,0
E00177822,60,28,21,7,0,0,6,3,3,26,23,3,0,46.666666666666664,35,11.666666666666666,0,0,10,5,5,43.333333333333336,38.333333333333336,5,0
E00177823,130,106,7,99,0,0,16,11,5,8,7,1,0,81.53846153846153,5.384615384615385,76.15384615384615,0,0,12.307692307692308,8.461538461538462,3.8461538461538463,6.153846153846154,5.384615384615385,0.7692307692307693,0
E00177824,48,39,30,9,0,0,2,1,1,7,5,2,0,81.25,62.5,18.75,0,0,4.166666666666666,2.083333333333333,2.083333333333333,14.583333333333334,10.416666666666668,4.166666666666666,0
E00177825,111,48,18,30,0,0,55,28,27,8,8,0,0,43.24324324324324,16.216216216216218,27.027027027027028,0,0,49.549549549549546,25.225225225225223,24.324324324324326,7.207207207207207,7.207207207207207,0,0
E00177826,193,156,48,108,10,10,0,0,0,27,25,2,0,80.82901554404145,24.870466321243523,55.95854922279793,5.181347150259067,5.181347150259067,0,0,0,13.989637305699482,12.953367875647666,1.0362694300518136,0
E00177827,118,57,31,26,0,0,11,2,9,50,45,5,0,48.30508474576271,26.27118644067797,22.033898305084744,0,0,9.322033898305085,1.694915254237288,7.627118644067797,42.3728813559322,38.13559322033898,4.23728813559322,0
E00177828,112,89,18,71,0,0,1,0,1,22,19,3,0,79.46428571428571,16.071428571428573,63.39285714285714,0,0,0.8928571428571428,0,0.8928571428571428,19.642857142857142,16.964285714285715,2.6785714285714284,0
E00177829,65,24,11,13,0,0,27,17,10,14,13,1,0,36.92307692307693,16.923076923076923,20,0,0,41.53846153846154,26.153846153846157,15.384615384615385,21.53846153846154,20,1.5384615384615385,0
E00177830,109,77,26,51,0,0,0,0,0,32,31,1,0,70.64220183486239,23.853211009174313,46.788990825688074,0,0,0,0,0,29.357798165137616,28.440366972477065,0.9174311926605505,0
E00177831,171,146,49,97,6,6,0,0,0,19,17,2,0,85.38011695906432,28.654970760233915,56.72514619883041,3.508771929824561,3.508771929824561,0,0,0,11.11111111111111,9.941520467836257,1.1695906432748537,0
E00177832,98,63,43,20,0,0,11,4,7,24,21,3,0,64.28571428571429,43.87755102040816,20.408163265306122,0,0,11.224489795918368,4.081632653061225,7.142857142857142,24.489795918367346,21.428571428571427,3.061224489795918,0
E00177833,42,25,21,4,0,0,11,1,10,6,6,0,0,59.523809523809526,50,9.523809523809524,0,0,26.190476190476193,2.380952380952381,23.809523809523807,14.285714285714285,14.285714285714285,0,0
E00177834,145,97,66,31,0,0,15,8,7,32,31,1,1,66.89655172413794,45.51724137931035,21.379310344827587,0,0,10.344827586206897,5.517241379310345,4.827586206896552,22.06896551724138,21.379310344827587,0.6896551724137931,0.6896551724137931
E00177835,133,76,41,35,1,1,35,21,14,21,16,5,0,57.14285714285714,30.82706766917293,26.31578947368421,0.7518796992481203,0.7518796992481203,26.31578947368421,15.789473684210526,10.526315789473683,15.789473684210526,12.030075187969924,3.7593984962406015,0
E00177836,136,122,85,37,0,0,2,1,1,12,12,0,0,89.70588235294117,62.5,27.205882352941174,0,0,1.4705882352941175,0.7352941176470588,0.7352941176470588,8.823529411764707,8.823529411764707,0,0
E00177837,154,117,23,94,1,1,5,3,2,31,29,2,0,75.97402597402598,14.935064935064934,61.038961038961034,0.6493506493506493,0.6493506493506493,3.2467532467532463,1.948051948051948,1.2987012987012987,20.12987012987013,18.83116883116883,1.2987012987012987,0
E00177838,191,91,12,79,0,0,84,52,32,16,16,0,0,47.64397905759162,6.282722513089005,41.361256544502616,0,0,43.97905759162304,27.225130890052355,16.75392670157068,8.37696335078534,8.37696335078534,0,0
E00177839,40,29,19,10,0,0,0,0,0,11,3,8,0,72.5,47.5,25,0,0,0,0,0,27.500000000000004,7.5,20,0
E00177840,100,80,34,46,0,0,3,1,2,17,12,5,0,80,34,46,0,0,3,1,2,17,12,5,0
E00177841,202,141,56,85,0,0,23,0,23,38,33,5,0,69.80198019801979,27.722772277227726,42.07920792079208,0,0,11.386138613861387,0,11.386138613861387,18.81188118811881,16.33663366336634,2.4752475247524752,0
E00177842,138,41,9,32,0,0,61,26,35,36,30,6,0,29.71014492753623,6.521739130434782,23.18840579710145,0,0,44.20289855072464,18.84057971014493,25.36231884057971,26.08695652173913,21.73913043478261,4.3478260869565215,0
E00177843,192,11,11,0,0,0,34,10,24,147,144,3,0,5.729166666666666,5.729166666666666,0,0,0,17.708333333333336,5.208333333333334,12.5,76.5625,75,1.5625,0
E00177844,107,11,2,9,0,0,87,22,65,8,6,2,1,10.2803738317757,1.8691588785046727,8.411214953271028,0,0,81.30841121495327,20.5607476635514,60.747663551401864,7.476635514018691,5.607476635514018,1.8691588785046727,0.9345794392523363
E00177845,91,63,33,30,0,0,4,0,4,24,19,5,0,69.23076923076923,36.26373626373626,32.967032967032964,0,0,4.395604395604396,0,4.395604395604396,26.373626373626376,20.87912087912088,5.4945054945054945,0
E00177846,135,122,20,102,5,5,2,1,1,6,6,0,0,90.37037037037037,14.814814814814813,75.55555555555556,3.7037037037037033,3.7037037037037033,1.4814814814814816,0.7407407407407408,0.7407407407407408,4.444444444444445,4.444444444444445,0,0
E00177847,119,88,43,45,0,0,8,5,3,23,23,0,0,73.94957983193278,36.134453781512605,37.81512605042017,0,0,6.722689075630252,4.201680672268908,2.5210084033613445,19.327731092436977,19.327731092436977,0,0
E00177848,99,44,18,26,0,0,3,0,3,52,52,0,0,44.44444444444444,18.181818181818183,26.262626262626267,0,0,3.0303030303030303,0,3.0303030303030303,52.52525252525253,52.52525252525253,0,0
E00177849,54,10,5,5,0,0,39,3,36,5,5,0,0,18.51851851851852,9.25925925925926,9.25925925925926,0,0,72.22222222222221,5.555555555555555,66.66666666666666,9.25925925925926,9.25925925925926,0,0
E00177850,133,83,17,66,0,0,36,24,12,14,11,3,0,62.40601503759399,12.781954887218044,49.62406015037594,0,0,27.06766917293233,18.045112781954884,9.022556390977442,10.526315789473683,8.270676691729323,2.2556390977443606,0
E00177851,140,8,6,2,0,0,16,5,11,116,113,3,0,5.714285714285714,4.285714285714286,1.4285714285714286,0,0,11.428571428571429,3.571428571428571,7.857142857142857,82.85714285714286,80.71428571428572,2.142857142857143,0
E00177852,41,35,13,22,0,0,3,1,2,3,2,1,0,85.36585365853658,31.70731707317073,53.65853658536586,0,0,7.317073170731707,2.4390243902439024,4.878048780487805,7.317073170731707,4.878048780487805,2.4390243902439024,0
E00177853,99,10,1,9,0,0,80,17,63,9,9,0,0,10.1010101010101,1.0101010101010102,9.090909090909092,0,0,80.8080808080808,17.17171717171717,63.63636363636363,9.090909090909092,9.090909090909092,0,0
E00177854,172,139,19,120,0,0,16,0,16,17,16,1,0,80.81395348837209,11.046511627906977,69.76744186046511,0,0,9.30232558139535,0,9.30232558139535,9.883720930232558,9.30232558139535,0.5813953488372093,0
E00177855,53,1,0,1,0,0,9,2,7,43,42,1,0,1.8867924528301887,0,1.8867924528301887,0,0,16.9811320754717,3.7735849056603774,13.20754716981132,81.13207547169812,79.24528301886792,1.8867924528301887,0
E00177856,134,116,72,44,0,0,0,0,0,18,15,3,0,86.56716417910447,53.73134328358209,32.83582089552239,0,0,0,0,0,13.432835820895523,11.194029850746269,2.2388059701492535,0
E00177857,96,35,6,29,0,0,24,14,10,37,36,1,0,36.45833333333333,6.25,30.208333333333332,0,0,25,14.583333333333334,10.416666666666668,38.54166666666667,37.5,1.0416666666666665,0
E00177858,80,5,3,2,0,0,2,0,2,73,73,0,0,6.25,3.75,2.5,0,0,2.5,0,2.5,91.25,91.25,0,0
E00177859,69,63,34,29,0,0,1,0,1,5,5,0,0,91.30434782608695,49.275362318840585,42.028985507246375,0,0,1.4492753623188406,0,1.4492753623188406,7.246376811594203,7.246376811594203,0,0
E00177860,79,11,8,3,0,0,53,7,46,15,14,1,0,13.924050632911392,10.126582278481013,3.79746835443038,0,0,67.08860759493672,8.860759493670885,58.22784810126582,18.9873417721519,17.72151898734177,1.2658227848101267,0
E00177861,65,56,34,22,0,0,2,1,1,7,6,1,0,86.15384615384616,52.307692307692314,33.84615384615385,0,0,3.076923076923077,1.5384615384615385,1.5384615384615385,10.76923076923077,9.230769230769232,1.5384615384615385,0
E00177862,109,68,35,33,0,0,1,0,1,40,38,2,0,62.38532110091744,32.11009174311927,30.275229357798167,0,0,0.9174311926605505,0,0.9174311926605505,36.69724770642202,34.862385321100916,1.834862385321101,0
E00177863,229,199,67,132,3,3,15,9,6,12,9,3,0,86.8995633187773,29.257641921397383,57.64192139737992,1.3100436681222707,1.3100436681222707,6.550218340611353,3.9301310043668125,2.6200873362445414,5.240174672489083,3.9301310043668125,1.3100436681222707,0
E00177864,153,124,24,100,0,0,15,6,9,14,8,6,0,81.04575163398692,15.686274509803921,65.359477124183,0,0,9.803921568627452,3.9215686274509802,5.88235294117647,9.15032679738562,5.228758169934641,3.9215686274509802,0
E00177865,58,17,11,6,0,0,16,4,12,25,22,3,0,29.310344827586203,18.96551724137931,10.344827586206897,0,0,27.586206896551722,6.896551724137931,20.689655172413794,43.103448275862064,37.93103448275862,5.172413793103448,0
E00177866,182,36,25,11,1,1,55,7,48,89,83,6,1,19.78021978021978,13.736263736263737,6.043956043956044,0.5494505494505495,0.5494505494505495,30.21978021978022,3.8461538461538463,26.373626373626376,48.9010989010989,45.604395604395606,3.296703296703297,0.5494505494505495
E00177867,169,21,13,8,0,0,132,59,73,16,14,2,0,12.42603550295858,7.6923076923076925,4.733727810650888,0,0,78.10650887573965,34.9112426035503,43.19526627218935,9.467455621301776,8.284023668639055,1.183431952662722,0
E00177868,165,35,18,17,3,3,88,6,82,39,34,5,0,21.21212121212121,10.909090909090908,10.303030303030303,1.8181818181818181,1.8181818181818181,53.333333333333336,3.6363636363636362,49.696969696969695,23.636363636363637,20.606060606060606,3.0303030303030303,0
E00177869,79,54,25,29,1,1,0,0,0,23,18,5,1,68.35443037974683,31.645569620253166,36.708860759493675,1.2658227848101267,1.2658227848101267,0,0,0,29.11392405063291,22.78481012658228,6.329113924050633,1.2658227848101267
E00177870,106,78,42,36,0,0,7,0,7,21,18,3,0,73.58490566037736,39.62264150943396,33.9622641509434,0,0,6.60377358490566,0,6.60377358490566,19.81132075471698,16.9811320754717,2.8301886792452833,0
E00177871,80,33,18,15,1,1,12,3,9,34,32,2,0,41.25,22.5,18.75,1.25,1.25,15,3.75,11.25,42.5,40,2.5,0
