OA,ts0080001,ts0080002,ts0080003,ts0080002_PCT,ts0080003_PCT
E00011366,140,78,62,55.714285714285715,44.285714285714285
E00011367,336,182,154,54.166666666666664,45.83333333333333
E00011368,389,211,178,54.24164524421594,45.75835475578406
E00011369,520,279,241,53.65384615384615,46.34615384615385
E00011371,368,189,179,51.358695652173914,48.641304347826086
E00011372,321,170,151,52.95950155763239,47.0404984423676
E00011370,429,225,204,52.44755244755245,47.55244755244755
E00011374,281,132,149,46.97508896797153,53.02491103202846
E00011376,381,191,190,50.13123359580053,49.86876640419948
E00011377,345,181,164,52.46376811594203,47.53623188405797
E00011378,291,168,123,57.73195876288659,42.2680412371134
E00011550,187,101,86,54.01069518716578,45.98930481283423
E00011551,264,143,121,54.166666666666664,45.83333333333333
E00011552,396,208,188,52.52525252525253,47.474747474747474
E00011553,449,228,221,50.779510022271715,49.220489977728285
E00011555,401,204,197,50.87281795511222,49.12718204488778
E00011554,373,198,175,53.08310991957105,46.91689008042895
E00011556,228,112,116,49.122807017543856,50.877192982456144
E00011558,381,210,171,55.118110236220474,44.881889763779526
E00011560,349,190,159,54.44126074498568,45.55873925501432
E00176941,306,152,154,49.673202614379086,50.326797385620914
E00176945,323,170,153,52.63157894736842,47.368421052631575
E00176946,297,151,146,50.841750841750844,49.158249158249156
E00011362,334,178,156,53.293413173652695,46.706586826347305
E00011389,353,178,175,50.42492917847026,49.57507082152974
E00011397,272,135,137,49.63235294117647,50.36764705882353
E00011399,234,132,102,56.41025641025641,43.58974358974359
E00011401,431,215,216,49.88399071925754,50.11600928074246
E00011373,376,190,186,50.53191489361703,49.46808510638298
E00011375,355,175,180,49.29577464788733,50.70422535211267
E00011384,388,192,196,49.48453608247423,50.51546391752577
E00011385,333,167,166,50.150150150150154,49.849849849849846
E00011393,294,158,136,53.74149659863946,46.25850340136054
E00011363,500,268,232,53.6,46.400000000000006
E00011382,316,190,126,60.12658227848101,39.87341772151899
E00011387,228,105,123,46.05263157894737,53.94736842105263
E00011390,342,174,168,50.877192982456144,49.122807017543856
E00011395,214,106,108,49.532710280373834,50.467289719626166
E00176956,228,120,108,52.63157894736842,47.368421052631575
E00176960,460,223,237,48.47826086956522,51.52173913043478
E00176968,174,82,92,47.12643678160919,52.87356321839081
E00011365,338,171,167,50.591715976331365,49.40828402366864
E00011404,327,178,149,54.43425076452599,45.56574923547401
E00011406,374,173,201,46.25668449197861,53.7433155080214
E00011409,350,169,181,48.285714285714285,51.714285714285715
E00011410,307,151,156,49.185667752442995,50.814332247557005
E00011462,294,148,146,50.34013605442177,49.65986394557823
E00011464,325,169,156,52,48
E00011469,345,175,170,50.72463768115942,49.275362318840585
E00011477,532,277,255,52.06766917293233,47.93233082706767
E00011478,320,178,142,55.625,44.375
E00011510,292,144,148,49.31506849315068,50.68493150684932
E00011516,367,182,185,49.59128065395095,50.40871934604905
E00011517,332,171,161,51.50602409638554,48.493975903614455
E00011519,339,192,147,56.63716814159292,43.36283185840708
E00011527,306,153,153,50,50
E00011522,273,157,116,57.509157509157504,42.49084249084249
E00011524,269,142,127,52.78810408921933,47.21189591078067
E00011529,406,203,203,50,50
E00011530,427,233,194,54.56674473067916,45.433255269320846
E00166792,234,130,104,55.55555555555556,44.44444444444444
E00166793,385,194,191,50.38961038961038,49.61038961038961
E00166794,155,81,74,52.25806451612903,47.74193548387097
E00011495,379,200,179,52.770448548812666,47.229551451187334
E00011497,415,206,209,49.63855421686747,50.36144578313253
E00011511,408,212,196,51.9607843137255,48.03921568627451
E00011531,340,164,176,48.23529411764706,51.76470588235295
E00011494,363,202,161,55.64738292011019,44.352617079889804
E00011506,360,178,182,49.44444444444444,50.55555555555556
E00011509,376,200,176,53.191489361702125,46.808510638297875
E00011513,339,186,153,54.86725663716814,45.13274336283185
E00011515,400,215,185,53.75,46.25
E00011500,378,201,177,53.17460317460318,46.82539682539682
E00011501,417,230,187,55.15587529976019,44.84412470023981
E00011502,375,193,182,51.46666666666667,48.53333333333333
E00011504,398,205,193,51.507537688442206,48.49246231155779
E00011507,332,155,177,46.68674698795181,53.31325301204819
E00011361,375,197,178,52.53333333333333,47.46666666666667
E00011379,391,202,189,51.66240409207161,48.33759590792839
E00011380,270,152,118,56.2962962962963,43.7037037037037
E00011381,343,176,167,51.31195335276968,48.68804664723032
E00011386,252,128,124,50.79365079365079,49.2063492063492
E00011388,230,125,105,54.347826086956516,45.65217391304348
E00011391,386,192,194,49.740932642487046,50.259067357512954
E00011392,331,180,151,54.38066465256798,45.61933534743202
E00011394,427,214,213,50.11709601873536,49.88290398126464
E00011396,274,156,118,56.934306569343065,43.06569343065693
E00011400,309,167,142,54.0453074433657,45.9546925566343
E00011403,236,111,125,47.03389830508475,52.96610169491526
E00011364,298,159,139,53.355704697986575,46.644295302013425
E00011398,385,193,192,50.12987012987013,49.87012987012987
E00011402,474,251,223,52.95358649789029,47.04641350210971
E00011405,365,191,174,52.32876712328767,47.671232876712324
E00011407,244,111,133,45.49180327868852,54.50819672131148
E00011408,304,164,140,53.94736842105263,46.05263157894737
E00011465,262,135,127,51.526717557251914,48.473282442748086
E00011468,327,168,159,51.37614678899083,48.62385321100918
E00011470,251,130,121,51.79282868525896,48.20717131474104
E00011471,310,150,160,48.38709677419355,51.61290322580645
E00011473,491,237,254,48.26883910386965,51.73116089613035
E00011532,267,139,128,52.05992509363296,47.940074906367045
E00011533,406,223,183,54.92610837438424,45.073891625615765
E00011561,408,218,190,53.431372549019606,46.568627450980394
E00011562,344,175,169,50.872093023255815,49.127906976744185
E00011565,431,240,191,55.68445475638051,44.31554524361949
E00011534,431,237,194,54.988399071925755,45.011600928074245
E00011536,289,148,141,51.21107266435986,48.78892733564014
E00011541,335,170,165,50.74626865671642,49.25373134328358
E00011566,363,200,163,55.09641873278237,44.90358126721763
E00011569,305,150,155,49.18032786885246,50.81967213114754
E00011571,349,186,163,53.29512893982808,46.70487106017192
E00011518,340,172,168,50.588235294117645,49.411764705882355
E00011520,274,153,121,55.839416058394164,44.16058394160584
E00011523,337,183,154,54.3026706231454,45.6973293768546
E00011525,309,172,137,55.663430420711975,44.336569579288025
E00011526,462,238,224,51.515151515151516,48.484848484848484
E00011493,360,201,159,55.833333333333336,44.166666666666664
E00011496,335,173,162,51.64179104477612,48.35820895522388
E00011498,345,176,169,51.01449275362319,48.98550724637681
E00011499,358,191,167,53.351955307262564,46.64804469273743
E00011503,315,165,150,52.38095238095239,47.61904761904761
E00011505,372,185,187,49.73118279569893,50.26881720430107
E00011508,515,278,237,53.980582524271846,46.019417475728154
E00011512,251,127,124,50.59760956175299,49.40239043824701
E00011521,372,199,173,53.494623655913976,46.50537634408602
E00011528,344,196,148,56.97674418604651,43.02325581395349
E00011613,348,186,162,53.44827586206896,46.55172413793103
E00011622,352,185,167,52.55681818181818,47.44318181818182
E00011626,311,166,145,53.37620578778135,46.62379421221865
E00011627,339,174,165,51.32743362831859,48.67256637168141
E00011630,345,176,169,51.01449275362319,48.98550724637681
E00011615,278,144,134,51.798561151079134,48.201438848920866
E00011616,312,170,142,54.48717948717948,45.51282051282051
E00011617,369,192,177,52.03252032520326,47.96747967479675
E00011619,371,187,184,50.40431266846361,49.59568733153639
E00011621,331,179,152,54.0785498489426,45.9214501510574
E00011535,334,182,152,54.49101796407185,45.50898203592814
E00011538,391,180,211,46.03580562659847,53.96419437340153
E00011540,288,154,134,53.47222222222222,46.52777777777778
E00011545,414,208,206,50.24154589371981,49.75845410628019
E00011570,358,190,168,53.072625698324025,46.927374301675975
E00011537,446,228,218,51.12107623318386,48.87892376681614
E00011543,364,202,162,55.494505494505496,44.505494505494504
E00011544,351,191,160,54.41595441595442,45.58404558404558
E00011546,385,195,190,50.649350649350644,49.35064935064935
E00011549,329,166,163,50.455927051671736,49.544072948328264
E00011539,377,212,165,56.233421750663126,43.76657824933687
E00011542,422,212,210,50.23696682464455,49.763033175355446
E00011547,434,218,216,50.23041474654379,49.76958525345622
E00011548,344,182,162,52.90697674418605,47.093023255813954
E00011559,319,172,147,53.91849529780565,46.08150470219436
E00011563,426,227,199,53.286384976525824,46.71361502347418
E00011564,303,152,151,50.165016501650165,49.834983498349835
E00011567,333,172,161,51.651651651651655,48.348348348348345
E00011568,325,157,168,48.30769230769231,51.69230769230769
E00011572,340,172,168,50.588235294117645,49.411764705882355
E00011451,355,170,185,47.88732394366197,52.112676056338024
E00011454,232,122,110,52.58620689655172,47.41379310344828
E00011458,304,153,151,50.32894736842105,49.67105263157895
E00011487,327,157,170,48.01223241590214,51.98776758409785
E00011492,324,166,158,51.23456790123457,48.76543209876543
E00011452,251,133,118,52.98804780876494,47.01195219123506
E00011461,303,157,146,51.81518151815182,48.18481848184818
E00011463,300,167,133,55.666666666666664,44.333333333333336
E00011466,289,153,136,52.94117647058824,47.05882352941176
E00011467,308,166,142,53.896103896103895,46.103896103896105
E00011476,244,126,118,51.63934426229508,48.36065573770492
E00011472,286,148,138,51.74825174825175,48.25174825174825
E00011474,381,199,182,52.23097112860893,47.76902887139108
E00011475,319,157,162,49.21630094043887,50.78369905956113
E00011482,337,181,156,53.70919881305638,46.29080118694362
E00011483,282,146,136,51.77304964539007,48.226950354609926
E00011450,523,263,260,50.2868068833652,49.7131931166348
E00011480,271,143,128,52.767527675276746,47.23247232472325
E00011481,338,182,156,53.84615384615385,46.15384615384615
E00011484,232,121,111,52.1551724137931,47.8448275862069
E00011485,260,131,129,50.38461538461539,49.61538461538461
E00011486,377,188,189,49.86737400530504,50.132625994694955
E00011455,271,135,136,49.815498154981555,50.184501845018445
E00011479,232,123,109,53.01724137931034,46.98275862068966
E00011488,236,125,111,52.96610169491526,47.03389830508475
E00011490,245,112,133,45.714285714285715,54.285714285714285
E00176950,577,304,273,52.686308492201036,47.313691507798964
E00176927,123,65,58,52.84552845528455,47.15447154471545
E00176937,481,246,235,51.143451143451145,48.85654885654886
E00176948,347,169,178,48.70317002881844,51.29682997118156
E00176953,183,87,96,47.540983606557376,52.459016393442624
E00176959,247,116,131,46.963562753036435,53.036437246963565
E00011652,267,130,137,48.68913857677903,51.31086142322098
E00011682,438,231,207,52.73972602739726,47.26027397260274
E00011685,327,172,155,52.59938837920489,47.40061162079511
E00011687,297,157,140,52.861952861952865,47.13804713804714
E00011657,350,178,172,50.857142857142854,49.142857142857146
E00011660,339,165,174,48.67256637168141,51.32743362831859
E00011669,345,172,173,49.85507246376812,50.14492753623189
E00011688,318,161,157,50.62893081761006,49.37106918238994
E00011689,378,193,185,51.05820105820106,48.94179894179894
E00011653,299,151,148,50.50167224080268,49.49832775919732
E00011655,373,189,184,50.67024128686327,49.32975871313673
E00011666,344,182,162,52.90697674418605,47.093023255813954
E00011686,290,154,136,53.103448275862064,46.89655172413793
E00011691,331,173,158,52.26586102719033,47.73413897280967
E00011670,322,147,175,45.65217391304348,54.347826086956516
E00011672,298,154,144,51.67785234899329,48.322147651006716
E00011673,362,180,182,49.72375690607735,50.27624309392266
E00011675,324,162,162,50,50
E00011678,343,185,158,53.93586005830904,46.06413994169096
E00011680,318,163,155,51.257861635220124,48.742138364779876
E00011681,417,210,207,50.35971223021583,49.64028776978417
E00011683,392,203,189,51.78571428571429,48.214285714285715
E00011684,351,178,173,50.712250712250714,49.287749287749286
E00011612,291,151,140,51.890034364261176,48.10996563573883
E00011629,327,179,148,54.74006116207951,45.25993883792049
E00011631,325,179,146,55.07692307692308,44.92307692307692
E00011633,283,159,124,56.18374558303887,43.81625441696113
E00011635,330,166,164,50.303030303030305,49.696969696969695
E00011614,309,161,148,52.103559870550164,47.896440129449836
E00011638,302,163,139,53.973509933774835,46.026490066225165
E00011639,388,196,192,50.51546391752577,49.48453608247423
E00011640,403,206,197,51.1166253101737,48.883374689826304
E00011641,396,201,195,50.75757575757576,49.24242424242424
E00011618,331,164,167,49.546827794561935,50.453172205438065
E00011620,340,180,160,52.94117647058824,47.05882352941176
E00011623,326,162,164,49.693251533742334,50.306748466257666
E00011624,431,220,211,51.04408352668214,48.95591647331787
E00011628,326,177,149,54.29447852760736,45.70552147239264
E00011654,317,169,148,53.31230283911672,46.68769716088328
E00011658,342,171,171,50,50
E00011661,201,109,92,54.22885572139303,45.77114427860697
E00011662,330,176,154,53.333333333333336,46.666666666666664
E00011690,292,148,144,50.68493150684932,49.31506849315068
E00011663,417,214,203,51.3189448441247,48.6810551558753
E00011665,327,156,171,47.706422018348626,52.293577981651374
E00011667,357,180,177,50.42016806722689,49.57983193277311
E00011671,314,143,171,45.54140127388535,54.45859872611465
E00011674,340,171,169,50.294117647058826,49.705882352941174
E00011676,384,198,186,51.5625,48.4375
E00011677,392,203,189,51.78571428571429,48.214285714285715
E00011679,361,170,191,47.091412742382275,52.90858725761773
E00011343,392,206,186,52.55102040816326,47.44897959183674
E00011344,371,189,182,50.943396226415096,49.056603773584904
E00011345,407,208,199,51.105651105651106,48.894348894348894
E00011346,317,162,155,51.10410094637224,48.89589905362776
E00011347,449,217,232,48.329621380846326,51.67037861915368
E00011350,349,176,173,50.429799426934096,49.570200573065904
E00011351,312,158,154,50.641025641025635,49.358974358974365
E00011352,402,213,189,52.98507462686567,47.01492537313433
E00011356,342,171,171,50,50
E00011453,403,220,183,54.59057071960298,45.40942928039702
E00011456,292,154,138,52.73972602739726,47.26027397260274
E00011459,322,171,151,53.105590062111794,46.8944099378882
E00011460,288,159,129,55.208333333333336,44.79166666666667
E00176949,285,145,140,50.877192982456144,49.122807017543856
E00176979,413,221,192,53.510895883777245,46.48910411622276
E00011865,407,219,188,53.8083538083538,46.19164619164619
E00011867,344,167,177,48.54651162790697,51.45348837209303
E00011869,317,165,152,52.05047318611987,47.94952681388013
E00011878,321,175,146,54.51713395638629,45.482866043613704
E00011899,386,201,185,52.07253886010362,47.92746113989637
E00011862,331,177,154,53.47432024169184,46.52567975830816
E00011868,308,154,154,50,50
E00011873,387,201,186,51.93798449612403,48.06201550387597
E00011875,355,182,173,51.267605633802816,48.732394366197184
E00011880,325,169,156,52,48
E00011893,394,198,196,50.25380710659898,49.746192893401016
E00011894,327,157,170,48.01223241590214,51.98776758409785
E00011896,351,169,182,48.148148148148145,51.85185185185185
E00011897,308,158,150,51.298701298701296,48.701298701298704
E00011898,288,145,143,50.34722222222222,49.65277777777778
E00011217,308,163,145,52.922077922077925,47.07792207792208
E00011224,295,152,143,51.52542372881356,48.47457627118644
E00011225,312,164,148,52.56410256410257,47.43589743589743
E00011226,301,148,153,49.16943521594684,50.83056478405316
E00166778,361,192,169,53.18559556786704,46.81440443213297
E00166791,238,117,121,49.159663865546214,50.84033613445378
E00011214,361,182,179,50.41551246537396,49.584487534626035
E00011218,274,150,124,54.74452554744526,45.25547445255474
E00011220,316,178,138,56.32911392405063,43.67088607594937
E00011221,356,182,174,51.12359550561798,48.87640449438202
E00011222,340,184,156,54.11764705882353,45.88235294117647
E00011625,393,227,166,57.76081424936387,42.23918575063613
E00011632,406,214,192,52.70935960591133,47.29064039408867
E00011634,366,211,155,57.650273224043715,42.349726775956285
E00011636,364,182,182,50,50
E00011637,302,181,121,59.93377483443708,40.06622516556291
E00011643,309,164,145,53.07443365695793,46.92556634304207
E00011642,312,161,151,51.60256410256411,48.3974358974359
E00011645,356,177,179,49.71910112359551,50.28089887640449
E00011647,380,189,191,49.73684210526316,50.26315789473684
E00011649,364,185,179,50.824175824175825,49.175824175824175
E00011651,320,167,153,52.1875,47.8125
E00011611,316,152,164,48.10126582278481,51.89873417721519
E00011644,325,164,161,50.46153846153846,49.53846153846154
E00011646,514,259,255,50.38910505836576,49.61089494163424
E00011648,403,221,182,54.83870967741935,45.16129032258064
E00011650,287,151,136,52.613240418118465,47.386759581881535
E00011656,348,177,171,50.86206896551724,49.137931034482754
E00011659,327,160,167,48.92966360856269,51.07033639143731
E00011664,209,129,80,61.72248803827751,38.27751196172249
E00011668,436,212,224,48.62385321100918,51.37614678899083
E00011735,278,139,139,50,50
E00011737,158,102,56,64.55696202531645,35.44303797468354
E00011739,301,159,142,52.823920265780735,47.176079734219265
E00011740,363,191,172,52.61707988980716,47.38292011019284
E00011741,287,153,134,53.31010452961672,46.68989547038328
E00011864,322,162,160,50.31055900621118,49.68944099378882
E00011866,352,174,178,49.43181818181818,50.56818181818182
E00011895,394,197,197,50,50
E00011900,386,200,186,51.813471502590666,48.18652849740933
E00011870,337,164,173,48.6646884272997,51.33531157270029
E00011871,293,159,134,54.26621160409556,45.73378839590443
E00011876,323,171,152,52.94117647058824,47.05882352941176
E00011883,291,160,131,54.98281786941581,45.017182130584196
E00011886,355,192,163,54.08450704225351,45.91549295774648
E00011874,261,142,119,54.406130268199234,45.593869731800766
E00011879,385,184,201,47.79220779220779,52.2077922077922
E00011882,313,156,157,49.84025559105431,50.159744408945684
E00166773,318,146,172,45.911949685534594,54.088050314465406
E00166775,285,138,147,48.421052631578945,51.578947368421055
E00166796,239,135,104,56.48535564853556,43.51464435146444
E00176936,249,141,108,56.62650602409639,43.373493975903614
E00176964,105,55,50,52.38095238095239,47.61904761904761
E00176966,131,62,69,47.32824427480916,52.67175572519084
E00011863,341,178,163,52.19941348973607,47.80058651026393
E00011881,323,182,141,56.34674922600619,43.653250773993804
E00011884,227,115,112,50.66079295154186,49.33920704845815
E00011887,334,188,146,56.287425149700596,43.712574850299404
E00011888,336,173,163,51.488095238095234,48.51190476190476
E00011215,496,265,231,53.42741935483871,46.57258064516129
E00011216,360,205,155,56.94444444444444,43.05555555555556
E00011219,554,278,276,50.18050541516246,49.81949458483754
E00011223,414,197,217,47.58454106280193,52.41545893719807
E00011228,147,73,74,49.65986394557823,50.34013605442177
E00011732,309,156,153,50.48543689320388,49.51456310679612
E00011734,352,173,179,49.14772727272727,50.85227272727273
E00011736,454,225,229,49.55947136563877,50.440528634361236
E00011743,402,200,202,49.75124378109453,50.24875621890548
E00166776,178,90,88,50.56179775280899,49.43820224719101
E00166777,232,113,119,48.706896551724135,51.293103448275865
E00166779,119,64,55,53.78151260504202,46.21848739495798
E00011764,308,154,154,50,50
E00011765,416,220,196,52.88461538461539,47.11538461538461
E00166786,310,158,152,50.967741935483865,49.03225806451613
E00176916,465,259,206,55.6989247311828,44.3010752688172
E00176940,466,224,242,48.068669527896994,51.931330472103
E00176965,143,73,70,51.048951048951054,48.95104895104895
E00011753,451,227,224,50.332594235033255,49.667405764966745
E00166782,162,91,71,56.17283950617284,43.82716049382716
E00176917,421,204,217,48.45605700712589,51.543942992874115
E00176918,140,75,65,53.57142857142857,46.42857142857143
E00176984,296,154,142,52.02702702702703,47.97297297297297
E00011746,339,177,162,52.21238938053098,47.78761061946903
E00011749,289,141,148,48.78892733564014,51.21107266435986
E00011750,231,135,96,58.44155844155844,41.55844155844156
E00011756,276,135,141,48.91304347826087,51.08695652173913
E00176919,204,110,94,53.92156862745098,46.07843137254902
E00176934,426,225,201,52.816901408450704,47.183098591549296
E00011329,314,169,145,53.82165605095541,46.17834394904459
E00011354,396,210,186,53.03030303030303,46.96969696969697
E00011358,314,155,159,49.36305732484077,50.63694267515923
E00011359,337,172,165,51.038575667655785,48.96142433234421
E00011327,293,147,146,50.170648464163826,49.829351535836174
E00011328,275,142,133,51.63636363636363,48.36363636363637
E00011330,331,162,169,48.94259818731118,51.057401812688816
E00011331,409,209,200,51.1002444987775,48.899755501222494
E00011334,357,184,173,51.540616246498594,48.4593837535014
E00011575,407,222,185,54.54545454545454,45.45454545454545
E00011602,309,166,143,53.72168284789643,46.27831715210356
E00011603,435,219,216,50.3448275862069,49.6551724137931
E00011606,394,193,201,48.984771573604064,51.01522842639594
E00011578,331,163,168,49.244712990936556,50.755287009063444
E00011581,306,160,146,52.28758169934641,47.712418300653596
E00011582,373,188,185,50.402144772117964,49.597855227882036
E00011604,281,156,125,55.51601423487544,44.48398576512456
E00011605,362,191,171,52.762430939226526,47.23756906077348
E00011744,313,159,154,50.798722044728436,49.201277955271564
E00011745,340,168,172,49.411764705882355,50.588235294117645
E00011747,276,138,138,50,50
E00011748,266,131,135,49.24812030075188,50.75187969924813
E00011751,298,161,137,54.0268456375839,45.97315436241611
E00011885,318,159,159,50,50
E00011889,558,291,267,52.1505376344086,47.8494623655914
E00011890,275,133,142,48.36363636363637,51.63636363636363
E00011891,344,189,155,54.94186046511628,45.05813953488372
E00011892,321,167,154,52.024922118380054,47.97507788161994
E00011332,239,132,107,55.23012552301255,44.76987447698745
E00011333,463,230,233,49.676025917926566,50.323974082073434
E00011349,281,145,136,51.60142348754449,48.39857651245551
E00011353,347,175,172,50.43227665706051,49.56772334293948
E00011355,407,201,206,49.385749385749385,50.61425061425061
E00011326,374,192,182,51.33689839572193,48.663101604278076
E00011348,371,198,173,53.36927223719676,46.63072776280324
E00011357,395,198,197,50.12658227848101,49.87341772151899
E00011360,450,239,211,53.11111111111111,46.88888888888889
E00011335,299,155,144,51.83946488294314,48.16053511705686
E00011337,362,183,179,50.552486187845304,49.447513812154696
E00011338,326,154,172,47.239263803680984,52.760736196319016
E00011341,354,175,179,49.43502824858757,50.56497175141242
E00011336,346,172,174,49.71098265895954,50.28901734104046
E00011339,346,181,165,52.312138728323696,47.687861271676304
E00011340,315,159,156,50.476190476190474,49.523809523809526
E00011342,309,149,160,48.22006472491909,51.7799352750809
E00011577,389,215,174,55.26992287917738,44.73007712082262
E00011580,379,217,162,57.25593667546174,42.74406332453825
E00011584,363,192,171,52.892561983471076,47.107438016528924
E00011586,408,220,188,53.92156862745098,46.07843137254902
E00011607,330,180,150,54.54545454545454,45.45454545454545
E00011733,203,105,98,51.724137931034484,48.275862068965516
E00011766,540,271,269,50.18518518518519,49.81481481481482
E00011769,293,160,133,54.60750853242321,45.39249146757679
E00011772,328,173,155,52.743902439024396,47.256097560975604
E00011773,358,176,182,49.162011173184354,50.83798882681564
E00011731,391,212,179,54.21994884910486,45.78005115089514
E00011770,313,163,150,52.07667731629393,47.92332268370607
E00011774,328,153,175,46.646341463414636,53.35365853658537
E00011775,349,193,156,55.30085959885387,44.69914040114613
E00011776,389,198,191,50.899742930591266,49.10025706940874
E00011754,308,160,148,51.94805194805194,48.05194805194805
E00011755,283,134,149,47.349823321554766,52.65017667844523
E00011757,498,251,247,50.401606425702816,49.59839357429719
E00011759,322,160,162,49.68944099378882,50.31055900621118
E00011767,302,162,140,53.64238410596026,46.35761589403973
E00011771,279,153,126,54.83870967741935,45.16129032258064
E00011730,417,216,201,51.798561151079134,48.201438848920866
E00011758,457,240,217,52.516411378555794,47.4835886214442
E00011761,423,225,198,53.191489361702125,46.808510638297875
E00011762,474,255,219,53.79746835443038,46.20253164556962
E00011768,339,186,153,54.86725663716814,45.13274336283185
E00011229,340,183,157,53.8235294117647,46.1764705882353
E00011231,334,173,161,51.796407185628745,48.20359281437126
E00011233,370,199,171,53.783783783783775,46.21621621621622
E00011240,393,204,189,51.908396946564885,48.091603053435115
E00011241,404,218,186,53.960396039603964,46.03960396039604
E00011230,610,344,266,56.393442622950815,43.606557377049185
E00011232,604,326,278,53.973509933774835,46.026490066225165
E00011234,338,179,159,52.95857988165681,47.0414201183432
E00011235,535,274,261,51.214953271028044,48.78504672897196
E00011237,399,203,196,50.877192982456144,49.122807017543856
E00011203,326,161,165,49.38650306748466,50.61349693251533
E00011208,364,194,170,53.2967032967033,46.7032967032967
E00011210,370,191,179,51.621621621621614,48.37837837837838
E00011239,256,143,113,55.859375,44.140625
E00011243,439,225,214,51.252847380410024,48.747152619589976
E00011202,434,236,198,54.377880184331794,45.622119815668206
E00011204,326,167,159,51.22699386503068,48.77300613496933
E00011238,343,177,166,51.60349854227405,48.39650145772595
E00011242,364,175,189,48.07692307692308,51.92307692307693
E00011244,367,193,174,52.58855585831063,47.41144414168937
E00011209,502,256,246,50.99601593625498,49.00398406374502
E00011211,333,175,158,52.552552552552555,47.44744744744745
E00011212,342,173,169,50.58479532163743,49.41520467836257
E00011213,417,213,204,51.07913669064749,48.92086330935252
E00166790,263,134,129,50.950570342205324,49.049429657794676
E00176973,544,270,274,49.63235294117647,50.36764705882353
E00176974,506,258,248,50.988142292490124,49.01185770750988
E00176924,337,182,155,54.00593471810089,45.99406528189911
E00176943,267,142,125,53.18352059925093,46.81647940074906
E00176947,248,126,122,50.806451612903224,49.193548387096776
E00176971,608,349,259,57.401315789473685,42.598684210526315
E00011205,375,178,197,47.46666666666667,52.53333333333333
E00011206,568,290,278,51.056338028169016,48.943661971830984
E00011207,408,204,204,50,50
E00166789,209,116,93,55.50239234449761,44.49760765550239
E00011255,341,174,167,51.02639296187683,48.97360703812317
E00011267,306,164,142,53.59477124183007,46.40522875816993
E00011270,349,185,164,53.00859598853869,46.99140401146132
E00011281,281,144,137,51.245551601423486,48.754448398576514
E00011285,314,163,151,51.910828025477706,48.089171974522294
E00011247,318,164,154,51.57232704402516,48.42767295597484
E00011248,330,170,160,51.515151515151516,48.484848484848484
E00011249,268,139,129,51.865671641791046,48.134328358208954
E00011258,270,142,128,52.59259259259259,47.40740740740741
E00011259,336,188,148,55.952380952380956,44.047619047619044
E00011245,306,155,151,50.65359477124183,49.34640522875817
E00011271,361,192,169,53.18559556786704,46.81440443213297
E00011275,268,155,113,57.83582089552238,42.16417910447761
E00011279,227,124,103,54.62555066079295,45.37444933920705
E00011282,330,171,159,51.81818181818182,48.18181818181818
E00011284,349,184,165,52.72206303724928,47.277936962750715
E00011266,291,160,131,54.98281786941581,45.017182130584196
E00011269,411,225,186,54.74452554744526,45.25547445255474
E00011272,266,131,135,49.24812030075188,50.75187969924813
E00011276,304,159,145,52.30263157894737,47.69736842105263
E00011278,276,145,131,52.53623188405797,47.46376811594203
E00011911,449,250,199,55.67928730512249,44.32071269487751
E00011931,359,179,180,49.86072423398329,50.13927576601671
E00011932,335,173,162,51.64179104477612,48.35820895522388
E00011934,261,137,124,52.490421455938694,47.509578544061306
E00011937,336,163,173,48.51190476190476,51.488095238095234
E00011265,292,147,145,50.34246575342466,49.65753424657534
E00011268,308,155,153,50.324675324675326,49.67532467532468
E00011273,332,171,161,51.50602409638554,48.493975903614455
E00011274,316,169,147,53.48101265822785,46.51898734177215
E00011277,332,167,165,50.30120481927711,49.6987951807229
E00011250,361,186,175,51.52354570637119,48.476454293628805
E00011251,308,160,148,51.94805194805194,48.05194805194805
E00011261,338,172,166,50.887573964497044,49.112426035502956
E00011262,335,171,164,51.04477611940299,48.95522388059702
E00011280,288,149,139,51.736111111111114,48.26388888888889
E00011246,384,200,184,52.083333333333336,47.91666666666667
E00011252,340,185,155,54.41176470588235,45.588235294117645
E00011253,414,211,203,50.96618357487923,49.033816425120776
E00011254,428,215,213,50.23364485981309,49.76635514018692
E00011260,169,98,71,57.98816568047337,42.01183431952663
E00011933,303,161,142,53.135313531353134,46.864686468646866
E00011935,325,168,157,51.69230769230769,48.30769230769231
E00011938,315,165,150,52.38095238095239,47.61904761904761
E00011939,333,164,169,49.249249249249246,50.750750750750754
E00011940,360,174,186,48.333333333333336,51.66666666666667
E00011789,349,166,183,47.56446991404012,52.43553008595988
E00011791,211,116,95,54.976303317535546,45.023696682464454
E00011792,396,200,196,50.505050505050505,49.494949494949495
E00011793,356,184,172,51.68539325842697,48.31460674157304
E00011778,288,166,122,57.638888888888886,42.36111111111111
E00011779,240,134,106,55.833333333333336,44.166666666666664
E00011795,234,116,118,49.572649572649574,50.427350427350426
E00011798,248,130,118,52.41935483870967,47.58064516129033
E00011802,244,132,112,54.09836065573771,45.90163934426229
E00011803,230,126,104,54.78260869565217,45.21739130434783
E00011777,359,196,163,54.59610027855153,45.40389972144847
E00011796,261,134,127,51.34099616858238,48.65900383141762
E00011800,278,161,117,57.9136690647482,42.086330935251794
E00011801,254,131,123,51.574803149606296,48.4251968503937
E00011805,463,226,237,48.81209503239741,51.18790496760259
E00011807,367,190,177,51.771117166212534,48.228882833787466
E00011804,299,173,126,57.859531772575245,42.14046822742475
E00011808,333,165,168,49.549549549549546,50.45045045045045
E00011812,338,171,167,50.591715976331365,49.40828402366864
E00011816,297,152,145,51.178451178451176,48.821548821548824
E00011817,215,104,111,48.372093023255815,51.627906976744185
E00011786,284,142,142,50,50
E00011787,500,271,229,54.2,45.800000000000004
E00011788,327,160,167,48.92966360856269,51.07033639143731
E00011790,315,159,156,50.476190476190474,49.523809523809526
E00011794,317,159,158,50.1577287066246,49.8422712933754
E00011576,367,196,171,53.40599455040872,46.59400544959128
E00011579,422,217,205,51.421800947867304,48.5781990521327
E00011608,292,145,147,49.65753424657534,50.34246575342466
E00011609,420,225,195,53.57142857142857,46.42857142857143
E00011573,377,191,186,50.663129973474796,49.3368700265252
E00011583,368,193,175,52.44565217391305,47.55434782608695
E00011585,339,157,182,46.312684365781706,53.687315634218294
E00011587,335,172,163,51.34328358208955,48.656716417910445
E00011610,376,191,185,50.797872340425535,49.202127659574465
E00011597,284,142,142,50,50
E00011598,313,162,151,51.75718849840255,48.242811501597444
E00011599,334,170,164,50.898203592814376,49.101796407185624
E00011601,381,198,183,51.96850393700787,48.031496062992126
E00166774,281,139,142,49.46619217081851,50.5338078291815
E00166780,336,174,162,51.78571428571429,48.214285714285715
E00011588,351,176,175,50.142450142450144,49.85754985754986
E00011589,359,185,174,51.532033426183844,48.467966573816156
E00011590,358,181,177,50.5586592178771,49.44134078212291
E00011591,318,170,148,53.459119496855344,46.540880503144656
E00011595,342,178,164,52.046783625730995,47.953216374269005
E00011574,185,99,86,53.51351351351351,46.48648648648649
E00011592,317,163,154,51.419558359621455,48.580441640378545
E00011593,331,173,158,52.26586102719033,47.73413897280967
E00011594,350,157,193,44.857142857142854,55.14285714285714
E00011596,357,192,165,53.78151260504202,46.21848739495798
E00011256,308,163,145,52.922077922077925,47.07792207792208
E00011257,329,164,165,49.848024316109424,50.15197568389058
E00011263,329,167,162,50.75987841945289,49.24012158054711
E00011264,307,160,147,52.11726384364821,47.88273615635179
E00011283,269,158,111,58.7360594795539,41.2639405204461
E00011413,381,190,191,49.86876640419948,50.13123359580053
E00011414,332,168,164,50.602409638554214,49.39759036144578
E00011416,293,156,137,53.242320819112635,46.75767918088737
E00011417,325,167,158,51.38461538461539,48.61538461538461
E00011425,333,184,149,55.25525525525525,44.74474474474475
E00011421,347,182,165,52.44956772334294,47.55043227665706
E00011423,295,159,136,53.898305084745765,46.101694915254235
E00011424,301,151,150,50.16611295681063,49.83388704318937
E00011429,334,181,153,54.191616766467064,45.808383233532936
E00011433,428,214,214,50,50
E00011797,300,153,147,51,49
E00011799,269,141,128,52.41635687732342,47.58364312267658
E00011806,321,162,159,50.467289719626166,49.532710280373834
E00011809,277,146,131,52.707581227436826,47.292418772563174
E00011810,337,165,172,48.96142433234421,51.038575667655785
E00011901,299,153,146,51.17056856187291,48.82943143812709
E00011906,349,179,170,51.28939828080229,48.71060171919771
E00011907,278,148,130,53.23741007194245,46.76258992805755
E00011908,309,172,137,55.663430420711975,44.336569579288025
E00011914,429,211,218,49.184149184149184,50.815850815850816
E00011936,391,190,201,48.59335038363171,51.406649616368284
E00011436,330,173,157,52.42424242424243,47.57575757575758
E00011440,308,165,143,53.57142857142857,46.42857142857143
E00011442,282,152,130,53.90070921985816,46.09929078014184
E00011443,404,200,204,49.504950495049506,50.495049504950494
E00011447,273,142,131,52.01465201465202,47.985347985347985
E00011415,255,119,136,46.666666666666664,53.333333333333336
E00011418,311,151,160,48.55305466237942,51.446945337620576
E00011420,295,153,142,51.864406779661024,48.13559322033898
E00011426,241,130,111,53.941908713692946,46.058091286307054
E00011431,166,77,89,46.3855421686747,53.6144578313253
E00011432,245,126,119,51.42857142857142,48.57142857142857
E00011811,345,190,155,55.072463768115945,44.927536231884055
E00011813,295,157,138,53.22033898305085,46.779661016949156
E00011814,347,178,169,51.29682997118156,48.70317002881844
E00011815,369,212,157,57.45257452574526,42.54742547425474
E00011783,334,171,163,51.19760479041916,48.80239520958084
E00011784,307,163,144,53.09446254071661,46.90553745928339
E00011785,374,172,202,45.98930481283423,54.01069518716578
E00011819,328,157,171,47.86585365853659,52.13414634146341
E00011780,387,207,180,53.48837209302325,46.51162790697674
E00011781,367,184,183,50.13623978201635,49.863760217983646
E00011782,368,171,197,46.46739130434783,53.53260869565217
E00011818,424,202,222,47.64150943396226,52.358490566037744
E00011905,370,209,161,56.486486486486484,43.513513513513516
E00011913,343,180,163,52.47813411078717,47.521865889212826
E00011924,268,127,141,47.38805970149254,52.61194029850746
E00011926,316,157,159,49.68354430379747,50.31645569620253
E00011928,278,139,139,50,50
E00011902,360,193,167,53.61111111111111,46.38888888888889
E00011909,296,146,150,49.32432432432432,50.67567567567568
E00011910,378,199,179,52.64550264550265,47.354497354497354
E00011912,307,162,145,52.76872964169381,47.23127035830619
E00011915,266,141,125,53.00751879699248,46.99248120300752
E00011904,322,184,138,57.14285714285714,42.857142857142854
E00011919,336,180,156,53.57142857142857,46.42857142857143
E00011922,356,190,166,53.37078651685393,46.62921348314607
E00011923,323,168,155,52.012383900928796,47.987616099071204
E00011929,311,166,145,53.37620578778135,46.62379421221865
E00011916,312,156,156,50,50
E00011917,325,169,156,52,48
E00011925,306,152,154,49.673202614379086,50.326797385620914
E00011927,388,199,189,51.28865979381443,48.71134020618557
E00011930,261,142,119,54.406130268199234,45.593869731800766
E00011903,377,193,184,51.19363395225464,48.80636604774536
E00011918,368,188,180,51.08695652173913,48.91304347826087
E00011920,374,196,178,52.406417112299465,47.593582887700535
E00011921,369,193,176,52.30352303523035,47.696476964769644
E00011289,256,126,130,49.21875,50.78125
E00011307,297,147,150,49.494949494949495,50.505050505050505
E00011308,325,163,162,50.153846153846146,49.84615384615385
E00011311,329,177,152,53.799392097264445,46.20060790273556
E00011317,299,161,138,53.84615384615385,46.15384615384615
E00011435,400,218,182,54.50000000000001,45.5
E00011439,299,152,147,50.836120401337794,49.163879598662206
E00011441,358,179,179,50,50
E00011445,308,159,149,51.62337662337663,48.37662337662338
E00011411,287,147,140,51.21951219512195,48.78048780487805
E00011434,324,157,167,48.45679012345679,51.54320987654321
E00011437,311,158,153,50.80385852090033,49.19614147909968
E00011438,318,156,162,49.056603773584904,50.943396226415096
E00011446,376,203,173,53.98936170212766,46.01063829787234
E00011412,372,187,185,50.26881720430107,49.73118279569893
E00011444,430,233,197,54.18604651162791,45.81395348837209
E00011448,430,209,221,48.604651162790695,51.3953488372093
E00011449,368,195,173,52.9891304347826,47.01086956521739
E00011419,333,166,167,49.849849849849846,50.150150150150154
E00011422,232,123,109,53.01724137931034,46.98275862068966
E00011427,330,171,159,51.81818181818182,48.18181818181818
E00011428,272,142,130,52.20588235294118,47.794117647058826
E00011430,324,157,167,48.45679012345679,51.54320987654321
E00011294,346,180,166,52.02312138728323,47.97687861271676
E00011296,388,194,194,50,50
E00011300,418,221,197,52.87081339712919,47.12918660287082
E00176929,365,191,174,52.32876712328767,47.671232876712324
E00176931,288,144,144,50,50
E00011287,438,211,227,48.17351598173516,51.82648401826484
E00011293,329,175,154,53.191489361702125,46.808510638297875
E00011295,273,143,130,52.38095238095239,47.61904761904761
E00011297,408,208,200,50.98039215686274,49.01960784313725
E00011299,338,173,165,51.183431952662716,48.81656804733728
E00011288,345,173,172,50.14492753623189,49.85507246376812
E00011301,326,169,157,51.84049079754601,48.15950920245399
E00011302,347,182,165,52.44956772334294,47.55043227665706
E00011303,378,212,166,56.08465608465608,43.91534391534391
E00011304,361,193,168,53.46260387811634,46.53739612188366
E00011286,332,172,160,51.80722891566265,48.19277108433735
E00011290,367,180,187,49.04632152588556,50.95367847411444
E00011324,344,173,171,50.2906976744186,49.7093023255814
E00011325,567,289,278,50.970017636684304,49.029982363315696
E00011305,374,197,177,52.67379679144385,47.32620320855615
E00011309,337,191,146,56.676557863501486,43.32344213649852
E00011310,184,95,89,51.63043478260869,48.369565217391305
E00011313,305,168,137,55.08196721311476,44.91803278688525
E00011316,351,183,168,52.13675213675214,47.863247863247864
E00011320,118,74,44,62.71186440677966,37.28813559322034
E00011306,327,170,157,51.98776758409785,48.01223241590214
E00011312,264,141,123,53.40909090909091,46.590909090909086
E00011315,269,135,134,50.18587360594795,49.814126394052046
E00011318,346,187,159,54.04624277456648,45.95375722543353
E00011319,335,172,163,51.34328358208955,48.656716417910445
E00011291,361,182,179,50.41551246537396,49.584487534626035
E00011292,269,149,120,55.39033457249071,44.60966542750929
E00011314,349,184,165,52.72206303724928,47.277936962750715
E00011321,263,146,117,55.51330798479087,44.48669201520912
E00011322,334,172,162,51.49700598802395,48.50299401197605
E00011323,225,132,93,58.666666666666664,41.333333333333336
E00011822,304,163,141,53.61842105263158,46.381578947368425
E00011824,326,162,164,49.693251533742334,50.306748466257666
E00011825,328,157,171,47.86585365853659,52.13414634146341
E00011826,332,162,170,48.795180722891565,51.204819277108435
E00011833,405,197,208,48.641975308641975,51.358024691358025
E00011820,315,170,145,53.96825396825397,46.03174603174603
E00011823,311,159,152,51.12540192926045,48.87459807073955
E00011832,349,187,162,53.581661891117484,46.41833810888252
E00011838,408,187,221,45.83333333333333,54.166666666666664
E00011842,321,160,161,49.84423676012461,50.155763239875384
E00011829,194,109,85,56.18556701030928,43.81443298969072
E00011831,358,179,179,50,50
E00011834,390,202,188,51.7948717948718,48.205128205128204
E00011835,364,186,178,51.098901098901095,48.9010989010989
E00011847,428,205,223,47.89719626168225,52.10280373831776
E00011839,406,208,198,51.231527093596064,48.76847290640394
E00011840,378,203,175,53.70370370370371,46.2962962962963
E00011846,388,197,191,50.77319587628865,49.22680412371135
E00011850,201,105,96,52.23880597014925,47.76119402985074
E00011851,314,157,157,50,50
E00176926,261,126,135,48.275862068965516,51.724137931034484
E00176942,190,101,89,53.1578947368421,46.8421052631579
E00176969,350,184,166,52.57142857142857,47.42857142857143
E00011844,417,199,218,47.721822541966425,52.27817745803357
E00011848,365,189,176,51.78082191780822,48.21917808219178
E00011853,403,217,186,53.84615384615385,46.15384615384615
E00011859,349,175,174,50.1432664756447,49.8567335243553
E00011860,511,273,238,53.42465753424658,46.57534246575342
E00011849,524,263,261,50.19083969465649,49.80916030534351
E00011856,335,174,161,51.94029850746269,48.059701492537314
E00011857,369,184,185,49.86449864498645,50.135501355013545
E00011858,348,179,169,51.43678160919541,48.56321839080459
E00011861,128,64,64,50,50
E00176932,567,298,269,52.557319223985886,47.44268077601411
E00176975,197,110,87,55.83756345177665,44.16243654822335
E00011841,340,185,155,54.41176470588235,45.588235294117645
E00011843,363,187,176,51.515151515151516,48.484848484848484
E00011845,337,171,166,50.74183976261127,49.25816023738873
E00011854,319,167,152,52.35109717868338,47.64890282131661
E00011855,349,169,180,48.42406876790831,51.57593123209169
E00011827,403,212,191,52.605459057071954,47.39454094292804
E00011828,344,177,167,51.45348837209303,48.54651162790697
E00011830,407,203,204,49.877149877149876,50.122850122850124
E00011836,344,159,185,46.22093023255814,53.779069767441854
E00011837,433,227,206,52.42494226327945,47.57505773672055
E00011702,293,142,151,48.4641638225256,51.5358361774744
E00011707,436,219,217,50.22935779816514,49.77064220183486
E00011708,372,191,181,51.344086021505376,48.655913978494624
E00011710,356,185,171,51.96629213483146,48.03370786516854
E00011711,299,159,140,53.17725752508361,46.82274247491639
E00011695,284,147,137,51.76056338028169,48.23943661971831
E00011712,566,306,260,54.06360424028268,45.936395759717314
E00011713,428,229,199,53.50467289719626,46.49532710280374
E00011721,344,171,173,49.7093023255814,50.2906976744186
E00011723,349,175,174,50.1432664756447,49.8567335243553
E00011697,297,155,142,52.18855218855219,47.81144781144781
E00011698,278,144,134,51.798561151079134,48.201438848920866
E00011703,326,171,155,52.45398773006135,47.54601226993865
E00011704,321,161,160,50.155763239875384,49.84423676012461
E00011706,340,171,169,50.294117647058826,49.705882352941174
E00011696,294,156,138,53.06122448979592,46.93877551020408
E00011699,287,140,147,48.78048780487805,51.21951219512195
E00011700,314,172,142,54.77707006369427,45.22292993630573
E00011701,353,180,173,50.991501416430594,49.008498583569406
E00011705,296,147,149,49.66216216216216,50.33783783783784
E00011693,337,182,155,54.00593471810089,45.99406528189911
E00011714,341,168,173,49.266862170087975,50.733137829912025
E00011715,338,172,166,50.887573964497044,49.112426035502956
E00011716,364,195,169,53.57142857142857,46.42857142857143
E00011719,343,175,168,51.02040816326531,48.97959183673469
E00011692,428,215,213,50.23364485981309,49.76635514018692
E00011709,260,164,96,63.07692307692307,36.92307692307693
E00011717,415,226,189,54.45783132530121,45.54216867469879
E00011724,401,207,194,51.6209476309227,48.37905236907731
E00011726,453,238,215,52.53863134657837,47.46136865342163
E00011718,363,192,171,52.892561983471076,47.107438016528924
E00011720,428,211,217,49.29906542056075,50.70093457943925
E00011722,347,189,158,54.46685878962536,45.53314121037464
E00011727,414,210,204,50.72463768115942,49.275362318840585
E00011694,376,197,179,52.3936170212766,47.6063829787234
E00011725,312,159,153,50.96153846153846,49.03846153846153
E00011728,483,250,233,51.75983436853002,48.24016563146998
E00011729,335,167,168,49.850746268656714,50.14925373134328
