OA,ts0540001,ts0540002,ts0540003,ts0540004,ts0540005,ts0540006,ts0540007,ts0540008,ts0540009,ts0540010,ts0540011,ts0540012,ts0540013,ts0540002_PCT,ts0540003_PCT,ts0540004_PCT,ts0540005_PCT,ts0540006_PCT,ts0540007_PCT,ts0540008_PCT,ts0540009_PCT,ts0540010_PCT,ts0540011_PCT,ts0540012_PCT,ts0540013_PCT
E00000576,120,105,51,54,0,0,5,2,3,10,7,3,0,87.5,42.5,45,0,0,4.166666666666666,1.6666666666666667,2.5,8.333333333333332,5.833333333333333,2.5,0
E00000577,120,45,18,27,0,0,51,39,12,24,22,2,0,37.5,15,22.5,0,0,42.5,32.5,10,20,18.333333333333332,1.6666666666666667,0
E00000578,135,105,60,45,0,0,2,1,1,28,23,5,0,77.77777777777779,44.44444444444444,33.33333333333333,0,0,1.4814814814814816,0.7407407407407408,0.7407407407407408,20.74074074074074,17.037037037037038,3.7037037037037033,0
E00000579,177,133,59,74,12,12,0,0,0,32,30,2,0,75.14124293785311,33.33333333333333,41.80790960451977,6.779661016949152,6.779661016949152,0,0,0,18.07909604519774,16.94915254237288,1.1299435028248588,0
E00000580,126,111,57,54,0,0,2,1,1,13,12,1,0,88.09523809523809,45.23809523809524,42.857142857142854,0,0,1.5873015873015872,0.7936507936507936,0.7936507936507936,10.317460317460316,9.523809523809524,0.7936507936507936,0
E00000581,184,142,84,58,0,0,1,0,1,41,34,7,0,77.17391304347827,45.65217391304348,31.521739130434785,0,0,0.5434782608695652,0,0.5434782608695652,22.282608695652172,18.478260869565215,3.804347826086957,0
E00000583,191,125,61,64,11,11,0,0,0,55,54,1,0,65.44502617801047,31.93717277486911,33.50785340314136,5.7591623036649215,5.7591623036649215,0,0,0,28.79581151832461,28.272251308900525,0.5235602094240838,0
E00000584,120,100,47,53,2,2,1,0,1,17,16,1,0,83.33333333333334,39.166666666666664,44.166666666666664,1.6666666666666667,1.6666666666666667,0.8333333333333334,0,0.8333333333333334,14.166666666666666,13.333333333333334,0.8333333333333334,0
E00000585,119,105,54,51,0,0,0,0,0,14,13,1,0,88.23529411764706,45.378151260504204,42.857142857142854,0,0,0,0,0,11.76470588235294,10.92436974789916,0.8403361344537815,0
E00000586,124,114,61,53,0,0,2,1,1,8,6,2,0,91.93548387096774,49.193548387096776,42.74193548387097,0,0,1.6129032258064515,0.8064516129032258,0.8064516129032258,6.451612903225806,4.838709677419355,1.6129032258064515,0
E00000587,129,114,62,52,0,0,4,4,0,11,9,2,0,88.37209302325581,48.06201550387597,40.310077519379846,0,0,3.10077519379845,3.10077519379845,0,8.527131782945736,6.976744186046512,1.550387596899225,0
E00000588,131,97,45,52,3,3,1,0,1,30,30,0,0,74.04580152671755,34.35114503816794,39.69465648854962,2.2900763358778624,2.2900763358778624,0.7633587786259541,0,0.7633587786259541,22.900763358778626,22.900763358778626,0,0
E00000589,133,104,62,42,1,1,3,1,2,25,19,6,0,78.19548872180451,46.616541353383454,31.57894736842105,0.7518796992481203,0.7518796992481203,2.2556390977443606,0.7518796992481203,1.5037593984962405,18.796992481203006,14.285714285714285,4.511278195488721,0
E00000590,118,81,39,42,0,0,14,7,7,23,20,3,0,68.64406779661016,33.05084745762712,35.59322033898305,0,0,11.864406779661017,5.932203389830509,5.932203389830509,19.491525423728813,16.94915254237288,2.5423728813559325,0
E00000591,126,99,57,42,0,0,3,0,3,24,23,1,0,78.57142857142857,45.23809523809524,33.33333333333333,0,0,2.380952380952381,0,2.380952380952381,19.047619047619047,18.253968253968253,0.7936507936507936,0
E00000592,137,73,31,42,2,2,47,13,34,15,13,2,0,53.284671532846716,22.62773722627737,30.656934306569344,1.4598540145985401,1.4598540145985401,34.306569343065696,9.48905109489051,24.817518248175183,10.948905109489052,9.48905109489051,1.4598540145985401,0
E00000593,124,107,58,49,0,0,4,3,1,13,11,2,0,86.29032258064517,46.774193548387096,39.516129032258064,0,0,3.225806451612903,2.4193548387096775,0.8064516129032258,10.483870967741936,8.870967741935484,1.6129032258064515,0
E00000594,134,125,76,49,0,0,1,1,0,8,6,2,0,93.28358208955224,56.71641791044776,36.56716417910448,0,0,0.7462686567164178,0.7462686567164178,0,5.970149253731343,4.477611940298507,1.4925373134328357,0
E00000595,136,20,6,14,6,6,106,14,92,4,4,0,0,14.705882352941178,4.411764705882353,10.294117647058822,4.411764705882353,4.411764705882353,77.94117647058823,10.294117647058822,67.64705882352942,2.941176470588235,2.941176470588235,0,0
E00000596,133,97,50,47,1,1,1,0,1,34,31,3,0,72.93233082706767,37.59398496240601,35.338345864661655,0.7518796992481203,0.7518796992481203,0.7518796992481203,0,0.7518796992481203,25.563909774436087,23.308270676691727,2.2556390977443606,0
E00000597,116,89,43,46,8,8,1,0,1,18,16,2,0,76.72413793103449,37.06896551724138,39.6551724137931,6.896551724137931,6.896551724137931,0.8620689655172413,0,0.8620689655172413,15.517241379310345,13.793103448275861,1.7241379310344827,0
E00000598,133,119,53,66,1,1,0,0,0,13,13,0,0,89.47368421052632,39.849624060150376,49.62406015037594,0.7518796992481203,0.7518796992481203,0,0,0,9.774436090225564,9.774436090225564,0,0
E00000599,139,26,8,18,1,1,92,7,85,20,19,1,0,18.705035971223023,5.755395683453238,12.949640287769784,0.7194244604316548,0.7194244604316548,66.18705035971223,5.0359712230215825,61.15107913669065,14.388489208633093,13.66906474820144,0.7194244604316548,0
E00000600,142,116,55,61,1,1,7,5,2,18,16,2,0,81.69014084507043,38.732394366197184,42.95774647887324,0.7042253521126761,0.7042253521126761,4.929577464788732,3.5211267605633805,1.4084507042253522,12.676056338028168,11.267605633802818,1.4084507042253522,0
E00000601,128,110,43,67,1,1,0,0,0,17,14,3,0,85.9375,33.59375,52.34375,0.78125,0.78125,0,0,0,13.28125,10.9375,2.34375,0
E00000602,131,82,27,55,14,14,7,4,3,28,28,0,0,62.59541984732825,20.610687022900763,41.98473282442748,10.687022900763358,10.687022900763358,5.343511450381679,3.0534351145038165,2.2900763358778624,21.374045801526716,21.374045801526716,0,0
E00000603,135,96,44,52,0,0,9,2,7,30,27,3,0,71.11111111111111,32.592592592592595,38.51851851851852,0,0,6.666666666666667,1.4814814814814816,5.185185185185185,22.22222222222222,20,2.2222222222222223,0
E00000604,171,74,37,37,6,6,3,2,1,88,86,2,0,43.27485380116959,21.637426900584796,21.637426900584796,3.508771929824561,3.508771929824561,1.7543859649122806,1.1695906432748537,0.5847953216374269,51.461988304093566,50.29239766081871,1.1695906432748537,0
E00000605,151,105,54,51,0,0,2,0,2,44,40,4,0,69.5364238410596,35.76158940397351,33.77483443708609,0,0,1.3245033112582782,0,1.3245033112582782,29.13907284768212,26.490066225165563,2.6490066225165565,0
E00000606,141,67,28,39,0,0,26,2,24,48,46,2,0,47.5177304964539,19.858156028368796,27.659574468085108,0,0,18.439716312056735,1.4184397163120568,17.02127659574468,34.04255319148936,32.62411347517731,1.4184397163120568,0
E00000607,208,115,74,41,0,0,31,25,6,62,60,2,0,55.28846153846154,35.57692307692308,19.71153846153846,0,0,14.903846153846153,12.01923076923077,2.8846153846153846,29.807692307692307,28.846153846153843,0.9615384615384616,0
E00000608,125,87,41,46,0,0,2,1,1,36,34,2,0,69.6,32.800000000000004,36.8,0,0,1.6,0.8,0.8,28.799999999999997,27.200000000000003,1.6,0
E00000609,200,59,22,37,2,2,58,46,12,81,76,5,0,29.5,11,18.5,1,1,28.999999999999996,23,6,40.5,38,2.5,0
E00000610,129,120,76,44,1,1,0,0,0,8,8,0,0,93.02325581395348,58.91472868217055,34.10852713178294,0.7751937984496124,0.7751937984496124,0,0,0,6.2015503875969,6.2015503875969,0,0
E00000611,110,102,55,47,1,1,0,0,0,7,7,0,0,92.72727272727272,50,42.72727272727273,0.9090909090909091,0.9090909090909091,0,0,0,6.363636363636363,6.363636363636363,0,0
E00000612,118,105,50,55,0,0,1,1,0,12,11,1,0,88.98305084745762,42.3728813559322,46.61016949152542,0,0,0.847457627118644,0.847457627118644,0,10.16949152542373,9.322033898305085,0.847457627118644,0
E00000613,131,111,57,54,0,0,1,0,1,19,13,6,0,84.7328244274809,43.51145038167939,41.221374045801525,0,0,0.7633587786259541,0,0.7633587786259541,14.50381679389313,9.923664122137405,4.580152671755725,0
E00000614,110,101,57,44,0,0,0,0,0,9,9,0,0,91.81818181818183,51.81818181818182,40,0,0,0,0,0,8.181818181818182,8.181818181818182,0,0
E00000615,122,105,54,51,1,1,1,0,1,15,12,3,0,86.0655737704918,44.26229508196721,41.80327868852459,0.819672131147541,0.819672131147541,0.819672131147541,0,0.819672131147541,12.295081967213115,9.836065573770492,2.459016393442623,0
E00000616,121,72,30,42,0,0,1,1,0,48,45,3,0,59.50413223140496,24.793388429752067,34.710743801652896,0,0,0.8264462809917356,0.8264462809917356,0,39.66942148760331,37.1900826446281,2.479338842975207,0
E00000617,127,89,42,47,0,0,2,2,0,36,30,6,0,70.07874015748031,33.07086614173229,37.00787401574803,0,0,1.574803149606299,1.574803149606299,0,28.346456692913385,23.62204724409449,4.724409448818897,0
E00000618,133,82,35,47,0,0,42,2,40,9,3,6,0,61.65413533834586,26.31578947368421,35.338345864661655,0,0,31.57894736842105,1.5037593984962405,30.075187969924812,6.7669172932330826,2.2556390977443606,4.511278195488721,0
E00000619,122,113,63,50,0,0,0,0,0,9,9,0,0,92.62295081967213,51.63934426229508,40.98360655737705,0,0,0,0,0,7.377049180327869,7.377049180327869,0,0
E00000620,134,120,60,60,0,0,3,2,1,11,9,2,0,89.55223880597015,44.776119402985074,44.776119402985074,0,0,2.2388059701492535,1.4925373134328357,0.7462686567164178,8.208955223880597,6.7164179104477615,1.4925373134328357,0
E00000622,120,26,13,13,1,1,75,4,71,18,17,1,0,21.666666666666668,10.833333333333334,10.833333333333334,0.8333333333333334,0.8333333333333334,62.5,3.3333333333333335,59.166666666666664,15,14.166666666666666,0.8333333333333334,0
E00000624,111,38,17,21,0,0,2,2,0,71,67,4,0,34.234234234234236,15.315315315315313,18.91891891891892,0,0,1.8018018018018018,1.8018018018018018,0,63.96396396396396,60.36036036036037,3.6036036036036037,0
E00000625,124,51,22,29,0,0,45,40,5,28,27,1,0,41.12903225806452,17.741935483870968,23.387096774193548,0,0,36.29032258064516,32.25806451612903,4.032258064516129,22.58064516129032,21.774193548387096,0.8064516129032258,0
E00000626,141,40,27,13,0,0,33,26,7,66,62,4,2,28.368794326241137,19.148936170212767,9.219858156028367,0,0,23.404255319148938,18.439716312056735,4.964539007092199,46.808510638297875,43.97163120567376,2.8368794326241136,1.4184397163120568
E00000627,122,23,12,11,1,1,52,47,5,46,41,5,0,18.852459016393443,9.836065573770492,9.01639344262295,0.819672131147541,0.819672131147541,42.62295081967213,38.52459016393443,4.098360655737705,37.704918032786885,33.60655737704918,4.098360655737705,0
E00000628,135,63,33,30,0,0,41,36,5,30,26,4,1,46.666666666666664,24.444444444444443,22.22222222222222,0,0,30.37037037037037,26.666666666666668,3.7037037037037033,22.22222222222222,19.25925925925926,2.9629629629629632,0.7407407407407408
E00000629,126,91,63,28,1,1,0,0,0,34,32,2,0,72.22222222222221,50,22.22222222222222,0.7936507936507936,0.7936507936507936,0,0,0,26.984126984126984,25.396825396825395,1.5873015873015872,0
E00000630,105,45,20,25,1,1,23,20,3,35,27,8,1,42.857142857142854,19.047619047619047,23.809523809523807,0.9523809523809524,0.9523809523809524,21.904761904761905,19.047619047619047,2.857142857142857,33.33333333333333,25.71428571428571,7.6190476190476195,0.9523809523809524
E00000631,119,56,19,37,0,0,36,29,7,27,16,11,0,47.05882352941176,15.966386554621847,31.092436974789916,0,0,30.252100840336134,24.369747899159663,5.88235294117647,22.689075630252102,13.445378151260504,9.243697478991598,0
E00000632,113,47,21,26,2,2,43,35,8,21,17,4,0,41.5929203539823,18.58407079646018,23.008849557522122,1.7699115044247788,1.7699115044247788,38.05309734513274,30.973451327433626,7.079646017699115,18.58407079646018,15.04424778761062,3.5398230088495577,0
E00000633,135,43,18,25,1,1,68,51,17,23,20,3,0,31.851851851851855,13.333333333333334,18.51851851851852,0.7407407407407408,0.7407407407407408,50.37037037037037,37.77777777777778,12.592592592592592,17.037037037037038,14.814814814814813,2.2222222222222223,0
E00000634,130,62,24,38,1,1,52,45,7,15,15,0,0,47.69230769230769,18.461538461538463,29.230769230769234,0.7692307692307693,0.7692307692307693,40,34.61538461538461,5.384615384615385,11.538461538461538,11.538461538461538,0,0
E00000635,117,54,23,31,0,0,27,24,3,36,34,2,0,46.15384615384615,19.65811965811966,26.495726495726498,0,0,23.076923076923077,20.51282051282051,2.564102564102564,30.76923076923077,29.059829059829063,1.7094017094017095,0
E00000636,124,54,20,34,1,1,35,32,3,34,32,2,0,43.54838709677419,16.129032258064516,27.419354838709676,0.8064516129032258,0.8064516129032258,28.225806451612907,25.806451612903224,2.4193548387096775,27.419354838709676,25.806451612903224,1.6129032258064515,0
E00000637,124,38,13,25,0,0,48,45,3,37,33,4,1,30.64516129032258,10.483870967741936,20.161290322580644,0,0,38.70967741935484,36.29032258064516,2.4193548387096775,29.838709677419356,26.61290322580645,3.225806451612903,0.8064516129032258
E00000638,130,53,21,32,0,0,46,40,6,30,25,5,1,40.76923076923077,16.153846153846153,24.615384615384617,0,0,35.38461538461539,30.76923076923077,4.615384615384616,23.076923076923077,19.230769230769234,3.8461538461538463,0.7692307692307693
E00000640,126,38,10,28,0,0,64,47,17,24,23,1,0,30.158730158730158,7.936507936507936,22.22222222222222,0,0,50.79365079365079,37.301587301587304,13.492063492063492,19.047619047619047,18.253968253968253,0.7936507936507936,0
E00000641,118,46,20,26,0,0,54,48,6,18,15,3,0,38.983050847457626,16.94915254237288,22.033898305084744,0,0,45.76271186440678,40.67796610169492,5.084745762711865,15.254237288135593,12.711864406779661,2.5423728813559325,0
E00000642,112,40,16,24,0,0,48,44,4,24,19,5,0,35.714285714285715,14.285714285714285,21.428571428571427,0,0,42.857142857142854,39.285714285714285,3.571428571428571,21.428571428571427,16.964285714285715,4.464285714285714,0
E00000643,114,65,25,40,0,0,24,22,2,25,23,2,0,57.01754385964912,21.929824561403507,35.08771929824561,0,0,21.052631578947366,19.298245614035086,1.7543859649122806,21.929824561403507,20.175438596491226,1.7543859649122806,0
E00000644,114,41,21,20,0,0,51,45,6,21,19,2,1,35.96491228070175,18.421052631578945,17.543859649122805,0,0,44.73684210526316,39.473684210526315,5.263157894736842,18.421052631578945,16.666666666666664,1.7543859649122806,0.8771929824561403
E00000645,106,41,13,28,0,0,44,42,2,21,19,2,0,38.67924528301887,12.264150943396226,26.41509433962264,0,0,41.509433962264154,39.62264150943396,1.8867924528301887,19.81132075471698,17.92452830188679,1.8867924528301887,0
E00000646,121,53,24,29,2,2,52,44,8,14,12,2,0,43.80165289256198,19.834710743801654,23.96694214876033,1.6528925619834711,1.6528925619834711,42.97520661157025,36.36363636363637,6.6115702479338845,11.570247933884298,9.917355371900827,1.6528925619834711,0
E00000647,139,59,25,34,2,2,60,57,3,18,18,0,0,42.44604316546763,17.985611510791365,24.46043165467626,1.4388489208633095,1.4388489208633095,43.16546762589928,41.007194244604314,2.158273381294964,12.949640287769784,12.949640287769784,0,0
E00000648,120,43,24,19,0,0,56,49,7,21,20,1,0,35.833333333333336,20,15.833333333333332,0,0,46.666666666666664,40.833333333333336,5.833333333333333,17.5,16.666666666666664,0.8333333333333334,0
E00000649,140,29,11,18,0,0,10,3,7,101,101,0,0,20.714285714285715,7.857142857142857,12.857142857142856,0,0,7.142857142857142,2.142857142857143,5,72.14285714285714,72.14285714285714,0,0
E00000650,135,42,14,28,2,2,54,47,7,37,32,5,0,31.11111111111111,10.37037037037037,20.74074074074074,1.4814814814814816,1.4814814814814816,40,34.81481481481482,5.185185185185185,27.40740740740741,23.703703703703706,3.7037037037037033,0
E00000651,169,48,14,34,5,5,70,3,67,45,42,3,1,28.402366863905325,8.284023668639055,20.118343195266274,2.9585798816568047,2.9585798816568047,41.42011834319527,1.7751479289940828,39.64497041420118,26.627218934911244,24.85207100591716,1.7751479289940828,0.591715976331361
E00000652,109,31,10,21,0,0,12,3,9,66,66,0,0,28.440366972477065,9.174311926605505,19.26605504587156,0,0,11.009174311926607,2.7522935779816518,8.256880733944955,60.550458715596335,60.550458715596335,0,0
E00000653,137,56,34,22,0,0,46,38,8,35,33,2,0,40.87591240875913,24.817518248175183,16.05839416058394,0,0,33.57664233576642,27.73722627737226,5.839416058394161,25.547445255474454,24.087591240875913,1.4598540145985401,0
E00000654,120,53,24,29,0,0,53,48,5,14,14,0,0,44.166666666666664,20,24.166666666666668,0,0,44.166666666666664,40,4.166666666666666,11.666666666666666,11.666666666666666,0,0
E00000655,127,47,15,32,14,14,16,12,4,50,45,5,0,37.00787401574803,11.811023622047244,25.196850393700785,11.023622047244094,11.023622047244094,12.598425196850393,9.448818897637794,3.149606299212598,39.37007874015748,35.43307086614173,3.937007874015748,0
E00000656,122,35,11,24,16,16,28,2,26,43,41,2,0,28.688524590163933,9.01639344262295,19.672131147540984,13.114754098360656,13.114754098360656,22.950819672131146,1.639344262295082,21.311475409836063,35.24590163934426,33.60655737704918,1.639344262295082,0
E00000657,141,17,5,12,0,0,95,6,89,29,25,4,0,12.056737588652481,3.546099290780142,8.51063829787234,0,0,67.37588652482269,4.25531914893617,63.12056737588653,20.56737588652482,17.73049645390071,2.8368794326241136,0
E00000658,187,67,26,41,0,0,82,42,40,38,37,1,0,35.82887700534759,13.903743315508022,21.92513368983957,0,0,43.85026737967914,22.459893048128343,21.390374331550802,20.32085561497326,19.786096256684495,0.53475935828877,0
E00000659,120,32,16,16,0,0,58,46,12,28,25,3,2,26.666666666666668,13.333333333333334,13.333333333333334,0,0,48.333333333333336,38.333333333333336,10,23.333333333333332,20.833333333333336,2.5,1.6666666666666667
E00000660,125,51,19,32,2,2,47,44,3,25,21,4,0,40.8,15.2,25.6,1.6,1.6,37.6,35.199999999999996,2.4,20,16.8,3.2,0
E00000661,125,84,37,47,2,2,3,2,1,36,34,2,0,67.2,29.599999999999998,37.6,1.6,1.6,2.4,1.6,0.8,28.799999999999997,27.200000000000003,1.6,0
E00000662,109,59,28,31,2,2,36,32,4,12,11,1,0,54.12844036697248,25.688073394495415,28.440366972477065,1.834862385321101,1.834862385321101,33.02752293577982,29.357798165137616,3.669724770642202,11.009174311926607,10.091743119266056,0.9174311926605505,0
E00000663,111,26,14,12,0,0,67,65,2,18,18,0,0,23.423423423423422,12.612612612612612,10.81081081081081,0,0,60.36036036036037,58.55855855855856,1.8018018018018018,16.216216216216218,16.216216216216218,0,0
E00000664,178,23,12,11,0,0,108,27,81,46,40,6,1,12.921348314606742,6.741573033707865,6.179775280898876,0,0,60.67415730337079,15.168539325842698,45.50561797752809,25.842696629213485,22.47191011235955,3.3707865168539324,0.5617977528089888
E00000666,98,8,5,3,3,3,6,4,2,81,80,1,0,8.16326530612245,5.1020408163265305,3.061224489795918,3.061224489795918,3.061224489795918,6.122448979591836,4.081632653061225,2.0408163265306123,82.6530612244898,81.63265306122449,1.0204081632653061,0
E00000667,141,45,21,24,1,1,59,56,3,36,34,2,0,31.914893617021278,14.893617021276595,17.02127659574468,0.7092198581560284,0.7092198581560284,41.843971631205676,39.71631205673759,2.127659574468085,25.53191489361702,24.113475177304963,1.4184397163120568,0
E00000668,116,40,26,14,1,1,58,6,52,17,17,0,0,34.48275862068966,22.413793103448278,12.068965517241379,0.8620689655172413,0.8620689655172413,50,5.172413793103448,44.827586206896555,14.655172413793101,14.655172413793101,0,0
E00000669,146,74,40,34,0,0,5,2,3,67,63,4,0,50.68493150684932,27.397260273972602,23.28767123287671,0,0,3.4246575342465753,1.36986301369863,2.054794520547945,45.89041095890411,43.15068493150685,2.73972602739726,0
E00000670,147,97,60,37,2,2,3,2,1,45,40,5,0,65.98639455782312,40.816326530612244,25.170068027210885,1.3605442176870748,1.3605442176870748,2.0408163265306123,1.3605442176870748,0.6802721088435374,30.612244897959183,27.2108843537415,3.4013605442176873,0
E00000671,137,79,26,53,0,0,7,5,2,51,47,4,0,57.66423357664233,18.97810218978102,38.68613138686132,0,0,5.109489051094891,3.64963503649635,1.4598540145985401,37.22627737226277,34.306569343065696,2.9197080291970803,0
E00000672,143,88,42,46,2,2,4,4,0,49,46,3,0,61.53846153846154,29.37062937062937,32.16783216783217,1.3986013986013985,1.3986013986013985,2.797202797202797,2.797202797202797,0,34.26573426573427,32.16783216783217,2.097902097902098,0
E00000674,129,98,59,39,0,0,4,4,0,27,24,3,0,75.96899224806202,45.73643410852713,30.23255813953488,0,0,3.10077519379845,3.10077519379845,0,20.930232558139537,18.6046511627907,2.3255813953488373,0
E00000675,125,56,30,26,1,1,8,8,0,60,53,7,0,44.800000000000004,24,20.8,0.8,0.8,6.4,6.4,0,48,42.4,5.6000000000000005,0
E00000676,146,83,43,40,1,1,5,3,2,57,55,2,0,56.849315068493155,29.45205479452055,27.397260273972602,0.684931506849315,0.684931506849315,3.4246575342465753,2.054794520547945,1.36986301369863,39.04109589041096,37.67123287671233,1.36986301369863,0
E00000677,125,15,8,7,1,1,16,2,14,93,90,3,0,12,6.4,5.6000000000000005,0.8,0.8,12.8,1.6,11.200000000000001,74.4,72,2.4,0
E00000678,131,43,15,28,0,0,58,50,8,28,28,0,2,32.82442748091603,11.450381679389313,21.374045801526716,0,0,44.274809160305345,38.16793893129771,6.106870229007633,21.374045801526716,21.374045801526716,0,1.5267175572519083
E00000679,133,30,13,17,2,2,28,2,26,73,70,3,0,22.55639097744361,9.774436090225564,12.781954887218044,1.5037593984962405,1.5037593984962405,21.052631578947366,1.5037593984962405,19.548872180451127,54.88721804511278,52.63157894736842,2.2556390977443606,0
E00000681,116,28,12,16,0,0,33,15,18,55,53,2,0,24.137931034482758,10.344827586206897,13.793103448275861,0,0,28.448275862068968,12.931034482758621,15.517241379310345,47.41379310344828,45.689655172413794,1.7241379310344827,0
E00000682,122,59,28,31,0,0,43,37,6,19,19,0,1,48.36065573770492,22.950819672131146,25.40983606557377,0,0,35.24590163934426,30.327868852459016,4.918032786885246,15.573770491803279,15.573770491803279,0,0.819672131147541
E00000683,115,34,19,15,0,0,55,50,5,26,26,0,0,29.565217391304348,16.52173913043478,13.043478260869565,0,0,47.82608695652174,43.47826086956522,4.3478260869565215,22.608695652173914,22.608695652173914,0,0
E00000684,141,23,10,13,4,4,47,11,36,67,63,4,0,16.312056737588655,7.092198581560284,9.219858156028367,2.8368794326241136,2.8368794326241136,33.33333333333333,7.801418439716312,25.53191489361702,47.5177304964539,44.680851063829785,2.8368794326241136,0
E00000685,177,27,14,13,0,0,11,7,4,139,134,5,0,15.254237288135593,7.909604519774012,7.344632768361582,0,0,6.214689265536723,3.954802259887006,2.2598870056497176,78.53107344632768,75.70621468926554,2.824858757062147,0
E00000686,113,27,18,9,0,0,7,3,4,79,75,4,0,23.893805309734514,15.929203539823009,7.964601769911504,0,0,6.1946902654867255,2.6548672566371683,3.5398230088495577,69.91150442477876,66.3716814159292,3.5398230088495577,0
E00000687,119,55,33,22,0,0,3,2,1,61,59,2,0,46.21848739495798,27.73109243697479,18.487394957983195,0,0,2.5210084033613445,1.680672268907563,0.8403361344537815,51.26050420168067,49.57983193277311,1.680672268907563,0
E00000688,142,51,34,17,1,1,0,0,0,90,80,10,0,35.91549295774648,23.943661971830984,11.971830985915492,0.7042253521126761,0.7042253521126761,0,0,0,63.38028169014085,56.33802816901409,7.042253521126761,0
E00000689,123,56,27,29,0,0,3,0,3,64,61,3,0,45.52845528455284,21.951219512195124,23.577235772357724,0,0,2.4390243902439024,0,2.4390243902439024,52.03252032520326,49.59349593495935,2.4390243902439024,0
E00000690,106,74,47,27,0,0,2,0,2,30,28,2,0,69.81132075471697,44.339622641509436,25.471698113207548,0,0,1.8867924528301887,0,1.8867924528301887,28.30188679245283,26.41509433962264,1.8867924528301887,0
E00000691,126,24,15,9,0,0,8,3,5,94,92,2,0,19.047619047619047,11.904761904761903,7.142857142857142,0,0,6.349206349206349,2.380952380952381,3.968253968253968,74.60317460317461,73.01587301587301,1.5873015873015872,0
E00000692,129,56,20,36,0,0,1,1,0,72,65,7,0,43.41085271317829,15.503875968992247,27.906976744186046,0,0,0.7751937984496124,0.7751937984496124,0,55.81395348837209,50.3875968992248,5.426356589147287,0
E00000693,158,32,14,18,0,0,20,14,6,105,105,0,1,20.253164556962027,8.860759493670885,11.39240506329114,0,0,12.658227848101266,8.860759493670885,3.79746835443038,66.45569620253164,66.45569620253164,0,0.6329113924050633
E00000694,196,53,25,28,1,1,1,0,1,141,138,3,0,27.040816326530614,12.755102040816327,14.285714285714285,0.5102040816326531,0.5102040816326531,0.5102040816326531,0,0.5102040816326531,71.93877551020408,70.40816326530613,1.530612244897959,0
E00000695,129,83,41,42,0,0,1,1,0,45,39,6,0,64.34108527131784,31.782945736434108,32.55813953488372,0,0,0.7751937984496124,0.7751937984496124,0,34.883720930232556,30.23255813953488,4.651162790697675,0
E00000697,124,99,58,41,0,0,0,0,0,25,23,2,0,79.83870967741935,46.774193548387096,33.064516129032256,0,0,0,0,0,20.161290322580644,18.548387096774192,1.6129032258064515,0
E00000698,227,106,62,44,2,2,12,3,9,107,100,7,0,46.69603524229075,27.312775330396477,19.383259911894275,0.881057268722467,0.881057268722467,5.286343612334802,1.3215859030837005,3.9647577092511015,47.136563876651984,44.052863436123346,3.0837004405286343,0
E00000699,146,82,42,40,0,0,8,0,8,55,50,5,1,56.16438356164384,28.767123287671232,27.397260273972602,0,0,5.47945205479452,0,5.47945205479452,37.67123287671233,34.24657534246575,3.4246575342465753,0.684931506849315
E00000700,142,68,42,26,2,2,0,0,0,72,70,2,0,47.88732394366197,29.577464788732392,18.30985915492958,1.4084507042253522,1.4084507042253522,0,0,0,50.70422535211267,49.29577464788733,1.4084507042253522,0
E00000701,113,57,30,27,0,0,20,18,2,36,32,4,0,50.442477876106196,26.548672566371685,23.893805309734514,0,0,17.699115044247787,15.929203539823009,1.7699115044247788,31.858407079646017,28.31858407079646,3.5398230088495577,0
E00000702,212,39,27,12,0,0,9,4,5,163,157,6,1,18.39622641509434,12.735849056603774,5.660377358490567,0,0,4.245283018867925,1.8867924528301887,2.358490566037736,76.88679245283019,74.05660377358491,2.8301886792452833,0.4716981132075472
E00000703,144,111,71,40,2,2,1,0,1,30,24,6,0,77.08333333333334,49.30555555555556,27.77777777777778,1.3888888888888888,1.3888888888888888,0.6944444444444444,0,0.6944444444444444,20.833333333333336,16.666666666666664,4.166666666666666,0
E00000704,132,63,47,16,0,0,4,0,4,65,65,0,0,47.72727272727273,35.60606060606061,12.121212121212121,0,0,3.0303030303030303,0,3.0303030303030303,49.24242424242424,49.24242424242424,0,0
E00000705,133,102,60,42,1,1,0,0,0,30,28,2,0,76.69172932330827,45.11278195488722,31.57894736842105,0.7518796992481203,0.7518796992481203,0,0,0,22.55639097744361,21.052631578947366,1.5037593984962405,0
E00000706,114,61,35,26,0,0,1,0,1,52,47,5,0,53.50877192982456,30.701754385964914,22.807017543859647,0,0,0.8771929824561403,0,0.8771929824561403,45.614035087719294,41.228070175438596,4.385964912280701,0
E00000707,147,95,59,36,3,3,0,0,0,49,46,3,0,64.62585034013605,40.136054421768705,24.489795918367346,2.0408163265306123,2.0408163265306123,0,0,0,33.33333333333333,31.292517006802722,2.0408163265306123,0
E00000708,160,101,62,39,1,1,1,0,1,57,55,2,0,63.125,38.75,24.375,0.625,0.625,0.625,0,0.625,35.625,34.375,1.25,0
E00000709,143,26,13,13,4,4,87,67,20,26,23,3,0,18.181818181818183,9.090909090909092,9.090909090909092,2.797202797202797,2.797202797202797,60.83916083916085,46.85314685314685,13.986013986013987,18.181818181818183,16.083916083916083,2.097902097902098,0
E00000710,210,57,30,27,3,3,5,1,4,145,138,7,0,27.142857142857142,14.285714285714285,12.857142857142856,1.4285714285714286,1.4285714285714286,2.380952380952381,0.4761904761904762,1.9047619047619049,69.04761904761905,65.71428571428571,3.3333333333333335,0
E00000711,220,88,55,33,3,3,31,2,29,98,90,8,0,40,25,15,1.3636363636363635,1.3636363636363635,14.09090909090909,0.9090909090909091,13.18181818181818,44.54545454545455,40.909090909090914,3.6363636363636362,0
E00000712,151,80,48,32,0,0,1,0,1,70,68,2,0,52.980132450331126,31.788079470198678,21.192052980132452,0,0,0.6622516556291391,0,0.6622516556291391,46.35761589403973,45.033112582781456,1.3245033112582782,0
E00000713,160,81,55,26,0,0,29,27,2,50,46,4,0,50.625,34.375,16.25,0,0,18.125,16.875,1.25,31.25,28.749999999999996,2.5,0
E00000714,123,75,44,31,0,0,4,2,2,44,37,7,0,60.97560975609756,35.77235772357724,25.203252032520325,0,0,3.2520325203252036,1.6260162601626018,1.6260162601626018,35.77235772357724,30.081300813008134,5.691056910569105,0
E00000715,152,68,42,26,0,0,17,2,15,67,64,3,0,44.73684210526316,27.631578947368425,17.105263157894736,0,0,11.18421052631579,1.3157894736842104,9.868421052631579,44.07894736842105,42.10526315789473,1.9736842105263157,0
E00000716,211,72,35,37,2,2,22,4,18,115,107,8,0,34.12322274881517,16.587677725118482,17.535545023696685,0.9478672985781991,0.9478672985781991,10.42654028436019,1.8957345971563981,8.530805687203792,54.502369668246445,50.71090047393365,3.7914691943127963,0
E00000717,123,17,10,7,1,1,84,80,4,21,19,2,0,13.821138211382115,8.130081300813007,5.691056910569105,0.8130081300813009,0.8130081300813009,68.29268292682927,65.04065040650406,3.2520325203252036,17.073170731707318,15.447154471544716,1.6260162601626018,0
E00000718,118,36,15,21,1,1,48,46,2,33,32,1,0,30.508474576271187,12.711864406779661,17.796610169491526,0.847457627118644,0.847457627118644,40.67796610169492,38.983050847457626,1.694915254237288,27.966101694915253,27.11864406779661,0.847457627118644,0
E00000719,133,50,26,24,2,2,4,2,2,77,73,4,0,37.59398496240601,19.548872180451127,18.045112781954884,1.5037593984962405,1.5037593984962405,3.007518796992481,1.5037593984962405,1.5037593984962405,57.89473684210527,54.88721804511278,3.007518796992481,0
E00000720,148,63,33,30,0,0,31,28,3,54,51,3,0,42.567567567567565,22.2972972972973,20.27027027027027,0,0,20.945945945945947,18.91891891891892,2.027027027027027,36.486486486486484,34.45945945945946,2.027027027027027,0
E00000721,184,40,14,26,0,0,42,37,5,102,96,6,0,21.73913043478261,7.608695652173914,14.130434782608695,0,0,22.82608695652174,20.108695652173914,2.717391304347826,55.434782608695656,52.17391304347826,3.260869565217391,0
E00000722,116,86,43,43,0,0,3,1,2,27,23,4,0,74.13793103448276,37.06896551724138,37.06896551724138,0,0,2.586206896551724,0.8620689655172413,1.7241379310344827,23.275862068965516,19.82758620689655,3.4482758620689653,0
E00000723,133,78,42,36,3,3,12,3,9,40,35,5,0,58.64661654135338,31.57894736842105,27.06766917293233,2.2556390977443606,2.2556390977443606,9.022556390977442,2.2556390977443606,6.7669172932330826,30.075187969924812,26.31578947368421,3.7593984962406015,0
E00000724,86,22,13,9,1,1,9,0,9,54,52,2,0,25.581395348837212,15.11627906976744,10.465116279069768,1.1627906976744187,1.1627906976744187,10.465116279069768,0,10.465116279069768,62.7906976744186,60.46511627906976,2.3255813953488373,0
E00000725,121,103,53,50,0,0,1,1,0,17,13,4,0,85.12396694214877,43.80165289256198,41.32231404958678,0,0,0.8264462809917356,0.8264462809917356,0,14.049586776859504,10.743801652892563,3.3057851239669422,0
E00000726,140,94,57,37,1,1,1,1,0,44,37,7,0,67.14285714285714,40.714285714285715,26.42857142857143,0.7142857142857143,0.7142857142857143,0.7142857142857143,0.7142857142857143,0,31.428571428571427,26.42857142857143,5,0
E00000727,141,93,60,33,0,0,2,2,0,46,41,5,0,65.95744680851064,42.5531914893617,23.404255319148938,0,0,1.4184397163120568,1.4184397163120568,0,32.62411347517731,29.078014184397162,3.546099290780142,0
E00000728,137,90,53,37,0,0,0,0,0,47,43,4,0,65.69343065693431,38.68613138686132,27.00729927007299,0,0,0,0,0,34.306569343065696,31.386861313868614,2.9197080291970803,0
E00000730,141,89,44,45,1,1,0,0,0,51,44,7,0,63.12056737588653,31.20567375886525,31.914893617021278,0.7092198581560284,0.7092198581560284,0,0,0,36.17021276595745,31.20567375886525,4.964539007092199,0
E00000732,146,78,51,27,0,0,3,2,1,63,56,7,2,53.42465753424658,34.93150684931507,18.493150684931507,0,0,2.054794520547945,1.36986301369863,0.684931506849315,43.15068493150685,38.35616438356164,4.794520547945205,1.36986301369863
E00000737,104,6,3,3,0,0,84,79,5,14,14,0,0,5.769230769230769,2.8846153846153846,2.8846153846153846,0,0,80.76923076923077,75.96153846153845,4.807692307692308,13.461538461538462,13.461538461538462,0,0
E00000738,101,3,3,0,0,0,93,3,90,5,3,2,0,2.9702970297029703,2.9702970297029703,0,0,0,92.07920792079209,2.9702970297029703,89.10891089108911,4.9504950495049505,2.9702970297029703,1.9801980198019802,0
E00000739,126,38,21,17,2,2,52,42,10,33,32,1,1,30.158730158730158,16.666666666666664,13.492063492063492,1.5873015873015872,1.5873015873015872,41.269841269841265,33.33333333333333,7.936507936507936,26.190476190476193,25.396825396825395,0.7936507936507936,0.7936507936507936
E00000740,99,12,5,7,0,0,80,34,46,6,5,1,1,12.121212121212121,5.05050505050505,7.07070707070707,0,0,80.8080808080808,34.34343434343434,46.464646464646464,6.0606060606060606,5.05050505050505,1.0101010101010102,1.0101010101010102
E00000742,121,12,6,6,0,0,93,86,7,13,12,1,3,9.917355371900827,4.958677685950414,4.958677685950414,0,0,76.85950413223141,71.07438016528926,5.785123966942149,10.743801652892563,9.917355371900827,0.8264462809917356,2.479338842975207
E00000743,89,18,10,8,0,0,57,45,12,13,12,1,1,20.224719101123593,11.235955056179774,8.98876404494382,0,0,64.04494382022472,50.56179775280899,13.48314606741573,14.606741573033707,13.48314606741573,1.1235955056179776,1.1235955056179776
E00000745,140,4,3,1,0,0,116,67,49,19,14,5,1,2.857142857142857,2.142857142857143,0.7142857142857143,0,0,82.85714285714286,47.85714285714286,35,13.571428571428571,10,3.571428571428571,0.7142857142857143
E00000746,80,8,2,6,1,1,47,35,12,23,18,5,1,10,2.5,7.5,1.25,1.25,58.75,43.75,15,28.749999999999996,22.5,6.25,1.25
E00000747,129,8,3,5,0,0,111,101,10,9,7,2,1,6.2015503875969,2.3255813953488373,3.875968992248062,0,0,86.04651162790698,78.29457364341084,7.751937984496124,6.976744186046512,5.426356589147287,1.550387596899225,0.7751937984496124
E00000748,164,47,20,27,4,4,69,35,34,42,40,2,2,28.65853658536585,12.195121951219512,16.463414634146343,2.4390243902439024,2.4390243902439024,42.073170731707314,21.341463414634145,20.73170731707317,25.609756097560975,24.390243902439025,1.2195121951219512,1.2195121951219512
E00000749,110,4,1,3,0,0,86,77,9,20,16,4,0,3.6363636363636362,0.9090909090909091,2.727272727272727,0,0,78.18181818181819,70,8.181818181818182,18.181818181818183,14.545454545454545,3.6363636363636362,0
E00000750,114,2,1,1,0,0,96,85,11,15,9,6,1,1.7543859649122806,0.8771929824561403,0.8771929824561403,0,0,84.21052631578947,74.56140350877193,9.649122807017543,13.157894736842104,7.894736842105263,5.263157894736842,0.8771929824561403
E00000751,168,31,17,14,0,0,117,61,56,19,18,1,1,18.452380952380953,10.119047619047619,8.333333333333332,0,0,69.64285714285714,36.30952380952381,33.33333333333333,11.30952380952381,10.714285714285714,0.5952380952380952,0.5952380952380952
E00000752,110,40,21,19,5,5,37,23,14,28,27,1,0,36.36363636363637,19.090909090909093,17.272727272727273,4.545454545454546,4.545454545454546,33.63636363636363,20.909090909090907,12.727272727272727,25.454545454545453,24.545454545454547,0.9090909090909091,0
E00000754,144,14,8,6,29,29,78,35,43,23,23,0,0,9.722222222222223,5.555555555555555,4.166666666666666,20.13888888888889,20.13888888888889,54.166666666666664,24.305555555555554,29.86111111111111,15.972222222222221,15.972222222222221,0,0
E00000755,112,25,9,16,0,0,3,2,1,84,78,6,0,22.321428571428573,8.035714285714286,14.285714285714285,0,0,2.6785714285714284,1.7857142857142856,0.8928571428571428,75,69.64285714285714,5.357142857142857,0
E00000756,131,28,13,15,2,2,35,1,34,66,64,2,0,21.374045801526716,9.923664122137405,11.450381679389313,1.5267175572519083,1.5267175572519083,26.717557251908396,0.7633587786259541,25.954198473282442,50.38167938931297,48.854961832061065,1.5267175572519083,0
E00000757,128,44,20,24,0,0,1,1,0,83,80,3,0,34.375,15.625,18.75,0,0,0.78125,0.78125,0,64.84375,62.5,2.34375,0
E00000758,96,23,13,10,0,0,5,3,2,68,62,6,0,23.958333333333336,13.541666666666666,10.416666666666668,0,0,5.208333333333334,3.125,2.083333333333333,70.83333333333334,64.58333333333334,6.25,0
E00000761,99,19,9,10,0,0,3,2,1,77,74,3,0,19.19191919191919,9.090909090909092,10.1010101010101,0,0,3.0303030303030303,2.0202020202020203,1.0101010101010102,77.77777777777779,74.74747474747475,3.0303030303030303,0
E00000763,111,27,16,11,0,0,67,64,3,16,15,1,1,24.324324324324326,14.414414414414415,9.90990990990991,0,0,60.36036036036037,57.65765765765766,2.7027027027027026,14.414414414414415,13.513513513513514,0.9009009009009009,0.9009009009009009
E00000767,139,35,20,15,0,0,64,45,19,39,35,4,1,25.179856115107913,14.388489208633093,10.79136690647482,0,0,46.043165467625904,32.37410071942446,13.66906474820144,28.05755395683453,25.179856115107913,2.877697841726619,0.7194244604316548
E00000768,141,63,42,21,0,0,50,2,48,28,25,3,0,44.680851063829785,29.78723404255319,14.893617021276595,0,0,35.46099290780142,1.4184397163120568,34.04255319148936,19.858156028368796,17.73049645390071,2.127659574468085,0
E00000769,249,142,56,86,0,0,1,1,0,106,103,3,0,57.028112449799195,22.48995983935743,34.53815261044177,0,0,0.4016064257028112,0.4016064257028112,0,42.570281124497996,41.365461847389554,1.2048192771084338,0
E00000770,162,91,46,45,0,0,29,20,9,42,38,4,0,56.17283950617284,28.39506172839506,27.77777777777778,0,0,17.901234567901234,12.345679012345679,5.555555555555555,25.925925925925924,23.456790123456788,2.4691358024691357,0
E00000771,229,103,55,48,0,0,37,26,11,89,81,8,0,44.97816593886463,24.017467248908297,20.96069868995633,0,0,16.157205240174672,11.353711790393014,4.8034934497816595,38.864628820960704,35.37117903930131,3.4934497816593884,0
E00000772,115,41,26,15,0,0,6,2,4,68,62,6,0,35.65217391304348,22.608695652173914,13.043478260869565,0,0,5.217391304347826,1.7391304347826086,3.4782608695652173,59.130434782608695,53.91304347826087,5.217391304347826,0
E00000773,138,31,7,24,5,5,90,43,47,11,10,1,1,22.463768115942027,5.072463768115942,17.391304347826086,3.6231884057971016,3.6231884057971016,65.21739130434783,31.15942028985507,34.05797101449276,7.971014492753622,7.246376811594203,0.7246376811594203,0.7246376811594203
E00000774,150,51,20,31,0,0,61,59,2,38,36,2,0,34,13.333333333333334,20.666666666666668,0,0,40.666666666666664,39.33333333333333,1.3333333333333335,25.333333333333336,24,1.3333333333333335,0
E00000775,150,81,33,48,0,0,4,3,1,65,63,2,0,54,22,32,0,0,2.666666666666667,2,0.6666666666666667,43.333333333333336,42,1.3333333333333335,0
E00000776,171,72,32,40,0,0,35,17,18,62,54,8,2,42.10526315789473,18.71345029239766,23.391812865497073,0,0,20.46783625730994,9.941520467836257,10.526315789473683,36.25730994152047,31.57894736842105,4.678362573099415,1.1695906432748537
E00000777,122,82,45,37,2,2,5,1,4,33,24,9,0,67.21311475409836,36.885245901639344,30.327868852459016,1.639344262295082,1.639344262295082,4.098360655737705,0.819672131147541,3.278688524590164,27.049180327868854,19.672131147540984,7.377049180327869,0
E00000778,143,67,27,40,0,0,18,7,11,58,53,5,0,46.85314685314685,18.88111888111888,27.972027972027973,0,0,12.587412587412588,4.895104895104895,7.6923076923076925,40.55944055944056,37.06293706293706,3.4965034965034967,0
E00000779,140,107,55,52,0,0,5,2,3,28,24,4,0,76.42857142857142,39.285714285714285,37.142857142857146,0,0,3.571428571428571,1.4285714285714286,2.142857142857143,20,17.142857142857142,2.857142857142857,0
E00000780,111,88,43,45,0,0,3,2,1,20,18,2,0,79.27927927927928,38.73873873873874,40.54054054054054,0,0,2.7027027027027026,1.8018018018018018,0.9009009009009009,18.01801801801802,16.216216216216218,1.8018018018018018,0
E00000781,143,63,30,33,0,0,40,5,35,40,28,12,0,44.05594405594406,20.97902097902098,23.076923076923077,0,0,27.972027972027973,3.4965034965034967,24.475524475524477,27.972027972027973,19.58041958041958,8.391608391608392,0
E00000782,144,68,38,30,4,4,5,2,3,67,67,0,0,47.22222222222222,26.38888888888889,20.833333333333336,2.7777777777777777,2.7777777777777777,3.4722222222222223,1.3888888888888888,2.083333333333333,46.52777777777778,46.52777777777778,0,0
E00000783,134,45,17,28,8,8,7,4,3,74,69,5,0,33.582089552238806,12.686567164179104,20.8955223880597,5.970149253731343,5.970149253731343,5.223880597014925,2.9850746268656714,2.2388059701492535,55.223880597014926,51.49253731343284,3.731343283582089,0
E00000785,152,130,68,62,0,0,0,0,0,22,22,0,0,85.52631578947368,44.73684210526316,40.78947368421053,0,0,0,0,0,14.473684210526317,14.473684210526317,0,0
E00000786,174,137,91,46,0,0,1,1,0,36,31,5,0,78.73563218390804,52.29885057471264,26.436781609195403,0,0,0.5747126436781609,0.5747126436781609,0,20.689655172413794,17.81609195402299,2.8735632183908044,0
E00000787,135,87,35,52,3,3,3,1,2,42,39,3,0,64.44444444444444,25.925925925925924,38.51851851851852,2.2222222222222223,2.2222222222222223,2.2222222222222223,0.7407407407407408,1.4814814814814816,31.11111111111111,28.888888888888886,2.2222222222222223,0
E00000788,120,83,55,28,3,3,6,4,2,28,25,3,0,69.16666666666667,45.83333333333333,23.333333333333332,2.5,2.5,5,3.3333333333333335,1.6666666666666667,23.333333333333332,20.833333333333336,2.5,0
E00000789,129,30,10,20,0,0,74,66,8,25,20,5,0,23.25581395348837,7.751937984496124,15.503875968992247,0,0,57.36434108527132,51.162790697674424,6.2015503875969,19.379844961240313,15.503875968992247,3.875968992248062,0
E00000790,113,29,7,22,0,0,11,9,2,73,72,1,0,25.663716814159294,6.1946902654867255,19.469026548672566,0,0,9.734513274336283,7.964601769911504,1.7699115044247788,64.60176991150442,63.716814159292035,0.8849557522123894,0
E00000791,120,36,15,21,0,0,12,6,6,72,69,3,0,30,12.5,17.5,0,0,10,5,5,60,57.49999999999999,2.5,0
E00000792,135,55,17,38,0,0,29,21,8,51,46,5,0,40.74074074074074,12.592592592592592,28.14814814814815,0,0,21.48148148148148,15.555555555555555,5.9259259259259265,37.77777777777778,34.074074074074076,3.7037037037037033,0
E00000793,147,92,38,54,2,2,11,4,7,41,37,4,1,62.585034013605444,25.850340136054424,36.734693877551024,1.3605442176870748,1.3605442176870748,7.482993197278912,2.7210884353741496,4.761904761904762,27.89115646258503,25.170068027210885,2.7210884353741496,0.6802721088435374
E00000794,131,57,28,29,2,2,51,39,12,21,20,1,0,43.51145038167939,21.374045801526716,22.137404580152673,1.5267175572519083,1.5267175572519083,38.93129770992366,29.770992366412212,9.16030534351145,16.030534351145036,15.267175572519085,0.7633587786259541,0
E00000795,150,81,31,50,0,0,22,4,18,47,42,5,0,54,20.666666666666668,33.33333333333333,0,0,14.666666666666666,2.666666666666667,12,31.333333333333336,28.000000000000004,3.3333333333333335,0
E00000796,126,34,18,16,0,0,69,63,6,22,19,3,1,26.984126984126984,14.285714285714285,12.698412698412698,0,0,54.761904761904766,50,4.761904761904762,17.46031746031746,15.079365079365079,2.380952380952381,0.7936507936507936
E00000797,132,71,33,38,0,0,31,16,15,29,25,4,1,53.78787878787878,25,28.78787878787879,0,0,23.484848484848484,12.121212121212121,11.363636363636363,21.96969696969697,18.939393939393938,3.0303030303030303,0.7575757575757576
E00000798,120,62,22,40,0,0,18,12,6,39,37,2,1,51.66666666666667,18.333333333333332,33.33333333333333,0,0,15,10,5,32.5,30.833333333333336,1.6666666666666667,0.8333333333333334
E00000799,135,81,29,52,0,0,8,2,6,46,46,0,0,60,21.48148148148148,38.51851851851852,0,0,5.9259259259259265,1.4814814814814816,4.444444444444445,34.074074074074076,34.074074074074076,0,0
E00000800,151,77,47,30,0,0,12,5,7,62,55,7,0,50.993377483443716,31.125827814569533,19.867549668874172,0,0,7.9470198675496695,3.3112582781456954,4.635761589403973,41.05960264900662,36.423841059602644,4.635761589403973,0
E00000801,152,82,35,47,1,1,10,8,2,59,57,2,0,53.94736842105263,23.026315789473685,30.92105263157895,0.6578947368421052,0.6578947368421052,6.578947368421052,5.263157894736842,1.3157894736842104,38.81578947368421,37.5,1.3157894736842104,0
E00000802,122,61,30,31,0,0,40,39,1,21,16,5,0,50,24.59016393442623,25.40983606557377,0,0,32.78688524590164,31.967213114754102,0.819672131147541,17.21311475409836,13.114754098360656,4.098360655737705,0
E00000803,115,64,28,36,0,0,7,2,5,44,44,0,0,55.65217391304348,24.347826086956523,31.30434782608696,0,0,6.086956521739131,1.7391304347826086,4.3478260869565215,38.26086956521739,38.26086956521739,0,0
E00000804,162,109,46,63,0,0,10,7,3,43,35,8,0,67.28395061728395,28.39506172839506,38.88888888888889,0,0,6.172839506172839,4.320987654320987,1.8518518518518516,26.543209876543212,21.604938271604937,4.938271604938271,0
E00000805,149,77,30,47,1,1,4,0,4,67,64,3,0,51.67785234899329,20.13422818791946,31.543624161073826,0.6711409395973155,0.6711409395973155,2.684563758389262,0,2.684563758389262,44.966442953020135,42.95302013422819,2.013422818791946,0
E00000806,110,87,42,45,0,0,0,0,0,23,22,1,0,79.0909090909091,38.18181818181819,40.909090909090914,0,0,0,0,0,20.909090909090907,20,0.9090909090909091,0
E00000807,107,26,14,12,1,1,62,52,10,18,18,0,0,24.299065420560748,13.084112149532709,11.214953271028037,0.9345794392523363,0.9345794392523363,57.943925233644855,48.598130841121495,9.345794392523365,16.822429906542055,16.822429906542055,0,0
E00000808,131,49,22,27,2,2,16,15,1,64,63,1,0,37.404580152671755,16.793893129770993,20.610687022900763,1.5267175572519083,1.5267175572519083,12.213740458015266,11.450381679389313,0.7633587786259541,48.854961832061065,48.091603053435115,0.7633587786259541,0
E00000809,94,22,5,17,0,0,53,50,3,18,17,1,1,23.404255319148938,5.319148936170213,18.085106382978726,0,0,56.38297872340425,53.191489361702125,3.1914893617021276,19.148936170212767,18.085106382978726,1.0638297872340425,1.0638297872340425
E00000810,108,55,22,33,0,0,9,4,5,44,38,6,0,50.92592592592593,20.37037037037037,30.555555555555557,0,0,8.333333333333332,3.7037037037037033,4.62962962962963,40.74074074074074,35.18518518518518,5.555555555555555,0
E00000811,131,123,72,51,0,0,0,0,0,8,7,1,0,93.89312977099237,54.961832061068705,38.93129770992366,0,0,0,0,0,6.106870229007633,5.343511450381679,0.7633587786259541,0
E00000812,143,125,67,58,0,0,0,0,0,18,15,3,0,87.41258741258741,46.85314685314685,40.55944055944056,0,0,0,0,0,12.587412587412588,10.48951048951049,2.097902097902098,0
E00000813,173,50,20,30,0,0,21,12,9,101,84,17,1,28.901734104046245,11.560693641618498,17.341040462427745,0,0,12.138728323699421,6.9364161849710975,5.202312138728324,58.38150289017341,48.554913294797686,9.826589595375722,0.5780346820809248
E00000814,116,77,27,50,0,0,6,2,4,33,31,2,0,66.37931034482759,23.275862068965516,43.103448275862064,0,0,5.172413793103448,1.7241379310344827,3.4482758620689653,28.448275862068968,26.72413793103448,1.7241379310344827,0
E00000815,117,59,26,33,1,1,14,2,12,43,41,2,0,50.427350427350426,22.22222222222222,28.205128205128204,0.8547008547008548,0.8547008547008548,11.965811965811966,1.7094017094017095,10.256410256410255,36.75213675213676,35.04273504273504,1.7094017094017095,0
E00000816,124,82,29,53,0,0,3,1,2,39,37,2,0,66.12903225806451,23.387096774193548,42.74193548387097,0,0,2.4193548387096775,0.8064516129032258,1.6129032258064515,31.451612903225808,29.838709677419356,1.6129032258064515,0
E00000817,138,116,49,67,0,0,0,0,0,22,18,4,0,84.05797101449275,35.507246376811594,48.55072463768116,0,0,0,0,0,15.942028985507244,13.043478260869565,2.898550724637681,0
E00000818,126,62,31,31,0,0,9,5,4,55,51,4,0,49.2063492063492,24.6031746031746,24.6031746031746,0,0,7.142857142857142,3.968253968253968,3.1746031746031744,43.65079365079365,40.476190476190474,3.1746031746031744,0
E00000819,157,74,37,37,2,2,62,17,45,19,18,1,0,47.13375796178344,23.56687898089172,23.56687898089172,1.2738853503184715,1.2738853503184715,39.490445859872615,10.828025477707007,28.662420382165603,12.101910828025478,11.464968152866243,0.6369426751592357,0
E00000820,122,105,53,52,0,0,2,1,1,15,11,4,0,86.0655737704918,43.44262295081967,42.62295081967213,0,0,1.639344262295082,0.819672131147541,0.819672131147541,12.295081967213115,9.01639344262295,3.278688524590164,0
E00000821,111,34,16,18,1,1,9,7,2,67,65,2,0,30.630630630630627,14.414414414414415,16.216216216216218,0.9009009009009009,0.9009009009009009,8.108108108108109,6.306306306306306,1.8018018018018018,60.36036036036037,58.55855855855856,1.8018018018018018,0
E00000822,99,63,23,40,0,0,6,2,4,30,28,2,0,63.63636363636363,23.232323232323232,40.4040404040404,0,0,6.0606060606060606,2.0202020202020203,4.040404040404041,30.303030303030305,28.28282828282828,2.0202020202020203,0
E00000823,149,64,25,39,0,0,25,22,3,60,54,6,0,42.95302013422819,16.778523489932887,26.174496644295303,0,0,16.778523489932887,14.76510067114094,2.013422818791946,40.26845637583892,36.241610738255034,4.026845637583892,0
E00000824,106,51,30,21,0,0,29,21,8,26,26,0,0,48.113207547169814,28.30188679245283,19.81132075471698,0,0,27.358490566037734,19.81132075471698,7.547169811320755,24.528301886792452,24.528301886792452,0,0
E00000825,119,33,12,21,2,2,3,0,3,81,79,2,0,27.73109243697479,10.084033613445378,17.647058823529413,1.680672268907563,1.680672268907563,2.5210084033613445,0,2.5210084033613445,68.0672268907563,66.38655462184873,1.680672268907563,0
E00000826,115,66,38,28,1,1,7,7,0,41,37,4,0,57.391304347826086,33.04347826086956,24.347826086956523,0.8695652173913043,0.8695652173913043,6.086956521739131,6.086956521739131,0,35.65217391304348,32.17391304347826,3.4782608695652173,0
E00000827,138,97,53,44,0,0,16,14,2,25,22,3,0,70.28985507246377,38.405797101449274,31.88405797101449,0,0,11.594202898550725,10.144927536231885,1.4492753623188406,18.115942028985508,15.942028985507244,2.1739130434782608,0
E00000828,113,70,47,23,11,11,3,1,2,29,28,1,0,61.94690265486725,41.5929203539823,20.353982300884958,9.734513274336283,9.734513274336283,2.6548672566371683,0.8849557522123894,1.7699115044247788,25.663716814159294,24.778761061946902,0.8849557522123894,0
E00000829,125,87,44,43,5,5,10,1,9,23,20,3,0,69.6,35.199999999999996,34.4,4,4,8,0.8,7.199999999999999,18.4,16,2.4,0
E00000830,247,96,33,63,1,1,16,14,2,133,126,7,1,38.8663967611336,13.360323886639677,25.506072874493928,0.4048582995951417,0.4048582995951417,6.477732793522267,5.668016194331984,0.8097165991902834,53.84615384615385,51.012145748987855,2.834008097165992,0.4048582995951417
E00000831,142,94,41,53,0,0,7,2,5,41,39,2,0,66.19718309859155,28.87323943661972,37.32394366197183,0,0,4.929577464788732,1.4084507042253522,3.5211267605633805,28.87323943661972,27.464788732394368,1.4084507042253522,0
E00000832,112,102,54,48,0,0,0,0,0,10,8,2,0,91.07142857142857,48.214285714285715,42.857142857142854,0,0,0,0,0,8.928571428571429,7.142857142857142,1.7857142857142856,0
E00000833,112,52,22,30,0,0,16,16,0,44,40,4,0,46.42857142857143,19.642857142857142,26.785714285714285,0,0,14.285714285714285,14.285714285714285,0,39.285714285714285,35.714285714285715,3.571428571428571,0
E00000834,103,94,56,38,0,0,0,0,0,9,8,1,0,91.2621359223301,54.36893203883495,36.89320388349515,0,0,0,0,0,8.737864077669903,7.766990291262135,0.9708737864077669,0
E00000835,118,107,68,39,0,0,2,1,1,9,9,0,0,90.67796610169492,57.6271186440678,33.05084745762712,0,0,1.694915254237288,0.847457627118644,0.847457627118644,7.627118644067797,7.627118644067797,0,0
E00000836,117,104,56,48,0,0,4,4,0,9,8,1,0,88.88888888888889,47.863247863247864,41.02564102564102,0,0,3.418803418803419,3.418803418803419,0,7.6923076923076925,6.837606837606838,0.8547008547008548,0
E00000837,101,53,30,23,2,2,1,0,1,45,43,2,0,52.475247524752476,29.7029702970297,22.772277227722775,1.9801980198019802,1.9801980198019802,0.9900990099009901,0,0.9900990099009901,44.554455445544555,42.57425742574257,1.9801980198019802,0
E00000838,118,28,8,20,0,0,13,9,4,77,73,4,0,23.728813559322035,6.779661016949152,16.94915254237288,0,0,11.016949152542372,7.627118644067797,3.389830508474576,65.2542372881356,61.86440677966102,3.389830508474576,0
E00000839,109,100,55,45,0,0,0,0,0,9,7,2,0,91.74311926605505,50.45871559633027,41.284403669724774,0,0,0,0,0,8.256880733944955,6.422018348623854,1.834862385321101,0
E00000840,174,42,16,26,0,0,13,5,8,119,117,2,0,24.137931034482758,9.195402298850574,14.942528735632186,0,0,7.471264367816093,2.8735632183908044,4.597701149425287,68.39080459770115,67.24137931034483,1.1494252873563218,0
E00000841,118,95,49,46,0,0,12,10,2,11,9,2,0,80.50847457627118,41.52542372881356,38.983050847457626,0,0,10.16949152542373,8.47457627118644,1.694915254237288,9.322033898305085,7.627118644067797,1.694915254237288,0
E00000842,152,78,20,58,0,0,8,8,0,66,60,6,0,51.31578947368421,13.157894736842104,38.15789473684211,0,0,5.263157894736842,5.263157894736842,0,43.42105263157895,39.473684210526315,3.9473684210526314,0
E00000843,224,89,38,51,1,1,22,13,9,112,104,8,0,39.732142857142854,16.964285714285715,22.767857142857142,0.4464285714285714,0.4464285714285714,9.821428571428571,5.803571428571429,4.017857142857143,50,46.42857142857143,3.571428571428571,0
E00000844,113,101,47,54,0,0,1,0,1,11,8,3,0,89.38053097345133,41.5929203539823,47.78761061946903,0,0,0.8849557522123894,0,0.8849557522123894,9.734513274336283,7.079646017699115,2.6548672566371683,0
E00000845,131,93,43,50,2,2,3,2,1,33,29,4,0,70.99236641221374,32.82442748091603,38.16793893129771,1.5267175572519083,1.5267175572519083,2.2900763358778624,1.5267175572519083,0.7633587786259541,25.190839694656486,22.137404580152673,3.0534351145038165,0
E00000846,146,63,22,41,0,0,66,62,4,15,14,1,2,43.15068493150685,15.068493150684931,28.08219178082192,0,0,45.20547945205479,42.465753424657535,2.73972602739726,10.273972602739725,9.58904109589041,0.684931506849315,1.36986301369863
E00000847,117,105,54,51,0,0,1,1,0,11,9,2,0,89.74358974358975,46.15384615384615,43.58974358974359,0,0,0.8547008547008548,0.8547008547008548,0,9.401709401709402,7.6923076923076925,1.7094017094017095,0
E00000848,119,108,48,60,0,0,0,0,0,11,7,4,0,90.75630252100841,40.33613445378151,50.42016806722689,0,0,0,0,0,9.243697478991598,5.88235294117647,3.361344537815126,0
E00000849,135,63,35,28,1,1,40,5,35,31,31,0,0,46.666666666666664,25.925925925925924,20.74074074074074,0.7407407407407408,0.7407407407407408,29.629629629629626,3.7037037037037033,25.925925925925924,22.962962962962962,22.962962962962962,0,0
E00000850,112,97,62,35,0,0,2,2,0,13,13,0,0,86.60714285714286,55.35714285714286,31.25,0,0,1.7857142857142856,1.7857142857142856,0,11.607142857142858,11.607142857142858,0,0
E00000851,160,87,52,35,0,0,8,8,0,65,63,2,0,54.37499999999999,32.5,21.875,0,0,5,5,0,40.625,39.375,1.25,0
E00000852,107,94,43,51,0,0,2,0,2,11,8,3,0,87.85046728971963,40.18691588785047,47.66355140186916,0,0,1.8691588785046727,0,1.8691588785046727,10.2803738317757,7.476635514018691,2.803738317757009,0
E00000853,137,25,11,14,0,0,4,3,1,108,103,5,0,18.248175182481752,8.02919708029197,10.218978102189782,0,0,2.9197080291970803,2.18978102189781,0.7299270072992701,78.83211678832117,75.18248175182481,3.64963503649635,0
E00000854,119,102,51,51,1,1,1,1,0,15,14,1,0,85.71428571428571,42.857142857142854,42.857142857142854,0.8403361344537815,0.8403361344537815,0.8403361344537815,0.8403361344537815,0,12.605042016806722,11.76470588235294,0.8403361344537815,0
E00000855,164,65,25,40,0,0,3,0,3,96,91,5,0,39.63414634146341,15.24390243902439,24.390243902439025,0,0,1.8292682926829267,0,1.8292682926829267,58.536585365853654,55.487804878048784,3.048780487804878,0
E00000856,125,113,47,66,1,1,1,0,1,10,9,1,0,90.4,37.6,52.800000000000004,0.8,0.8,0.8,0,0.8,8,7.199999999999999,0.8,0
E00000857,151,65,30,35,0,0,19,0,19,67,47,20,0,43.04635761589404,19.867549668874172,23.178807947019866,0,0,12.582781456953644,0,12.582781456953644,44.370860927152314,31.125827814569533,13.245033112582782,0
E00000858,143,121,56,65,0,0,1,1,0,21,17,4,0,84.61538461538461,39.16083916083916,45.45454545454545,0,0,0.6993006993006993,0.6993006993006993,0,14.685314685314685,11.888111888111888,2.797202797202797,0
E00000859,101,48,23,25,2,2,2,2,0,49,43,6,0,47.524752475247524,22.772277227722775,24.752475247524753,1.9801980198019802,1.9801980198019802,1.9801980198019802,1.9801980198019802,0,48.51485148514851,42.57425742574257,5.9405940594059405,0
E00000860,126,103,51,52,0,0,7,5,2,16,15,1,0,81.74603174603175,40.476190476190474,41.269841269841265,0,0,5.555555555555555,3.968253968253968,1.5873015873015872,12.698412698412698,11.904761904761903,0.7936507936507936,0
E00000861,114,97,43,54,0,0,0,0,0,17,15,2,0,85.08771929824562,37.719298245614034,47.368421052631575,0,0,0,0,0,14.912280701754385,13.157894736842104,1.7543859649122806,0
E00000863,119,108,56,52,0,0,1,0,1,10,10,0,0,90.75630252100841,47.05882352941176,43.69747899159664,0,0,0.8403361344537815,0,0.8403361344537815,8.403361344537815,8.403361344537815,0,0
E00000864,134,91,39,52,0,0,22,22,0,21,18,3,0,67.91044776119402,29.1044776119403,38.80597014925373,0,0,16.417910447761194,16.417910447761194,0,15.671641791044777,13.432835820895523,2.2388059701492535,0
E00000865,153,79,33,46,2,2,52,49,3,19,14,5,1,51.633986928104584,21.568627450980394,30.065359477124183,1.3071895424836601,1.3071895424836601,33.98692810457516,32.02614379084967,1.9607843137254901,12.418300653594772,9.15032679738562,3.2679738562091507,0.6535947712418301
E00000866,156,115,70,45,1,1,4,1,3,36,33,3,0,73.71794871794873,44.871794871794876,28.846153846153843,0.641025641025641,0.641025641025641,2.564102564102564,0.641025641025641,1.9230769230769231,23.076923076923077,21.153846153846153,1.9230769230769231,0
E00000867,118,62,30,32,0,0,40,38,2,16,16,0,0,52.54237288135594,25.423728813559322,27.11864406779661,0,0,33.89830508474576,32.20338983050847,1.694915254237288,13.559322033898304,13.559322033898304,0,0
E00000868,117,68,34,34,1,1,32,31,1,16,15,1,0,58.119658119658126,29.059829059829063,29.059829059829063,0.8547008547008548,0.8547008547008548,27.350427350427353,26.495726495726498,0.8547008547008548,13.675213675213676,12.82051282051282,0.8547008547008548,0
E00000869,133,72,29,43,0,0,37,24,13,24,19,5,0,54.13533834586466,21.804511278195488,32.33082706766917,0,0,27.819548872180448,18.045112781954884,9.774436090225564,18.045112781954884,14.285714285714285,3.7593984962406015,0
E00000870,112,74,34,40,1,1,1,0,1,36,33,3,0,66.07142857142857,30.357142857142854,35.714285714285715,0.8928571428571428,0.8928571428571428,0.8928571428571428,0,0.8928571428571428,32.142857142857146,29.464285714285715,2.6785714285714284,0
E00000871,132,97,51,46,0,0,3,1,2,32,29,3,0,73.48484848484848,38.63636363636363,34.84848484848485,0,0,2.272727272727273,0.7575757575757576,1.5151515151515151,24.242424242424242,21.96969696969697,2.272727272727273,0
E00000872,171,17,3,14,0,0,139,66,73,12,8,4,3,9.941520467836257,1.7543859649122806,8.187134502923977,0,0,81.28654970760235,38.59649122807017,42.69005847953216,7.017543859649122,4.678362573099415,2.3391812865497075,1.7543859649122806
E00000873,120,93,51,42,0,0,0,0,0,27,25,2,0,77.5,42.5,35,0,0,0,0,0,22.5,20.833333333333336,1.6666666666666667,0
E00000874,117,35,18,17,0,0,68,22,46,14,12,2,0,29.914529914529915,15.384615384615385,14.529914529914532,0,0,58.119658119658126,18.803418803418804,39.31623931623932,11.965811965811966,10.256410256410255,1.7094017094017095,0
E00000875,105,81,46,35,0,0,3,1,2,21,19,2,0,77.14285714285715,43.80952380952381,33.33333333333333,0,0,2.857142857142857,0.9523809523809524,1.9047619047619049,20,18.095238095238095,1.9047619047619049,0
E00000876,107,92,47,45,0,0,3,1,2,12,11,1,0,85.98130841121495,43.925233644859816,42.05607476635514,0,0,2.803738317757009,0.9345794392523363,1.8691588785046727,11.214953271028037,10.2803738317757,0.9345794392523363,0
E00000877,143,119,71,48,1,1,2,2,0,21,20,1,0,83.21678321678321,49.65034965034965,33.56643356643357,0.6993006993006993,0.6993006993006993,1.3986013986013985,1.3986013986013985,0,14.685314685314685,13.986013986013987,0.6993006993006993,0
E00000878,179,96,39,57,2,2,10,7,3,71,68,3,0,53.63128491620112,21.787709497206702,31.843575418994412,1.1173184357541899,1.1173184357541899,5.58659217877095,3.910614525139665,1.675977653631285,39.66480446927375,37.988826815642454,1.675977653631285,0
E00000880,127,26,9,17,0,0,88,48,40,12,12,0,1,20.47244094488189,7.086614173228346,13.385826771653544,0,0,69.29133858267717,37.79527559055118,31.496062992125985,9.448818897637794,9.448818897637794,0,0.7874015748031495
E00000881,138,34,11,23,0,0,73,67,6,30,26,4,1,24.637681159420293,7.971014492753622,16.666666666666664,0,0,52.89855072463768,48.55072463768116,4.3478260869565215,21.73913043478261,18.84057971014493,2.898550724637681,0.7246376811594203
E00000882,140,52,26,26,6,6,66,50,16,15,14,1,1,37.142857142857146,18.571428571428573,18.571428571428573,4.285714285714286,4.285714285714286,47.14285714285714,35.714285714285715,11.428571428571429,10.714285714285714,10,0.7142857142857143,0.7142857142857143
E00000883,134,88,40,48,0,0,7,4,3,39,37,2,0,65.67164179104478,29.850746268656714,35.82089552238806,0,0,5.223880597014925,2.9850746268656714,2.2388059701492535,29.1044776119403,27.611940298507463,1.4925373134328357,0
E00000884,131,50,31,19,1,1,64,3,61,16,12,4,0,38.16793893129771,23.66412213740458,14.50381679389313,0.7633587786259541,0.7633587786259541,48.854961832061065,2.2900763358778624,46.56488549618321,12.213740458015266,9.16030534351145,3.0534351145038165,0
E00000885,112,23,7,16,1,1,54,51,3,33,31,2,1,20.535714285714285,6.25,14.285714285714285,0.8928571428571428,0.8928571428571428,48.214285714285715,45.535714285714285,2.6785714285714284,29.464285714285715,27.67857142857143,1.7857142857142856,0.8928571428571428
E00000886,138,78,35,43,0,0,5,1,4,55,54,1,0,56.52173913043478,25.36231884057971,31.15942028985507,0,0,3.6231884057971016,0.7246376811594203,2.898550724637681,39.85507246376812,39.130434782608695,0.7246376811594203,0
E00000887,112,32,11,21,0,0,58,54,4,21,21,0,1,28.57142857142857,9.821428571428571,18.75,0,0,51.78571428571429,48.214285714285715,3.571428571428571,18.75,18.75,0,0.8928571428571428
E00000888,111,52,19,33,1,1,4,2,2,54,49,5,0,46.846846846846844,17.117117117117118,29.72972972972973,0.9009009009009009,0.9009009009009009,3.6036036036036037,1.8018018018018018,1.8018018018018018,48.64864864864865,44.14414414414414,4.504504504504505,0
E00000889,150,24,11,13,0,0,94,38,56,32,30,2,0,16,7.333333333333333,8.666666666666668,0,0,62.66666666666667,25.333333333333336,37.333333333333336,21.333333333333336,20,1.3333333333333335,0
E00000890,126,107,58,49,0,0,5,1,4,14,14,0,0,84.92063492063492,46.03174603174603,38.88888888888889,0,0,3.968253968253968,0.7936507936507936,3.1746031746031744,11.11111111111111,11.11111111111111,0,0
E00000891,158,67,17,50,0,0,9,1,8,82,77,5,0,42.405063291139236,10.759493670886076,31.645569620253166,0,0,5.69620253164557,0.6329113924050633,5.063291139240507,51.89873417721519,48.734177215189874,3.1645569620253164,0
E00000892,139,96,46,50,0,0,14,2,12,29,26,3,0,69.06474820143885,33.093525179856115,35.97122302158273,0,0,10.071942446043165,1.4388489208633095,8.633093525179856,20.863309352517987,18.705035971223023,2.158273381294964,0
E00000893,154,86,55,31,0,0,2,0,2,66,63,3,0,55.84415584415584,35.714285714285715,20.12987012987013,0,0,1.2987012987012987,0,1.2987012987012987,42.857142857142854,40.909090909090914,1.948051948051948,0
E00000894,148,34,15,19,12,12,73,3,70,29,26,3,0,22.972972972972975,10.135135135135135,12.837837837837837,8.108108108108109,8.108108108108109,49.32432432432432,2.027027027027027,47.2972972972973,19.594594594594593,17.56756756756757,2.027027027027027,0
E00000895,123,96,51,45,0,0,3,3,0,24,23,1,0,78.04878048780488,41.46341463414634,36.58536585365854,0,0,2.4390243902439024,2.4390243902439024,0,19.51219512195122,18.69918699186992,0.8130081300813009,0
E00000896,133,24,12,12,0,0,86,46,40,23,22,1,0,18.045112781954884,9.022556390977442,9.022556390977442,0,0,64.66165413533834,34.58646616541353,30.075187969924812,17.293233082706767,16.541353383458645,0.7518796992481203,0
E00000897,92,10,7,3,1,1,73,4,69,6,4,2,2,10.869565217391305,7.608695652173914,3.260869565217391,1.0869565217391304,1.0869565217391304,79.34782608695652,4.3478260869565215,75,6.521739130434782,4.3478260869565215,2.1739130434782608,2.1739130434782608
E00000898,162,123,75,48,1,1,13,5,8,25,19,6,0,75.92592592592592,46.2962962962963,29.629629629629626,0.6172839506172839,0.6172839506172839,8.024691358024691,3.0864197530864197,4.938271604938271,15.432098765432098,11.728395061728394,3.7037037037037033,0
E00000899,137,97,54,43,1,1,1,1,0,38,35,3,0,70.8029197080292,39.416058394160586,31.386861313868614,0.7299270072992701,0.7299270072992701,0.7299270072992701,0.7299270072992701,0,27.73722627737226,25.547445255474454,2.18978102189781,0
E00000900,139,102,41,61,1,1,9,8,1,26,23,3,1,73.38129496402878,29.496402877697843,43.884892086330936,0.7194244604316548,0.7194244604316548,6.474820143884892,5.755395683453238,0.7194244604316548,18.705035971223023,16.546762589928058,2.158273381294964,0.7194244604316548
E00000901,132,69,33,36,1,1,2,0,2,60,58,2,0,52.27272727272727,25,27.27272727272727,0.7575757575757576,0.7575757575757576,1.5151515151515151,0,1.5151515151515151,45.45454545454545,43.93939393939394,1.5151515151515151,0
E00000902,141,20,11,9,1,1,71,55,16,49,47,2,0,14.184397163120568,7.801418439716312,6.382978723404255,0.7092198581560284,0.7092198581560284,50.35460992907801,39.00709219858156,11.347517730496454,34.751773049645394,33.33333333333333,1.4184397163120568,0
E00000903,99,45,18,27,0,0,5,4,1,49,45,4,0,45.45454545454545,18.181818181818183,27.27272727272727,0,0,5.05050505050505,4.040404040404041,1.0101010101010102,49.494949494949495,45.45454545454545,4.040404040404041,0
E00000904,98,10,5,5,0,0,73,3,70,15,15,0,0,10.204081632653061,5.1020408163265305,5.1020408163265305,0,0,74.48979591836735,3.061224489795918,71.42857142857143,15.306122448979592,15.306122448979592,0,0
E00000905,115,92,49,43,0,0,5,2,3,18,17,1,0,80,42.608695652173914,37.391304347826086,0,0,4.3478260869565215,1.7391304347826086,2.608695652173913,15.65217391304348,14.782608695652174,0.8695652173913043,0
E00000906,119,79,26,53,0,0,2,0,2,38,38,0,0,66.38655462184873,21.84873949579832,44.537815126050425,0,0,1.680672268907563,0,1.680672268907563,31.932773109243694,31.932773109243694,0,0
E00000907,118,78,37,41,0,0,4,2,2,36,33,3,0,66.10169491525424,31.35593220338983,34.74576271186441,0,0,3.389830508474576,1.694915254237288,1.694915254237288,30.508474576271187,27.966101694915253,2.5423728813559325,0
E00000908,120,49,23,26,1,1,3,2,1,67,61,6,0,40.833333333333336,19.166666666666668,21.666666666666668,0.8333333333333334,0.8333333333333334,2.5,1.6666666666666667,0.8333333333333334,55.833333333333336,50.83333333333333,5,0
E00000909,147,110,64,46,0,0,0,0,0,37,35,2,0,74.82993197278913,43.53741496598639,31.292517006802722,0,0,0,0,0,25.170068027210885,23.809523809523807,1.3605442176870748,0
E00000910,128,86,44,42,0,0,4,0,4,38,34,4,0,67.1875,34.375,32.8125,0,0,3.125,0,3.125,29.6875,26.5625,3.125,0
E00000911,164,28,10,18,0,0,3,2,1,133,127,6,0,17.073170731707318,6.097560975609756,10.975609756097562,0,0,1.8292682926829267,1.2195121951219512,0.6097560975609756,81.09756097560977,77.4390243902439,3.6585365853658534,0
E00000912,129,26,12,14,1,1,58,54,4,42,38,4,2,20.155038759689923,9.30232558139535,10.852713178294573,0.7751937984496124,0.7751937984496124,44.96124031007752,41.86046511627907,3.10077519379845,32.55813953488372,29.457364341085274,3.10077519379845,1.550387596899225
E00000913,151,51,30,21,0,0,74,21,53,26,24,2,0,33.77483443708609,19.867549668874172,13.90728476821192,0,0,49.00662251655629,13.90728476821192,35.099337748344375,17.218543046357617,15.894039735099339,1.3245033112582782,0
E00000914,108,67,32,35,0,0,3,2,1,38,36,2,0,62.03703703703704,29.629629629629626,32.407407407407405,0,0,2.7777777777777777,1.8518518518518516,0.9259259259259258,35.18518518518518,33.33333333333333,1.8518518518518516,0
E00000915,140,61,36,25,1,1,6,3,3,72,72,0,0,43.57142857142857,25.71428571428571,17.857142857142858,0.7142857142857143,0.7142857142857143,4.285714285714286,2.142857142857143,2.142857142857143,51.42857142857142,51.42857142857142,0,0
E00000916,132,79,49,30,1,1,3,3,0,49,47,2,0,59.84848484848485,37.121212121212125,22.727272727272727,0.7575757575757576,0.7575757575757576,2.272727272727273,2.272727272727273,0,37.121212121212125,35.60606060606061,1.5151515151515151,0
E00000917,96,32,14,18,0,0,30,1,29,34,30,4,0,33.33333333333333,14.583333333333334,18.75,0,0,31.25,1.0416666666666665,30.208333333333332,35.41666666666667,31.25,4.166666666666666,0
E00000918,126,59,51,8,0,0,5,1,4,62,58,4,0,46.82539682539682,40.476190476190474,6.349206349206349,0,0,3.968253968253968,0.7936507936507936,3.1746031746031744,49.2063492063492,46.03174603174603,3.1746031746031744,0
E00000919,150,114,63,51,2,2,2,1,1,32,29,3,0,76,42,34,1.3333333333333335,1.3333333333333335,1.3333333333333335,0.6666666666666667,0.6666666666666667,21.333333333333336,19.333333333333332,2,0
E00000920,167,78,42,36,0,0,15,0,15,74,71,3,0,46.706586826347305,25.149700598802394,21.55688622754491,0,0,8.982035928143713,0,8.982035928143713,44.31137724550898,42.51497005988024,1.7964071856287425,0
E00000921,126,38,23,15,0,0,50,50,0,38,35,3,0,30.158730158730158,18.253968253968253,11.904761904761903,0,0,39.682539682539684,39.682539682539684,0,30.158730158730158,27.77777777777778,2.380952380952381,0
E00000922,121,105,53,52,0,0,0,0,0,16,13,3,0,86.77685950413223,43.80165289256198,42.97520661157025,0,0,0,0,0,13.223140495867769,10.743801652892563,2.479338842975207,0
E00000923,124,32,21,11,0,0,66,14,52,25,20,5,1,25.806451612903224,16.93548387096774,8.870967741935484,0,0,53.2258064516129,11.29032258064516,41.935483870967744,20.161290322580644,16.129032258064516,4.032258064516129,0.8064516129032258
E00000924,110,58,25,33,0,0,29,24,5,23,22,1,0,52.72727272727272,22.727272727272727,30,0,0,26.36363636363636,21.818181818181817,4.545454545454546,20.909090909090907,20,0.9090909090909091,0
E00000925,119,103,53,50,0,0,1,0,1,15,13,2,0,86.5546218487395,44.537815126050425,42.016806722689076,0,0,0.8403361344537815,0,0.8403361344537815,12.605042016806722,10.92436974789916,1.680672268907563,0
E00000926,114,103,47,56,0,0,0,0,0,11,8,3,0,90.35087719298247,41.228070175438596,49.122807017543856,0,0,0,0,0,9.649122807017543,7.017543859649122,2.631578947368421,0
E00000927,111,96,43,53,0,0,0,0,0,15,12,3,0,86.48648648648648,38.73873873873874,47.74774774774775,0,0,0,0,0,13.513513513513514,10.81081081081081,2.7027027027027026,0
E00000928,123,100,53,47,0,0,0,0,0,23,17,6,0,81.30081300813008,43.08943089430895,38.21138211382114,0,0,0,0,0,18.69918699186992,13.821138211382115,4.878048780487805,0
E00000929,126,112,52,60,0,0,1,1,0,13,13,0,0,88.88888888888889,41.269841269841265,47.61904761904761,0,0,0.7936507936507936,0.7936507936507936,0,10.317460317460316,10.317460317460316,0,0
E00000930,120,104,47,57,0,0,1,0,1,15,12,3,0,86.66666666666667,39.166666666666664,47.5,0,0,0.8333333333333334,0,0.8333333333333334,12.5,10,2.5,0
E00000931,127,99,43,56,0,0,0,0,0,28,22,6,0,77.95275590551181,33.85826771653544,44.09448818897638,0,0,0,0,0,22.04724409448819,17.322834645669293,4.724409448818897,0
E00000932,157,118,69,49,1,1,9,8,1,29,23,6,0,75.15923566878982,43.94904458598726,31.210191082802545,0.6369426751592357,0.6369426751592357,5.7324840764331215,5.095541401273886,0.6369426751592357,18.471337579617835,14.64968152866242,3.821656050955414,0
E00000934,118,91,40,51,1,1,1,1,0,24,23,1,1,77.11864406779661,33.89830508474576,43.22033898305085,0.847457627118644,0.847457627118644,0.847457627118644,0.847457627118644,0,20.33898305084746,19.491525423728813,0.847457627118644,0.847457627118644
E00000935,151,103,65,38,1,1,1,0,1,46,42,4,0,68.21192052980133,43.04635761589404,25.165562913907287,0.6622516556291391,0.6622516556291391,0.6622516556291391,0,0.6622516556291391,30.4635761589404,27.81456953642384,2.6490066225165565,0
E00000936,146,113,62,51,0,0,1,1,0,32,30,2,0,77.3972602739726,42.465753424657535,34.93150684931507,0,0,0.684931506849315,0.684931506849315,0,21.91780821917808,20.54794520547945,1.36986301369863,0
E00000937,172,31,9,22,15,15,102,4,98,24,20,4,0,18.023255813953487,5.232558139534884,12.790697674418606,8.720930232558139,8.720930232558139,59.30232558139535,2.3255813953488373,56.97674418604651,13.953488372093023,11.627906976744185,2.3255813953488373,0
E00000938,127,95,50,45,2,2,4,4,0,26,24,2,0,74.80314960629921,39.37007874015748,35.43307086614173,1.574803149606299,1.574803149606299,3.149606299212598,3.149606299212598,0,20.47244094488189,18.89763779527559,1.574803149606299,0
E00000939,152,120,75,45,0,0,1,0,1,31,24,7,0,78.94736842105263,49.34210526315789,29.605263157894733,0,0,0.6578947368421052,0,0.6578947368421052,20.394736842105264,15.789473684210526,4.605263157894736,0
E00000940,123,98,64,34,1,1,3,1,2,21,20,1,0,79.67479674796748,52.03252032520326,27.64227642276423,0.8130081300813009,0.8130081300813009,2.4390243902439024,0.8130081300813009,1.6260162601626018,17.073170731707318,16.260162601626014,0.8130081300813009,0
E00000941,144,85,46,39,0,0,7,0,7,52,49,3,0,59.02777777777778,31.944444444444443,27.083333333333332,0,0,4.861111111111112,0,4.861111111111112,36.11111111111111,34.02777777777778,2.083333333333333,0
E00000943,198,93,19,74,20,20,17,0,17,68,64,4,0,46.96969696969697,9.595959595959595,37.37373737373738,10.1010101010101,10.1010101010101,8.585858585858585,0,8.585858585858585,34.34343434343434,32.323232323232325,2.0202020202020203,0
E00000944,147,105,51,54,0,0,18,11,7,24,22,2,0,71.42857142857143,34.69387755102041,36.734693877551024,0,0,12.244897959183673,7.482993197278912,4.761904761904762,16.3265306122449,14.965986394557824,1.3605442176870748,0
E00000945,129,98,59,39,0,0,2,1,1,29,23,6,0,75.96899224806202,45.73643410852713,30.23255813953488,0,0,1.550387596899225,0.7751937984496124,0.7751937984496124,22.48062015503876,17.829457364341085,4.651162790697675,0
E00000947,172,104,58,46,1,1,31,3,28,35,28,7,1,60.46511627906976,33.72093023255814,26.744186046511626,0.5813953488372093,0.5813953488372093,18.023255813953487,1.744186046511628,16.27906976744186,20.348837209302324,16.27906976744186,4.069767441860465,0.5813953488372093
E00000948,125,118,59,59,0,0,0,0,0,7,5,2,0,94.39999999999999,47.199999999999996,47.199999999999996,0,0,0,0,0,5.6000000000000005,4,1.6,0
E00000949,142,98,76,22,2,2,11,3,8,31,22,9,0,69.01408450704226,53.52112676056338,15.492957746478872,1.4084507042253522,1.4084507042253522,7.746478873239436,2.112676056338028,5.633802816901409,21.830985915492956,15.492957746478872,6.338028169014084,0
E00000950,129,87,49,38,0,0,0,0,0,42,40,2,0,67.44186046511628,37.98449612403101,29.457364341085274,0,0,0,0,0,32.55813953488372,31.007751937984494,1.550387596899225,0
E00000951,127,90,52,38,0,0,1,1,0,36,35,1,0,70.86614173228347,40.94488188976378,29.92125984251969,0,0,0.7874015748031495,0.7874015748031495,0,28.346456692913385,27.559055118110237,0.7874015748031495,0
E00000952,120,90,53,37,1,1,2,1,1,27,26,1,0,75,44.166666666666664,30.833333333333336,0.8333333333333334,0.8333333333333334,1.6666666666666667,0.8333333333333334,0.8333333333333334,22.5,21.666666666666668,0.8333333333333334,0
E00000953,176,27,10,17,0,0,6,1,5,143,133,10,0,15.340909090909092,5.681818181818182,9.659090909090908,0,0,3.4090909090909087,0.5681818181818182,2.840909090909091,81.25,75.56818181818183,5.681818181818182,0
E00000954,125,109,61,48,0,0,0,0,0,16,13,3,0,87.2,48.8,38.4,0,0,0,0,0,12.8,10.4,2.4,0
E00000955,145,80,49,31,2,2,0,0,0,63,58,5,0,55.172413793103445,33.793103448275865,21.379310344827587,1.3793103448275863,1.3793103448275863,0,0,0,43.44827586206896,40,3.4482758620689653,0
E00000956,129,76,49,27,1,1,4,2,2,48,42,6,0,58.91472868217055,37.98449612403101,20.930232558139537,0.7751937984496124,0.7751937984496124,3.10077519379845,1.550387596899225,1.550387596899225,37.2093023255814,32.55813953488372,4.651162790697675,0
E00000958,247,29,18,11,0,0,42,22,20,175,167,8,1,11.740890688259109,7.28744939271255,4.4534412955465585,0,0,17.00404858299595,8.906882591093117,8.097165991902834,70.8502024291498,67.61133603238866,3.2388663967611335,0.4048582995951417
E00000959,155,91,49,42,2,2,5,2,3,57,54,3,0,58.70967741935483,31.61290322580645,27.09677419354839,1.2903225806451613,1.2903225806451613,3.225806451612903,1.2903225806451613,1.935483870967742,36.774193548387096,34.83870967741935,1.935483870967742,0
E00000960,156,91,52,39,2,2,22,1,21,41,39,2,0,58.333333333333336,33.33333333333333,25,1.282051282051282,1.282051282051282,14.102564102564102,0.641025641025641,13.461538461538462,26.282051282051285,25,1.282051282051282,0
E00000961,199,51,15,36,12,12,59,17,42,77,77,0,0,25.628140703517587,7.537688442211055,18.090452261306535,6.030150753768844,6.030150753768844,29.64824120603015,8.542713567839195,21.105527638190953,38.69346733668342,38.69346733668342,0,0
E00000962,120,46,18,28,3,3,41,34,7,30,21,9,0,38.333333333333336,15,23.333333333333332,2.5,2.5,34.166666666666664,28.333333333333332,5.833333333333333,25,17.5,7.5,0
E00000963,121,37,17,20,0,0,59,37,22,25,21,4,0,30.57851239669421,14.049586776859504,16.528925619834713,0,0,48.760330578512395,30.57851239669421,18.181818181818183,20.66115702479339,17.355371900826448,3.3057851239669422,0
E00000964,165,39,11,28,10,10,7,5,2,109,107,2,0,23.636363636363637,6.666666666666667,16.969696969696972,6.0606060606060606,6.0606060606060606,4.242424242424243,3.0303030303030303,1.2121212121212122,66.06060606060606,64.84848484848484,1.2121212121212122,0
E00000965,108,23,10,13,1,1,51,3,48,33,31,2,0,21.296296296296298,9.25925925925926,12.037037037037036,0.9259259259259258,0.9259259259259258,47.22222222222222,2.7777777777777777,44.44444444444444,30.555555555555557,28.703703703703702,1.8518518518518516,0
E00000966,131,58,40,18,0,0,11,0,11,62,57,5,0,44.274809160305345,30.53435114503817,13.740458015267176,0,0,8.396946564885496,0,8.396946564885496,47.32824427480916,43.51145038167939,3.816793893129771,0
E00000967,130,63,31,32,1,1,44,33,11,22,20,2,0,48.46153846153846,23.846153846153847,24.615384615384617,0.7692307692307693,0.7692307692307693,33.84615384615385,25.384615384615383,8.461538461538462,16.923076923076923,15.384615384615385,1.5384615384615385,0
E00000968,156,106,47,59,1,1,2,1,1,47,46,1,0,67.94871794871796,30.128205128205128,37.82051282051282,0.641025641025641,0.641025641025641,1.282051282051282,0.641025641025641,0.641025641025641,30.128205128205128,29.48717948717949,0.641025641025641,0
E00000969,138,111,69,42,0,0,2,1,1,25,22,3,0,80.43478260869566,50,30.434782608695656,0,0,1.4492753623188406,0.7246376811594203,0.7246376811594203,18.115942028985508,15.942028985507244,2.1739130434782608,0
E00000970,129,89,32,57,1,1,2,1,1,37,33,4,0,68.9922480620155,24.8062015503876,44.18604651162791,0.7751937984496124,0.7751937984496124,1.550387596899225,0.7751937984496124,0.7751937984496124,28.68217054263566,25.581395348837212,3.10077519379845,0
E00000971,132,89,61,28,0,0,1,1,0,42,40,2,0,67.42424242424242,46.21212121212121,21.21212121212121,0,0,0.7575757575757576,0.7575757575757576,0,31.818181818181817,30.303030303030305,1.5151515151515151,0
E00000972,129,107,57,50,0,0,0,0,0,22,17,5,0,82.94573643410853,44.18604651162791,38.759689922480625,0,0,0,0,0,17.05426356589147,13.178294573643413,3.875968992248062,0
E00000973,148,63,37,26,0,0,1,0,1,84,79,5,0,42.567567567567565,25,17.56756756756757,0,0,0.6756756756756757,0,0.6756756756756757,56.75675675675676,53.37837837837838,3.3783783783783785,0
E00000974,122,44,14,30,0,0,7,5,2,71,70,1,0,36.0655737704918,11.475409836065573,24.59016393442623,0,0,5.737704918032787,4.098360655737705,1.639344262295082,58.19672131147541,57.377049180327866,0.819672131147541,0
E00000975,128,78,39,39,0,0,1,1,0,49,46,3,0,60.9375,30.46875,30.46875,0,0,0.78125,0.78125,0,38.28125,35.9375,2.34375,0
E00000976,151,40,13,27,0,0,57,53,4,53,53,0,1,26.490066225165563,8.609271523178808,17.880794701986755,0,0,37.74834437086093,35.099337748344375,2.6490066225165565,35.099337748344375,35.099337748344375,0,0.6622516556291391
E00000977,161,109,54,55,2,2,8,0,8,42,38,4,0,67.70186335403726,33.54037267080746,34.161490683229815,1.2422360248447204,1.2422360248447204,4.968944099378882,0,4.968944099378882,26.08695652173913,23.60248447204969,2.484472049689441,0
E00000978,116,76,40,36,3,3,0,0,0,37,35,2,0,65.51724137931035,34.48275862068966,31.03448275862069,2.586206896551724,2.586206896551724,0,0,0,31.896551724137932,30.17241379310345,1.7241379310344827,0
E00000979,140,106,67,39,0,0,0,0,0,34,30,4,0,75.71428571428571,47.85714285714286,27.857142857142858,0,0,0,0,0,24.285714285714285,21.428571428571427,2.857142857142857,0
E00000980,115,46,39,7,1,1,1,0,1,67,62,5,0,40,33.91304347826087,6.086956521739131,0.8695652173913043,0.8695652173913043,0.8695652173913043,0,0.8695652173913043,58.26086956521739,53.91304347826087,4.3478260869565215,0
E00000981,127,109,61,48,0,0,2,1,1,16,8,8,0,85.8267716535433,48.031496062992126,37.79527559055118,0,0,1.574803149606299,0.7874015748031495,0.7874015748031495,12.598425196850393,6.299212598425196,6.299212598425196,0
E00000982,129,118,58,60,0,0,1,0,1,10,8,2,0,91.47286821705426,44.96124031007752,46.51162790697674,0,0,0.7751937984496124,0,0.7751937984496124,7.751937984496124,6.2015503875969,1.550387596899225,0
E00000983,126,90,40,50,0,0,1,0,1,35,29,6,0,71.42857142857143,31.746031746031743,39.682539682539684,0,0,0.7936507936507936,0,0.7936507936507936,27.77777777777778,23.015873015873016,4.761904761904762,0
E00000984,163,104,52,52,0,0,1,1,0,58,54,4,0,63.80368098159509,31.901840490797547,31.901840490797547,0,0,0.6134969325153374,0.6134969325153374,0,35.58282208588957,33.12883435582822,2.4539877300613497,0
E00000985,130,99,54,45,0,0,6,3,3,25,22,3,0,76.15384615384615,41.53846153846154,34.61538461538461,0,0,4.615384615384616,2.307692307692308,2.307692307692308,19.230769230769234,16.923076923076923,2.307692307692308,0
E00000986,153,76,45,31,0,0,8,3,5,69,64,5,0,49.673202614379086,29.411764705882355,20.26143790849673,0,0,5.228758169934641,1.9607843137254901,3.2679738562091507,45.09803921568628,41.830065359477125,3.2679738562091507,0
E00000987,128,102,55,47,0,0,3,1,2,23,21,2,0,79.6875,42.96875,36.71875,0,0,2.34375,0.78125,1.5625,17.96875,16.40625,1.5625,0
E00000988,121,82,39,43,1,1,20,15,5,18,15,3,0,67.76859504132231,32.231404958677686,35.53719008264463,0.8264462809917356,0.8264462809917356,16.528925619834713,12.396694214876034,4.132231404958678,14.87603305785124,12.396694214876034,2.479338842975207,0
E00000990,128,76,49,27,0,0,32,17,15,20,17,3,0,59.375,38.28125,21.09375,0,0,25,13.28125,11.71875,15.625,13.28125,2.34375,0
E00000991,220,68,55,13,0,0,2,1,1,150,142,8,0,30.909090909090907,25,5.909090909090909,0,0,0.9090909090909091,0.45454545454545453,0.45454545454545453,68.18181818181817,64.54545454545455,3.6363636363636362,0
E00000992,164,43,26,17,1,1,0,0,0,120,116,4,0,26.21951219512195,15.853658536585366,10.365853658536585,0.6097560975609756,0.6097560975609756,0,0,0,73.17073170731707,70.73170731707317,2.4390243902439024,0
E00000993,132,118,71,47,0,0,0,0,0,14,13,1,0,89.39393939393939,53.78787878787878,35.60606060606061,0,0,0,0,0,10.606060606060606,9.848484848484848,0.7575757575757576,0
E00000994,131,74,56,18,0,0,7,3,4,50,43,7,0,56.48854961832062,42.74809160305343,13.740458015267176,0,0,5.343511450381679,2.2900763358778624,3.0534351145038165,38.16793893129771,32.82442748091603,5.343511450381679,0
E00000995,123,44,22,22,0,0,5,1,4,74,73,1,0,35.77235772357724,17.88617886178862,17.88617886178862,0,0,4.0650406504065035,0.8130081300813009,3.2520325203252036,60.16260162601627,59.34959349593496,0.8130081300813009,0
E00000996,156,30,18,12,1,1,6,4,2,119,116,3,0,19.230769230769234,11.538461538461538,7.6923076923076925,0.641025641025641,0.641025641025641,3.8461538461538463,2.564102564102564,1.282051282051282,76.28205128205127,74.35897435897436,1.9230769230769231,0
E00000997,240,120,45,75,3,3,26,3,23,91,85,6,0,50,18.75,31.25,1.25,1.25,10.833333333333334,1.25,9.583333333333334,37.916666666666664,35.41666666666667,2.5,0
E00000998,133,79,48,31,1,1,1,1,0,52,49,3,0,59.3984962406015,36.09022556390977,23.308270676691727,0.7518796992481203,0.7518796992481203,0.7518796992481203,0.7518796992481203,0,39.097744360902254,36.84210526315789,2.2556390977443606,0
E00000999,167,102,63,39,0,0,0,0,0,65,62,3,0,61.07784431137725,37.72455089820359,23.353293413173652,0,0,0,0,0,38.92215568862276,37.12574850299401,1.7964071856287425,0
E00001000,141,69,55,14,0,0,22,20,2,50,45,5,0,48.93617021276596,39.00709219858156,9.929078014184398,0,0,15.602836879432624,14.184397163120568,1.4184397163120568,35.46099290780142,31.914893617021278,3.546099290780142,0
E00001001,135,89,65,24,1,1,2,1,1,43,43,0,0,65.92592592592592,48.148148148148145,17.77777777777778,0.7407407407407408,0.7407407407407408,1.4814814814814816,0.7407407407407408,0.7407407407407408,31.851851851851855,31.851851851851855,0,0
E00001002,138,119,57,62,0,0,1,0,1,18,14,4,0,86.23188405797102,41.30434782608695,44.927536231884055,0,0,0.7246376811594203,0,0.7246376811594203,13.043478260869565,10.144927536231885,2.898550724637681,0
E00001003,135,92,44,48,1,1,3,2,1,39,35,4,0,68.14814814814815,32.592592592592595,35.55555555555556,0.7407407407407408,0.7407407407407408,2.2222222222222223,1.4814814814814816,0.7407407407407408,28.888888888888886,25.925925925925924,2.9629629629629632,0
E00001004,134,105,46,59,0,0,0,0,0,29,24,5,0,78.35820895522389,34.32835820895522,44.02985074626866,0,0,0,0,0,21.641791044776117,17.91044776119403,3.731343283582089,0
E00001005,155,78,48,30,0,0,3,2,1,74,71,3,0,50.32258064516129,30.967741935483872,19.35483870967742,0,0,1.935483870967742,1.2903225806451613,0.6451612903225806,47.74193548387097,45.806451612903224,1.935483870967742,0
E00001006,138,99,38,61,0,0,0,0,0,39,31,8,0,71.73913043478261,27.536231884057973,44.20289855072464,0,0,0,0,0,28.26086956521739,22.463768115942027,5.797101449275362,0
E00001007,125,97,51,46,0,0,6,5,1,22,21,1,0,77.60000000000001,40.8,36.8,0,0,4.8,4,0.8,17.599999999999998,16.8,0.8,0
E00001008,172,128,84,44,0,0,0,0,0,44,40,4,0,74.4186046511628,48.837209302325576,25.581395348837212,0,0,0,0,0,25.581395348837212,23.25581395348837,2.3255813953488373,0
E00001009,174,48,32,16,1,1,9,3,6,116,110,6,0,27.586206896551722,18.39080459770115,9.195402298850574,0.5747126436781609,0.5747126436781609,5.172413793103448,1.7241379310344827,3.4482758620689653,66.66666666666666,63.2183908045977,3.4482758620689653,0
E00001010,127,80,46,34,1,1,2,0,2,44,41,3,0,62.99212598425197,36.22047244094488,26.77165354330709,0.7874015748031495,0.7874015748031495,1.574803149606299,0,1.574803149606299,34.645669291338585,32.28346456692913,2.3622047244094486,0
E00001011,129,115,66,49,0,0,2,1,1,12,10,2,0,89.14728682170544,51.162790697674424,37.98449612403101,0,0,1.550387596899225,0.7751937984496124,0.7751937984496124,9.30232558139535,7.751937984496124,1.550387596899225,0
E00001012,87,26,13,13,1,1,52,5,47,8,7,1,0,29.88505747126437,14.942528735632186,14.942528735632186,1.1494252873563218,1.1494252873563218,59.77011494252874,5.747126436781609,54.02298850574713,9.195402298850574,8.045977011494253,1.1494252873563218,0
E00001013,204,94,45,49,0,0,0,0,0,110,105,5,0,46.07843137254902,22.058823529411764,24.019607843137255,0,0,0,0,0,53.92156862745098,51.470588235294116,2.450980392156863,0
E00001014,168,106,74,32,1,1,9,1,8,52,46,6,0,63.095238095238095,44.047619047619044,19.047619047619047,0.5952380952380952,0.5952380952380952,5.357142857142857,0.5952380952380952,4.761904761904762,30.952380952380953,27.380952380952383,3.571428571428571,0
E00001015,135,109,67,42,1,1,0,0,0,25,15,10,0,80.74074074074075,49.629629629629626,31.11111111111111,0.7407407407407408,0.7407407407407408,0,0,0,18.51851851851852,11.11111111111111,7.4074074074074066,0
E00001016,169,45,16,29,0,0,1,0,1,123,119,4,0,26.627218934911244,9.467455621301776,17.159763313609467,0,0,0.591715976331361,0,0.591715976331361,72.7810650887574,70.41420118343196,2.366863905325444,0
E00001017,87,67,42,25,1,1,3,2,1,16,9,7,0,77.01149425287356,48.275862068965516,28.735632183908045,1.1494252873563218,1.1494252873563218,3.4482758620689653,2.2988505747126435,1.1494252873563218,18.39080459770115,10.344827586206897,8.045977011494253,0
E00001018,114,67,34,33,1,1,9,7,2,37,35,2,0,58.77192982456141,29.82456140350877,28.947368421052634,0.8771929824561403,0.8771929824561403,7.894736842105263,6.140350877192982,1.7543859649122806,32.45614035087719,30.701754385964914,1.7543859649122806,0
E00001019,105,62,30,32,2,2,1,0,1,40,39,1,0,59.04761904761905,28.57142857142857,30.476190476190478,1.9047619047619049,1.9047619047619049,0.9523809523809524,0,0.9523809523809524,38.095238095238095,37.142857142857146,0.9523809523809524,0
E00001020,113,94,42,52,0,0,0,0,0,19,15,4,0,83.1858407079646,37.16814159292036,46.017699115044245,0,0,0,0,0,16.8141592920354,13.274336283185843,3.5398230088495577,0
E00001021,158,55,27,28,1,1,5,3,2,97,93,4,0,34.810126582278485,17.088607594936708,17.72151898734177,0.6329113924050633,0.6329113924050633,3.1645569620253164,1.89873417721519,1.2658227848101267,61.39240506329114,58.86075949367089,2.5316455696202533,0
E00001022,120,84,32,52,0,0,2,0,2,34,32,2,0,70,26.666666666666668,43.333333333333336,0,0,1.6666666666666667,0,1.6666666666666667,28.333333333333332,26.666666666666668,1.6666666666666667,0
E00001023,116,92,53,39,0,0,1,0,1,22,21,1,1,79.3103448275862,45.689655172413794,33.62068965517241,0,0,0.8620689655172413,0,0.8620689655172413,18.96551724137931,18.103448275862068,0.8620689655172413,0.8620689655172413
E00001024,126,102,41,61,1,1,0,0,0,23,19,4,0,80.95238095238095,32.53968253968254,48.41269841269841,0.7936507936507936,0.7936507936507936,0,0,0,18.253968253968253,15.079365079365079,3.1746031746031744,0
E00001025,123,104,46,58,0,0,1,0,1,18,18,0,0,84.5528455284553,37.39837398373984,47.15447154471545,0,0,0.8130081300813009,0,0.8130081300813009,14.634146341463413,14.634146341463413,0,0
E00001026,179,66,37,29,0,0,11,2,9,102,96,6,0,36.87150837988827,20.670391061452513,16.201117318435752,0,0,6.145251396648044,1.1173184357541899,5.027932960893855,56.98324022346368,53.63128491620112,3.35195530726257,0
E00001027,115,71,23,48,0,0,5,2,3,39,36,3,0,61.73913043478261,20,41.73913043478261,0,0,4.3478260869565215,1.7391304347826086,2.608695652173913,33.91304347826087,31.30434782608696,2.608695652173913,0
E00001028,159,111,76,35,0,0,1,1,0,47,36,11,0,69.81132075471697,47.79874213836478,22.0125786163522,0,0,0.628930817610063,0.628930817610063,0,29.559748427672954,22.641509433962266,6.918238993710692,0
E00001029,125,90,52,38,2,2,4,3,1,29,27,2,0,72,41.6,30.4,1.6,1.6,3.2,2.4,0.8,23.200000000000003,21.6,1.6,0
E00001030,121,82,45,37,1,1,0,0,0,38,34,4,0,67.76859504132231,37.1900826446281,30.57851239669421,0.8264462809917356,0.8264462809917356,0,0,0,31.40495867768595,28.09917355371901,3.3057851239669422,0
E00001031,117,104,53,51,0,0,1,0,1,12,12,0,0,88.88888888888889,45.2991452991453,43.58974358974359,0,0,0.8547008547008548,0,0.8547008547008548,10.256410256410255,10.256410256410255,0,0
E00001032,138,104,51,53,0,0,5,3,2,29,26,3,0,75.36231884057972,36.95652173913043,38.405797101449274,0,0,3.6231884057971016,2.1739130434782608,1.4492753623188406,21.014492753623188,18.84057971014493,2.1739130434782608,0
E00001033,118,68,34,34,0,0,25,23,2,25,24,1,0,57.6271186440678,28.8135593220339,28.8135593220339,0,0,21.1864406779661,19.491525423728813,1.694915254237288,21.1864406779661,20.33898305084746,0.847457627118644,0
E00001034,111,18,11,7,0,0,6,3,3,87,78,9,0,16.216216216216218,9.90990990990991,6.306306306306306,0,0,5.405405405405405,2.7027027027027026,2.7027027027027026,78.37837837837837,70.27027027027027,8.108108108108109,0
E00001035,121,50,21,29,2,2,4,3,1,65,63,2,0,41.32231404958678,17.355371900826448,23.96694214876033,1.6528925619834711,1.6528925619834711,3.3057851239669422,2.479338842975207,0.8264462809917356,53.71900826446281,52.066115702479344,1.6528925619834711,0
E00001036,114,98,56,42,0,0,2,0,2,14,14,0,0,85.96491228070175,49.122807017543856,36.84210526315789,0,0,1.7543859649122806,0,1.7543859649122806,12.280701754385964,12.280701754385964,0,0
E00001037,156,118,88,30,0,0,5,0,5,33,29,4,0,75.64102564102564,56.41025641025641,19.230769230769234,0,0,3.205128205128205,0,3.205128205128205,21.153846153846153,18.58974358974359,2.564102564102564,0
E00001038,113,88,42,46,0,0,2,0,2,23,21,2,0,77.87610619469027,37.16814159292036,40.707964601769916,0,0,1.7699115044247788,0,1.7699115044247788,20.353982300884958,18.58407079646018,1.7699115044247788,0
E00001039,111,50,33,17,1,1,3,1,2,57,52,5,0,45.04504504504504,29.72972972972973,15.315315315315313,0.9009009009009009,0.9009009009009009,2.7027027027027026,0.9009009009009009,1.8018018018018018,51.35135135135135,46.846846846846844,4.504504504504505,0
E00001040,124,94,66,28,1,1,2,1,1,27,22,5,0,75.80645161290323,53.2258064516129,22.58064516129032,0.8064516129032258,0.8064516129032258,1.6129032258064515,0.8064516129032258,0.8064516129032258,21.774193548387096,17.741935483870968,4.032258064516129,0
E00001041,115,13,9,4,0,0,93,5,88,9,9,0,0,11.304347826086957,7.82608695652174,3.4782608695652173,0,0,80.8695652173913,4.3478260869565215,76.52173913043478,7.82608695652174,7.82608695652174,0,0
E00001042,115,94,64,30,0,0,2,1,1,19,16,3,0,81.73913043478261,55.65217391304348,26.08695652173913,0,0,1.7391304347826086,0.8695652173913043,0.8695652173913043,16.52173913043478,13.91304347826087,2.608695652173913,0
E00001043,122,114,51,63,0,0,0,0,0,8,6,2,0,93.44262295081968,41.80327868852459,51.63934426229508,0,0,0,0,0,6.557377049180328,4.918032786885246,1.639344262295082,0
E00001044,131,103,70,33,0,0,3,1,2,25,21,4,0,78.62595419847328,53.43511450381679,25.190839694656486,0,0,2.2900763358778624,0.7633587786259541,1.5267175572519083,19.083969465648856,16.030534351145036,3.0534351145038165,0
E00001045,136,115,79,36,0,0,3,1,2,18,15,3,0,84.55882352941177,58.08823529411765,26.47058823529412,0,0,2.2058823529411766,0.7352941176470588,1.4705882352941175,13.23529411764706,11.029411764705882,2.2058823529411766,0
E00001046,118,103,48,55,0,0,1,0,1,14,13,1,0,87.28813559322035,40.67796610169492,46.61016949152542,0,0,0.847457627118644,0,0.847457627118644,11.864406779661017,11.016949152542372,0.847457627118644,0
E00001047,125,110,59,51,1,1,2,0,2,12,12,0,0,88,47.199999999999996,40.8,0.8,0.8,1.6,0,1.6,9.6,9.6,0,0
E00001048,186,27,11,16,0,0,11,9,2,148,144,4,0,14.516129032258066,5.913978494623656,8.60215053763441,0,0,5.913978494623656,4.838709677419355,1.0752688172043012,79.56989247311827,77.41935483870968,2.1505376344086025,0
E00001049,125,108,61,47,0,0,0,0,0,17,14,3,0,86.4,48.8,37.6,0,0,0,0,0,13.600000000000001,11.200000000000001,2.4,0
E00001050,171,49,29,20,0,0,4,2,2,118,111,7,0,28.654970760233915,16.95906432748538,11.695906432748536,0,0,2.3391812865497075,1.1695906432748537,1.1695906432748537,69.00584795321637,64.91228070175438,4.093567251461988,0
E00001051,134,99,71,28,0,0,19,0,19,16,11,5,0,73.88059701492537,52.98507462686567,20.8955223880597,0,0,14.17910447761194,0,14.17910447761194,11.940298507462686,8.208955223880597,3.731343283582089,0
E00001052,123,89,51,38,0,0,0,0,0,34,30,4,0,72.35772357723577,41.46341463414634,30.89430894308943,0,0,0,0,0,27.64227642276423,24.390243902439025,3.2520325203252036,0
E00001053,126,110,79,31,0,0,0,0,0,16,12,4,0,87.3015873015873,62.698412698412696,24.6031746031746,0,0,0,0,0,12.698412698412698,9.523809523809524,3.1746031746031744,0
E00001054,120,110,75,35,0,0,1,0,1,9,8,1,0,91.66666666666666,62.5,29.166666666666668,0,0,0.8333333333333334,0,0.8333333333333334,7.5,6.666666666666667,0.8333333333333334,0
E00001055,156,69,41,28,0,0,0,0,0,87,83,4,0,44.230769230769226,26.282051282051285,17.94871794871795,0,0,0,0,0,55.769230769230774,53.205128205128204,2.564102564102564,0
E00001056,148,49,24,25,0,0,5,5,0,94,92,2,0,33.108108108108105,16.216216216216218,16.89189189189189,0,0,3.3783783783783785,3.3783783783783785,0,63.51351351351351,62.16216216216216,1.3513513513513513,0
E00001057,128,99,62,37,0,0,0,0,0,29,21,8,0,77.34375,48.4375,28.90625,0,0,0,0,0,22.65625,16.40625,6.25,0
E00001058,153,77,46,31,1,1,4,1,3,71,41,30,0,50.326797385620914,30.065359477124183,20.26143790849673,0.6535947712418301,0.6535947712418301,2.6143790849673203,0.6535947712418301,1.9607843137254901,46.40522875816993,26.797385620915033,19.607843137254903,0
E00001059,144,118,56,62,1,1,1,1,0,24,21,3,0,81.94444444444444,38.88888888888889,43.05555555555556,0.6944444444444444,0.6944444444444444,0.6944444444444444,0.6944444444444444,0,16.666666666666664,14.583333333333334,2.083333333333333,0
E00001060,104,34,21,13,0,0,2,2,0,68,64,4,0,32.69230769230769,20.192307692307693,12.5,0,0,1.9230769230769231,1.9230769230769231,0,65.38461538461539,61.53846153846154,3.8461538461538463,0
E00001061,165,39,22,17,8,8,80,20,60,38,35,3,0,23.636363636363637,13.333333333333334,10.303030303030303,4.848484848484849,4.848484848484849,48.484848484848484,12.121212121212121,36.36363636363637,23.03030303030303,21.21212121212121,1.8181818181818181,0
E00001062,182,68,44,24,1,1,5,2,3,108,102,6,0,37.362637362637365,24.175824175824175,13.186813186813188,0.5494505494505495,0.5494505494505495,2.7472527472527473,1.098901098901099,1.6483516483516485,59.34065934065934,56.043956043956044,3.296703296703297,0
E00001063,141,81,43,38,1,1,3,2,1,55,49,6,1,57.446808510638306,30.49645390070922,26.95035460992908,0.7092198581560284,0.7092198581560284,2.127659574468085,1.4184397163120568,0.7092198581560284,39.00709219858156,34.751773049645394,4.25531914893617,0.7092198581560284
E00001064,120,74,46,28,0,0,2,1,1,44,41,3,0,61.66666666666667,38.333333333333336,23.333333333333332,0,0,1.6666666666666667,0.8333333333333334,0.8333333333333334,36.666666666666664,34.166666666666664,2.5,0
E00001065,123,77,46,31,0,0,2,2,0,44,39,5,0,62.601626016260155,37.39837398373984,25.203252032520325,0,0,1.6260162601626018,1.6260162601626018,0,35.77235772357724,31.70731707317073,4.0650406504065035,0
E00001066,189,77,41,36,0,0,13,3,10,99,95,4,0,40.74074074074074,21.693121693121693,19.047619047619047,0,0,6.878306878306878,1.5873015873015872,5.291005291005291,52.38095238095239,50.264550264550266,2.1164021164021163,0
E00001067,218,113,85,28,0,0,20,1,19,85,79,6,0,51.8348623853211,38.99082568807339,12.844036697247708,0,0,9.174311926605505,0.45871559633027525,8.715596330275229,38.99082568807339,36.23853211009174,2.7522935779816518,0
E00001068,137,81,47,34,0,0,1,0,1,55,50,5,0,59.12408759124088,34.306569343065696,24.817518248175183,0,0,0.7299270072992701,0,0.7299270072992701,40.14598540145985,36.496350364963504,3.64963503649635,0
E00001069,229,37,26,11,2,2,81,4,77,108,102,6,1,16.157205240174672,11.353711790393014,4.8034934497816595,0.8733624454148471,0.8733624454148471,35.37117903930131,1.7467248908296942,33.624454148471614,47.161572052401745,44.54148471615721,2.6200873362445414,0.43668122270742354
E00001071,140,45,25,20,0,0,9,7,2,86,82,4,0,32.142857142857146,17.857142857142858,14.285714285714285,0,0,6.428571428571428,5,1.4285714285714286,61.42857142857143,58.57142857142858,2.857142857142857,0
E00001072,157,54,29,25,1,1,5,2,3,97,94,3,0,34.394904458598724,18.471337579617835,15.92356687898089,0.6369426751592357,0.6369426751592357,3.1847133757961785,1.2738853503184715,1.910828025477707,61.78343949044586,59.87261146496815,1.910828025477707,0
E00001073,129,56,36,20,0,0,3,0,3,70,68,2,0,43.41085271317829,27.906976744186046,15.503875968992247,0,0,2.3255813953488373,0,2.3255813953488373,54.263565891472865,52.71317829457365,1.550387596899225,0
E00001074,162,64,42,22,0,0,4,4,0,94,90,4,0,39.50617283950617,25.925925925925924,13.580246913580247,0,0,2.4691358024691357,2.4691358024691357,0,58.0246913580247,55.55555555555556,2.4691358024691357,0
E00001075,149,63,31,32,0,0,5,1,4,81,74,7,0,42.281879194630875,20.80536912751678,21.476510067114095,0,0,3.3557046979865772,0.6711409395973155,2.684563758389262,54.36241610738255,49.664429530201346,4.697986577181208,0
E00001076,166,14,9,5,0,0,83,3,80,69,67,2,0,8.433734939759036,5.421686746987952,3.0120481927710845,0,0,50,1.8072289156626504,48.19277108433735,41.566265060240966,40.36144578313253,1.2048192771084338,0
E00001077,160,67,34,33,0,0,2,1,1,91,88,3,0,41.875,21.25,20.625,0,0,1.25,0.625,0.625,56.875,55.00000000000001,1.875,0
E00001078,102,15,8,7,0,0,67,61,6,20,20,0,0,14.705882352941178,7.8431372549019605,6.862745098039216,0,0,65.68627450980392,59.80392156862745,5.88235294117647,19.607843137254903,19.607843137254903,0,0
E00001079,92,8,5,3,1,1,65,63,2,17,17,0,1,8.695652173913043,5.434782608695652,3.260869565217391,1.0869565217391304,1.0869565217391304,70.65217391304348,68.47826086956522,2.1739130434782608,18.478260869565215,18.478260869565215,0,1.0869565217391304
E00001081,171,81,55,26,0,0,11,8,3,78,69,9,1,47.368421052631575,32.16374269005848,15.204678362573098,0,0,6.432748538011696,4.678362573099415,1.7543859649122806,45.614035087719294,40.35087719298245,5.263157894736842,0.5847953216374269
E00001082,128,77,39,38,1,1,0,0,0,50,47,3,0,60.15625,30.46875,29.6875,0.78125,0.78125,0,0,0,39.0625,36.71875,2.34375,0
E00001083,123,42,20,22,1,1,33,30,3,45,41,4,2,34.146341463414636,16.260162601626014,17.88617886178862,0.8130081300813009,0.8130081300813009,26.82926829268293,24.390243902439025,2.4390243902439024,36.58536585365854,33.33333333333333,3.2520325203252036,1.6260162601626018
E00001084,125,48,28,20,0,0,39,34,5,36,32,4,2,38.4,22.400000000000002,16,0,0,31.2,27.200000000000003,4,28.799999999999997,25.6,3.2,1.6
E00001085,166,71,50,21,0,0,6,2,4,89,81,8,0,42.77108433734939,30.120481927710845,12.650602409638553,0,0,3.614457831325301,1.2048192771084338,2.4096385542168677,53.6144578313253,48.795180722891565,4.819277108433735,0
E00001086,153,76,55,21,0,0,1,0,1,76,68,8,0,49.673202614379086,35.947712418300654,13.725490196078432,0,0,0.6535947712418301,0,0.6535947712418301,49.673202614379086,44.44444444444444,5.228758169934641,0
E00001087,130,67,45,22,0,0,2,1,1,61,56,5,0,51.53846153846153,34.61538461538461,16.923076923076923,0,0,1.5384615384615385,0.7692307692307693,0.7692307692307693,46.92307692307692,43.07692307692308,3.8461538461538463,0
E00001089,147,77,43,34,1,1,3,1,2,66,63,3,0,52.38095238095239,29.25170068027211,23.12925170068027,0.6802721088435374,0.6802721088435374,2.0408163265306123,0.6802721088435374,1.3605442176870748,44.89795918367347,42.857142857142854,2.0408163265306123,0
E00001090,122,46,22,24,1,1,19,14,5,56,52,4,0,37.704918032786885,18.0327868852459,19.672131147540984,0.819672131147541,0.819672131147541,15.573770491803279,11.475409836065573,4.098360655737705,45.90163934426229,42.62295081967213,3.278688524590164,0
E00001091,126,75,48,27,0,0,2,1,1,49,46,3,0,59.523809523809526,38.095238095238095,21.428571428571427,0,0,1.5873015873015872,0.7936507936507936,0.7936507936507936,38.88888888888889,36.507936507936506,2.380952380952381,0
E00001092,151,107,52,55,0,0,11,6,5,33,28,5,0,70.86092715231787,34.437086092715234,36.423841059602644,0,0,7.28476821192053,3.9735099337748347,3.3112582781456954,21.85430463576159,18.543046357615893,3.3112582781456954,0
E00001093,147,99,56,43,1,1,0,0,0,47,41,6,0,67.3469387755102,38.095238095238095,29.25170068027211,0.6802721088435374,0.6802721088435374,0,0,0,31.97278911564626,27.89115646258503,4.081632653061225,0
E00001094,150,99,47,52,0,0,1,1,0,50,34,16,0,66,31.333333333333336,34.66666666666667,0,0,0.6666666666666667,0.6666666666666667,0,33.33333333333333,22.666666666666664,10.666666666666668,0
E00001095,134,61,33,28,0,0,2,0,2,71,69,2,0,45.52238805970149,24.62686567164179,20.8955223880597,0,0,1.4925373134328357,0,1.4925373134328357,52.98507462686567,51.49253731343284,1.4925373134328357,0
E00001096,125,20,5,15,7,7,88,6,82,10,7,3,0,16,4,12,5.6000000000000005,5.6000000000000005,70.39999999999999,4.8,65.60000000000001,8,5.6000000000000005,2.4,0
E00001097,156,83,38,45,2,2,6,5,1,65,58,7,0,53.205128205128204,24.358974358974358,28.846153846153843,1.282051282051282,1.282051282051282,3.8461538461538463,3.205128205128205,0.641025641025641,41.66666666666667,37.17948717948718,4.487179487179487,0
E00001098,146,85,48,37,0,0,2,1,1,59,55,4,0,58.21917808219178,32.87671232876712,25.34246575342466,0,0,1.36986301369863,0.684931506849315,0.684931506849315,40.41095890410959,37.67123287671233,2.73972602739726,0
E00001099,134,51,32,19,0,0,4,1,3,79,77,2,0,38.059701492537314,23.88059701492537,14.17910447761194,0,0,2.9850746268656714,0.7462686567164178,2.2388059701492535,58.95522388059702,57.46268656716418,1.4925373134328357,0
E00001100,133,77,48,29,1,1,2,0,2,53,46,7,0,57.89473684210527,36.09022556390977,21.804511278195488,0.7518796992481203,0.7518796992481203,1.5037593984962405,0,1.5037593984962405,39.849624060150376,34.58646616541353,5.263157894736842,0
E00001101,125,53,25,28,1,1,17,14,3,53,47,6,1,42.4,20,22.400000000000002,0.8,0.8,13.600000000000001,11.200000000000001,2.4,42.4,37.6,4.8,0.8
E00001102,122,44,28,16,0,0,9,6,3,69,66,3,0,36.0655737704918,22.950819672131146,13.114754098360656,0,0,7.377049180327869,4.918032786885246,2.459016393442623,56.557377049180324,54.09836065573771,2.459016393442623,0
E00001103,134,88,40,48,1,1,1,1,0,44,42,2,0,65.67164179104478,29.850746268656714,35.82089552238806,0.7462686567164178,0.7462686567164178,0.7462686567164178,0.7462686567164178,0,32.83582089552239,31.343283582089555,1.4925373134328357,0
E00001104,155,48,25,23,1,1,45,1,44,61,58,3,0,30.967741935483872,16.129032258064516,14.838709677419354,0.6451612903225806,0.6451612903225806,29.03225806451613,0.6451612903225806,28.387096774193548,39.35483870967742,37.41935483870968,1.935483870967742,0
E00001105,118,61,33,28,1,1,3,3,0,53,49,4,0,51.69491525423729,27.966101694915253,23.728813559322035,0.847457627118644,0.847457627118644,2.5423728813559325,2.5423728813559325,0,44.91525423728814,41.52542372881356,3.389830508474576,0
E00001106,145,65,38,27,0,0,4,2,2,76,74,2,0,44.827586206896555,26.20689655172414,18.620689655172416,0,0,2.7586206896551726,1.3793103448275863,1.3793103448275863,52.41379310344828,51.03448275862069,1.3793103448275863,0
E00001107,162,47,19,28,2,2,70,31,39,42,39,3,1,29.01234567901235,11.728395061728394,17.28395061728395,1.2345679012345678,1.2345679012345678,43.20987654320987,19.1358024691358,24.074074074074073,25.925925925925924,24.074074074074073,1.8518518518518516,0.6172839506172839
E00001108,127,108,42,66,0,0,8,7,1,11,11,0,0,85.03937007874016,33.07086614173229,51.96850393700787,0,0,6.299212598425196,5.511811023622047,0.7874015748031495,8.661417322834646,8.661417322834646,0,0
E00001109,137,51,22,29,1,1,51,40,11,34,24,10,0,37.22627737226277,16.05839416058394,21.16788321167883,0.7299270072992701,0.7299270072992701,37.22627737226277,29.1970802919708,8.02919708029197,24.817518248175183,17.51824817518248,7.2992700729927,0
E00001110,129,71,23,48,2,2,32,26,6,24,22,2,0,55.03875968992248,17.829457364341085,37.2093023255814,1.550387596899225,1.550387596899225,24.8062015503876,20.155038759689923,4.651162790697675,18.6046511627907,17.05426356589147,1.550387596899225,0
E00001111,128,59,23,36,0,0,46,32,14,23,20,3,0,46.09375,17.96875,28.125,0,0,35.9375,25,10.9375,17.96875,15.625,2.34375,0
E00001112,117,55,22,33,0,0,44,36,8,18,15,3,0,47.008547008547005,18.803418803418804,28.205128205128204,0,0,37.60683760683761,30.76923076923077,6.837606837606838,15.384615384615385,12.82051282051282,2.564102564102564,0
E00001113,121,46,21,25,0,0,58,48,10,17,16,1,0,38.01652892561984,17.355371900826448,20.66115702479339,0,0,47.93388429752066,39.66942148760331,8.264462809917356,14.049586776859504,13.223140495867769,0.8264462809917356,0
E00001114,228,113,67,46,0,0,12,2,10,103,97,6,0,49.56140350877193,29.385964912280706,20.175438596491226,0,0,5.263157894736842,0.8771929824561403,4.385964912280701,45.17543859649123,42.54385964912281,2.631578947368421,0
E00001115,125,50,23,27,0,0,43,38,5,32,30,2,0,40,18.4,21.6,0,0,34.4,30.4,4,25.6,24,1.6,0
E00001116,114,30,4,26,1,1,61,46,15,22,21,1,0,26.31578947368421,3.508771929824561,22.807017543859647,0.8771929824561403,0.8771929824561403,53.50877192982456,40.35087719298245,13.157894736842104,19.298245614035086,18.421052631578945,0.8771929824561403,0
E00001117,96,69,35,34,0,0,9,8,1,18,12,6,0,71.875,36.45833333333333,35.41666666666667,0,0,9.375,8.333333333333332,1.0416666666666665,18.75,12.5,6.25,0
E00001118,132,66,32,34,1,1,32,32,0,33,30,3,0,50,24.242424242424242,25.757575757575758,0.7575757575757576,0.7575757575757576,24.242424242424242,24.242424242424242,0,25,22.727272727272727,2.272727272727273,0
E00001119,113,60,25,35,2,2,14,9,5,37,30,7,0,53.09734513274337,22.123893805309734,30.973451327433626,1.7699115044247788,1.7699115044247788,12.389380530973451,7.964601769911504,4.424778761061947,32.743362831858406,26.548672566371685,6.1946902654867255,0
E00001120,125,97,50,47,0,0,4,2,2,24,24,0,0,77.60000000000001,40,37.6,0,0,3.2,1.6,1.6,19.2,19.2,0,0
E00001121,119,69,32,37,0,0,26,10,16,24,22,2,0,57.98319327731093,26.89075630252101,31.092436974789916,0,0,21.84873949579832,8.403361344537815,13.445378151260504,20.168067226890756,18.487394957983195,1.680672268907563,0
E00001122,105,80,36,44,0,0,12,11,1,13,10,3,0,76.19047619047619,34.285714285714285,41.904761904761905,0,0,11.428571428571429,10.476190476190476,0.9523809523809524,12.380952380952381,9.523809523809524,2.857142857142857,0
E00001123,140,66,32,34,0,0,12,10,2,62,58,4,0,47.14285714285714,22.857142857142858,24.285714285714285,0,0,8.571428571428571,7.142857142857142,1.4285714285714286,44.285714285714285,41.42857142857143,2.857142857142857,0
E00001124,132,105,61,44,0,0,2,1,1,25,21,4,0,79.54545454545455,46.21212121212121,33.33333333333333,0,0,1.5151515151515151,0.7575757575757576,0.7575757575757576,18.939393939393938,15.909090909090908,3.0303030303030303,0
E00001125,120,92,42,50,1,1,1,1,0,26,23,3,0,76.66666666666667,35,41.66666666666667,0.8333333333333334,0.8333333333333334,0.8333333333333334,0.8333333333333334,0,21.666666666666668,19.166666666666668,2.5,0
E00001126,115,58,29,29,0,0,28,26,2,29,28,1,0,50.43478260869565,25.217391304347824,25.217391304347824,0,0,24.347826086956523,22.608695652173914,1.7391304347826086,25.217391304347824,24.347826086956523,0.8695652173913043,0
E00001127,112,61,24,37,1,1,11,7,4,39,35,4,0,54.46428571428571,21.428571428571427,33.035714285714285,0.8928571428571428,0.8928571428571428,9.821428571428571,6.25,3.571428571428571,34.82142857142857,31.25,3.571428571428571,0
E00001128,136,102,49,53,0,0,3,2,1,31,29,2,0,75,36.029411764705884,38.970588235294116,0,0,2.2058823529411766,1.4705882352941175,0.7352941176470588,22.794117647058822,21.323529411764707,1.4705882352941175,0
E00001129,124,69,24,45,2,2,32,20,12,20,20,0,1,55.64516129032258,19.35483870967742,36.29032258064516,1.6129032258064515,1.6129032258064515,25.806451612903224,16.129032258064516,9.67741935483871,16.129032258064516,16.129032258064516,0,0.8064516129032258
E00001130,124,95,39,56,1,1,0,0,0,28,25,3,0,76.61290322580645,31.451612903225808,45.16129032258064,0.8064516129032258,0.8064516129032258,0,0,0,22.58064516129032,20.161290322580644,2.4193548387096775,0
E00001131,111,85,32,53,0,0,9,8,1,17,16,1,0,76.57657657657657,28.82882882882883,47.74774774774775,0,0,8.108108108108109,7.207207207207207,0.9009009009009009,15.315315315315313,14.414414414414415,0.9009009009009009,0
E00001132,124,72,46,26,0,0,5,4,1,47,42,5,0,58.06451612903226,37.096774193548384,20.967741935483872,0,0,4.032258064516129,3.225806451612903,0.8064516129032258,37.903225806451616,33.87096774193548,4.032258064516129,0
E00001133,117,66,33,33,0,0,32,18,14,19,18,1,0,56.41025641025641,28.205128205128204,28.205128205128204,0,0,27.350427350427353,15.384615384615385,11.965811965811966,16.23931623931624,15.384615384615385,0.8547008547008548,0
E00001134,158,115,78,37,0,0,23,0,23,20,17,3,0,72.78481012658227,49.36708860759494,23.417721518987342,0,0,14.556962025316455,0,14.556962025316455,12.658227848101266,10.759493670886076,1.89873417721519,0
E00001135,133,115,48,67,0,0,0,0,0,18,18,0,0,86.46616541353383,36.09022556390977,50.37593984962406,0,0,0,0,0,13.533834586466165,13.533834586466165,0,0
E00001136,176,128,68,60,1,1,9,1,8,38,35,3,0,72.72727272727273,38.63636363636363,34.090909090909086,0.5681818181818182,0.5681818181818182,5.113636363636364,0.5681818181818182,4.545454545454546,21.59090909090909,19.886363636363637,1.7045454545454544,0
E00001137,139,87,40,47,2,2,21,1,20,29,27,2,0,62.589928057553955,28.776978417266186,33.81294964028777,1.4388489208633095,1.4388489208633095,15.107913669064748,0.7194244604316548,14.388489208633093,20.863309352517987,19.424460431654676,1.4388489208633095,0
E00001138,125,88,41,47,0,0,2,0,2,35,32,3,0,70.39999999999999,32.800000000000004,37.6,0,0,1.6,0,1.6,28.000000000000004,25.6,2.4,0
E00001139,136,100,52,48,0,0,2,1,1,34,29,5,0,73.52941176470588,38.23529411764706,35.294117647058826,0,0,1.4705882352941175,0.7352941176470588,0.7352941176470588,25,21.323529411764707,3.6764705882352944,0
E00001140,128,62,29,33,1,1,52,1,51,13,13,0,0,48.4375,22.65625,25.78125,0.78125,0.78125,40.625,0.78125,39.84375,10.15625,10.15625,0,0
E00001141,128,57,23,34,0,0,13,2,11,58,53,5,0,44.53125,17.96875,26.5625,0,0,10.15625,1.5625,8.59375,45.3125,41.40625,3.90625,0
E00001142,149,89,39,50,1,1,2,1,1,57,52,5,0,59.73154362416108,26.174496644295303,33.557046979865774,0.6711409395973155,0.6711409395973155,1.342281879194631,0.6711409395973155,0.6711409395973155,38.25503355704698,34.899328859060404,3.3557046979865772,0
E00001143,140,69,35,34,0,0,5,1,4,66,64,2,0,49.28571428571429,25,24.285714285714285,0,0,3.571428571428571,0.7142857142857143,2.857142857142857,47.14285714285714,45.714285714285715,1.4285714285714286,0
E00001144,149,89,41,48,1,1,0,0,0,59,56,3,0,59.73154362416108,27.516778523489933,32.21476510067114,0.6711409395973155,0.6711409395973155,0,0,0,39.59731543624161,37.58389261744966,2.013422818791946,0
E00001145,124,90,44,46,0,0,0,0,0,34,33,1,0,72.58064516129032,35.483870967741936,37.096774193548384,0,0,0,0,0,27.419354838709676,26.61290322580645,0.8064516129032258,0
E00001146,125,105,47,58,0,0,1,0,1,19,17,2,0,84,37.6,46.400000000000006,0,0,0.8,0,0.8,15.2,13.600000000000001,1.6,0
E00001147,118,95,49,46,1,1,1,0,1,21,20,1,0,80.50847457627118,41.52542372881356,38.983050847457626,0.847457627118644,0.847457627118644,0.847457627118644,0,0.847457627118644,17.796610169491526,16.94915254237288,0.847457627118644,0
E00001148,119,86,55,31,2,2,2,1,1,29,27,2,0,72.26890756302521,46.21848739495798,26.05042016806723,1.680672268907563,1.680672268907563,1.680672268907563,0.8403361344537815,0.8403361344537815,24.369747899159663,22.689075630252102,1.680672268907563,0
E00001149,127,67,30,37,2,2,0,0,0,58,57,1,0,52.75590551181102,23.62204724409449,29.133858267716533,1.574803149606299,1.574803149606299,0,0,0,45.66929133858268,44.881889763779526,0.7874015748031495,0
E00001150,141,122,59,63,0,0,0,0,0,19,19,0,0,86.52482269503547,41.843971631205676,44.680851063829785,0,0,0,0,0,13.47517730496454,13.47517730496454,0,0
E00001151,115,93,44,49,1,1,0,0,0,21,19,2,0,80.8695652173913,38.26086956521739,42.608695652173914,0.8695652173913043,0.8695652173913043,0,0,0,18.26086956521739,16.52173913043478,1.7391304347826086,0
E00001152,125,90,40,50,1,1,2,2,0,32,29,3,0,72,32,40,0.8,0.8,1.6,1.6,0,25.6,23.200000000000003,2.4,0
E00001153,125,110,55,55,0,0,1,1,0,14,14,0,0,88,44,44,0,0,0.8,0.8,0,11.200000000000001,11.200000000000001,0,0
E00001154,112,90,41,49,0,0,3,1,2,19,16,3,0,80.35714285714286,36.607142857142854,43.75,0,0,2.6785714285714284,0.8928571428571428,1.7857142857142856,16.964285714285715,14.285714285714285,2.6785714285714284,0
E00001155,110,60,32,28,0,0,1,1,0,49,45,4,0,54.54545454545454,29.09090909090909,25.454545454545453,0,0,0.9090909090909091,0.9090909090909091,0,44.54545454545455,40.909090909090914,3.6363636363636362,0
E00001156,94,31,22,9,0,0,46,3,43,16,14,2,1,32.97872340425532,23.404255319148938,9.574468085106384,0,0,48.93617021276596,3.1914893617021276,45.744680851063826,17.02127659574468,14.893617021276595,2.127659574468085,1.0638297872340425
E00001157,148,63,35,28,2,2,2,1,1,81,76,5,0,42.567567567567565,23.64864864864865,18.91891891891892,1.3513513513513513,1.3513513513513513,1.3513513513513513,0.6756756756756757,0.6756756756756757,54.729729729729726,51.35135135135135,3.3783783783783785,0
E00001158,155,48,25,23,0,0,38,6,32,69,64,5,0,30.967741935483872,16.129032258064516,14.838709677419354,0,0,24.516129032258064,3.870967741935484,20.64516129032258,44.516129032258064,41.29032258064516,3.225806451612903,0
E00001159,145,16,5,11,0,0,75,63,12,54,48,6,0,11.03448275862069,3.4482758620689653,7.586206896551724,0,0,51.724137931034484,43.44827586206896,8.275862068965518,37.24137931034483,33.10344827586207,4.137931034482759,0
E00001160,209,64,31,33,0,0,3,1,2,140,133,7,2,30.62200956937799,14.832535885167463,15.789473684210526,0,0,1.4354066985645932,0.4784688995215311,0.9569377990430622,66.98564593301435,63.63636363636363,3.349282296650718,0.9569377990430622
E00001161,178,45,26,19,2,2,30,11,19,101,94,7,0,25.280898876404496,14.606741573033707,10.674157303370785,1.1235955056179776,1.1235955056179776,16.853932584269664,6.179775280898876,10.674157303370785,56.74157303370787,52.80898876404494,3.932584269662921,0
E00001162,127,11,9,2,0,0,89,83,6,27,24,3,0,8.661417322834646,7.086614173228346,1.574803149606299,0,0,70.07874015748031,65.35433070866141,4.724409448818897,21.25984251968504,18.89763779527559,2.3622047244094486,0
E00001163,143,50,24,26,1,1,4,2,2,88,82,6,0,34.96503496503497,16.783216783216783,18.181818181818183,0.6993006993006993,0.6993006993006993,2.797202797202797,1.3986013986013985,1.3986013986013985,61.53846153846154,57.34265734265735,4.195804195804196,0
E00001164,122,37,21,16,0,0,17,4,13,68,63,5,0,30.327868852459016,17.21311475409836,13.114754098360656,0,0,13.934426229508196,3.278688524590164,10.655737704918032,55.73770491803278,51.63934426229508,4.098360655737705,0
E00001165,158,71,39,32,0,0,16,2,14,71,69,2,0,44.936708860759495,24.68354430379747,20.253164556962027,0,0,10.126582278481013,1.2658227848101267,8.860759493670885,44.936708860759495,43.67088607594937,1.2658227848101267,0
E00001166,207,17,6,11,0,0,54,49,5,136,124,12,0,8.212560386473431,2.898550724637681,5.314009661835748,0,0,26.08695652173913,23.67149758454106,2.4154589371980677,65.70048309178745,59.90338164251207,5.797101449275362,0
E00001167,104,74,39,35,0,0,3,3,0,27,26,1,0,71.15384615384616,37.5,33.65384615384615,0,0,2.8846153846153846,2.8846153846153846,0,25.961538461538463,25,0.9615384615384616,0
E00001168,125,57,22,35,0,0,7,3,4,61,56,5,0,45.6,17.599999999999998,28.000000000000004,0,0,5.6000000000000005,2.4,3.2,48.8,44.800000000000004,4,0
E00001169,147,73,30,43,0,0,7,1,6,67,57,10,0,49.65986394557823,20.408163265306122,29.25170068027211,0,0,4.761904761904762,0.6802721088435374,4.081632653061225,45.57823129251701,38.775510204081634,6.802721088435375,0
E00001170,101,14,7,7,2,2,63,60,3,22,21,1,0,13.861386138613863,6.9306930693069315,6.9306930693069315,1.9801980198019802,1.9801980198019802,62.37623762376238,59.4059405940594,2.9702970297029703,21.782178217821784,20.792079207920793,0.9900990099009901,0
E00001171,141,53,27,26,1,1,37,36,1,50,41,9,0,37.5886524822695,19.148936170212767,18.439716312056735,0.7092198581560284,0.7092198581560284,26.24113475177305,25.53191489361702,0.7092198581560284,35.46099290780142,29.078014184397162,6.382978723404255,0
E00001172,131,47,25,22,0,0,8,0,8,76,61,15,0,35.87786259541985,19.083969465648856,16.793893129770993,0,0,6.106870229007633,0,6.106870229007633,58.01526717557252,46.56488549618321,11.450381679389313,0
E00001173,165,74,39,35,0,0,1,1,0,90,85,5,0,44.84848484848485,23.636363636363637,21.21212121212121,0,0,0.6060606060606061,0.6060606060606061,0,54.54545454545454,51.515151515151516,3.0303030303030303,0
E00001174,193,51,26,25,1,1,4,1,3,137,131,6,0,26.42487046632124,13.471502590673575,12.953367875647666,0.5181347150259068,0.5181347150259068,2.072538860103627,0.5181347150259068,1.5544041450777202,70.98445595854922,67.87564766839378,3.1088082901554404,0
E00001175,127,67,42,25,1,1,6,1,5,53,46,7,0,52.75590551181102,33.07086614173229,19.68503937007874,0.7874015748031495,0.7874015748031495,4.724409448818897,0.7874015748031495,3.937007874015748,41.732283464566926,36.22047244094488,5.511811023622047,0
E00001176,128,30,14,16,0,0,30,29,1,68,61,7,0,23.4375,10.9375,12.5,0,0,23.4375,22.65625,0.78125,53.125,47.65625,5.46875,0
E00001177,138,57,28,29,0,0,0,0,0,81,79,2,0,41.30434782608695,20.28985507246377,21.014492753623188,0,0,0,0,0,58.69565217391305,57.2463768115942,1.4492753623188406,0
E00001178,145,82,32,50,1,1,6,1,5,56,51,5,0,56.55172413793104,22.06896551724138,34.48275862068966,0.6896551724137931,0.6896551724137931,4.137931034482759,0.6896551724137931,3.4482758620689653,38.62068965517241,35.172413793103445,3.4482758620689653,0
E00001179,169,96,45,51,0,0,0,0,0,73,68,5,0,56.80473372781065,26.627218934911244,30.17751479289941,0,0,0,0,0,43.19526627218935,40.23668639053255,2.9585798816568047,0
E00001180,126,34,14,20,1,1,0,0,0,91,91,0,0,26.984126984126984,11.11111111111111,15.873015873015872,0.7936507936507936,0.7936507936507936,0,0,0,72.22222222222221,72.22222222222221,0,0
E00001181,166,109,51,58,0,0,8,3,5,49,45,4,0,65.66265060240963,30.72289156626506,34.93975903614458,0,0,4.819277108433735,1.8072289156626504,3.0120481927710845,29.518072289156628,27.10843373493976,2.4096385542168677,0
E00001182,111,89,37,52,0,0,0,0,0,22,21,1,0,80.18018018018019,33.33333333333333,46.846846846846844,0,0,0,0,0,19.81981981981982,18.91891891891892,0.9009009009009009,0
E00001183,145,129,64,65,0,0,0,0,0,16,13,3,0,88.96551724137932,44.13793103448276,44.827586206896555,0,0,0,0,0,11.03448275862069,8.96551724137931,2.0689655172413794,0
E00001184,170,60,31,29,0,0,8,3,5,102,97,5,0,35.294117647058826,18.235294117647058,17.058823529411764,0,0,4.705882352941177,1.7647058823529411,2.941176470588235,60,57.05882352941176,2.941176470588235,0
E00001185,148,89,46,43,1,1,6,1,5,52,49,3,0,60.13513513513513,31.08108108108108,29.054054054054053,0.6756756756756757,0.6756756756756757,4.054054054054054,0.6756756756756757,3.3783783783783785,35.13513513513514,33.108108108108105,2.027027027027027,0
E00001186,120,96,56,40,0,0,0,0,0,24,19,5,0,80,46.666666666666664,33.33333333333333,0,0,0,0,0,20,15.833333333333332,4.166666666666666,0
E00001187,148,104,58,46,3,3,1,0,1,40,34,6,0,70.27027027027027,39.189189189189186,31.08108108108108,2.027027027027027,2.027027027027027,0.6756756756756757,0,0.6756756756756757,27.027027027027028,22.972972972972975,4.054054054054054,0
E00001188,135,43,21,22,0,0,8,0,8,84,78,6,0,31.851851851851855,15.555555555555555,16.296296296296298,0,0,5.9259259259259265,0,5.9259259259259265,62.22222222222222,57.77777777777777,4.444444444444445,0
E00001189,180,44,20,24,2,2,41,23,18,93,82,11,0,24.444444444444443,11.11111111111111,13.333333333333334,1.1111111111111112,1.1111111111111112,22.77777777777778,12.777777777777777,10,51.66666666666667,45.55555555555556,6.111111111111111,0
E00001191,173,69,38,31,0,0,4,2,2,100,88,12,0,39.884393063583815,21.965317919075144,17.91907514450867,0,0,2.312138728323699,1.1560693641618496,1.1560693641618496,57.80346820809249,50.86705202312138,6.9364161849710975,0
E00001192,134,51,30,21,0,0,20,15,5,63,57,6,0,38.059701492537314,22.388059701492537,15.671641791044777,0,0,14.925373134328357,11.194029850746269,3.731343283582089,47.01492537313433,42.53731343283582,4.477611940298507,0
E00001193,159,100,46,54,0,0,4,1,3,55,53,2,0,62.893081761006286,28.930817610062892,33.9622641509434,0,0,2.515723270440252,0.628930817610063,1.8867924528301887,34.59119496855346,33.33333333333333,1.257861635220126,0
E00001194,150,33,17,16,2,2,32,3,29,83,80,3,0,22,11.333333333333332,10.666666666666668,1.3333333333333335,1.3333333333333335,21.333333333333336,2,19.333333333333332,55.333333333333336,53.333333333333336,2,0
E00001195,111,74,39,35,1,1,12,3,9,24,18,6,0,66.66666666666666,35.13513513513514,31.53153153153153,0.9009009009009009,0.9009009009009009,10.81081081081081,2.7027027027027026,8.108108108108109,21.62162162162162,16.216216216216218,5.405405405405405,0
E00001196,145,55,20,35,1,1,0,0,0,89,86,3,0,37.93103448275862,13.793103448275861,24.137931034482758,0.6896551724137931,0.6896551724137931,0,0,0,61.37931034482759,59.310344827586206,2.0689655172413794,0
E00001197,125,69,38,31,0,0,0,0,0,56,53,3,0,55.2,30.4,24.8,0,0,0,0,0,44.800000000000004,42.4,2.4,0
E00001198,134,69,54,15,0,0,9,1,8,56,52,4,0,51.49253731343284,40.298507462686565,11.194029850746269,0,0,6.7164179104477615,0.7462686567164178,5.970149253731343,41.7910447761194,38.80597014925373,2.9850746268656714,0
E00001199,147,24,9,15,0,0,1,1,0,122,118,4,0,16.3265306122449,6.122448979591836,10.204081632653061,0,0,0.6802721088435374,0.6802721088435374,0,82.99319727891157,80.27210884353741,2.7210884353741496,0
E00001200,108,82,42,40,1,1,1,1,0,24,23,1,0,75.92592592592592,38.88888888888889,37.03703703703704,0.9259259259259258,0.9259259259259258,0.9259259259259258,0.9259259259259258,0,22.22222222222222,21.296296296296298,0.9259259259259258,0
E00001201,118,73,36,37,1,1,0,0,0,44,38,6,0,61.86440677966102,30.508474576271187,31.35593220338983,0.847457627118644,0.847457627118644,0,0,0,37.28813559322034,32.20338983050847,5.084745762711865,0
E00001202,138,51,27,24,0,0,1,0,1,86,86,0,0,36.95652173913043,19.565217391304348,17.391304347826086,0,0,0.7246376811594203,0,0.7246376811594203,62.31884057971014,62.31884057971014,0,0
E00001203,108,32,13,19,0,0,2,1,1,74,72,2,0,29.629629629629626,12.037037037037036,17.59259259259259,0,0,1.8518518518518516,0.9259259259259258,0.9259259259259258,68.51851851851852,66.66666666666666,1.8518518518518516,0
E00001204,129,67,35,32,0,0,20,0,20,42,37,5,0,51.93798449612403,27.131782945736433,24.8062015503876,0,0,15.503875968992247,0,15.503875968992247,32.55813953488372,28.68217054263566,3.875968992248062,0
E00001205,118,62,31,31,0,0,3,2,1,53,49,4,0,52.54237288135594,26.27118644067797,26.27118644067797,0,0,2.5423728813559325,1.694915254237288,0.847457627118644,44.91525423728814,41.52542372881356,3.389830508474576,0
E00001207,116,79,36,43,0,0,7,0,7,30,28,2,0,68.10344827586206,31.03448275862069,37.06896551724138,0,0,6.0344827586206895,0,6.0344827586206895,25.862068965517242,24.137931034482758,1.7241379310344827,0
E00001208,125,115,64,51,0,0,2,1,1,8,4,4,0,92,51.2,40.8,0,0,1.6,0.8,0.8,6.4,3.2,3.2,0
E00001209,121,111,56,55,0,0,0,0,0,10,7,3,0,91.73553719008265,46.28099173553719,45.45454545454545,0,0,0,0,0,8.264462809917356,5.785123966942149,2.479338842975207,0
E00001210,128,86,41,45,1,1,6,2,4,35,35,0,0,67.1875,32.03125,35.15625,0.78125,0.78125,4.6875,1.5625,3.125,27.34375,27.34375,0,0
E00001212,124,83,43,40,0,0,4,3,1,37,33,4,0,66.93548387096774,34.67741935483871,32.25806451612903,0,0,3.225806451612903,2.4193548387096775,0.8064516129032258,29.838709677419356,26.61290322580645,3.225806451612903,0
E00001213,124,101,70,31,0,0,3,1,2,20,18,2,0,81.45161290322581,56.451612903225815,25,0,0,2.4193548387096775,0.8064516129032258,1.6129032258064515,16.129032258064516,14.516129032258066,1.6129032258064515,0
E00001214,137,66,49,17,0,0,24,20,4,47,35,12,0,48.175182481751825,35.76642335766424,12.408759124087592,0,0,17.51824817518248,14.5985401459854,2.9197080291970803,34.306569343065696,25.547445255474454,8.75912408759124,0
E00001215,127,100,63,37,0,0,13,2,11,14,9,5,0,78.74015748031496,49.60629921259843,29.133858267716533,0,0,10.236220472440944,1.574803149606299,8.661417322834646,11.023622047244094,7.086614173228346,3.937007874015748,0
E00001216,124,94,56,38,0,0,3,2,1,27,24,3,0,75.80645161290323,45.16129032258064,30.64516129032258,0,0,2.4193548387096775,1.6129032258064515,0.8064516129032258,21.774193548387096,19.35483870967742,2.4193548387096775,0
E00001217,129,100,46,54,2,2,2,1,1,25,24,1,0,77.51937984496125,35.65891472868217,41.86046511627907,1.550387596899225,1.550387596899225,1.550387596899225,0.7751937984496124,0.7751937984496124,19.379844961240313,18.6046511627907,0.7751937984496124,0
E00001218,112,101,58,43,1,1,1,1,0,9,7,2,0,90.17857142857143,51.78571428571429,38.392857142857146,0.8928571428571428,0.8928571428571428,0.8928571428571428,0.8928571428571428,0,8.035714285714286,6.25,1.7857142857142856,0
E00001219,135,86,46,40,0,0,2,2,0,47,44,3,0,63.70370370370371,34.074074074074076,29.629629629629626,0,0,1.4814814814814816,1.4814814814814816,0,34.81481481481482,32.592592592592595,2.2222222222222223,0
E00001220,217,104,44,60,18,18,45,8,37,50,46,4,0,47.926267281105986,20.276497695852534,27.64976958525346,8.294930875576037,8.294930875576037,20.737327188940093,3.686635944700461,17.050691244239633,23.04147465437788,21.19815668202765,1.8433179723502304,0
E00001221,110,105,63,42,0,0,1,1,0,4,4,0,0,95.45454545454545,57.27272727272727,38.18181818181819,0,0,0.9090909090909091,0.9090909090909091,0,3.6363636363636362,3.6363636363636362,0,0
E00001222,124,101,47,54,0,0,3,3,0,20,19,1,0,81.45161290322581,37.903225806451616,43.54838709677419,0,0,2.4193548387096775,2.4193548387096775,0,16.129032258064516,15.32258064516129,0.8064516129032258,0
E00001223,152,98,55,43,0,0,7,4,3,47,46,1,0,64.47368421052632,36.18421052631579,28.289473684210524,0,0,4.605263157894736,2.631578947368421,1.9736842105263157,30.92105263157895,30.263157894736842,0.6578947368421052,0
E00001224,131,90,51,39,0,0,5,3,2,36,32,4,0,68.70229007633588,38.93129770992366,29.770992366412212,0,0,3.816793893129771,2.2900763358778624,1.5267175572519083,27.480916030534353,24.427480916030532,3.0534351145038165,0
E00001226,113,85,45,40,0,0,3,1,2,25,19,6,0,75.22123893805309,39.823008849557525,35.39823008849557,0,0,2.6548672566371683,0.8849557522123894,1.7699115044247788,22.123893805309734,16.8141592920354,5.3097345132743365,0
E00001227,124,96,43,53,1,1,9,1,8,18,17,1,0,77.41935483870968,34.67741935483871,42.74193548387097,0.8064516129032258,0.8064516129032258,7.258064516129033,0.8064516129032258,6.451612903225806,14.516129032258066,13.709677419354838,0.8064516129032258,0
E00001228,153,107,56,51,0,0,0,0,0,46,44,2,0,69.93464052287581,36.60130718954248,33.33333333333333,0,0,0,0,0,30.065359477124183,28.75816993464052,1.3071895424836601,0
E00001229,127,122,65,57,0,0,1,1,0,4,4,0,0,96.06299212598425,51.181102362204726,44.881889763779526,0,0,0.7874015748031495,0.7874015748031495,0,3.149606299212598,3.149606299212598,0,0
E00001230,174,97,48,49,0,0,38,4,34,39,35,4,0,55.74712643678161,27.586206896551722,28.160919540229884,0,0,21.839080459770116,2.2988505747126435,19.54022988505747,22.413793103448278,20.114942528735632,2.2988505747126435,0
E00001231,126,78,50,28,0,0,5,2,3,43,41,2,0,61.904761904761905,39.682539682539684,22.22222222222222,0,0,3.968253968253968,1.5873015873015872,2.380952380952381,34.12698412698413,32.53968253968254,1.5873015873015872,0
E00001232,95,46,22,24,0,0,7,5,2,42,38,4,0,48.421052631578945,23.157894736842106,25.263157894736842,0,0,7.368421052631578,5.263157894736842,2.1052631578947367,44.21052631578947,40,4.2105263157894735,0
E00001233,159,136,65,71,0,0,0,0,0,23,18,5,0,85.53459119496856,40.88050314465409,44.65408805031446,0,0,0,0,0,14.465408805031446,11.320754716981133,3.1446540880503147,0
E00001234,101,65,35,30,0,0,11,1,10,25,22,3,0,64.35643564356435,34.65346534653465,29.7029702970297,0,0,10.891089108910892,0.9900990099009901,9.900990099009901,24.752475247524753,21.782178217821784,2.9702970297029703,0
E00001235,222,75,36,39,2,2,30,12,18,115,110,5,0,33.78378378378378,16.216216216216218,17.56756756756757,0.9009009009009009,0.9009009009009009,13.513513513513514,5.405405405405405,8.108108108108109,51.80180180180181,49.549549549549546,2.2522522522522523,0
E00001236,127,100,41,59,1,1,1,1,0,25,25,0,0,78.74015748031496,32.28346456692913,46.45669291338583,0.7874015748031495,0.7874015748031495,0.7874015748031495,0.7874015748031495,0,19.68503937007874,19.68503937007874,0,0
E00001237,153,120,66,54,10,10,18,2,16,5,3,2,0,78.43137254901961,43.13725490196079,35.294117647058826,6.535947712418301,6.535947712418301,11.76470588235294,1.3071895424836601,10.457516339869281,3.2679738562091507,1.9607843137254901,1.3071895424836601,0
E00001238,129,101,54,47,3,3,1,0,1,24,23,1,0,78.29457364341084,41.86046511627907,36.434108527131784,2.3255813953488373,2.3255813953488373,0.7751937984496124,0,0.7751937984496124,18.6046511627907,17.829457364341085,0.7751937984496124,0
E00001239,128,72,27,45,3,3,9,5,4,44,42,2,0,56.25,21.09375,35.15625,2.34375,2.34375,7.03125,3.90625,3.125,34.375,32.8125,1.5625,0
E00001240,130,70,31,39,5,5,7,1,6,48,46,2,0,53.84615384615385,23.846153846153847,30,3.8461538461538463,3.8461538461538463,5.384615384615385,0.7692307692307693,4.615384615384616,36.92307692307693,35.38461538461539,1.5384615384615385,0
E00001241,121,98,48,50,1,1,1,0,1,21,19,2,0,80.99173553719008,39.66942148760331,41.32231404958678,0.8264462809917356,0.8264462809917356,0.8264462809917356,0,0.8264462809917356,17.355371900826448,15.702479338842975,1.6528925619834711,0
E00001242,125,83,38,45,0,0,1,1,0,41,40,1,0,66.4,30.4,36,0,0,0.8,0.8,0,32.800000000000004,32,0.8,0
E00001243,163,113,33,80,0,0,17,11,6,33,32,1,0,69.32515337423312,20.245398773006134,49.079754601226995,0,0,10.429447852760736,6.748466257668712,3.6809815950920246,20.245398773006134,19.631901840490798,0.6134969325153374,0
E00001244,143,126,89,37,0,0,10,6,4,7,6,1,0,88.11188811188812,62.23776223776224,25.874125874125873,0,0,6.993006993006993,4.195804195804196,2.797202797202797,4.895104895104895,4.195804195804196,0.6993006993006993,0
E00001245,116,44,19,25,1,1,34,17,17,37,35,2,0,37.93103448275862,16.379310344827587,21.551724137931032,0.8620689655172413,0.8620689655172413,29.310344827586203,14.655172413793101,14.655172413793101,31.896551724137932,30.17241379310345,1.7241379310344827,0
E00001246,131,43,18,25,1,1,28,23,5,59,55,4,0,32.82442748091603,13.740458015267176,19.083969465648856,0.7633587786259541,0.7633587786259541,21.374045801526716,17.557251908396946,3.816793893129771,45.038167938931295,41.98473282442748,3.0534351145038165,0
E00001247,151,83,62,21,9,9,22,0,22,37,35,2,0,54.966887417218544,41.05960264900662,13.90728476821192,5.960264900662252,5.960264900662252,14.56953642384106,0,14.56953642384106,24.503311258278146,23.178807947019866,1.3245033112582782,0
E00001248,242,78,47,31,1,1,87,10,77,75,67,8,1,32.231404958677686,19.421487603305785,12.8099173553719,0.4132231404958678,0.4132231404958678,35.9504132231405,4.132231404958678,31.818181818181817,30.991735537190085,27.685950413223143,3.3057851239669422,0.4132231404958678
E00001249,128,118,79,39,0,0,1,0,1,9,8,1,0,92.1875,61.71875,30.46875,0,0,0.78125,0,0.78125,7.03125,6.25,0.78125,0
E00001250,119,77,28,49,1,1,5,1,4,36,34,2,0,64.70588235294117,23.52941176470588,41.17647058823529,0.8403361344537815,0.8403361344537815,4.201680672268908,0.8403361344537815,3.361344537815126,30.252100840336134,28.57142857142857,1.680672268907563,0
E00001251,192,82,50,32,0,0,21,0,21,89,83,6,0,42.70833333333333,26.041666666666668,16.666666666666664,0,0,10.9375,0,10.9375,46.35416666666667,43.22916666666667,3.125,0
E00001252,129,31,18,13,0,0,66,11,55,32,29,3,0,24.031007751937985,13.953488372093023,10.077519379844961,0,0,51.162790697674424,8.527131782945736,42.63565891472868,24.8062015503876,22.48062015503876,2.3255813953488373,0
E00001253,96,84,50,34,0,0,2,1,1,10,9,1,0,87.5,52.083333333333336,35.41666666666667,0,0,2.083333333333333,1.0416666666666665,1.0416666666666665,10.416666666666668,9.375,1.0416666666666665,0
E00001254,131,98,52,46,0,0,2,2,0,31,25,6,0,74.80916030534351,39.69465648854962,35.11450381679389,0,0,1.5267175572519083,1.5267175572519083,0,23.66412213740458,19.083969465648856,4.580152671755725,0
E00001255,154,119,54,65,0,0,0,0,0,35,33,2,0,77.27272727272727,35.064935064935064,42.2077922077922,0,0,0,0,0,22.727272727272727,21.428571428571427,1.2987012987012987,0
E00001256,119,84,36,48,1,1,17,16,1,17,17,0,0,70.58823529411765,30.252100840336134,40.33613445378151,0.8403361344537815,0.8403361344537815,14.285714285714285,13.445378151260504,0.8403361344537815,14.285714285714285,14.285714285714285,0,0
E00001257,132,122,52,70,0,0,1,1,0,9,7,2,0,92.42424242424242,39.39393939393939,53.03030303030303,0,0,0.7575757575757576,0.7575757575757576,0,6.8181818181818175,5.303030303030303,1.5151515151515151,0
E00001258,124,72,30,42,0,0,0,0,0,52,49,3,0,58.06451612903226,24.193548387096776,33.87096774193548,0,0,0,0,0,41.935483870967744,39.516129032258064,2.4193548387096775,0
E00001259,131,52,20,32,3,3,4,2,2,72,69,3,0,39.69465648854962,15.267175572519085,24.427480916030532,2.2900763358778624,2.2900763358778624,3.0534351145038165,1.5267175572519083,1.5267175572519083,54.961832061068705,52.67175572519084,2.2900763358778624,0
E00001261,133,87,47,40,0,0,7,3,4,39,37,2,0,65.41353383458647,35.338345864661655,30.075187969924812,0,0,5.263157894736842,2.2556390977443606,3.007518796992481,29.32330827067669,27.819548872180448,1.5037593984962405,0
E00001262,129,116,63,53,0,0,0,0,0,13,13,0,0,89.92248062015504,48.837209302325576,41.08527131782946,0,0,0,0,0,10.077519379844961,10.077519379844961,0,0
E00001265,184,112,72,40,0,0,9,2,7,63,59,4,0,60.86956521739131,39.130434782608695,21.73913043478261,0,0,4.891304347826087,1.0869565217391304,3.804347826086957,34.23913043478261,32.065217391304344,2.1739130434782608,0
E00001266,137,52,33,19,0,0,66,2,64,19,16,3,0,37.95620437956204,24.087591240875913,13.86861313868613,0,0,48.175182481751825,1.4598540145985401,46.715328467153284,13.86861313868613,11.678832116788321,2.18978102189781,0
E00001267,123,80,43,37,2,2,1,1,0,40,35,5,0,65.04065040650406,34.959349593495936,30.081300813008134,1.6260162601626018,1.6260162601626018,0.8130081300813009,0.8130081300813009,0,32.52032520325203,28.455284552845526,4.0650406504065035,0
E00001268,162,107,59,48,0,0,0,0,0,55,51,4,0,66.0493827160494,36.41975308641975,29.629629629629626,0,0,0,0,0,33.95061728395062,31.48148148148148,2.4691358024691357,0
E00001269,119,72,34,38,0,0,13,11,2,34,34,0,0,60.50420168067227,28.57142857142857,31.932773109243694,0,0,10.92436974789916,9.243697478991598,1.680672268907563,28.57142857142857,28.57142857142857,0,0
E00001270,195,36,12,24,1,1,13,0,13,145,139,6,0,18.461538461538463,6.153846153846154,12.307692307692308,0.5128205128205128,0.5128205128205128,6.666666666666667,0,6.666666666666667,74.35897435897436,71.28205128205128,3.076923076923077,0
E00001271,201,167,87,80,7,7,5,2,3,22,19,3,0,83.08457711442786,43.28358208955223,39.800995024875625,3.482587064676617,3.482587064676617,2.4875621890547266,0.9950248756218906,1.4925373134328357,10.945273631840797,9.45273631840796,1.4925373134328357,0
E00001272,127,39,11,28,0,0,63,25,38,25,22,3,0,30.708661417322837,8.661417322834646,22.04724409448819,0,0,49.60629921259843,19.68503937007874,29.92125984251969,19.68503937007874,17.322834645669293,2.3622047244094486,0
E00001273,141,103,50,53,0,0,12,11,1,26,23,3,0,73.04964539007092,35.46099290780142,37.5886524822695,0,0,8.51063829787234,7.801418439716312,0.7092198581560284,18.439716312056735,16.312056737588655,2.127659574468085,0
E00001274,125,101,50,51,0,0,4,0,4,20,18,2,0,80.80000000000001,40,40.8,0,0,3.2,0,3.2,16,14.399999999999999,1.6,0
E00001275,178,107,64,43,0,0,3,0,3,68,60,8,0,60.1123595505618,35.95505617977528,24.15730337078652,0,0,1.6853932584269662,0,1.6853932584269662,38.20224719101123,33.70786516853933,4.49438202247191,0
E00001276,125,107,61,46,0,0,1,0,1,17,16,1,0,85.6,48.8,36.8,0,0,0.8,0,0.8,13.600000000000001,12.8,0.8,0
E00001277,144,90,37,53,1,1,25,25,0,28,23,5,0,62.5,25.694444444444443,36.80555555555556,0.6944444444444444,0.6944444444444444,17.36111111111111,17.36111111111111,0,19.444444444444446,15.972222222222221,3.4722222222222223,0
E00001278,116,63,24,39,1,1,33,26,7,19,17,2,0,54.310344827586206,20.689655172413794,33.62068965517241,0.8620689655172413,0.8620689655172413,28.448275862068968,22.413793103448278,6.0344827586206895,16.379310344827587,14.655172413793101,1.7241379310344827,0
E00001279,126,21,4,17,8,8,78,4,74,19,19,0,0,16.666666666666664,3.1746031746031744,13.492063492063492,6.349206349206349,6.349206349206349,61.904761904761905,3.1746031746031744,58.730158730158735,15.079365079365079,15.079365079365079,0,0
E00001280,111,46,21,25,0,0,45,41,4,18,15,3,2,41.44144144144144,18.91891891891892,22.52252252252252,0,0,40.54054054054054,36.93693693693694,3.6036036036036037,16.216216216216218,13.513513513513514,2.7027027027027026,1.8018018018018018
E00001281,209,99,70,29,0,0,54,26,28,56,46,10,0,47.368421052631575,33.49282296650718,13.875598086124402,0,0,25.837320574162682,12.440191387559809,13.397129186602871,26.794258373205743,22.00956937799043,4.784688995215311,0
E00001282,122,79,33,46,1,1,22,21,1,20,18,2,0,64.75409836065575,27.049180327868854,37.704918032786885,0.819672131147541,0.819672131147541,18.0327868852459,17.21311475409836,0.819672131147541,16.39344262295082,14.754098360655737,1.639344262295082,0
E00001283,167,102,43,59,0,0,1,0,1,64,58,6,0,61.07784431137725,25.748502994011975,35.32934131736527,0,0,0.5988023952095809,0,0.5988023952095809,38.32335329341318,34.73053892215569,3.592814371257485,0
E00001284,116,79,39,40,0,0,1,1,0,36,32,4,0,68.10344827586206,33.62068965517241,34.48275862068966,0,0,0.8620689655172413,0.8620689655172413,0,31.03448275862069,27.586206896551722,3.4482758620689653,0
E00001285,121,91,53,38,0,0,0,0,0,30,26,4,0,75.20661157024794,43.80165289256198,31.40495867768595,0,0,0,0,0,24.793388429752067,21.487603305785125,3.3057851239669422,0
E00001286,134,65,26,39,1,1,26,24,2,42,42,0,0,48.507462686567166,19.402985074626866,29.1044776119403,0.7462686567164178,0.7462686567164178,19.402985074626866,17.91044776119403,1.4925373134328357,31.343283582089555,31.343283582089555,0,0
E00001288,237,120,40,80,1,1,9,0,9,107,102,5,0,50.63291139240506,16.877637130801688,33.755274261603375,0.42194092827004215,0.42194092827004215,3.79746835443038,0,3.79746835443038,45.14767932489451,43.037974683544306,2.109704641350211,0
E00001289,132,105,61,44,0,0,0,0,0,27,23,4,0,79.54545454545455,46.21212121212121,33.33333333333333,0,0,0,0,0,20.454545454545457,17.424242424242426,3.0303030303030303,0
E00001290,134,72,33,39,1,1,25,1,24,36,34,2,0,53.73134328358209,24.62686567164179,29.1044776119403,0.7462686567164178,0.7462686567164178,18.65671641791045,0.7462686567164178,17.91044776119403,26.865671641791046,25.37313432835821,1.4925373134328357,0
E00001291,230,125,53,72,0,0,31,4,27,74,65,9,0,54.347826086956516,23.043478260869566,31.30434782608696,0,0,13.478260869565217,1.7391304347826086,11.73913043478261,32.17391304347826,28.26086956521739,3.91304347826087,0
E00001292,118,91,50,41,0,0,2,1,1,25,24,1,0,77.11864406779661,42.3728813559322,34.74576271186441,0,0,1.694915254237288,0.847457627118644,0.847457627118644,21.1864406779661,20.33898305084746,0.847457627118644,0
E00001293,140,111,57,54,0,0,0,0,0,29,25,4,0,79.28571428571428,40.714285714285715,38.57142857142858,0,0,0,0,0,20.714285714285715,17.857142857142858,2.857142857142857,0
E00001294,206,83,26,57,0,0,5,3,2,118,112,6,0,40.29126213592233,12.62135922330097,27.669902912621357,0,0,2.4271844660194173,1.4563106796116505,0.9708737864077669,57.28155339805825,54.36893203883495,2.912621359223301,0
E00001295,177,132,107,25,0,0,1,0,1,44,30,14,0,74.57627118644068,60.451977401129945,14.124293785310735,0,0,0.5649717514124294,0,0.5649717514124294,24.858757062146893,16.94915254237288,7.909604519774012,0
E00001296,124,113,62,51,0,0,2,0,2,9,8,1,0,91.12903225806451,50,41.12903225806452,0,0,1.6129032258064515,0,1.6129032258064515,7.258064516129033,6.451612903225806,0.8064516129032258,0
E00001297,119,107,37,70,0,0,1,1,0,11,11,0,0,89.91596638655463,31.092436974789916,58.82352941176471,0,0,0.8403361344537815,0.8403361344537815,0,9.243697478991598,9.243697478991598,0,0
E00001298,131,129,53,76,0,0,0,0,0,2,2,0,0,98.47328244274809,40.458015267175576,58.01526717557252,0,0,0,0,0,1.5267175572519083,1.5267175572519083,0,0
E00001299,117,72,25,47,0,0,12,12,0,33,29,4,0,61.53846153846154,21.367521367521366,40.17094017094017,0,0,10.256410256410255,10.256410256410255,0,28.205128205128204,24.786324786324787,3.418803418803419,0
E00001300,121,114,44,70,0,0,0,0,0,7,6,1,0,94.21487603305785,36.36363636363637,57.85123966942148,0,0,0,0,0,5.785123966942149,4.958677685950414,0.8264462809917356,0
E00001301,115,106,51,55,0,0,2,2,0,7,7,0,0,92.17391304347827,44.34782608695652,47.82608695652174,0,0,1.7391304347826086,1.7391304347826086,0,6.086956521739131,6.086956521739131,0,0
E00001302,126,100,56,44,0,0,1,1,0,25,23,2,0,79.36507936507937,44.44444444444444,34.92063492063492,0,0,0.7936507936507936,0.7936507936507936,0,19.841269841269842,18.253968253968253,1.5873015873015872,0
E00001303,128,90,42,48,1,1,3,1,2,34,33,1,0,70.3125,32.8125,37.5,0.78125,0.78125,2.34375,0.78125,1.5625,26.5625,25.78125,0.78125,0
E00001304,150,80,44,36,0,0,19,0,19,51,46,5,0,53.333333333333336,29.333333333333332,24,0,0,12.666666666666668,0,12.666666666666668,34,30.666666666666664,3.3333333333333335,0
E00001305,151,121,62,59,8,8,2,2,0,20,18,2,0,80.13245033112582,41.05960264900662,39.0728476821192,5.298013245033113,5.298013245033113,1.3245033112582782,1.3245033112582782,0,13.245033112582782,11.920529801324504,1.3245033112582782,0
E00001306,203,86,43,43,1,1,0,0,0,116,113,3,0,42.364532019704434,21.182266009852217,21.182266009852217,0.49261083743842365,0.49261083743842365,0,0,0,57.14285714285714,55.66502463054187,1.477832512315271,0
E00001307,119,104,60,44,0,0,4,2,2,10,8,2,1,87.39495798319328,50.42016806722689,36.97478991596639,0,0,3.361344537815126,1.680672268907563,1.680672268907563,8.403361344537815,6.722689075630252,1.680672268907563,0.8403361344537815
E00001308,135,93,54,39,0,0,0,0,0,42,41,1,0,68.88888888888889,40,28.888888888888886,0,0,0,0,0,31.11111111111111,30.37037037037037,0.7407407407407408,0
E00001309,130,77,39,38,5,5,7,1,6,41,40,1,0,59.23076923076923,30,29.230769230769234,3.8461538461538463,3.8461538461538463,5.384615384615385,0.7692307692307693,4.615384615384616,31.538461538461537,30.76923076923077,0.7692307692307693,0
E00001310,92,28,12,16,0,0,4,3,1,60,57,3,0,30.434782608695656,13.043478260869565,17.391304347826086,0,0,4.3478260869565215,3.260869565217391,1.0869565217391304,65.21739130434783,61.95652173913043,3.260869565217391,0
E00001311,121,107,53,54,0,0,0,0,0,14,11,3,0,88.42975206611571,43.80165289256198,44.62809917355372,0,0,0,0,0,11.570247933884298,9.090909090909092,2.479338842975207,0
E00001312,140,116,71,45,0,0,0,0,0,24,18,6,0,82.85714285714286,50.71428571428571,32.142857142857146,0,0,0,0,0,17.142857142857142,12.857142857142856,4.285714285714286,0
E00001313,106,81,48,33,1,1,2,1,1,22,18,4,0,76.41509433962264,45.28301886792453,31.132075471698112,0.9433962264150944,0.9433962264150944,1.8867924528301887,0.9433962264150944,0.9433962264150944,20.754716981132077,16.9811320754717,3.7735849056603774,0
E00001314,137,85,53,32,0,0,1,0,1,51,43,8,0,62.04379562043796,38.68613138686132,23.357664233576642,0,0,0.7299270072992701,0,0.7299270072992701,37.22627737226277,31.386861313868614,5.839416058394161,0
E00001315,117,30,14,16,0,0,48,28,20,39,38,1,0,25.64102564102564,11.965811965811966,13.675213675213676,0,0,41.02564102564102,23.931623931623932,17.094017094017094,33.33333333333333,32.47863247863248,0.8547008547008548,0
E00001316,113,58,33,25,0,0,38,34,4,17,17,0,0,51.32743362831859,29.20353982300885,22.123893805309734,0,0,33.6283185840708,30.08849557522124,3.5398230088495577,15.04424778761062,15.04424778761062,0,0
E00001317,128,86,30,56,0,0,28,27,1,14,14,0,0,67.1875,23.4375,43.75,0,0,21.875,21.09375,0.78125,10.9375,10.9375,0,0
E00001318,146,52,22,30,5,5,59,24,35,30,28,2,0,35.61643835616438,15.068493150684931,20.54794520547945,3.4246575342465753,3.4246575342465753,40.41095890410959,16.43835616438356,23.972602739726025,20.54794520547945,19.17808219178082,1.36986301369863,0
E00001319,127,85,30,55,0,0,16,15,1,26,26,0,0,66.92913385826772,23.62204724409449,43.30708661417323,0,0,12.598425196850393,11.811023622047244,0.7874015748031495,20.47244094488189,20.47244094488189,0,0
E00001320,123,100,54,46,0,0,1,1,0,22,17,5,0,81.30081300813008,43.90243902439025,37.39837398373984,0,0,0.8130081300813009,0.8130081300813009,0,17.88617886178862,13.821138211382115,4.0650406504065035,0
E00001321,128,113,54,59,1,1,7,0,7,7,6,1,0,88.28125,42.1875,46.09375,0.78125,0.78125,5.46875,0,5.46875,5.46875,4.6875,0.78125,0
E00001322,197,89,37,52,1,1,50,26,24,57,54,3,0,45.17766497461929,18.781725888324875,26.39593908629442,0.5076142131979695,0.5076142131979695,25.380710659898476,13.19796954314721,12.18274111675127,28.934010152284262,27.411167512690355,1.5228426395939088,0
E00001323,129,110,47,63,0,0,0,0,0,19,12,7,0,85.27131782945736,36.434108527131784,48.837209302325576,0,0,0,0,0,14.728682170542637,9.30232558139535,5.426356589147287,0
E00001324,132,94,47,47,0,0,1,1,0,37,31,6,0,71.21212121212122,35.60606060606061,35.60606060606061,0,0,0.7575757575757576,0.7575757575757576,0,28.030303030303028,23.484848484848484,4.545454545454546,0
E00001325,110,53,17,36,1,1,2,0,2,54,51,3,0,48.18181818181818,15.454545454545453,32.72727272727273,0.9090909090909091,0.9090909090909091,1.8181818181818181,0,1.8181818181818181,49.09090909090909,46.36363636363636,2.727272727272727,0
E00001326,122,113,63,50,0,0,0,0,0,9,9,0,0,92.62295081967213,51.63934426229508,40.98360655737705,0,0,0,0,0,7.377049180327869,7.377049180327869,0,0
E00001327,132,83,39,44,0,0,2,0,2,47,45,2,0,62.878787878787875,29.545454545454547,33.33333333333333,0,0,1.5151515151515151,0,1.5151515151515151,35.60606060606061,34.090909090909086,1.5151515151515151,0
E00001328,122,82,34,48,1,1,6,2,4,33,29,4,0,67.21311475409836,27.86885245901639,39.34426229508197,0.819672131147541,0.819672131147541,4.918032786885246,1.639344262295082,3.278688524590164,27.049180327868854,23.770491803278688,3.278688524590164,0
E00001329,158,58,25,33,0,0,14,9,5,86,80,6,0,36.708860759493675,15.822784810126583,20.88607594936709,0,0,8.860759493670885,5.69620253164557,3.1645569620253164,54.43037974683544,50.63291139240506,3.79746835443038,0
E00001330,134,131,71,60,0,0,0,0,0,3,1,2,0,97.76119402985076,52.98507462686567,44.776119402985074,0,0,0,0,0,2.2388059701492535,0.7462686567164178,1.4925373134328357,0
E00001331,120,42,19,23,0,0,62,27,35,16,13,3,0,35,15.833333333333332,19.166666666666668,0,0,51.66666666666667,22.5,29.166666666666668,13.333333333333334,10.833333333333334,2.5,0
E00001333,130,91,49,42,0,0,1,1,0,38,36,2,0,70,37.69230769230769,32.30769230769231,0,0,0.7692307692307693,0.7692307692307693,0,29.230769230769234,27.692307692307693,1.5384615384615385,0
E00001334,138,52,29,23,0,0,12,3,9,73,67,6,1,37.68115942028986,21.014492753623188,16.666666666666664,0,0,8.695652173913043,2.1739130434782608,6.521739130434782,52.89855072463768,48.55072463768116,4.3478260869565215,0.7246376811594203
E00001335,150,74,37,37,5,5,6,4,2,65,62,3,0,49.333333333333336,24.666666666666668,24.666666666666668,3.3333333333333335,3.3333333333333335,4,2.666666666666667,1.3333333333333335,43.333333333333336,41.333333333333336,2,0
E00001336,134,115,66,49,0,0,0,0,0,19,13,6,0,85.82089552238806,49.25373134328358,36.56716417910448,0,0,0,0,0,14.17910447761194,9.701492537313433,4.477611940298507,0
E00001337,126,95,43,52,0,0,16,10,6,15,15,0,0,75.39682539682539,34.12698412698413,41.269841269841265,0,0,12.698412698412698,7.936507936507936,4.761904761904762,11.904761904761903,11.904761904761903,0,0
E00001338,129,98,49,49,0,0,1,1,0,30,28,2,0,75.96899224806202,37.98449612403101,37.98449612403101,0,0,0.7751937984496124,0.7751937984496124,0,23.25581395348837,21.705426356589147,1.550387596899225,0
E00001339,111,92,42,50,0,0,1,0,1,18,14,4,0,82.88288288288288,37.83783783783784,45.04504504504504,0,0,0.9009009009009009,0,0.9009009009009009,16.216216216216218,12.612612612612612,3.6036036036036037,0
E00001340,132,117,59,58,1,1,0,0,0,14,14,0,0,88.63636363636364,44.696969696969695,43.93939393939394,0.7575757575757576,0.7575757575757576,0,0,0,10.606060606060606,10.606060606060606,0,0
E00001341,117,82,47,35,0,0,0,0,0,35,32,3,0,70.08547008547008,40.17094017094017,29.914529914529915,0,0,0,0,0,29.914529914529915,27.350427350427353,2.564102564102564,0
E00001342,120,65,36,29,0,0,10,4,6,45,44,1,0,54.166666666666664,30,24.166666666666668,0,0,8.333333333333332,3.3333333333333335,5,37.5,36.666666666666664,0.8333333333333334,0
E00001343,115,82,36,46,1,1,6,5,1,25,24,1,1,71.30434782608695,31.30434782608696,40,0.8695652173913043,0.8695652173913043,5.217391304347826,4.3478260869565215,0.8695652173913043,21.73913043478261,20.869565217391305,0.8695652173913043,0.8695652173913043
E00001344,121,98,56,42,0,0,1,0,1,22,22,0,0,80.99173553719008,46.28099173553719,34.710743801652896,0,0,0.8264462809917356,0,0.8264462809917356,18.181818181818183,18.181818181818183,0,0
E00001345,129,120,56,64,0,0,2,1,1,7,7,0,0,93.02325581395348,43.41085271317829,49.6124031007752,0,0,1.550387596899225,0.7751937984496124,0.7751937984496124,5.426356589147287,5.426356589147287,0,0
E00001346,150,114,71,43,0,0,2,2,0,34,31,3,0,76,47.333333333333336,28.666666666666668,0,0,1.3333333333333335,1.3333333333333335,0,22.666666666666664,20.666666666666668,2,0
E00001347,120,107,51,56,0,0,0,0,0,13,13,0,0,89.16666666666667,42.5,46.666666666666664,0,0,0,0,0,10.833333333333334,10.833333333333334,0,0
E00001348,105,101,45,56,0,0,1,0,1,3,3,0,0,96.19047619047619,42.857142857142854,53.333333333333336,0,0,0.9523809523809524,0,0.9523809523809524,2.857142857142857,2.857142857142857,0,0
E00001349,125,103,68,35,0,0,1,0,1,21,19,2,0,82.39999999999999,54.400000000000006,28.000000000000004,0,0,0.8,0,0.8,16.8,15.2,1.6,0
E00001350,120,59,31,28,1,1,3,1,2,57,54,3,0,49.166666666666664,25.833333333333336,23.333333333333332,0.8333333333333334,0.8333333333333334,2.5,0.8333333333333334,1.6666666666666667,47.5,45,2.5,0
E00001351,112,18,13,5,0,0,82,4,78,11,8,3,1,16.071428571428573,11.607142857142858,4.464285714285714,0,0,73.21428571428571,3.571428571428571,69.64285714285714,9.821428571428571,7.142857142857142,2.6785714285714284,0.8928571428571428
E00001352,175,67,37,30,3,3,7,1,6,98,91,7,0,38.285714285714285,21.142857142857142,17.142857142857142,1.7142857142857144,1.7142857142857144,4,0.5714285714285714,3.428571428571429,56.00000000000001,52,4,0
E00001353,146,105,51,54,0,0,8,0,8,33,32,1,0,71.91780821917808,34.93150684931507,36.986301369863014,0,0,5.47945205479452,0,5.47945205479452,22.602739726027394,21.91780821917808,0.684931506849315,0
E00001354,105,46,33,13,0,0,3,1,2,56,55,1,0,43.80952380952381,31.428571428571427,12.380952380952381,0,0,2.857142857142857,0.9523809523809524,1.9047619047619049,53.333333333333336,52.38095238095239,0.9523809523809524,0
E00001355,126,103,64,39,0,0,1,1,0,22,20,2,0,81.74603174603175,50.79365079365079,30.952380952380953,0,0,0.7936507936507936,0.7936507936507936,0,17.46031746031746,15.873015873015872,1.5873015873015872,0
E00001356,119,48,24,24,1,1,12,8,4,58,55,3,0,40.33613445378151,20.168067226890756,20.168067226890756,0.8403361344537815,0.8403361344537815,10.084033613445378,6.722689075630252,3.361344537815126,48.739495798319325,46.21848739495798,2.5210084033613445,0
E00001357,114,49,31,18,3,3,1,0,1,61,60,1,0,42.98245614035088,27.192982456140353,15.789473684210526,2.631578947368421,2.631578947368421,0.8771929824561403,0,0.8771929824561403,53.50877192982456,52.63157894736842,0.8771929824561403,0
E00001358,174,74,38,36,1,1,10,1,9,89,85,4,0,42.5287356321839,21.839080459770116,20.689655172413794,0.5747126436781609,0.5747126436781609,5.747126436781609,0.5747126436781609,5.172413793103448,51.14942528735632,48.85057471264368,2.2988505747126435,0
E00001359,130,49,32,17,0,0,34,21,13,47,44,3,0,37.69230769230769,24.615384615384617,13.076923076923078,0,0,26.153846153846157,16.153846153846153,10,36.15384615384615,33.84615384615385,2.307692307692308,0
E00001360,135,110,53,57,0,0,0,0,0,25,24,1,0,81.48148148148148,39.25925925925926,42.22222222222222,0,0,0,0,0,18.51851851851852,17.77777777777778,0.7407407407407408,0
E00001361,109,35,20,15,0,0,27,4,23,47,45,2,0,32.11009174311927,18.34862385321101,13.761467889908257,0,0,24.770642201834864,3.669724770642202,21.100917431192663,43.11926605504588,41.284403669724774,1.834862385321101,0
E00001362,133,102,43,59,0,0,2,0,2,29,28,1,0,76.69172932330827,32.33082706766917,44.3609022556391,0,0,1.5037593984962405,0,1.5037593984962405,21.804511278195488,21.052631578947366,0.7518796992481203,0
E00001363,121,93,51,42,0,0,0,0,0,28,26,2,0,76.85950413223141,42.14876033057851,34.710743801652896,0,0,0,0,0,23.140495867768596,21.487603305785125,1.6528925619834711,0
E00001364,122,101,52,49,0,0,1,0,1,20,20,0,0,82.78688524590164,42.62295081967213,40.16393442622951,0,0,0.819672131147541,0,0.819672131147541,16.39344262295082,16.39344262295082,0,0
E00001365,132,98,53,45,0,0,1,0,1,33,27,6,0,74.24242424242425,40.15151515151515,34.090909090909086,0,0,0.7575757575757576,0,0.7575757575757576,25,20.454545454545457,4.545454545454546,0
E00001366,127,100,56,44,0,0,1,1,0,26,26,0,0,78.74015748031496,44.09448818897638,34.645669291338585,0,0,0.7874015748031495,0.7874015748031495,0,20.47244094488189,20.47244094488189,0,0
E00001367,117,100,61,39,0,0,2,0,2,15,14,1,0,85.47008547008546,52.13675213675214,33.33333333333333,0,0,1.7094017094017095,0,1.7094017094017095,12.82051282051282,11.965811965811966,0.8547008547008548,0
E00001368,112,88,50,38,0,0,2,0,2,22,19,3,0,78.57142857142857,44.642857142857146,33.92857142857143,0,0,1.7857142857142856,0,1.7857142857142856,19.642857142857142,16.964285714285715,2.6785714285714284,0
E00001369,133,115,72,43,0,0,2,1,1,16,13,3,0,86.46616541353383,54.13533834586466,32.33082706766917,0,0,1.5037593984962405,0.7518796992481203,0.7518796992481203,12.030075187969924,9.774436090225564,2.2556390977443606,0
E00001370,124,101,63,38,1,1,3,1,2,19,13,6,0,81.45161290322581,50.806451612903224,30.64516129032258,0.8064516129032258,0.8064516129032258,2.4193548387096775,0.8064516129032258,1.6129032258064515,15.32258064516129,10.483870967741936,4.838709677419355,0
E00001371,178,110,59,51,10,10,1,0,1,57,50,7,0,61.79775280898876,33.146067415730336,28.651685393258425,5.617977528089887,5.617977528089887,0.5617977528089888,0,0.5617977528089888,32.02247191011236,28.08988764044944,3.932584269662921,0
E00001372,138,129,77,52,0,0,2,0,2,7,4,3,0,93.47826086956522,55.79710144927537,37.68115942028986,0,0,1.4492753623188406,0,1.4492753623188406,5.072463768115942,2.898550724637681,2.1739130434782608,0
E00001374,129,111,65,46,1,1,1,0,1,16,16,0,0,86.04651162790698,50.3875968992248,35.65891472868217,0.7751937984496124,0.7751937984496124,0.7751937984496124,0,0.7751937984496124,12.4031007751938,12.4031007751938,0,0
E00001375,129,116,67,49,1,1,1,0,1,11,8,3,0,89.92248062015504,51.93798449612403,37.98449612403101,0.7751937984496124,0.7751937984496124,0.7751937984496124,0,0.7751937984496124,8.527131782945736,6.2015503875969,2.3255813953488373,0
E00001376,135,96,46,50,0,0,4,4,0,35,33,2,0,71.11111111111111,34.074074074074076,37.03703703703704,0,0,2.9629629629629632,2.9629629629629632,0,25.925925925925924,24.444444444444443,1.4814814814814816,0
E00001377,87,51,39,12,3,3,19,1,18,14,14,0,0,58.620689655172406,44.827586206896555,13.793103448275861,3.4482758620689653,3.4482758620689653,21.839080459770116,1.1494252873563218,20.689655172413794,16.091954022988507,16.091954022988507,0,0
E00001378,121,81,21,60,2,2,7,6,1,31,29,2,0,66.94214876033058,17.355371900826448,49.586776859504134,1.6528925619834711,1.6528925619834711,5.785123966942149,4.958677685950414,0.8264462809917356,25.6198347107438,23.96694214876033,1.6528925619834711,0
E00001379,177,150,24,126,0,0,14,2,12,13,13,0,0,84.7457627118644,13.559322033898304,71.1864406779661,0,0,7.909604519774012,1.1299435028248588,6.779661016949152,7.344632768361582,7.344632768361582,0,0
E00001380,135,119,67,52,0,0,0,0,0,16,9,7,0,88.14814814814815,49.629629629629626,38.51851851851852,0,0,0,0,0,11.851851851851853,6.666666666666667,5.185185185185185,0
E00001381,121,112,63,49,0,0,2,0,2,7,7,0,0,92.56198347107438,52.066115702479344,40.49586776859504,0,0,1.6528925619834711,0,1.6528925619834711,5.785123966942149,5.785123966942149,0,0
E00001382,110,93,48,45,0,0,2,1,1,15,13,2,0,84.54545454545455,43.63636363636363,40.909090909090914,0,0,1.8181818181818181,0.9090909090909091,0.9090909090909091,13.636363636363635,11.818181818181818,1.8181818181818181,0
E00001383,114,73,31,42,0,0,5,3,2,36,34,2,0,64.03508771929825,27.192982456140353,36.84210526315789,0,0,4.385964912280701,2.631578947368421,1.7543859649122806,31.57894736842105,29.82456140350877,1.7543859649122806,0
E00001384,122,59,34,25,0,0,23,12,11,40,37,3,0,48.36065573770492,27.86885245901639,20.491803278688526,0,0,18.852459016393443,9.836065573770492,9.01639344262295,32.78688524590164,30.327868852459016,2.459016393442623,0
E00001385,121,92,48,44,0,0,1,0,1,28,26,2,0,76.03305785123968,39.66942148760331,36.36363636363637,0,0,0.8264462809917356,0,0.8264462809917356,23.140495867768596,21.487603305785125,1.6528925619834711,0
E00001386,123,112,58,54,1,1,1,1,0,9,9,0,0,91.05691056910568,47.15447154471545,43.90243902439025,0.8130081300813009,0.8130081300813009,0.8130081300813009,0.8130081300813009,0,7.317073170731707,7.317073170731707,0,0
E00001387,159,58,28,30,1,1,42,40,2,57,49,8,1,36.477987421383645,17.61006289308176,18.867924528301888,0.628930817610063,0.628930817610063,26.41509433962264,25.157232704402517,1.257861635220126,35.84905660377358,30.81761006289308,5.031446540880504,0.628930817610063
E00001388,148,60,25,35,0,0,30,25,5,58,55,3,0,40.54054054054054,16.89189189189189,23.64864864864865,0,0,20.27027027027027,16.89189189189189,3.3783783783783785,39.189189189189186,37.16216216216216,2.027027027027027,0
E00001389,112,97,59,38,0,0,2,2,0,13,13,0,0,86.60714285714286,52.67857142857143,33.92857142857143,0,0,1.7857142857142856,1.7857142857142856,0,11.607142857142858,11.607142857142858,0,0
E00001390,123,62,33,29,0,0,3,3,0,58,53,5,0,50.40650406504065,26.82926829268293,23.577235772357724,0,0,2.4390243902439024,2.4390243902439024,0,47.15447154471545,43.08943089430895,4.0650406504065035,0
E00001391,121,101,63,38,1,1,1,1,0,18,16,2,0,83.47107438016529,52.066115702479344,31.40495867768595,0.8264462809917356,0.8264462809917356,0.8264462809917356,0.8264462809917356,0,14.87603305785124,13.223140495867769,1.6528925619834711,0
E00001392,144,60,35,25,2,2,12,11,1,70,65,5,0,41.66666666666667,24.305555555555554,17.36111111111111,1.3888888888888888,1.3888888888888888,8.333333333333332,7.638888888888889,0.6944444444444444,48.61111111111111,45.13888888888889,3.4722222222222223,0
E00001393,135,91,52,39,1,1,14,12,2,29,25,4,0,67.4074074074074,38.51851851851852,28.888888888888886,0.7407407407407408,0.7407407407407408,10.37037037037037,8.88888888888889,1.4814814814814816,21.48148148148148,18.51851851851852,2.9629629629629632,0
E00001394,125,108,55,53,0,0,1,1,0,16,15,1,0,86.4,44,42.4,0,0,0.8,0.8,0,12.8,12,0.8,0
E00001395,103,92,44,48,0,0,2,2,0,9,9,0,0,89.32038834951457,42.71844660194174,46.601941747572816,0,0,1.9417475728155338,1.9417475728155338,0,8.737864077669903,8.737864077669903,0,0
E00001396,171,74,36,38,0,0,41,4,37,56,55,1,0,43.27485380116959,21.052631578947366,22.22222222222222,0,0,23.976608187134502,2.3391812865497075,21.637426900584796,32.748538011695906,32.16374269005848,0.5847953216374269,0
E00001397,123,68,27,41,5,5,27,22,5,23,21,2,0,55.28455284552846,21.951219512195124,33.33333333333333,4.0650406504065035,4.0650406504065035,21.951219512195124,17.88617886178862,4.0650406504065035,18.69918699186992,17.073170731707318,1.6260162601626018,0
E00001398,124,39,17,22,0,0,64,60,4,21,21,0,0,31.451612903225808,13.709677419354838,17.741935483870968,0,0,51.61290322580645,48.38709677419355,3.225806451612903,16.93548387096774,16.93548387096774,0,0
E00001399,120,69,40,29,0,0,36,32,4,13,11,2,2,57.49999999999999,33.33333333333333,24.166666666666668,0,0,30,26.666666666666668,3.3333333333333335,10.833333333333334,9.166666666666666,1.6666666666666667,1.6666666666666667
E00001400,129,60,26,34,1,1,52,49,3,16,13,3,0,46.51162790697674,20.155038759689923,26.356589147286826,0.7751937984496124,0.7751937984496124,40.310077519379846,37.98449612403101,2.3255813953488373,12.4031007751938,10.077519379844961,2.3255813953488373,0
E00001401,115,67,33,34,2,2,28,22,6,18,17,1,0,58.26086956521739,28.695652173913043,29.565217391304348,1.7391304347826086,1.7391304347826086,24.347826086956523,19.130434782608695,5.217391304347826,15.65217391304348,14.782608695652174,0.8695652173913043,0
E00001402,163,132,58,74,0,0,5,1,4,26,26,0,0,80.98159509202453,35.58282208588957,45.39877300613497,0,0,3.067484662576687,0.6134969325153374,2.4539877300613497,15.950920245398773,15.950920245398773,0,0
E00001403,183,88,28,60,3,3,66,37,29,26,23,3,0,48.08743169398907,15.300546448087433,32.78688524590164,1.639344262295082,1.639344262295082,36.0655737704918,20.21857923497268,15.846994535519126,14.207650273224044,12.568306010928962,1.639344262295082,0
E00001404,120,67,29,38,4,4,31,2,29,18,17,1,0,55.833333333333336,24.166666666666668,31.666666666666664,3.3333333333333335,3.3333333333333335,25.833333333333336,1.6666666666666667,24.166666666666668,15,14.166666666666666,0.8333333333333334,0
E00001405,172,100,53,47,0,0,30,12,18,42,38,4,0,58.139534883720934,30.813953488372093,27.325581395348834,0,0,17.441860465116278,6.976744186046512,10.465116279069768,24.418604651162788,22.093023255813954,2.3255813953488373,0
E00001406,127,74,39,35,2,2,39,35,4,12,11,1,0,58.26771653543307,30.708661417322837,27.559055118110237,1.574803149606299,1.574803149606299,30.708661417322837,27.559055118110237,3.149606299212598,9.448818897637794,8.661417322834646,0.7874015748031495,0
E00001407,206,54,8,46,34,34,99,42,57,17,15,2,2,26.21359223300971,3.8834951456310676,22.330097087378643,16.50485436893204,16.50485436893204,48.05825242718447,20.388349514563107,27.669902912621357,8.25242718446602,7.281553398058252,0.9708737864077669,0.9708737864077669
E00001408,82,42,2,40,0,0,37,4,33,3,3,0,0,51.21951219512195,2.4390243902439024,48.78048780487805,0,0,45.1219512195122,4.878048780487805,40.243902439024396,3.6585365853658534,3.6585365853658534,0,0
E00001410,119,107,56,51,1,1,2,2,0,9,9,0,0,89.91596638655463,47.05882352941176,42.857142857142854,0.8403361344537815,0.8403361344537815,1.680672268907563,1.680672268907563,0,7.563025210084033,7.563025210084033,0,0
E00001411,93,10,8,2,0,0,75,70,5,8,4,4,0,10.75268817204301,8.60215053763441,2.1505376344086025,0,0,80.64516129032258,75.26881720430107,5.376344086021505,8.60215053763441,4.301075268817205,4.301075268817205,0
E00001412,135,47,20,27,0,0,66,35,31,21,19,2,1,34.81481481481482,14.814814814814813,20,0,0,48.888888888888886,25.925925925925924,22.962962962962962,15.555555555555555,14.074074074074074,1.4814814814814816,0.7407407407407408
E00001413,109,73,38,35,1,1,26,13,13,9,7,2,0,66.97247706422019,34.862385321100916,32.11009174311927,0.9174311926605505,0.9174311926605505,23.853211009174313,11.926605504587156,11.926605504587156,8.256880733944955,6.422018348623854,1.834862385321101,0
E00001415,123,74,33,41,5,5,33,17,16,11,11,0,0,60.16260162601627,26.82926829268293,33.33333333333333,4.0650406504065035,4.0650406504065035,26.82926829268293,13.821138211382115,13.008130081300814,8.94308943089431,8.94308943089431,0,0
E00001416,123,74,44,30,4,4,31,19,12,14,13,1,0,60.16260162601627,35.77235772357724,24.390243902439025,3.2520325203252036,3.2520325203252036,25.203252032520325,15.447154471544716,9.75609756097561,11.38211382113821,10.569105691056912,0.8130081300813009,0
E00001417,136,38,19,19,8,8,70,57,13,20,20,0,0,27.941176470588236,13.970588235294118,13.970588235294118,5.88235294117647,5.88235294117647,51.470588235294116,41.911764705882355,9.558823529411764,14.705882352941178,14.705882352941178,0,0
E00001418,97,83,47,36,0,0,1,1,0,13,11,2,0,85.56701030927834,48.45360824742268,37.11340206185567,0,0,1.0309278350515463,1.0309278350515463,0,13.402061855670103,11.34020618556701,2.0618556701030926,0
E00001419,128,87,39,48,0,0,13,12,1,28,28,0,0,67.96875,30.46875,37.5,0,0,10.15625,9.375,0.78125,21.875,21.875,0,0
E00001420,119,48,15,33,3,3,46,34,12,22,21,1,0,40.33613445378151,12.605042016806722,27.73109243697479,2.5210084033613445,2.5210084033613445,38.655462184873954,28.57142857142857,10.084033613445378,18.487394957983195,17.647058823529413,0.8403361344537815,0
E00001421,111,74,33,41,0,0,25,22,3,12,11,1,0,66.66666666666666,29.72972972972973,36.93693693693694,0,0,22.52252252252252,19.81981981981982,2.7027027027027026,10.81081081081081,9.90990990990991,0.9009009009009009,0
E00001422,160,142,132,10,2,2,4,3,1,12,5,7,0,88.75,82.5,6.25,1.25,1.25,2.5,1.875,0.625,7.5,3.125,4.375,0
E00001423,143,129,63,66,0,0,1,1,0,13,9,4,0,90.20979020979021,44.05594405594406,46.15384615384615,0,0,0.6993006993006993,0.6993006993006993,0,9.090909090909092,6.293706293706294,2.797202797202797,0
E00001424,125,116,62,54,0,0,0,0,0,9,9,0,0,92.80000000000001,49.6,43.2,0,0,0,0,0,7.199999999999999,7.199999999999999,0,0
E00001425,126,85,58,27,0,0,5,0,5,36,31,5,0,67.46031746031747,46.03174603174603,21.428571428571427,0,0,3.968253968253968,0,3.968253968253968,28.57142857142857,24.6031746031746,3.968253968253968,0
E00001426,143,83,58,25,0,0,19,1,18,41,36,5,0,58.04195804195804,40.55944055944056,17.482517482517483,0,0,13.286713286713287,0.6993006993006993,12.587412587412588,28.671328671328673,25.174825174825177,3.4965034965034967,0
E00001427,145,74,41,33,0,0,22,17,5,49,45,4,0,51.03448275862069,28.27586206896552,22.758620689655174,0,0,15.172413793103448,11.724137931034482,3.4482758620689653,33.793103448275865,31.03448275862069,2.7586206896551726,0
E00001428,127,61,21,40,0,0,15,14,1,51,49,2,0,48.031496062992126,16.535433070866144,31.496062992125985,0,0,11.811023622047244,11.023622047244094,0.7874015748031495,40.15748031496063,38.582677165354326,1.574803149606299,0
E00001429,202,72,32,40,0,0,22,2,20,108,93,15,0,35.64356435643564,15.841584158415841,19.801980198019802,0,0,10.891089108910892,0.9900990099009901,9.900990099009901,53.46534653465347,46.03960396039604,7.425742574257425,0
E00001430,117,105,58,47,1,1,1,0,1,10,9,1,0,89.74358974358975,49.572649572649574,40.17094017094017,0.8547008547008548,0.8547008547008548,0.8547008547008548,0,0.8547008547008548,8.547008547008547,7.6923076923076925,0.8547008547008548,0
E00001431,105,88,48,40,0,0,5,4,1,12,10,2,0,83.80952380952381,45.714285714285715,38.095238095238095,0,0,4.761904761904762,3.8095238095238098,0.9523809523809524,11.428571428571429,9.523809523809524,1.9047619047619049,0
E00001432,135,108,63,45,0,0,0,0,0,27,27,0,0,80,46.666666666666664,33.33333333333333,0,0,0,0,0,20,20,0,0
E00001433,126,74,41,33,0,0,40,15,25,12,9,3,0,58.730158730158735,32.53968253968254,26.190476190476193,0,0,31.746031746031743,11.904761904761903,19.841269841269842,9.523809523809524,7.142857142857142,2.380952380952381,0
E00001434,127,109,59,50,0,0,0,0,0,18,15,3,0,85.8267716535433,46.45669291338583,39.37007874015748,0,0,0,0,0,14.173228346456693,11.811023622047244,2.3622047244094486,0
E00001435,125,94,47,47,1,1,16,14,2,14,12,2,0,75.2,37.6,37.6,0.8,0.8,12.8,11.200000000000001,1.6,11.200000000000001,9.6,1.6,0
E00001436,136,69,25,44,0,0,38,35,3,29,27,2,0,50.73529411764706,18.38235294117647,32.35294117647059,0,0,27.941176470588236,25.735294117647058,2.2058823529411766,21.323529411764707,19.852941176470587,1.4705882352941175,0
E00001437,121,95,54,41,0,0,17,14,3,9,8,1,0,78.51239669421489,44.62809917355372,33.88429752066116,0,0,14.049586776859504,11.570247933884298,2.479338842975207,7.43801652892562,6.6115702479338845,0.8264462809917356,0
E00001438,108,100,53,47,1,1,1,0,1,6,6,0,0,92.5925925925926,49.074074074074076,43.51851851851852,0.9259259259259258,0.9259259259259258,0.9259259259259258,0,0.9259259259259258,5.555555555555555,5.555555555555555,0,0
E00001439,142,65,31,34,1,1,63,39,24,13,9,4,0,45.774647887323944,21.830985915492956,23.943661971830984,0.7042253521126761,0.7042253521126761,44.36619718309859,27.464788732394368,16.901408450704224,9.15492957746479,6.338028169014084,2.8169014084507045,0
E00001440,128,56,20,36,0,0,29,26,3,43,39,4,0,43.75,15.625,28.125,0,0,22.65625,20.3125,2.34375,33.59375,30.46875,3.125,0
E00001441,124,73,34,39,0,0,26,23,3,25,22,3,0,58.87096774193549,27.419354838709676,31.451612903225808,0,0,20.967741935483872,18.548387096774192,2.4193548387096775,20.161290322580644,17.741935483870968,2.4193548387096775,0
E00001442,112,90,37,53,0,0,4,3,1,18,18,0,0,80.35714285714286,33.035714285714285,47.32142857142857,0,0,3.571428571428571,2.6785714285714284,0.8928571428571428,16.071428571428573,16.071428571428573,0,0
E00001443,109,87,39,48,0,0,12,0,12,10,8,2,0,79.81651376146789,35.77981651376147,44.03669724770643,0,0,11.009174311926607,0,11.009174311926607,9.174311926605505,7.339449541284404,1.834862385321101,0
E00001444,132,55,22,33,1,1,54,49,5,22,19,3,0,41.66666666666667,16.666666666666664,25,0.7575757575757576,0.7575757575757576,40.909090909090914,37.121212121212125,3.787878787878788,16.666666666666664,14.393939393939394,2.272727272727273,0
E00001445,132,58,33,25,3,3,39,4,35,32,30,2,0,43.93939393939394,25,18.939393939393938,2.272727272727273,2.272727272727273,29.545454545454547,3.0303030303030303,26.515151515151516,24.242424242424242,22.727272727272727,1.5151515151515151,0
E00001446,125,93,45,48,1,1,0,0,0,31,30,1,0,74.4,36,38.4,0.8,0.8,0,0,0,24.8,24,0.8,0
E00001447,154,87,34,53,0,0,5,5,0,62,59,3,0,56.493506493506494,22.07792207792208,34.41558441558442,0,0,3.2467532467532463,3.2467532467532463,0,40.25974025974026,38.311688311688314,1.948051948051948,0
E00001448,134,55,23,32,1,1,7,6,1,71,69,2,0,41.04477611940299,17.16417910447761,23.88059701492537,0.7462686567164178,0.7462686567164178,5.223880597014925,4.477611940298507,0.7462686567164178,52.98507462686567,51.49253731343284,1.4925373134328357,0
E00001449,153,70,45,25,0,0,0,0,0,83,77,6,0,45.751633986928105,29.411764705882355,16.33986928104575,0,0,0,0,0,54.248366013071895,50.326797385620914,3.9215686274509802,0
E00001450,104,50,25,25,4,4,16,11,5,34,30,4,0,48.07692307692308,24.03846153846154,24.03846153846154,3.8461538461538463,3.8461538461538463,15.384615384615385,10.576923076923077,4.807692307692308,32.69230769230769,28.846153846153843,3.8461538461538463,0
E00001451,131,92,52,40,3,3,1,1,0,35,30,5,0,70.22900763358778,39.69465648854962,30.53435114503817,2.2900763358778624,2.2900763358778624,0.7633587786259541,0.7633587786259541,0,26.717557251908396,22.900763358778626,3.816793893129771,0
E00001452,104,59,26,33,0,0,1,0,1,44,44,0,0,56.730769230769226,25,31.73076923076923,0,0,0.9615384615384616,0,0.9615384615384616,42.30769230769231,42.30769230769231,0,0
E00001453,161,87,42,45,0,0,0,0,0,74,68,6,0,54.037267080745345,26.08695652173913,27.95031055900621,0,0,0,0,0,45.962732919254655,42.2360248447205,3.7267080745341614,0
E00001454,116,38,21,17,1,1,29,3,26,48,44,4,0,32.758620689655174,18.103448275862068,14.655172413793101,0.8620689655172413,0.8620689655172413,25,2.586206896551724,22.413793103448278,41.37931034482759,37.93103448275862,3.4482758620689653,0
E00001455,161,42,19,23,0,0,9,2,7,110,106,4,0,26.08695652173913,11.801242236024844,14.285714285714285,0,0,5.590062111801243,1.2422360248447204,4.3478260869565215,68.32298136645963,65.83850931677019,2.484472049689441,0
E00001456,128,70,47,23,2,2,4,3,1,52,47,5,0,54.6875,36.71875,17.96875,1.5625,1.5625,3.125,2.34375,0.78125,40.625,36.71875,3.90625,0
E00001457,140,85,43,42,1,1,6,4,2,48,48,0,0,60.71428571428571,30.714285714285715,30,0.7142857142857143,0.7142857142857143,4.285714285714286,2.857142857142857,1.4285714285714286,34.285714285714285,34.285714285714285,0,0
E00001458,152,33,21,12,5,5,21,1,20,93,90,3,0,21.710526315789476,13.815789473684212,7.894736842105263,3.289473684210526,3.289473684210526,13.815789473684212,0.6578947368421052,13.157894736842104,61.18421052631579,59.210526315789465,1.9736842105263157,0
E00001459,125,62,29,33,1,1,2,2,0,60,57,3,0,49.6,23.200000000000003,26.400000000000002,0.8,0.8,1.6,1.6,0,48,45.6,2.4,0
E00001460,149,100,50,50,0,0,8,3,5,41,39,2,0,67.11409395973155,33.557046979865774,33.557046979865774,0,0,5.369127516778524,2.013422818791946,3.3557046979865772,27.516778523489933,26.174496644295303,1.342281879194631,0
E00001461,122,80,45,35,0,0,9,2,7,33,30,3,0,65.57377049180327,36.885245901639344,28.688524590163933,0,0,7.377049180327869,1.639344262295082,5.737704918032787,27.049180327868854,24.59016393442623,2.459016393442623,0
E00001462,141,80,50,30,0,0,6,6,0,55,52,3,0,56.73758865248227,35.46099290780142,21.27659574468085,0,0,4.25531914893617,4.25531914893617,0,39.00709219858156,36.87943262411347,2.127659574468085,0
E00001463,102,56,31,25,0,0,11,6,5,35,34,1,0,54.90196078431373,30.392156862745097,24.509803921568626,0,0,10.784313725490197,5.88235294117647,4.901960784313726,34.31372549019608,33.33333333333333,0.9803921568627451,0
E00001464,136,88,47,41,1,1,1,1,0,46,45,1,0,64.70588235294117,34.55882352941176,30.14705882352941,0.7352941176470588,0.7352941176470588,0.7352941176470588,0.7352941176470588,0,33.82352941176471,33.088235294117645,0.7352941176470588,0
E00001465,139,71,42,29,0,0,3,0,3,65,64,1,0,51.07913669064749,30.215827338129497,20.863309352517987,0,0,2.158273381294964,0,2.158273381294964,46.76258992805755,46.043165467625904,0.7194244604316548,0
E00001466,164,80,31,49,0,0,19,3,16,65,63,2,0,48.78048780487805,18.902439024390244,29.878048780487802,0,0,11.585365853658537,1.8292682926829267,9.75609756097561,39.63414634146341,38.41463414634146,1.2195121951219512,0
E00001467,134,78,39,39,1,1,7,0,7,48,46,2,0,58.2089552238806,29.1044776119403,29.1044776119403,0.7462686567164178,0.7462686567164178,5.223880597014925,0,5.223880597014925,35.82089552238806,34.32835820895522,1.4925373134328357,0
E00001468,139,68,30,38,1,1,5,3,2,65,64,1,0,48.92086330935252,21.58273381294964,27.33812949640288,0.7194244604316548,0.7194244604316548,3.5971223021582732,2.158273381294964,1.4388489208633095,46.76258992805755,46.043165467625904,0.7194244604316548,0
E00001469,95,34,15,19,0,0,29,3,26,32,30,2,0,35.78947368421053,15.789473684210526,20,0,0,30.526315789473685,3.1578947368421053,27.368421052631582,33.68421052631579,31.57894736842105,2.1052631578947367,0
E00001470,119,46,24,22,0,0,35,32,3,35,33,2,3,38.655462184873954,20.168067226890756,18.487394957983195,0,0,29.411764705882355,26.89075630252101,2.5210084033613445,29.411764705882355,27.73109243697479,1.680672268907563,2.5210084033613445
E00001471,146,114,62,52,0,0,1,0,1,31,28,3,0,78.08219178082192,42.465753424657535,35.61643835616438,0,0,0.684931506849315,0,0.684931506849315,21.232876712328768,19.17808219178082,2.054794520547945,0
E00001472,117,100,55,45,0,0,0,0,0,17,16,1,0,85.47008547008546,47.008547008547005,38.46153846153847,0,0,0,0,0,14.529914529914532,13.675213675213676,0.8547008547008548,0
E00001474,144,103,39,64,0,0,0,0,0,40,38,2,1,71.52777777777779,27.083333333333332,44.44444444444444,0,0,0,0,0,27.77777777777778,26.38888888888889,1.3888888888888888,0.6944444444444444
E00001475,142,81,46,35,1,1,0,0,0,60,54,6,0,57.04225352112676,32.3943661971831,24.647887323943664,0.7042253521126761,0.7042253521126761,0,0,0,42.25352112676056,38.028169014084504,4.225352112676056,0
E00001476,153,104,61,43,0,0,1,1,0,48,47,1,0,67.97385620915033,39.869281045751634,28.104575163398692,0,0,0.6535947712418301,0.6535947712418301,0,31.372549019607842,30.718954248366014,0.6535947712418301,0
E00001477,110,49,24,25,0,0,7,6,1,54,53,1,0,44.54545454545455,21.818181818181817,22.727272727272727,0,0,6.363636363636363,5.454545454545454,0.9090909090909091,49.09090909090909,48.18181818181818,0.9090909090909091,0
E00001478,249,71,32,39,1,1,20,10,10,156,149,7,1,28.514056224899598,12.851405622489958,15.66265060240964,0.4016064257028112,0.4016064257028112,8.032128514056225,4.016064257028113,4.016064257028113,62.65060240963856,59.83935742971887,2.8112449799196786,0.4016064257028112
E00001479,130,87,69,18,0,0,3,2,1,40,38,2,0,66.92307692307692,53.07692307692308,13.846153846153847,0,0,2.307692307692308,1.5384615384615385,0.7692307692307693,30.76923076923077,29.230769230769234,1.5384615384615385,0
E00001480,129,64,36,28,0,0,5,4,1,60,57,3,0,49.6124031007752,27.906976744186046,21.705426356589147,0,0,3.875968992248062,3.10077519379845,0.7751937984496124,46.51162790697674,44.18604651162791,2.3255813953488373,0
E00001481,134,96,49,47,1,1,17,1,16,20,16,4,0,71.64179104477611,36.56716417910448,35.07462686567165,0.7462686567164178,0.7462686567164178,12.686567164179104,0.7462686567164178,11.940298507462686,14.925373134328357,11.940298507462686,2.9850746268656714,0
E00001482,130,34,19,15,4,4,54,32,22,38,31,7,0,26.153846153846157,14.615384615384617,11.538461538461538,3.076923076923077,3.076923076923077,41.53846153846154,24.615384615384617,16.923076923076923,29.230769230769234,23.846153846153847,5.384615384615385,0
E00001483,118,86,50,36,1,1,1,1,0,30,30,0,0,72.88135593220339,42.3728813559322,30.508474576271187,0.847457627118644,0.847457627118644,0.847457627118644,0.847457627118644,0,25.423728813559322,25.423728813559322,0,0
E00001484,116,37,26,11,1,1,3,0,3,75,71,4,0,31.896551724137932,22.413793103448278,9.482758620689655,0.8620689655172413,0.8620689655172413,2.586206896551724,0,2.586206896551724,64.65517241379311,61.206896551724135,3.4482758620689653,0
E00001485,103,35,17,18,0,0,1,1,0,67,65,2,0,33.980582524271846,16.50485436893204,17.475728155339805,0,0,0.9708737864077669,0.9708737864077669,0,65.0485436893204,63.10679611650486,1.9417475728155338,0
E00001486,139,58,24,34,1,1,0,0,0,80,76,4,0,41.726618705035975,17.26618705035971,24.46043165467626,0.7194244604316548,0.7194244604316548,0,0,0,57.55395683453237,54.67625899280576,2.877697841726619,0
E00001487,130,82,50,32,0,0,0,0,0,48,47,1,0,63.07692307692307,38.46153846153847,24.615384615384617,0,0,0,0,0,36.92307692307693,36.15384615384615,0.7692307692307693,0
E00001488,133,90,56,34,0,0,0,0,0,42,39,3,1,67.66917293233082,42.10526315789473,25.563909774436087,0,0,0,0,0,31.57894736842105,29.32330827067669,2.2556390977443606,0.7518796992481203
E00001489,136,80,46,34,0,0,1,1,0,55,53,2,0,58.82352941176471,33.82352941176471,25,0,0,0.7352941176470588,0.7352941176470588,0,40.44117647058824,38.970588235294116,1.4705882352941175,0
E00001490,145,101,59,42,1,1,1,0,1,42,41,1,0,69.6551724137931,40.689655172413794,28.965517241379313,0.6896551724137931,0.6896551724137931,0.6896551724137931,0,0.6896551724137931,28.965517241379313,28.27586206896552,0.6896551724137931,0
E00001491,157,53,22,31,0,0,4,0,4,100,97,3,0,33.75796178343949,14.012738853503185,19.745222929936308,0,0,2.547770700636943,0,2.547770700636943,63.69426751592356,61.78343949044586,1.910828025477707,0
E00001492,183,31,10,21,0,0,4,1,3,148,146,2,0,16.939890710382514,5.46448087431694,11.475409836065573,0,0,2.185792349726776,0.546448087431694,1.639344262295082,80.87431693989072,79.78142076502732,1.092896174863388,0
E00001493,131,64,31,33,0,0,8,4,4,59,57,2,0,48.854961832061065,23.66412213740458,25.190839694656486,0,0,6.106870229007633,3.0534351145038165,3.0534351145038165,45.038167938931295,43.51145038167939,1.5267175572519083,0
E00001494,152,72,48,24,2,2,2,2,0,76,75,1,0,47.368421052631575,31.57894736842105,15.789473684210526,1.3157894736842104,1.3157894736842104,1.3157894736842104,1.3157894736842104,0,50,49.34210526315789,0.6578947368421052,0
E00001495,153,82,45,37,0,0,0,0,0,71,65,6,0,53.59477124183007,29.411764705882355,24.183006535947712,0,0,0,0,0,46.40522875816993,42.48366013071895,3.9215686274509802,0
E00001496,153,83,52,31,1,1,19,15,4,50,43,7,0,54.248366013071895,33.98692810457516,20.26143790849673,0.6535947712418301,0.6535947712418301,12.418300653594772,9.803921568627452,2.6143790849673203,32.6797385620915,28.104575163398692,4.57516339869281,0
E00001497,150,24,12,12,0,0,38,27,11,88,83,5,0,16,8,8,0,0,25.333333333333336,18,7.333333333333333,58.666666666666664,55.333333333333336,3.3333333333333335,0
E00001498,164,58,26,32,1,1,41,38,3,64,63,1,0,35.36585365853659,15.853658536585366,19.51219512195122,0.6097560975609756,0.6097560975609756,25,23.170731707317074,1.8292682926829267,39.02439024390244,38.41463414634146,0.6097560975609756,0
E00001499,131,77,57,20,0,0,5,3,2,49,44,5,0,58.778625954198475,43.51145038167939,15.267175572519085,0,0,3.816793893129771,2.2900763358778624,1.5267175572519083,37.404580152671755,33.587786259541986,3.816793893129771,0
E00001500,144,61,38,23,11,11,8,1,7,64,58,6,0,42.36111111111111,26.38888888888889,15.972222222222221,7.638888888888889,7.638888888888889,5.555555555555555,0.6944444444444444,4.861111111111112,44.44444444444444,40.27777777777778,4.166666666666666,0
E00001503,120,56,28,28,0,0,45,45,0,19,18,1,0,46.666666666666664,23.333333333333332,23.333333333333332,0,0,37.5,37.5,0,15.833333333333332,15,0.8333333333333334,0
E00001504,126,42,25,17,0,0,64,61,3,20,18,2,0,33.33333333333333,19.841269841269842,13.492063492063492,0,0,50.79365079365079,48.41269841269841,2.380952380952381,15.873015873015872,14.285714285714285,1.5873015873015872,0
E00001505,171,92,41,51,1,1,5,1,4,72,69,3,1,53.80116959064327,23.976608187134502,29.82456140350877,0.5847953216374269,0.5847953216374269,2.923976608187134,0.5847953216374269,2.3391812865497075,42.10526315789473,40.35087719298245,1.7543859649122806,0.5847953216374269
E00001506,215,53,32,21,0,0,13,8,5,149,144,5,0,24.651162790697676,14.883720930232558,9.767441860465116,0,0,6.046511627906977,3.7209302325581395,2.3255813953488373,69.30232558139535,66.97674418604652,2.3255813953488373,0
E00001507,78,1,0,1,0,0,15,0,15,62,62,0,0,1.282051282051282,0,1.282051282051282,0,0,19.230769230769234,0,19.230769230769234,79.48717948717949,79.48717948717949,0,0
E00001508,128,54,27,27,0,0,9,3,6,65,63,2,0,42.1875,21.09375,21.09375,0,0,7.03125,2.34375,4.6875,50.78125,49.21875,1.5625,0
E00001509,178,52,26,26,0,0,13,1,12,113,108,5,0,29.213483146067414,14.606741573033707,14.606741573033707,0,0,7.303370786516854,0.5617977528089888,6.741573033707865,63.48314606741573,60.67415730337079,2.8089887640449436,0
E00001511,132,61,31,30,1,1,8,8,0,61,60,1,1,46.21212121212121,23.484848484848484,22.727272727272727,0.7575757575757576,0.7575757575757576,6.0606060606060606,6.0606060606060606,0,46.21212121212121,45.45454545454545,0.7575757575757576,0.7575757575757576
E00001512,156,52,27,25,0,0,68,64,4,36,34,2,0,33.33333333333333,17.307692307692307,16.025641025641026,0,0,43.58974358974359,41.02564102564102,2.564102564102564,23.076923076923077,21.794871794871796,1.282051282051282,0
E00001514,217,103,19,84,10,10,35,13,22,68,65,3,1,47.465437788018434,8.755760368663594,38.70967741935484,4.6082949308755765,4.6082949308755765,16.129032258064516,5.990783410138248,10.138248847926267,31.336405529953915,29.953917050691242,1.3824884792626728,0.4608294930875576
E00001516,147,78,48,30,0,0,0,0,0,69,63,6,0,53.06122448979592,32.6530612244898,20.408163265306122,0,0,0,0,0,46.93877551020408,42.857142857142854,4.081632653061225,0
E00001517,159,98,62,36,0,0,4,0,4,57,55,2,0,61.63522012578616,38.9937106918239,22.641509433962266,0,0,2.515723270440252,0,2.515723270440252,35.84905660377358,34.59119496855346,1.257861635220126,0
E00001518,131,55,27,28,0,0,41,36,5,35,32,3,0,41.98473282442748,20.610687022900763,21.374045801526716,0,0,31.297709923664126,27.480916030534353,3.816793893129771,26.717557251908396,24.427480916030532,2.2900763358778624,0
E00001519,134,81,44,37,0,0,22,21,1,31,24,7,0,60.447761194029844,32.83582089552239,27.611940298507463,0,0,16.417910447761194,15.671641791044777,0.7462686567164178,23.134328358208954,17.91044776119403,5.223880597014925,0
E00001520,122,68,32,36,1,1,4,2,2,49,47,2,0,55.73770491803278,26.229508196721312,29.508196721311474,0.819672131147541,0.819672131147541,3.278688524590164,1.639344262295082,1.639344262295082,40.16393442622951,38.52459016393443,1.639344262295082,0
E00001521,99,44,22,22,0,0,11,8,3,44,38,6,0,44.44444444444444,22.22222222222222,22.22222222222222,0,0,11.11111111111111,8.080808080808081,3.0303030303030303,44.44444444444444,38.38383838383838,6.0606060606060606,0
E00001522,145,93,30,63,2,2,6,3,3,44,43,1,0,64.13793103448275,20.689655172413794,43.44827586206896,1.3793103448275863,1.3793103448275863,4.137931034482759,2.0689655172413794,2.0689655172413794,30.344827586206897,29.655172413793103,0.6896551724137931,0
E00001523,166,70,39,31,0,0,7,2,5,89,84,5,0,42.168674698795186,23.49397590361446,18.67469879518072,0,0,4.216867469879518,1.2048192771084338,3.0120481927710845,53.6144578313253,50.602409638554214,3.0120481927710845,0
E00001524,105,89,43,46,0,0,1,0,1,15,13,2,0,84.76190476190476,40.95238095238095,43.80952380952381,0,0,0.9523809523809524,0,0.9523809523809524,14.285714285714285,12.380952380952381,1.9047619047619049,0
E00001525,207,40,22,18,11,11,20,2,18,136,132,4,0,19.32367149758454,10.628019323671497,8.695652173913043,5.314009661835748,5.314009661835748,9.66183574879227,0.966183574879227,8.695652173913043,65.70048309178745,63.76811594202898,1.932367149758454,0
E00001526,120,75,42,33,0,0,3,1,2,42,35,7,0,62.5,35,27.500000000000004,0,0,2.5,0.8333333333333334,1.6666666666666667,35,29.166666666666668,5.833333333333333,0
E00001527,108,78,31,47,0,0,0,0,0,30,28,2,0,72.22222222222221,28.703703703703702,43.51851851851852,0,0,0,0,0,27.77777777777778,25.925925925925924,1.8518518518518516,0
E00001528,134,46,22,24,1,1,11,7,4,76,73,3,0,34.32835820895522,16.417910447761194,17.91044776119403,0.7462686567164178,0.7462686567164178,8.208955223880597,5.223880597014925,2.9850746268656714,56.71641791044776,54.47761194029851,2.2388059701492535,0
E00001529,158,57,29,28,0,0,78,60,18,23,22,1,0,36.075949367088604,18.354430379746837,17.72151898734177,0,0,49.36708860759494,37.9746835443038,11.39240506329114,14.556962025316455,13.924050632911392,0.6329113924050633,0
E00001530,147,54,25,29,0,0,29,27,2,64,61,3,0,36.734693877551024,17.006802721088434,19.727891156462583,0,0,19.727891156462583,18.367346938775512,1.3605442176870748,43.53741496598639,41.49659863945578,2.0408163265306123,0
E00001531,122,98,45,53,1,1,2,0,2,21,17,4,0,80.32786885245902,36.885245901639344,43.44262295081967,0.819672131147541,0.819672131147541,1.639344262295082,0,1.639344262295082,17.21311475409836,13.934426229508196,3.278688524590164,0
E00001534,143,81,51,30,0,0,1,0,1,61,59,2,0,56.64335664335665,35.66433566433567,20.97902097902098,0,0,0.6993006993006993,0,0.6993006993006993,42.65734265734265,41.25874125874126,1.3986013986013985,0
E00001535,130,46,14,32,2,2,25,17,8,57,56,1,0,35.38461538461539,10.76923076923077,24.615384615384617,1.5384615384615385,1.5384615384615385,19.230769230769234,13.076923076923078,6.153846153846154,43.84615384615385,43.07692307692308,0.7692307692307693,0
E00001536,170,17,10,7,1,1,8,2,6,144,141,3,0,10,5.88235294117647,4.117647058823529,0.5882352941176471,0.5882352941176471,4.705882352941177,1.1764705882352942,3.5294117647058822,84.70588235294117,82.94117647058825,1.7647058823529411,0
E00001537,123,74,43,31,0,0,0,0,0,49,45,4,0,60.16260162601627,34.959349593495936,25.203252032520325,0,0,0,0,0,39.83739837398374,36.58536585365854,3.2520325203252036,0
E00001538,121,61,26,35,0,0,9,6,3,51,46,5,0,50.413223140495866,21.487603305785125,28.92561983471074,0,0,7.43801652892562,4.958677685950414,2.479338842975207,42.14876033057851,38.01652892561984,4.132231404958678,0
E00001539,152,61,29,32,0,0,2,2,0,89,86,3,0,40.131578947368425,19.078947368421055,21.052631578947366,0,0,1.3157894736842104,1.3157894736842104,0,58.55263157894737,56.57894736842105,1.9736842105263157,0
E00001540,193,61,26,35,1,1,24,21,3,107,104,3,0,31.606217616580313,13.471502590673575,18.134715025906736,0.5181347150259068,0.5181347150259068,12.435233160621761,10.880829015544041,1.5544041450777202,55.44041450777202,53.8860103626943,1.5544041450777202,0
E00001541,113,65,29,36,0,0,4,3,1,44,41,3,0,57.52212389380531,25.663716814159294,31.858407079646017,0,0,3.5398230088495577,2.6548672566371683,0.8849557522123894,38.93805309734513,36.283185840707965,2.6548672566371683,0
E00001542,136,112,53,59,1,1,2,1,1,21,19,2,0,82.35294117647058,38.970588235294116,43.38235294117647,0.7352941176470588,0.7352941176470588,1.4705882352941175,0.7352941176470588,0.7352941176470588,15.441176470588236,13.970588235294118,1.4705882352941175,0
E00001543,144,85,42,43,0,0,5,1,4,54,48,6,0,59.02777777777778,29.166666666666668,29.86111111111111,0,0,3.4722222222222223,0.6944444444444444,2.7777777777777777,37.5,33.33333333333333,4.166666666666666,0
E00001544,142,30,10,20,0,0,9,1,8,103,100,3,0,21.12676056338028,7.042253521126761,14.084507042253522,0,0,6.338028169014084,0.7042253521126761,5.633802816901409,72.53521126760563,70.4225352112676,2.112676056338028,0
E00001545,142,93,37,56,0,0,25,22,3,24,21,3,0,65.49295774647888,26.056338028169012,39.436619718309856,0,0,17.6056338028169,15.492957746478872,2.112676056338028,16.901408450704224,14.788732394366196,2.112676056338028,0
E00001546,152,107,46,61,0,0,1,1,0,44,42,2,0,70.39473684210526,30.263157894736842,40.131578947368425,0,0,0.6578947368421052,0.6578947368421052,0,28.947368421052634,27.631578947368425,1.3157894736842104,0
E00001547,177,91,31,60,0,0,17,3,14,69,69,0,0,51.41242937853108,17.51412429378531,33.89830508474576,0,0,9.6045197740113,1.694915254237288,7.909604519774012,38.983050847457626,38.983050847457626,0,0
E00001548,120,33,18,15,0,0,76,29,47,11,10,1,0,27.500000000000004,15,12.5,0,0,63.33333333333333,24.166666666666668,39.166666666666664,9.166666666666666,8.333333333333332,0.8333333333333334,0
E00001549,171,48,30,18,1,1,5,0,5,117,111,6,0,28.07017543859649,17.543859649122805,10.526315789473683,0.5847953216374269,0.5847953216374269,2.923976608187134,0,2.923976608187134,68.42105263157895,64.91228070175438,3.508771929824561,0
E00001550,142,95,46,49,0,0,6,1,5,41,39,2,0,66.90140845070422,32.3943661971831,34.50704225352113,0,0,4.225352112676056,0.7042253521126761,3.5211267605633805,28.87323943661972,27.464788732394368,1.4084507042253522,0
E00001551,143,86,47,39,1,1,18,15,3,37,31,6,1,60.13986013986013,32.86713286713287,27.27272727272727,0.6993006993006993,0.6993006993006993,12.587412587412588,10.48951048951049,2.097902097902098,25.874125874125873,21.678321678321677,4.195804195804196,0.6993006993006993
E00001552,100,26,12,14,0,0,57,56,1,15,12,3,2,26,12,14.000000000000002,0,0,56.99999999999999,56.00000000000001,1,15,12,3,2
E00001553,121,71,31,40,0,0,27,25,2,22,16,6,1,58.67768595041323,25.6198347107438,33.057851239669425,0,0,22.31404958677686,20.66115702479339,1.6528925619834711,18.181818181818183,13.223140495867769,4.958677685950414,0.8264462809917356
E00001554,123,77,42,35,0,0,17,12,5,28,26,2,1,62.601626016260155,34.146341463414636,28.455284552845526,0,0,13.821138211382115,9.75609756097561,4.0650406504065035,22.76422764227642,21.138211382113823,1.6260162601626018,0.8130081300813009
E00001555,173,41,14,27,8,8,74,15,59,50,48,2,0,23.699421965317917,8.092485549132949,15.606936416184972,4.624277456647398,4.624277456647398,42.77456647398844,8.670520231213873,34.104046242774565,28.901734104046245,27.74566473988439,1.1560693641618496,0
E00001556,103,86,54,32,0,0,2,1,1,15,14,1,0,83.49514563106796,52.42718446601942,31.06796116504854,0,0,1.9417475728155338,0.9708737864077669,0.9708737864077669,14.563106796116504,13.592233009708737,0.9708737864077669,0
E00001557,134,100,64,36,1,1,0,0,0,33,28,5,0,74.6268656716418,47.76119402985074,26.865671641791046,0.7462686567164178,0.7462686567164178,0,0,0,24.62686567164179,20.8955223880597,3.731343283582089,0
E00001558,119,71,47,24,0,0,8,1,7,40,40,0,0,59.66386554621849,39.49579831932773,20.168067226890756,0,0,6.722689075630252,0.8403361344537815,5.88235294117647,33.61344537815126,33.61344537815126,0,0
E00001559,117,67,33,34,1,1,29,24,5,19,17,2,1,57.26495726495726,28.205128205128204,29.059829059829063,0.8547008547008548,0.8547008547008548,24.786324786324787,20.51282051282051,4.273504273504273,16.23931623931624,14.529914529914532,1.7094017094017095,0.8547008547008548
E00001560,110,66,35,31,1,1,0,0,0,43,38,5,0,60,31.818181818181817,28.18181818181818,0.9090909090909091,0.9090909090909091,0,0,0,39.09090909090909,34.54545454545455,4.545454545454546,0
E00001561,128,63,32,31,0,0,12,11,1,53,53,0,0,49.21875,25,24.21875,0,0,9.375,8.59375,0.78125,41.40625,41.40625,0,0
E00001562,120,35,18,17,0,0,5,3,2,80,73,7,0,29.166666666666668,15,14.166666666666666,0,0,4.166666666666666,2.5,1.6666666666666667,66.66666666666666,60.83333333333333,5.833333333333333,0
E00001563,117,83,43,40,0,0,5,4,1,29,27,2,0,70.94017094017094,36.75213675213676,34.18803418803419,0,0,4.273504273504273,3.418803418803419,0.8547008547008548,24.786324786324787,23.076923076923077,1.7094017094017095,0
E00001564,121,84,41,43,0,0,9,0,9,28,25,3,0,69.42148760330579,33.88429752066116,35.53719008264463,0,0,7.43801652892562,0,7.43801652892562,23.140495867768596,20.66115702479339,2.479338842975207,0
E00001565,149,71,43,28,0,0,5,3,2,73,68,5,0,47.651006711409394,28.859060402684566,18.79194630872483,0,0,3.3557046979865772,2.013422818791946,1.342281879194631,48.99328859060403,45.63758389261745,3.3557046979865772,0
E00001566,117,95,38,57,0,0,1,0,1,21,21,0,0,81.19658119658119,32.47863247863248,48.717948717948715,0,0,0.8547008547008548,0,0.8547008547008548,17.94871794871795,17.94871794871795,0,0
E00001567,226,81,39,42,1,1,53,2,51,89,81,8,2,35.84070796460177,17.25663716814159,18.58407079646018,0.4424778761061947,0.4424778761061947,23.451327433628318,0.8849557522123894,22.566371681415927,39.38053097345133,35.84070796460177,3.5398230088495577,0.8849557522123894
E00001568,128,97,47,50,1,1,0,0,0,30,26,4,0,75.78125,36.71875,39.0625,0.78125,0.78125,0,0,0,23.4375,20.3125,3.125,0
E00001570,119,68,38,30,0,0,24,21,3,27,27,0,0,57.14285714285714,31.932773109243694,25.210084033613445,0,0,20.168067226890756,17.647058823529413,2.5210084033613445,22.689075630252102,22.689075630252102,0,0
E00001571,155,64,31,33,0,0,18,14,4,73,67,6,0,41.29032258064516,20,21.29032258064516,0,0,11.612903225806452,9.032258064516128,2.5806451612903225,47.096774193548384,43.225806451612904,3.870967741935484,0
E00001572,166,79,41,38,0,0,5,0,5,82,75,7,0,47.59036144578313,24.69879518072289,22.89156626506024,0,0,3.0120481927710845,0,3.0120481927710845,49.39759036144578,45.18072289156627,4.216867469879518,0
E00001574,125,89,50,39,0,0,13,0,13,23,22,1,0,71.2,40,31.2,0,0,10.4,0,10.4,18.4,17.599999999999998,0.8,0
E00001575,169,90,60,30,38,38,22,5,17,19,17,2,0,53.25443786982249,35.50295857988166,17.75147928994083,22.485207100591715,22.485207100591715,13.017751479289942,2.9585798816568047,10.059171597633137,11.242603550295858,10.059171597633137,1.183431952662722,0
E00001576,123,97,60,37,1,1,1,1,0,24,23,1,0,78.86178861788618,48.78048780487805,30.081300813008134,0.8130081300813009,0.8130081300813009,0.8130081300813009,0.8130081300813009,0,19.51219512195122,18.69918699186992,0.8130081300813009,0
E00001577,188,102,47,55,4,4,5,3,2,77,70,7,0,54.25531914893617,25,29.25531914893617,2.127659574468085,2.127659574468085,2.6595744680851063,1.5957446808510638,1.0638297872340425,40.95744680851064,37.234042553191486,3.723404255319149,0
E00001578,121,105,48,57,2,2,1,1,0,13,11,2,0,86.77685950413223,39.66942148760331,47.107438016528924,1.6528925619834711,1.6528925619834711,0.8264462809917356,0.8264462809917356,0,10.743801652892563,9.090909090909092,1.6528925619834711,0
E00001579,174,74,35,39,0,0,1,1,0,99,97,2,0,42.5287356321839,20.114942528735632,22.413793103448278,0,0,0.5747126436781609,0.5747126436781609,0,56.896551724137936,55.74712643678161,1.1494252873563218,0
E00001580,128,75,46,29,0,0,6,4,2,47,45,2,0,58.59375,35.9375,22.65625,0,0,4.6875,3.125,1.5625,36.71875,35.15625,1.5625,0
E00001581,147,32,16,16,0,0,14,4,10,101,87,14,0,21.768707482993197,10.884353741496598,10.884353741496598,0,0,9.523809523809524,2.7210884353741496,6.802721088435375,68.70748299319727,59.183673469387756,9.523809523809524,0
E00001582,154,29,5,24,0,0,21,4,17,104,102,2,0,18.83116883116883,3.2467532467532463,15.584415584415584,0,0,13.636363636363635,2.5974025974025974,11.03896103896104,67.53246753246754,66.23376623376623,1.2987012987012987,0
E00001583,117,39,18,21,2,2,24,4,20,52,50,2,0,33.33333333333333,15.384615384615385,17.94871794871795,1.7094017094017095,1.7094017094017095,20.51282051282051,3.418803418803419,17.094017094017094,44.44444444444444,42.73504273504273,1.7094017094017095,0
E00001584,137,56,39,17,0,0,0,0,0,81,81,0,0,40.87591240875913,28.467153284671532,12.408759124087592,0,0,0,0,0,59.12408759124088,59.12408759124088,0,0
E00001585,120,97,51,46,1,1,5,1,4,17,16,1,0,80.83333333333333,42.5,38.333333333333336,0.8333333333333334,0.8333333333333334,4.166666666666666,0.8333333333333334,3.3333333333333335,14.166666666666666,13.333333333333334,0.8333333333333334,0
E00001586,128,60,26,34,0,0,1,0,1,67,62,5,0,46.875,20.3125,26.5625,0,0,0.78125,0,0.78125,52.34375,48.4375,3.90625,0
E00001587,123,44,24,20,1,1,22,22,0,56,53,3,0,35.77235772357724,19.51219512195122,16.260162601626014,0.8130081300813009,0.8130081300813009,17.88617886178862,17.88617886178862,0,45.52845528455284,43.08943089430895,2.4390243902439024,0
E00001588,124,71,33,38,6,6,6,0,6,40,38,2,1,57.25806451612904,26.61290322580645,30.64516129032258,4.838709677419355,4.838709677419355,4.838709677419355,0,4.838709677419355,32.25806451612903,30.64516129032258,1.6129032258064515,0.8064516129032258
E00001589,115,99,51,48,0,0,1,0,1,15,12,3,0,86.08695652173914,44.34782608695652,41.73913043478261,0,0,0.8695652173913043,0,0.8695652173913043,13.043478260869565,10.434782608695652,2.608695652173913,0
E00001590,190,60,29,31,1,1,1,1,0,128,125,3,0,31.57894736842105,15.263157894736842,16.315789473684212,0.5263157894736842,0.5263157894736842,0.5263157894736842,0.5263157894736842,0,67.36842105263158,65.78947368421053,1.5789473684210527,0
E00174889,66,30,9,21,1,1,1,0,1,34,29,5,0,45.45454545454545,13.636363636363635,31.818181818181817,1.5151515151515151,1.5151515151515151,1.5151515151515151,0,1.5151515151515151,51.515151515151516,43.93939393939394,7.575757575757576,0
E00174894,111,14,5,9,0,0,3,1,2,94,93,1,0,12.612612612612612,4.504504504504505,8.108108108108109,0,0,2.7027027027027026,0.9009009009009009,1.8018018018018018,84.68468468468468,83.78378378378379,0.9009009009009009,0
E00174895,64,25,11,14,0,0,1,1,0,37,35,2,1,39.0625,17.1875,21.875,0,0,1.5625,1.5625,0,57.8125,54.6875,3.125,1.5625
E00174896,115,72,32,40,1,1,20,3,17,22,20,2,0,62.60869565217392,27.82608695652174,34.78260869565217,0.8695652173913043,0.8695652173913043,17.391304347826086,2.608695652173913,14.782608695652174,19.130434782608695,17.391304347826086,1.7391304347826086,0
E00174897,74,56,26,30,0,0,2,2,0,16,15,1,0,75.67567567567568,35.13513513513514,40.54054054054054,0,0,2.7027027027027026,2.7027027027027026,0,21.62162162162162,20.27027027027027,1.3513513513513513,0
E00174898,117,25,12,13,0,0,34,3,31,58,56,2,0,21.367521367521366,10.256410256410255,11.11111111111111,0,0,29.059829059829063,2.564102564102564,26.495726495726498,49.572649572649574,47.863247863247864,1.7094017094017095,0
E00174899,128,86,35,51,0,0,0,0,0,42,37,5,0,67.1875,27.34375,39.84375,0,0,0,0,0,32.8125,28.90625,3.90625,0
E00174901,79,33,12,21,0,0,4,3,1,42,39,3,0,41.77215189873418,15.18987341772152,26.582278481012654,0,0,5.063291139240507,3.79746835443038,1.2658227848101267,53.16455696202531,49.36708860759494,3.79746835443038,0
E00174902,95,24,10,14,6,6,31,1,30,34,33,1,0,25.263157894736842,10.526315789473683,14.736842105263156,6.315789473684211,6.315789473684211,32.631578947368425,1.0526315789473684,31.57894736842105,35.78947368421053,34.73684210526316,1.0526315789473684,0
E00174903,138,98,42,56,0,0,1,0,1,39,35,4,0,71.01449275362319,30.434782608695656,40.57971014492754,0,0,0.7246376811594203,0,0.7246376811594203,28.26086956521739,25.36231884057971,2.898550724637681,0
E00174904,113,23,13,10,0,0,25,14,11,65,59,6,0,20.353982300884958,11.504424778761061,8.849557522123893,0,0,22.123893805309734,12.389380530973451,9.734513274336283,57.52212389380531,52.21238938053098,5.3097345132743365,0
E00174906,145,44,17,27,0,0,2,0,2,99,95,4,0,30.344827586206897,11.724137931034482,18.620689655172416,0,0,1.3793103448275863,0,1.3793103448275863,68.27586206896552,65.51724137931035,2.7586206896551726,0
E00174907,170,80,41,39,4,4,10,3,7,76,73,3,0,47.05882352941176,24.11764705882353,22.941176470588236,2.3529411764705883,2.3529411764705883,5.88235294117647,1.7647058823529411,4.117647058823529,44.70588235294118,42.94117647058823,1.7647058823529411,0
E00174908,104,30,5,25,6,6,48,1,47,20,20,0,0,28.846153846153843,4.807692307692308,24.03846153846154,5.769230769230769,5.769230769230769,46.15384615384615,0.9615384615384616,45.19230769230769,19.230769230769234,19.230769230769234,0,0
E00174909,140,37,12,25,8,8,51,5,46,38,35,3,6,26.42857142857143,8.571428571428571,17.857142857142858,5.714285714285714,5.714285714285714,36.42857142857142,3.571428571428571,32.857142857142854,27.142857142857142,25,2.142857142857143,4.285714285714286
E00174910,167,48,15,33,0,0,10,2,8,109,103,6,0,28.74251497005988,8.982035928143713,19.760479041916167,0,0,5.9880239520958085,1.1976047904191618,4.790419161676647,65.26946107784431,61.67664670658682,3.592814371257485,0
E00174912,159,23,11,12,3,3,35,0,35,98,93,5,0,14.465408805031446,6.918238993710692,7.547169811320755,1.8867924528301887,1.8867924528301887,22.0125786163522,0,22.0125786163522,61.63522012578616,58.490566037735846,3.1446540880503147,0
E00174913,241,59,25,34,0,0,11,2,9,171,160,11,0,24.481327800829874,10.37344398340249,14.107883817427386,0,0,4.564315352697095,0.8298755186721992,3.7344398340248963,70.95435684647303,66.39004149377593,4.564315352697095,0
E00174914,102,40,6,34,9,9,3,1,2,50,46,4,0,39.21568627450981,5.88235294117647,33.33333333333333,8.823529411764707,8.823529411764707,2.941176470588235,0.9803921568627451,1.9607843137254901,49.01960784313725,45.09803921568628,3.9215686274509802,0
E00174915,109,57,19,38,1,1,3,2,1,48,48,0,0,52.293577981651374,17.431192660550458,34.862385321100916,0.9174311926605505,0.9174311926605505,2.7522935779816518,1.834862385321101,0.9174311926605505,44.03669724770643,44.03669724770643,0,0
E00174916,79,21,5,16,19,19,7,1,6,32,29,3,0,26.582278481012654,6.329113924050633,20.253164556962027,24.050632911392405,24.050632911392405,8.860759493670885,1.2658227848101267,7.59493670886076,40.50632911392405,36.708860759493675,3.79746835443038,0
E00174917,180,49,17,32,1,1,64,39,25,66,64,2,0,27.22222222222222,9.444444444444445,17.77777777777778,0.5555555555555556,0.5555555555555556,35.55555555555556,21.666666666666668,13.88888888888889,36.666666666666664,35.55555555555556,1.1111111111111112,0
E00174918,116,15,6,9,5,5,9,1,8,87,86,1,0,12.931034482758621,5.172413793103448,7.758620689655173,4.310344827586207,4.310344827586207,7.758620689655173,0.8620689655172413,6.896551724137931,75,74.13793103448276,0.8620689655172413,0
E00174919,122,37,12,25,8,8,46,4,42,31,25,6,0,30.327868852459016,9.836065573770492,20.491803278688526,6.557377049180328,6.557377049180328,37.704918032786885,3.278688524590164,34.42622950819672,25.40983606557377,20.491803278688526,4.918032786885246,0
E00174920,144,20,4,16,1,1,67,5,62,56,54,2,0,13.88888888888889,2.7777777777777777,11.11111111111111,0.6944444444444444,0.6944444444444444,46.52777777777778,3.4722222222222223,43.05555555555556,38.88888888888889,37.5,1.3888888888888888,0
E00174921,134,28,9,19,22,22,6,0,6,78,74,4,0,20.8955223880597,6.7164179104477615,14.17910447761194,16.417910447761194,16.417910447761194,4.477611940298507,0,4.477611940298507,58.2089552238806,55.223880597014926,2.9850746268656714,0
E00178723,151,117,61,56,2,2,2,0,2,30,29,1,0,77.48344370860927,40.397350993377486,37.086092715231786,1.3245033112582782,1.3245033112582782,1.3245033112582782,0,1.3245033112582782,19.867549668874172,19.205298013245034,0.6622516556291391,0
E00178724,211,60,25,35,4,4,79,26,53,68,64,4,0,28.436018957345972,11.848341232227488,16.587677725118482,1.8957345971563981,1.8957345971563981,37.44075829383886,12.322274881516588,25.118483412322274,32.22748815165877,30.33175355450237,1.8957345971563981,0
E00178725,89,64,13,51,0,0,7,0,7,18,18,0,0,71.91011235955057,14.606741573033707,57.30337078651685,0,0,7.865168539325842,0,7.865168539325842,20.224719101123593,20.224719101123593,0,0
E00178726,107,15,7,8,0,0,87,79,8,5,5,0,0,14.018691588785046,6.5420560747663545,7.476635514018691,0,0,81.30841121495327,73.83177570093457,7.476635514018691,4.672897196261682,4.672897196261682,0,0
E00178727,155,86,48,38,0,0,4,4,0,65,61,4,0,55.483870967741936,30.967741935483872,24.516129032258064,0,0,2.5806451612903225,2.5806451612903225,0,41.935483870967744,39.35483870967742,2.5806451612903225,0
E00178733,178,41,3,38,5,5,82,40,42,49,44,5,1,23.03370786516854,1.6853932584269662,21.34831460674157,2.8089887640449436,2.8089887640449436,46.06741573033708,22.47191011235955,23.595505617977526,27.52808988764045,24.719101123595504,2.8089887640449436,0.5617977528089888
E00178734,106,40,15,25,0,0,33,29,4,33,30,3,0,37.735849056603776,14.150943396226415,23.58490566037736,0,0,31.132075471698112,27.358490566037734,3.7735849056603774,31.132075471698112,28.30188679245283,2.8301886792452833,0
E00178735,126,105,30,75,0,0,3,1,2,18,16,2,0,83.33333333333334,23.809523809523807,59.523809523809526,0,0,2.380952380952381,0.7936507936507936,1.5873015873015872,14.285714285714285,12.698412698412698,1.5873015873015872,0
E00178736,122,25,11,14,8,8,67,3,64,22,20,2,0,20.491803278688526,9.01639344262295,11.475409836065573,6.557377049180328,6.557377049180328,54.91803278688525,2.459016393442623,52.459016393442624,18.0327868852459,16.39344262295082,1.639344262295082,0
E00178740,122,50,30,20,0,0,3,2,1,69,66,3,0,40.98360655737705,24.59016393442623,16.39344262295082,0,0,2.459016393442623,1.639344262295082,0.819672131147541,56.557377049180324,54.09836065573771,2.459016393442623,0
E00178741,93,26,6,20,0,0,34,4,30,33,29,4,0,27.956989247311824,6.451612903225806,21.50537634408602,0,0,36.55913978494624,4.301075268817205,32.25806451612903,35.483870967741936,31.182795698924732,4.301075268817205,0
E00178743,120,37,7,30,3,3,2,2,0,78,74,4,0,30.833333333333336,5.833333333333333,25,2.5,2.5,1.6666666666666667,1.6666666666666667,0,65,61.66666666666667,3.3333333333333335,0
E00178745,136,21,5,16,0,0,51,1,50,64,63,1,0,15.441176470588236,3.6764705882352944,11.76470588235294,0,0,37.5,0.7352941176470588,36.76470588235294,47.05882352941176,46.32352941176471,0.7352941176470588,0
E00178749,142,94,16,78,4,4,18,2,16,26,23,3,0,66.19718309859155,11.267605633802818,54.929577464788736,2.8169014084507045,2.8169014084507045,12.676056338028168,1.4084507042253522,11.267605633802818,18.30985915492958,16.19718309859155,2.112676056338028,0
E00178750,156,21,10,11,1,1,11,3,8,123,116,7,0,13.461538461538462,6.41025641025641,7.051282051282051,0.641025641025641,0.641025641025641,7.051282051282051,1.9230769230769231,5.128205128205128,78.84615384615384,74.35897435897436,4.487179487179487,0
E00178751,168,55,14,41,1,1,36,1,35,76,70,6,0,32.73809523809524,8.333333333333332,24.404761904761905,0.5952380952380952,0.5952380952380952,21.428571428571427,0.5952380952380952,20.833333333333336,45.23809523809524,41.66666666666667,3.571428571428571,0
E00178752,69,18,9,9,0,0,29,21,8,22,21,1,0,26.08695652173913,13.043478260869565,13.043478260869565,0,0,42.028985507246375,30.434782608695656,11.594202898550725,31.88405797101449,30.434782608695656,1.4492753623188406,0
E00178754,70,19,6,13,1,1,12,10,2,37,36,1,1,27.142857142857142,8.571428571428571,18.571428571428573,1.4285714285714286,1.4285714285714286,17.142857142857142,14.285714285714285,2.857142857142857,52.85714285714286,51.42857142857142,1.4285714285714286,1.4285714285714286
E00178756,104,17,7,10,1,1,58,47,11,26,26,0,2,16.346153846153847,6.730769230769231,9.615384615384617,0.9615384615384616,0.9615384615384616,55.769230769230774,45.19230769230769,10.576923076923077,25,25,0,1.9230769230769231
E00178757,248,134,7,127,2,2,61,17,44,50,45,5,1,54.03225806451613,2.82258064516129,51.20967741935484,0.8064516129032258,0.8064516129032258,24.596774193548388,6.854838709677419,17.741935483870968,20.161290322580644,18.14516129032258,2.0161290322580645,0.4032258064516129
E00178758,119,48,17,31,0,0,23,2,21,42,42,0,6,40.33613445378151,14.285714285714285,26.05042016806723,0,0,19.327731092436977,1.680672268907563,17.647058823529413,35.294117647058826,35.294117647058826,0,5.042016806722689
E00178760,67,4,2,2,0,0,49,7,42,14,13,1,0,5.970149253731343,2.9850746268656714,2.9850746268656714,0,0,73.13432835820896,10.44776119402985,62.68656716417911,20.8955223880597,19.402985074626866,1.4925373134328357,0
E00178761,92,29,11,18,0,0,3,1,2,60,56,4,0,31.521739130434785,11.956521739130435,19.565217391304348,0,0,3.260869565217391,1.0869565217391304,2.1739130434782608,65.21739130434783,60.86956521739131,4.3478260869565215,0
E00178762,98,25,6,19,0,0,61,12,49,12,10,2,0,25.510204081632654,6.122448979591836,19.387755102040817,0,0,62.244897959183675,12.244897959183673,50,12.244897959183673,10.204081632653061,2.0408163265306123,0
E00178765,177,14,3,11,1,1,27,15,12,134,132,2,1,7.909604519774012,1.694915254237288,6.214689265536723,0.5649717514124294,0.5649717514124294,15.254237288135593,8.47457627118644,6.779661016949152,75.70621468926554,74.57627118644068,1.1299435028248588,0.5649717514124294
E00178767,228,45,16,29,0,0,7,1,6,176,172,4,0,19.736842105263158,7.017543859649122,12.719298245614036,0,0,3.070175438596491,0.43859649122807015,2.631578947368421,77.19298245614034,75.43859649122807,1.7543859649122806,0
E00178769,97,25,5,20,0,0,46,4,42,26,21,5,0,25.773195876288657,5.154639175257731,20.618556701030926,0,0,47.42268041237113,4.123711340206185,43.29896907216495,26.804123711340207,21.649484536082475,5.154639175257731,0
E00178770,100,32,15,17,1,1,25,15,10,42,37,5,0,32,15,17,1,1,25,15,10,42,37,5,0
E00178772,170,71,24,47,3,3,3,0,3,93,84,9,0,41.76470588235294,14.117647058823529,27.647058823529413,1.7647058823529411,1.7647058823529411,1.7647058823529411,0,1.7647058823529411,54.70588235294118,49.411764705882355,5.294117647058823,0
E00178773,102,46,18,28,1,1,10,1,9,45,45,0,0,45.09803921568628,17.647058823529413,27.450980392156865,0.9803921568627451,0.9803921568627451,9.803921568627452,0.9803921568627451,8.823529411764707,44.11764705882353,44.11764705882353,0,0
E00178774,132,74,4,70,26,26,3,2,1,29,27,2,0,56.060606060606055,3.0303030303030303,53.03030303030303,19.696969696969695,19.696969696969695,2.272727272727273,1.5151515151515151,0.7575757575757576,21.96969696969697,20.454545454545457,1.5151515151515151,0
E00178775,66,5,2,3,0,0,51,13,38,10,8,2,0,7.575757575757576,3.0303030303030303,4.545454545454546,0,0,77.27272727272727,19.696969696969695,57.57575757575758,15.151515151515152,12.121212121212121,3.0303030303030303,0
E00178777,102,26,10,16,5,5,42,5,37,29,28,1,0,25.49019607843137,9.803921568627452,15.686274509803921,4.901960784313726,4.901960784313726,41.17647058823529,4.901960784313726,36.27450980392157,28.431372549019606,27.450980392156865,0.9803921568627451,0
E00178780,176,103,26,77,0,0,24,21,3,49,45,4,0,58.52272727272727,14.772727272727273,43.75,0,0,13.636363636363635,11.931818181818182,1.7045454545454544,27.84090909090909,25.568181818181817,2.272727272727273,0
E00178781,76,31,19,12,0,0,11,0,11,34,31,3,0,40.78947368421053,25,15.789473684210526,0,0,14.473684210526317,0,14.473684210526317,44.73684210526316,40.78947368421053,3.9473684210526314,0
E00178782,53,3,1,2,1,1,32,2,30,17,17,0,0,5.660377358490567,1.8867924528301887,3.7735849056603774,1.8867924528301887,1.8867924528301887,60.37735849056604,3.7735849056603774,56.60377358490566,32.075471698113205,32.075471698113205,0,0
E00178783,174,30,9,21,1,1,10,1,9,132,127,5,1,17.24137931034483,5.172413793103448,12.068965517241379,0.5747126436781609,0.5747126436781609,5.747126436781609,0.5747126436781609,5.172413793103448,75.86206896551724,72.98850574712644,2.8735632183908044,0.5747126436781609
E00178784,48,34,1,33,1,1,2,1,1,11,11,0,0,70.83333333333334,2.083333333333333,68.75,2.083333333333333,2.083333333333333,4.166666666666666,2.083333333333333,2.083333333333333,22.916666666666664,22.916666666666664,0,0
E00178785,94,26,12,14,8,8,17,1,16,43,43,0,0,27.659574468085108,12.76595744680851,14.893617021276595,8.51063829787234,8.51063829787234,18.085106382978726,1.0638297872340425,17.02127659574468,45.744680851063826,45.744680851063826,0,0
E00178786,48,25,2,23,2,2,3,1,2,18,18,0,0,52.083333333333336,4.166666666666666,47.91666666666667,4.166666666666666,4.166666666666666,6.25,2.083333333333333,4.166666666666666,37.5,37.5,0,0
E00178787,110,22,6,16,1,1,1,0,1,86,80,6,0,20,5.454545454545454,14.545454545454545,0.9090909090909091,0.9090909090909091,0.9090909090909091,0,0.9090909090909091,78.18181818181819,72.72727272727273,5.454545454545454,0
E00178788,86,40,18,22,0,0,5,3,2,41,38,3,0,46.51162790697674,20.930232558139537,25.581395348837212,0,0,5.813953488372093,3.488372093023256,2.3255813953488373,47.674418604651166,44.18604651162791,3.488372093023256,0
E00178790,94,74,33,41,1,1,7,2,5,12,10,2,0,78.72340425531915,35.1063829787234,43.61702127659575,1.0638297872340425,1.0638297872340425,7.446808510638298,2.127659574468085,5.319148936170213,12.76595744680851,10.638297872340425,2.127659574468085,0
E00178791,184,171,8,163,3,3,5,3,2,5,5,0,0,92.93478260869566,4.3478260869565215,88.58695652173914,1.6304347826086956,1.6304347826086956,2.717391304347826,1.6304347826086956,1.0869565217391304,2.717391304347826,2.717391304347826,0,0
E00178792,76,9,2,7,21,21,34,6,28,12,11,1,0,11.842105263157894,2.631578947368421,9.210526315789473,27.631578947368425,27.631578947368425,44.73684210526316,7.894736842105263,36.84210526315789,15.789473684210526,14.473684210526317,1.3157894736842104,0
E00178795,96,75,46,29,0,0,7,0,7,14,13,1,0,78.125,47.91666666666667,30.208333333333332,0,0,7.291666666666667,0,7.291666666666667,14.583333333333334,13.541666666666666,1.0416666666666665,0
E00178796,105,42,12,30,0,0,33,22,11,29,23,6,1,40,11.428571428571429,28.57142857142857,0,0,31.428571428571427,20.952380952380953,10.476190476190476,27.61904761904762,21.904761904761905,5.714285714285714,0.9523809523809524
E00178797,122,69,14,55,14,14,23,6,17,16,13,3,0,56.557377049180324,11.475409836065573,45.08196721311475,11.475409836065573,11.475409836065573,18.852459016393443,4.918032786885246,13.934426229508196,13.114754098360656,10.655737704918032,2.459016393442623,0
E00178798,84,63,31,32,0,0,2,2,0,19,16,3,0,75,36.904761904761905,38.095238095238095,0,0,2.380952380952381,2.380952380952381,0,22.61904761904762,19.047619047619047,3.571428571428571,0
E00178799,101,8,1,7,16,16,70,5,65,7,7,0,0,7.920792079207921,0.9900990099009901,6.9306930693069315,15.841584158415841,15.841584158415841,69.3069306930693,4.9504950495049505,64.35643564356435,6.9306930693069315,6.9306930693069315,0,0
E00178800,57,43,25,18,2,2,1,1,0,11,9,2,0,75.43859649122807,43.859649122807014,31.57894736842105,3.508771929824561,3.508771929824561,1.7543859649122806,1.7543859649122806,0,19.298245614035086,15.789473684210526,3.508771929824561,0
E00178803,87,10,7,3,1,1,74,6,68,2,1,1,0,11.494252873563218,8.045977011494253,3.4482758620689653,1.1494252873563218,1.1494252873563218,85.0574712643678,6.896551724137931,78.16091954022988,2.2988505747126435,1.1494252873563218,1.1494252873563218,0
E00178804,96,31,12,19,1,1,0,0,0,64,60,4,0,32.29166666666667,12.5,19.791666666666664,1.0416666666666665,1.0416666666666665,0,0,0,66.66666666666666,62.5,4.166666666666666,0
E00178806,55,20,8,12,1,1,18,16,2,16,16,0,0,36.36363636363637,14.545454545454545,21.818181818181817,1.8181818181818181,1.8181818181818181,32.72727272727273,29.09090909090909,3.6363636363636362,29.09090909090909,29.09090909090909,0,0
E00178808,68,42,6,36,0,0,3,0,3,23,22,1,0,61.76470588235294,8.823529411764707,52.94117647058824,0,0,4.411764705882353,0,4.411764705882353,33.82352941176471,32.35294117647059,1.4705882352941175,0
E00178809,159,41,7,34,10,10,75,6,69,33,29,4,0,25.78616352201258,4.40251572327044,21.38364779874214,6.289308176100629,6.289308176100629,47.16981132075472,3.7735849056603774,43.39622641509434,20.754716981132077,18.238993710691823,2.515723270440252,0
E00178810,67,11,2,9,26,26,16,0,16,14,12,2,0,16.417910447761194,2.9850746268656714,13.432835820895523,38.80597014925373,38.80597014925373,23.88059701492537,0,23.88059701492537,20.8955223880597,17.91044776119403,2.9850746268656714,0
E00178811,87,9,5,4,0,0,8,4,4,70,69,1,0,10.344827586206897,5.747126436781609,4.597701149425287,0,0,9.195402298850574,4.597701149425287,4.597701149425287,80.45977011494253,79.3103448275862,1.1494252873563218,0
E00178812,141,59,15,44,0,0,52,4,48,30,27,3,0,41.843971631205676,10.638297872340425,31.20567375886525,0,0,36.87943262411347,2.8368794326241136,34.04255319148936,21.27659574468085,19.148936170212767,2.127659574468085,0
E00178814,111,37,10,27,7,7,37,1,36,30,27,3,0,33.33333333333333,9.00900900900901,24.324324324324326,6.306306306306306,6.306306306306306,33.33333333333333,0.9009009009009009,32.432432432432435,27.027027027027028,24.324324324324326,2.7027027027027026,0
E00178815,70,8,1,7,42,42,14,1,13,6,5,1,0,11.428571428571429,1.4285714285714286,10,60,60,20,1.4285714285714286,18.571428571428573,8.571428571428571,7.142857142857142,1.4285714285714286,0
E00178816,132,83,4,79,7,7,20,2,18,22,19,3,0,62.878787878787875,3.0303030303030303,59.84848484848485,5.303030303030303,5.303030303030303,15.151515151515152,1.5151515151515151,13.636363636363635,16.666666666666664,14.393939393939394,2.272727272727273,0
E00178817,169,64,14,50,64,64,16,0,16,25,23,2,0,37.8698224852071,8.284023668639055,29.585798816568047,37.8698224852071,37.8698224852071,9.467455621301776,0,9.467455621301776,14.792899408284024,13.609467455621301,1.183431952662722,0
E00178820,144,62,33,29,3,3,11,3,8,68,68,0,0,43.05555555555556,22.916666666666664,20.13888888888889,2.083333333333333,2.083333333333333,7.638888888888889,2.083333333333333,5.555555555555555,47.22222222222222,47.22222222222222,0,0
E00178821,219,22,1,21,16,16,62,5,57,118,114,4,1,10.045662100456621,0.45662100456621,9.58904109589041,7.30593607305936,7.30593607305936,28.31050228310502,2.28310502283105,26.027397260273972,53.88127853881278,52.054794520547944,1.82648401826484,0.45662100456621
E00178822,152,55,22,33,1,1,27,1,26,69,68,1,0,36.18421052631579,14.473684210526317,21.710526315789476,0.6578947368421052,0.6578947368421052,17.763157894736842,0.6578947368421052,17.105263157894736,45.39473684210527,44.73684210526316,0.6578947368421052,0
E00178823,84,15,2,13,32,32,11,1,10,26,24,2,0,17.857142857142858,2.380952380952381,15.476190476190476,38.095238095238095,38.095238095238095,13.095238095238097,1.1904761904761905,11.904761904761903,30.952380952380953,28.57142857142857,2.380952380952381,0
E00178824,119,31,18,13,0,0,3,2,1,85,77,8,0,26.05042016806723,15.126050420168067,10.92436974789916,0,0,2.5210084033613445,1.680672268907563,0.8403361344537815,71.42857142857143,64.70588235294117,6.722689075630252,0
E00178825,152,24,5,19,0,0,73,3,70,55,54,1,0,15.789473684210526,3.289473684210526,12.5,0,0,48.026315789473685,1.9736842105263157,46.05263157894737,36.18421052631579,35.526315789473685,0.6578947368421052,0
E00178826,175,45,18,27,3,3,74,7,67,53,50,3,0,25.71428571428571,10.285714285714285,15.428571428571427,1.7142857142857144,1.7142857142857144,42.285714285714285,4,38.285714285714285,30.28571428571429,28.57142857142857,1.7142857142857144,0
E00178827,53,18,8,10,0,0,3,2,1,32,30,2,0,33.9622641509434,15.09433962264151,18.867924528301888,0,0,5.660377358490567,3.7735849056603774,1.8867924528301887,60.37735849056604,56.60377358490566,3.7735849056603774,0
E00178828,133,51,23,28,0,0,44,39,5,38,32,6,0,38.34586466165413,17.293233082706767,21.052631578947366,0,0,33.08270676691729,29.32330827067669,3.7593984962406015,28.57142857142857,24.06015037593985,4.511278195488721,0
E00178829,94,61,3,58,2,2,1,0,1,30,27,3,0,64.8936170212766,3.1914893617021276,61.702127659574465,2.127659574468085,2.127659574468085,1.0638297872340425,0,1.0638297872340425,31.914893617021278,28.723404255319153,3.1914893617021276,0
E00178830,130,5,2,3,0,0,121,10,111,4,4,0,0,3.8461538461538463,1.5384615384615385,2.307692307692308,0,0,93.07692307692308,7.6923076923076925,85.38461538461539,3.076923076923077,3.076923076923077,0,0
E00178832,95,2,2,0,0,0,62,10,52,31,31,0,0,2.1052631578947367,2.1052631578947367,0,0,0,65.26315789473685,10.526315789473683,54.736842105263165,32.631578947368425,32.631578947368425,0,0
E00178833,115,32,9,23,20,20,42,2,40,21,19,2,0,27.82608695652174,7.82608695652174,20,17.391304347826086,17.391304347826086,36.52173913043478,1.7391304347826086,34.78260869565217,18.26086956521739,16.52173913043478,1.7391304347826086,0
E00178834,135,30,13,17,0,0,6,5,1,99,96,3,0,22.22222222222222,9.62962962962963,12.592592592592592,0,0,4.444444444444445,3.7037037037037033,0.7407407407407408,73.33333333333333,71.11111111111111,2.2222222222222223,0
E00178835,220,29,13,16,0,0,28,15,13,160,150,10,3,13.18181818181818,5.909090909090909,7.2727272727272725,0,0,12.727272727272727,6.8181818181818175,5.909090909090909,72.72727272727273,68.18181818181817,4.545454545454546,1.3636363636363635
E00178836,143,59,8,51,1,1,6,0,6,77,75,2,0,41.25874125874126,5.594405594405594,35.66433566433567,0.6993006993006993,0.6993006993006993,4.195804195804196,0,4.195804195804196,53.84615384615385,52.44755244755245,1.3986013986013985,0
E00178837,215,46,15,31,0,0,0,0,0,169,162,7,0,21.3953488372093,6.976744186046512,14.418604651162791,0,0,0,0,0,78.6046511627907,75.34883720930232,3.255813953488372,0
E00178838,71,15,6,9,0,0,8,3,5,48,47,1,0,21.12676056338028,8.450704225352112,12.676056338028168,0,0,11.267605633802818,4.225352112676056,7.042253521126761,67.6056338028169,66.19718309859155,1.4084507042253522,0
E00178839,139,90,14,76,4,4,23,6,17,22,19,3,0,64.74820143884892,10.071942446043165,54.67625899280576,2.877697841726619,2.877697841726619,16.546762589928058,4.316546762589928,12.23021582733813,15.827338129496402,13.66906474820144,2.158273381294964,0
E00178840,90,72,8,64,0,0,4,2,2,14,12,2,0,80,8.88888888888889,71.11111111111111,0,0,4.444444444444445,2.2222222222222223,2.2222222222222223,15.555555555555555,13.333333333333334,2.2222222222222223,0
E00178841,207,2,0,2,0,0,85,3,82,120,118,2,0,0.966183574879227,0,0.966183574879227,0,0,41.06280193236715,1.4492753623188406,39.61352657004831,57.971014492753625,57.00483091787439,0.966183574879227,0
E00178842,67,49,7,42,0,0,2,0,2,16,15,1,0,73.13432835820896,10.44776119402985,62.68656716417911,0,0,2.9850746268656714,0,2.9850746268656714,23.88059701492537,22.388059701492537,1.4925373134328357,0
E00178843,237,48,7,41,10,10,125,11,114,54,48,6,0,20.253164556962027,2.9535864978902953,17.29957805907173,4.219409282700422,4.219409282700422,52.742616033755276,4.641350210970464,48.10126582278481,22.78481012658228,20.253164556962027,2.5316455696202533,0
E00178844,139,23,10,13,18,18,22,1,21,76,68,8,0,16.546762589928058,7.1942446043165464,9.352517985611511,12.949640287769784,12.949640287769784,15.827338129496402,0.7194244604316548,15.107913669064748,54.67625899280576,48.92086330935252,5.755395683453238,0
E00178845,153,38,12,26,0,0,21,4,17,94,88,6,0,24.836601307189543,7.8431372549019605,16.99346405228758,0,0,13.725490196078432,2.6143790849673203,11.11111111111111,61.43790849673203,57.51633986928104,3.9215686274509802,0
E00178846,102,9,3,6,2,2,74,6,68,17,16,1,0,8.823529411764707,2.941176470588235,5.88235294117647,1.9607843137254901,1.9607843137254901,72.54901960784314,5.88235294117647,66.66666666666666,16.666666666666664,15.686274509803921,0.9803921568627451,0
E00178847,106,40,31,9,0,0,7,0,7,59,57,2,0,37.735849056603776,29.245283018867923,8.49056603773585,0,0,6.60377358490566,0,6.60377358490566,55.660377358490564,53.77358490566038,1.8867924528301887,0
E00178849,46,21,12,9,1,1,2,0,2,22,20,2,0,45.65217391304348,26.08695652173913,19.565217391304348,2.1739130434782608,2.1739130434782608,4.3478260869565215,0,4.3478260869565215,47.82608695652174,43.47826086956522,4.3478260869565215,0
E00178852,122,36,7,29,9,9,16,1,15,61,59,2,0,29.508196721311474,5.737704918032787,23.770491803278688,7.377049180327869,7.377049180327869,13.114754098360656,0.819672131147541,12.295081967213115,50,48.36065573770492,1.639344262295082,0
E00178853,192,43,16,27,0,0,37,19,18,111,108,3,1,22.395833333333336,8.333333333333332,14.0625,0,0,19.270833333333336,9.895833333333332,9.375,57.8125,56.25,1.5625,0.5208333333333333
E00178854,116,87,56,31,0,0,0,0,0,29,27,2,0,75,48.275862068965516,26.72413793103448,0,0,0,0,0,25,23.275862068965516,1.7241379310344827,0
E00178856,140,128,62,66,0,0,0,0,0,12,11,1,0,91.42857142857143,44.285714285714285,47.14285714285714,0,0,0,0,0,8.571428571428571,7.857142857142857,0.7142857142857143,0
E00178857,215,88,18,70,0,0,4,2,2,123,115,8,0,40.93023255813954,8.372093023255815,32.55813953488372,0,0,1.8604651162790697,0.9302325581395349,0.9302325581395349,57.20930232558139,53.48837209302325,3.7209302325581395,0
E00178859,94,24,5,19,50,50,2,2,0,18,15,3,0,25.53191489361702,5.319148936170213,20.212765957446805,53.191489361702125,53.191489361702125,2.127659574468085,2.127659574468085,0,19.148936170212767,15.957446808510639,3.1914893617021276,0
E00178860,150,14,10,4,0,0,8,1,7,128,121,7,0,9.333333333333334,6.666666666666667,2.666666666666667,0,0,5.333333333333334,0.6666666666666667,4.666666666666667,85.33333333333334,80.66666666666666,4.666666666666667,0
E00178861,170,86,38,48,26,26,50,5,45,8,7,1,0,50.588235294117645,22.35294117647059,28.235294117647058,15.294117647058824,15.294117647058824,29.411764705882355,2.941176470588235,26.47058823529412,4.705882352941177,4.117647058823529,0.5882352941176471,0
E00178863,146,124,12,112,0,0,4,1,3,18,15,3,0,84.93150684931507,8.21917808219178,76.71232876712328,0,0,2.73972602739726,0.684931506849315,2.054794520547945,12.32876712328767,10.273972602739725,2.054794520547945,0
E00178864,113,66,15,51,0,0,2,0,2,45,44,1,0,58.4070796460177,13.274336283185843,45.13274336283185,0,0,1.7699115044247788,0,1.7699115044247788,39.823008849557525,38.93805309734513,0.8849557522123894,0
E00178865,96,37,26,11,0,0,3,2,1,56,52,4,0,38.54166666666667,27.083333333333332,11.458333333333332,0,0,3.125,2.083333333333333,1.0416666666666665,58.333333333333336,54.166666666666664,4.166666666666666,0
E00178866,95,24,14,10,1,1,2,0,2,68,63,5,0,25.263157894736842,14.736842105263156,10.526315789473683,1.0526315789473684,1.0526315789473684,2.1052631578947367,0,2.1052631578947367,71.57894736842105,66.3157894736842,5.263157894736842,0
E00178868,186,32,19,13,6,6,12,3,9,136,134,2,0,17.20430107526882,10.21505376344086,6.989247311827956,3.225806451612903,3.225806451612903,6.451612903225806,1.6129032258064515,4.838709677419355,73.11827956989248,72.04301075268818,1.0752688172043012,0
E00178869,92,10,0,10,0,0,65,7,58,17,16,1,0,10.869565217391305,0,10.869565217391305,0,0,70.65217391304348,7.608695652173914,63.04347826086957,18.478260869565215,17.391304347826086,1.0869565217391304,0
E00178870,168,30,8,22,68,68,31,2,29,39,36,3,0,17.857142857142858,4.761904761904762,13.095238095238097,40.476190476190474,40.476190476190474,18.452380952380953,1.1904761904761905,17.261904761904763,23.214285714285715,21.428571428571427,1.7857142857142856,0
E00178871,127,65,10,55,4,4,22,3,19,36,35,1,0,51.181102362204726,7.874015748031496,43.30708661417323,3.149606299212598,3.149606299212598,17.322834645669293,2.3622047244094486,14.960629921259844,28.346456692913385,27.559055118110237,0.7874015748031495,0
E00178873,120,95,56,39,0,0,4,0,4,21,10,11,0,79.16666666666666,46.666666666666664,32.5,0,0,3.3333333333333335,0,3.3333333333333335,17.5,8.333333333333332,9.166666666666666,0
E00178875,59,51,24,27,1,1,1,0,1,6,6,0,0,86.4406779661017,40.67796610169492,45.76271186440678,1.694915254237288,1.694915254237288,1.694915254237288,0,1.694915254237288,10.16949152542373,10.16949152542373,0,0
E00178876,100,27,10,17,7,7,40,3,37,26,23,3,0,27,10,17,7.000000000000001,7.000000000000001,40,3,37,26,23,3,0
E00178878,150,94,48,46,2,2,23,3,20,31,29,2,0,62.66666666666667,32,30.666666666666664,1.3333333333333335,1.3333333333333335,15.333333333333332,2,13.333333333333334,20.666666666666668,19.333333333333332,1.3333333333333335,0
E00178881,165,126,4,122,8,8,16,2,14,15,14,1,0,76.36363636363637,2.4242424242424243,73.93939393939394,4.848484848484849,4.848484848484849,9.696969696969697,1.2121212121212122,8.484848484848486,9.090909090909092,8.484848484848486,0.6060606060606061,0
E00178882,160,50,21,29,0,0,42,5,37,68,61,7,0,31.25,13.125,18.125,0,0,26.25,3.125,23.125,42.5,38.125,4.375,0
E00178883,222,98,29,69,12,12,4,3,1,108,105,3,0,44.14414414414414,13.063063063063062,31.08108108108108,5.405405405405405,5.405405405405405,1.8018018018018018,1.3513513513513513,0.45045045045045046,48.64864864864865,47.2972972972973,1.3513513513513513,0
E00178884,92,80,27,53,0,0,0,0,0,12,9,3,0,86.95652173913044,29.347826086956523,57.608695652173914,0,0,0,0,0,13.043478260869565,9.782608695652174,3.260869565217391,0
E00178885,123,31,9,22,0,0,2,2,0,90,89,1,0,25.203252032520325,7.317073170731707,17.88617886178862,0,0,1.6260162601626018,1.6260162601626018,0,73.17073170731707,72.35772357723577,0.8130081300813009,0
E00178886,139,33,3,30,0,0,6,1,5,100,98,2,0,23.741007194244602,2.158273381294964,21.58273381294964,0,0,4.316546762589928,0.7194244604316548,3.5971223021582732,71.94244604316546,70.50359712230215,1.4388489208633095,0
E00178887,81,59,7,52,1,1,2,1,1,19,17,2,0,72.8395061728395,8.641975308641975,64.19753086419753,1.2345679012345678,1.2345679012345678,2.4691358024691357,1.2345679012345678,1.2345679012345678,23.456790123456788,20.98765432098765,2.4691358024691357,0
E00178888,168,66,21,45,0,0,6,1,5,96,91,5,0,39.285714285714285,12.5,26.785714285714285,0,0,3.571428571428571,0.5952380952380952,2.976190476190476,57.14285714285714,54.166666666666664,2.976190476190476,0
E00178889,64,18,7,11,0,0,16,4,12,30,29,1,0,28.125,10.9375,17.1875,0,0,25,6.25,18.75,46.875,45.3125,1.5625,0
E00178890,57,40,25,15,1,1,3,3,0,13,11,2,0,70.17543859649122,43.859649122807014,26.31578947368421,1.7543859649122806,1.7543859649122806,5.263157894736842,5.263157894736842,0,22.807017543859647,19.298245614035086,3.508771929824561,0
E00178891,66,44,31,13,0,0,7,5,2,15,13,2,0,66.66666666666666,46.96969696969697,19.696969696969695,0,0,10.606060606060606,7.575757575757576,3.0303030303030303,22.727272727272727,19.696969696969695,3.0303030303030303,0
E00178892,57,20,5,15,1,1,3,2,1,33,32,1,0,35.08771929824561,8.771929824561402,26.31578947368421,1.7543859649122806,1.7543859649122806,5.263157894736842,3.508771929824561,1.7543859649122806,57.89473684210527,56.14035087719298,1.7543859649122806,0
E00178893,51,24,15,9,0,0,3,1,2,24,21,3,0,47.05882352941176,29.411764705882355,17.647058823529413,0,0,5.88235294117647,1.9607843137254901,3.9215686274509802,47.05882352941176,41.17647058823529,5.88235294117647,0
E00178894,121,92,45,47,1,1,5,2,3,23,22,1,0,76.03305785123968,37.1900826446281,38.84297520661157,0.8264462809917356,0.8264462809917356,4.132231404958678,1.6528925619834711,2.479338842975207,19.00826446280992,18.181818181818183,0.8264462809917356,0
E00178895,64,9,3,6,0,0,10,2,8,45,44,1,0,14.0625,4.6875,9.375,0,0,15.625,3.125,12.5,70.3125,68.75,1.5625,0
E00178896,142,84,49,35,0,0,3,3,0,55,46,9,0,59.154929577464785,34.50704225352113,24.647887323943664,0,0,2.112676056338028,2.112676056338028,0,38.732394366197184,32.3943661971831,6.338028169014084,0
E00178897,113,8,4,4,0,0,4,0,4,101,95,6,0,7.079646017699115,3.5398230088495577,3.5398230088495577,0,0,3.5398230088495577,0,3.5398230088495577,89.38053097345133,84.070796460177,5.3097345132743365,0
