OA,ts0390001,ts0390002,ts0390003,ts0390004,ts0390005,ts0390006,ts0390007,ts0390008,ts0390009,ts0390002_PCT,ts0390003_PCT,ts0390004_PCT,ts0390005_PCT,ts0390006_PCT,ts0390007_PCT,ts0390008_PCT,ts0390009_PCT
E00027655,363,342,7,4,3,4,1,3,10,94.21487603305785,1.9283746556473829,1.1019283746556474,0.8264462809917356,1.1019283746556474,0.27548209366391185,0.8264462809917356,2.7548209366391188
E00027656,252,224,9,8,1,9,4,5,10,88.88888888888889,3.571428571428571,3.1746031746031744,0.3968253968253968,3.571428571428571,1.5873015873015872,1.984126984126984,3.968253968253968
E00027657,373,340,16,13,3,9,1,8,8,91.15281501340483,4.289544235924933,3.485254691689008,0.8042895442359249,2.4128686327077746,0.2680965147453083,2.1447721179624666,2.1447721179624666
E00027658,332,302,21,12,9,1,1,0,8,90.96385542168674,6.325301204819277,3.614457831325301,2.710843373493976,0.30120481927710846,0.30120481927710846,0,2.4096385542168677
E00027659,183,171,8,1,7,2,0,2,2,93.44262295081968,4.371584699453552,0.546448087431694,3.825136612021858,1.092896174863388,0,1.092896174863388,1.092896174863388
E00027661,193,177,6,3,3,5,0,5,5,91.70984455958549,3.1088082901554404,1.5544041450777202,1.5544041450777202,2.5906735751295336,0,2.5906735751295336,2.5906735751295336
E00027662,344,320,12,6,6,6,2,4,6,93.02325581395348,3.488372093023256,1.744186046511628,1.744186046511628,1.744186046511628,0.5813953488372093,1.1627906976744187,1.744186046511628
E00027663,228,205,2,1,1,7,0,7,14,89.91228070175438,0.8771929824561403,0.43859649122807015,0.43859649122807015,3.070175438596491,0,3.070175438596491,6.140350877192982
E00027664,352,329,8,3,5,8,4,4,7,93.4659090909091,2.272727272727273,0.8522727272727272,1.4204545454545454,2.272727272727273,1.1363636363636365,1.1363636363636365,1.9886363636363635
E00027665,362,319,14,11,3,6,3,3,23,88.12154696132598,3.867403314917127,3.0386740331491713,0.8287292817679558,1.6574585635359116,0.8287292817679558,0.8287292817679558,6.353591160220995
E00027666,219,202,3,2,1,6,4,2,8,92.23744292237443,1.36986301369863,0.91324200913242,0.45662100456621,2.73972602739726,1.82648401826484,0.91324200913242,3.65296803652968
E00027667,234,207,11,9,2,11,8,3,5,88.46153846153845,4.700854700854701,3.8461538461538463,0.8547008547008548,4.700854700854701,3.418803418803419,1.282051282051282,2.1367521367521367
E00027668,307,279,9,7,2,10,4,6,9,90.87947882736157,2.9315960912052117,2.2801302931596092,0.6514657980456027,3.257328990228013,1.3029315960912053,1.9543973941368076,2.9315960912052117
E00027669,221,203,8,7,1,5,2,3,5,91.8552036199095,3.619909502262444,3.167420814479638,0.4524886877828055,2.262443438914027,0.904977375565611,1.3574660633484164,2.262443438914027
E00027670,466,437,8,1,7,12,9,3,9,93.77682403433477,1.7167381974248928,0.2145922746781116,1.502145922746781,2.575107296137339,1.9313304721030045,0.6437768240343348,1.9313304721030045
E00027671,427,390,9,7,2,14,4,10,14,91.33489461358315,2.107728337236534,1.639344262295082,0.468384074941452,3.278688524590164,0.936768149882904,2.3419203747072603,3.278688524590164
E00027672,238,212,17,11,6,3,3,0,6,89.07563025210085,7.142857142857142,4.621848739495799,2.5210084033613445,1.2605042016806722,1.2605042016806722,0,2.5210084033613445
E00027673,239,217,12,10,2,7,2,5,3,90.7949790794979,5.02092050209205,4.184100418410042,0.8368200836820083,2.928870292887029,0.8368200836820083,2.092050209205021,1.2552301255230125
E00027674,326,302,9,7,2,8,3,5,7,92.63803680981594,2.7607361963190185,2.147239263803681,0.6134969325153374,2.4539877300613497,0.9202453987730062,1.5337423312883436,2.147239263803681
E00027675,375,344,16,15,1,10,2,8,5,91.73333333333333,4.266666666666667,4,0.26666666666666666,2.666666666666667,0.5333333333333333,2.1333333333333333,1.3333333333333335
E00027676,305,274,13,6,7,5,2,3,13,89.8360655737705,4.2622950819672125,1.9672131147540985,2.2950819672131146,1.639344262295082,0.6557377049180327,0.9836065573770493,4.2622950819672125
E00027677,374,338,15,10,5,5,1,4,16,90.37433155080214,4.0106951871657754,2.6737967914438503,1.3368983957219251,1.3368983957219251,0.267379679144385,1.06951871657754,4.27807486631016
E00027678,371,344,9,5,4,9,3,6,9,92.72237196765498,2.4258760107816713,1.3477088948787064,1.078167115902965,2.4258760107816713,0.8086253369272237,1.6172506738544474,2.4258760107816713
E00027679,426,382,11,9,2,17,5,12,16,89.67136150234741,2.5821596244131455,2.112676056338028,0.4694835680751174,3.9906103286384975,1.1737089201877933,2.8169014084507045,3.755868544600939
E00027680,312,281,10,7,3,12,8,4,9,90.06410256410257,3.205128205128205,2.2435897435897436,0.9615384615384616,3.8461538461538463,2.564102564102564,1.282051282051282,2.8846153846153846
E00027681,408,376,8,3,5,9,3,6,15,92.15686274509804,1.9607843137254901,0.7352941176470588,1.2254901960784315,2.2058823529411766,0.7352941176470588,1.4705882352941175,3.6764705882352944
E00027682,176,166,4,3,1,3,0,3,3,94.31818181818183,2.272727272727273,1.7045454545454544,0.5681818181818182,1.7045454545454544,0,1.7045454545454544,1.7045454545454544
E00027683,203,189,6,4,2,5,2,3,3,93.10344827586206,2.955665024630542,1.9704433497536946,0.9852216748768473,2.4630541871921183,0.9852216748768473,1.477832512315271,1.477832512315271
E00027684,395,358,10,5,5,10,3,7,17,90.63291139240506,2.5316455696202533,1.2658227848101267,1.2658227848101267,2.5316455696202533,0.7594936708860759,1.7721518987341773,4.30379746835443
E00027685,422,368,12,5,7,19,6,13,23,87.20379146919431,2.843601895734597,1.1848341232227488,1.6587677725118484,4.502369668246446,1.4218009478672986,3.080568720379147,5.450236966824645
E00027686,283,254,9,6,3,11,7,4,9,89.75265017667844,3.180212014134275,2.1201413427561837,1.0600706713780919,3.8869257950530036,2.4734982332155475,1.4134275618374559,3.180212014134275
E00027687,384,338,10,5,5,17,8,9,19,88.02083333333334,2.604166666666667,1.3020833333333335,1.3020833333333335,4.427083333333334,2.083333333333333,2.34375,4.947916666666666
E00027688,257,224,12,10,2,7,3,4,14,87.15953307392996,4.669260700389105,3.8910505836575875,0.7782101167315175,2.7237354085603114,1.1673151750972763,1.556420233463035,5.447470817120623
E00027689,259,246,9,5,4,2,1,1,2,94.98069498069498,3.474903474903475,1.9305019305019304,1.5444015444015444,0.7722007722007722,0.3861003861003861,0.3861003861003861,0.7722007722007722
E00027690,318,303,5,3,2,2,1,1,8,95.28301886792453,1.5723270440251573,0.9433962264150944,0.628930817610063,0.628930817610063,0.3144654088050315,0.3144654088050315,2.515723270440252
E00027691,438,398,14,8,6,13,5,8,13,90.8675799086758,3.1963470319634704,1.82648401826484,1.36986301369863,2.968036529680365,1.141552511415525,1.82648401826484,2.968036529680365
E00027693,366,330,16,8,8,6,5,1,14,90.1639344262295,4.371584699453552,2.185792349726776,2.185792349726776,1.639344262295082,1.366120218579235,0.273224043715847,3.825136612021858
E00027694,371,332,16,10,6,9,7,2,14,89.4878706199461,4.31266846361186,2.6954177897574128,1.6172506738544474,2.4258760107816713,1.8867924528301887,0.5390835579514826,3.7735849056603774
E00027695,415,384,8,1,7,12,6,6,11,92.53012048192771,1.9277108433734942,0.24096385542168677,1.6867469879518073,2.891566265060241,1.4457831325301205,1.4457831325301205,2.6506024096385543
E00027696,298,266,11,8,3,7,4,3,14,89.26174496644296,3.691275167785235,2.684563758389262,1.006711409395973,2.348993288590604,1.342281879194631,1.006711409395973,4.697986577181208
E00027697,312,279,10,3,7,11,7,4,12,89.42307692307693,3.205128205128205,0.9615384615384616,2.2435897435897436,3.5256410256410255,2.2435897435897436,1.282051282051282,3.8461538461538463
E00027698,443,392,19,9,10,16,8,8,16,88.48758465011286,4.288939051918736,2.0316027088036117,2.2573363431151243,3.611738148984198,1.805869074492099,1.805869074492099,3.611738148984198
E00027699,472,438,14,9,5,13,7,6,7,92.79661016949152,2.9661016949152543,1.9067796610169492,1.059322033898305,2.754237288135593,1.4830508474576272,1.2711864406779663,1.4830508474576272
E00027700,402,348,20,11,9,12,6,6,22,86.56716417910447,4.975124378109453,2.736318407960199,2.2388059701492535,2.9850746268656714,1.4925373134328357,1.4925373134328357,5.472636815920398
E00027701,458,427,8,2,6,11,2,9,12,93.23144104803494,1.7467248908296942,0.43668122270742354,1.3100436681222707,2.4017467248908297,0.43668122270742354,1.9650655021834063,2.6200873362445414
E00027702,336,296,16,14,2,12,9,3,12,88.09523809523809,4.761904761904762,4.166666666666666,0.5952380952380952,3.571428571428571,2.6785714285714284,0.8928571428571428,3.571428571428571
E00027703,432,394,17,13,4,12,3,9,9,91.20370370370371,3.935185185185185,3.009259259259259,0.9259259259259258,2.7777777777777777,0.6944444444444444,2.083333333333333,2.083333333333333
E00027704,353,329,6,6,0,8,4,4,10,93.20113314447592,1.69971671388102,1.69971671388102,0,2.26628895184136,1.13314447592068,1.13314447592068,2.8328611898017
E00027705,406,381,7,6,1,8,4,4,10,93.8423645320197,1.7241379310344827,1.477832512315271,0.24630541871921183,1.9704433497536946,0.9852216748768473,0.9852216748768473,2.4630541871921183
E00027706,257,229,9,7,2,9,4,5,10,89.10505836575877,3.501945525291829,2.7237354085603114,0.7782101167315175,3.501945525291829,1.556420233463035,1.9455252918287937,3.8910505836575875
E00027707,293,274,7,3,4,3,0,3,9,93.51535836177474,2.3890784982935154,1.023890784982935,1.3651877133105803,1.023890784982935,0,1.023890784982935,3.0716723549488054
E00027708,423,381,12,3,9,11,7,4,19,90.0709219858156,2.8368794326241136,0.7092198581560284,2.127659574468085,2.6004728132387704,1.6548463356973995,0.9456264775413712,4.491725768321513
E00027709,394,363,11,6,5,10,4,6,10,92.13197969543148,2.7918781725888326,1.5228426395939088,1.2690355329949239,2.5380710659898478,1.015228426395939,1.5228426395939088,2.5380710659898478
E00027710,389,361,8,4,4,10,9,1,10,92.80205655526991,2.056555269922879,1.0282776349614395,1.0282776349614395,2.570694087403599,2.313624678663239,0.2570694087403599,2.570694087403599
E00027711,247,225,5,2,3,6,3,3,11,91.09311740890689,2.0242914979757085,0.8097165991902834,1.214574898785425,2.42914979757085,1.214574898785425,1.214574898785425,4.4534412955465585
E00027712,373,330,20,13,7,4,3,1,19,88.47184986595174,5.361930294906166,3.485254691689008,1.876675603217158,1.0723860589812333,0.8042895442359249,0.2680965147453083,5.093833780160858
E00027713,275,242,15,12,3,6,1,5,12,88,5.454545454545454,4.363636363636364,1.090909090909091,2.181818181818182,0.36363636363636365,1.8181818181818181,4.363636363636364
E00027714,374,324,15,12,3,17,10,7,18,86.63101604278076,4.0106951871657754,3.2085561497326207,0.8021390374331552,4.545454545454546,2.6737967914438503,1.8716577540106951,4.81283422459893
E00027715,417,376,17,9,8,13,7,6,11,90.16786570743405,4.07673860911271,2.158273381294964,1.9184652278177456,3.117505995203837,1.6786570743405276,1.4388489208633095,2.6378896882494005
E00027716,234,220,4,2,2,6,3,3,4,94.01709401709401,1.7094017094017095,0.8547008547008548,0.8547008547008548,2.564102564102564,1.282051282051282,1.282051282051282,1.7094017094017095
E00027717,275,232,16,14,2,11,6,5,16,84.36363636363636,5.818181818181818,5.090909090909091,0.7272727272727273,4,2.181818181818182,1.8181818181818181,5.818181818181818
E00027718,318,295,8,7,1,6,1,5,9,92.76729559748428,2.515723270440252,2.20125786163522,0.3144654088050315,1.8867924528301887,0.3144654088050315,1.5723270440251573,2.8301886792452833
E00027719,284,253,17,11,6,6,2,4,8,89.08450704225352,5.985915492957746,3.873239436619718,2.112676056338028,2.112676056338028,0.7042253521126761,1.4084507042253522,2.8169014084507045
E00027720,320,285,17,14,3,7,6,1,11,89.0625,5.3125,4.375,0.9375,2.1875,1.875,0.3125,3.4375000000000004
E00027721,324,284,14,10,4,10,4,6,16,87.65432098765432,4.320987654320987,3.0864197530864197,1.2345679012345678,3.0864197530864197,1.2345679012345678,1.8518518518518516,4.938271604938271
E00027722,542,492,14,7,7,14,7,7,22,90.7749077490775,2.5830258302583027,1.2915129151291513,1.2915129151291513,2.5830258302583027,1.2915129151291513,1.2915129151291513,4.059040590405904
E00027723,280,254,15,11,4,4,2,2,7,90.71428571428571,5.357142857142857,3.9285714285714284,1.4285714285714286,1.4285714285714286,0.7142857142857143,0.7142857142857143,2.5
E00027724,338,312,10,6,4,2,0,2,14,92.3076923076923,2.9585798816568047,1.7751479289940828,1.183431952662722,0.591715976331361,0,0.591715976331361,4.142011834319527
E00027725,254,235,10,6,4,6,3,3,3,92.51968503937007,3.937007874015748,2.3622047244094486,1.574803149606299,2.3622047244094486,1.1811023622047243,1.1811023622047243,1.1811023622047243
E00027726,276,252,9,8,1,4,2,2,11,91.30434782608695,3.260869565217391,2.898550724637681,0.36231884057971014,1.4492753623188406,0.7246376811594203,0.7246376811594203,3.985507246376811
E00027727,261,222,20,15,5,10,3,7,9,85.0574712643678,7.662835249042145,5.747126436781609,1.9157088122605364,3.8314176245210727,1.1494252873563218,2.681992337164751,3.4482758620689653
E00027728,200,174,8,5,3,8,1,7,10,87,4,2.5,1.5,4,0.5,3.5000000000000004,5
E00027729,291,260,12,9,3,13,4,9,6,89.3470790378007,4.123711340206185,3.0927835051546393,1.0309278350515463,4.4673539518900345,1.3745704467353952,3.0927835051546393,2.0618556701030926
E00027730,257,228,10,7,3,6,3,3,13,88.715953307393,3.8910505836575875,2.7237354085603114,1.1673151750972763,2.3346303501945527,1.1673151750972763,1.1673151750972763,5.058365758754864
E00027731,246,228,10,9,1,1,0,1,7,92.6829268292683,4.0650406504065035,3.6585365853658534,0.40650406504065045,0.40650406504065045,0,0.40650406504065045,2.8455284552845526
E00027732,299,267,14,6,8,8,5,3,10,89.29765886287625,4.682274247491638,2.0066889632107023,2.6755852842809364,2.6755852842809364,1.6722408026755853,1.0033444816053512,3.3444816053511706
E00027733,216,198,7,5,2,4,0,4,7,91.66666666666666,3.2407407407407405,2.314814814814815,0.9259259259259258,1.8518518518518516,0,1.8518518518518516,3.2407407407407405
E00027734,420,389,8,3,5,10,1,9,13,92.61904761904762,1.9047619047619049,0.7142857142857143,1.1904761904761905,2.380952380952381,0.2380952380952381,2.142857142857143,3.0952380952380953
E00027735,252,233,7,3,4,1,0,1,11,92.46031746031747,2.7777777777777777,1.1904761904761905,1.5873015873015872,0.3968253968253968,0,0.3968253968253968,4.365079365079365
E00027736,270,244,10,6,4,7,6,1,9,90.37037037037037,3.7037037037037033,2.2222222222222223,1.4814814814814816,2.5925925925925926,2.2222222222222223,0.3703703703703704,3.3333333333333335
E00027738,197,183,7,5,2,1,0,1,6,92.89340101522842,3.5532994923857872,2.5380710659898478,1.015228426395939,0.5076142131979695,0,0.5076142131979695,3.0456852791878175
E00027739,239,212,11,2,9,5,4,1,11,88.70292887029288,4.602510460251046,0.8368200836820083,3.765690376569038,2.092050209205021,1.6736401673640167,0.41841004184100417,4.602510460251046
E00027740,225,202,2,2,0,5,3,2,16,89.77777777777777,0.8888888888888888,0.8888888888888888,0,2.2222222222222223,1.3333333333333335,0.8888888888888888,7.111111111111111
E00027741,391,361,11,8,3,8,4,4,11,92.32736572890026,2.813299232736573,2.0460358056265986,0.7672634271099744,2.0460358056265986,1.0230179028132993,1.0230179028132993,2.813299232736573
E00027742,274,244,16,10,6,4,4,0,10,89.05109489051095,5.839416058394161,3.64963503649635,2.18978102189781,1.4598540145985401,1.4598540145985401,0,3.64963503649635
E00027743,278,249,15,11,4,2,2,0,12,89.568345323741,5.39568345323741,3.9568345323741005,1.4388489208633095,0.7194244604316548,0.7194244604316548,0,4.316546762589928
E00027744,330,307,10,7,3,5,3,2,8,93.03030303030303,3.0303030303030303,2.1212121212121215,0.9090909090909091,1.5151515151515151,0.9090909090909091,0.6060606060606061,2.4242424242424243
E00027745,279,254,9,6,3,6,2,4,10,91.0394265232975,3.225806451612903,2.1505376344086025,1.0752688172043012,2.1505376344086025,0.7168458781362007,1.4336917562724014,3.584229390681003
E00027746,425,404,5,2,3,5,4,1,11,95.05882352941177,1.1764705882352942,0.4705882352941176,0.7058823529411765,1.1764705882352942,0.9411764705882352,0.2352941176470588,2.588235294117647
E00027747,402,366,18,7,11,5,2,3,13,91.04477611940298,4.477611940298507,1.7412935323383085,2.736318407960199,1.2437810945273633,0.4975124378109453,0.7462686567164178,3.233830845771144
E00027748,271,247,8,5,3,5,2,3,11,91.14391143911439,2.952029520295203,1.8450184501845017,1.107011070110701,1.8450184501845017,0.7380073800738007,1.107011070110701,4.059040590405904
E00027749,481,429,13,11,2,19,11,8,20,89.1891891891892,2.7027027027027026,2.2869022869022873,0.4158004158004158,3.9501039501039505,2.2869022869022873,1.6632016632016633,4.158004158004158
E00027750,270,248,3,1,2,9,4,5,10,91.85185185185185,1.1111111111111112,0.3703703703703704,0.7407407407407408,3.3333333333333335,1.4814814814814816,1.8518518518518516,3.7037037037037033
E00027751,321,287,10,7,3,11,4,7,13,89.40809968847351,3.115264797507788,2.1806853582554515,0.9345794392523363,3.4267912772585665,1.2461059190031152,2.1806853582554515,4.049844236760125
E00027752,488,456,8,5,3,12,6,6,12,93.44262295081968,1.639344262295082,1.0245901639344261,0.6147540983606558,2.459016393442623,1.2295081967213115,1.2295081967213115,2.459016393442623
E00027753,498,456,16,13,3,16,12,4,10,91.56626506024097,3.2128514056224895,2.610441767068273,0.6024096385542169,3.2128514056224895,2.4096385542168677,0.8032128514056224,2.0080321285140563
E00027754,428,400,6,4,2,13,6,7,9,93.45794392523365,1.4018691588785046,0.9345794392523363,0.46728971962616817,3.0373831775700935,1.4018691588785046,1.6355140186915886,2.102803738317757
E00027755,470,434,11,7,4,11,6,5,14,92.34042553191489,2.3404255319148937,1.4893617021276597,0.851063829787234,2.3404255319148937,1.276595744680851,1.0638297872340425,2.9787234042553195
E00027756,293,255,12,7,5,10,4,6,16,87.03071672354949,4.09556313993174,2.3890784982935154,1.7064846416382253,3.4129692832764507,1.3651877133105803,2.04778156996587,5.460750853242321
E00027757,476,420,27,20,7,15,6,9,14,88.23529411764706,5.6722689075630255,4.201680672268908,1.4705882352941175,3.1512605042016806,1.2605042016806722,1.8907563025210083,2.941176470588235
E00027758,442,407,13,8,5,11,3,8,11,92.0814479638009,2.941176470588235,1.809954751131222,1.1312217194570136,2.48868778280543,0.6787330316742082,1.809954751131222,2.48868778280543
E00027759,431,399,6,2,4,16,6,10,10,92.5754060324826,1.3921113689095126,0.46403712296983757,0.9280742459396751,3.7122969837587005,1.3921113689095126,2.320185614849188,2.320185614849188
E00027760,586,526,25,16,9,16,11,5,19,89.76109215017065,4.266211604095563,2.7303754266211606,1.5358361774744027,2.7303754266211606,1.877133105802048,0.8532423208191127,3.242320819112628
E00027761,136,123,2,1,1,7,2,5,4,90.44117647058823,1.4705882352941175,0.7352941176470588,0.7352941176470588,5.147058823529411,1.4705882352941175,3.6764705882352944,2.941176470588235
E00027762,304,279,7,2,5,6,2,4,12,91.77631578947368,2.302631578947368,0.6578947368421052,1.644736842105263,1.9736842105263157,0.6578947368421052,1.3157894736842104,3.9473684210526314
E00027763,316,290,9,5,4,10,6,4,7,91.77215189873418,2.848101265822785,1.5822784810126582,1.2658227848101267,3.1645569620253164,1.89873417721519,1.2658227848101267,2.2151898734177213
E00027764,378,341,15,9,6,10,5,5,12,90.21164021164022,3.968253968253968,2.380952380952381,1.5873015873015872,2.6455026455026456,1.3227513227513228,1.3227513227513228,3.1746031746031744
E00027765,487,442,18,12,6,9,1,8,18,90.75975359342917,3.696098562628337,2.4640657084188913,1.2320328542094456,1.8480492813141685,0.20533880903490762,1.642710472279261,3.696098562628337
E00027766,310,286,12,5,7,7,4,3,5,92.25806451612904,3.870967741935484,1.6129032258064515,2.258064516129032,2.258064516129032,1.2903225806451613,0.967741935483871,1.6129032258064515
E00027767,205,195,2,2,0,4,0,4,4,95.1219512195122,0.975609756097561,0.975609756097561,0,1.951219512195122,0,1.951219512195122,1.951219512195122
E00027768,257,221,7,3,4,16,3,13,13,85.99221789883269,2.7237354085603114,1.1673151750972763,1.556420233463035,6.22568093385214,1.1673151750972763,5.058365758754864,5.058365758754864
E00027769,309,289,5,3,2,11,6,5,4,93.52750809061489,1.6181229773462782,0.9708737864077669,0.6472491909385114,3.559870550161812,1.9417475728155338,1.6181229773462782,1.2944983818770228
E00027770,226,215,1,0,1,4,1,3,6,95.13274336283186,0.4424778761061947,0,0.4424778761061947,1.7699115044247788,0.4424778761061947,1.3274336283185841,2.6548672566371683
E00027771,209,203,2,1,1,4,0,4,0,97.1291866028708,0.9569377990430622,0.4784688995215311,0.4784688995215311,1.9138755980861244,0,1.9138755980861244,0
E00027772,117,104,6,3,3,0,0,0,7,88.88888888888889,5.128205128205128,2.564102564102564,2.564102564102564,0,0,0,5.982905982905983
E00027773,141,134,4,4,0,1,1,0,2,95.0354609929078,2.8368794326241136,2.8368794326241136,0,0.7092198581560284,0.7092198581560284,0,1.4184397163120568
E00027776,148,134,5,3,2,4,1,3,5,90.54054054054053,3.3783783783783785,2.027027027027027,1.3513513513513513,2.7027027027027026,0.6756756756756757,2.027027027027027,3.3783783783783785
E00027777,294,263,12,4,8,11,5,6,8,89.45578231292517,4.081632653061225,1.3605442176870748,2.7210884353741496,3.741496598639456,1.7006802721088436,2.0408163265306123,2.7210884353741496
E00027778,207,187,10,9,1,2,2,0,8,90.33816425120773,4.830917874396135,4.3478260869565215,0.4830917874396135,0.966183574879227,0.966183574879227,0,3.864734299516908
E00027779,214,183,13,8,5,9,1,8,9,85.51401869158879,6.074766355140187,3.7383177570093453,2.336448598130841,4.205607476635514,0.46728971962616817,3.7383177570093453,4.205607476635514
E00027780,372,336,25,18,7,3,1,2,8,90.32258064516128,6.720430107526881,4.838709677419355,1.881720430107527,0.8064516129032258,0.2688172043010753,0.5376344086021506,2.1505376344086025
E00027781,467,426,29,23,6,5,0,5,7,91.22055674518201,6.209850107066381,4.925053533190578,1.284796573875803,1.070663811563169,0,1.070663811563169,1.4989293361884368
E00027782,392,354,16,13,3,11,4,7,11,90.3061224489796,4.081632653061225,3.316326530612245,0.7653061224489796,2.806122448979592,1.0204081632653061,1.7857142857142856,2.806122448979592
E00027783,288,265,7,3,4,4,3,1,12,92.01388888888889,2.430555555555556,1.0416666666666665,1.3888888888888888,1.3888888888888888,1.0416666666666665,0.3472222222222222,4.166666666666666
E00027784,514,466,19,12,7,10,4,6,19,90.6614785992218,3.6964980544747084,2.3346303501945527,1.3618677042801557,1.9455252918287937,0.7782101167315175,1.1673151750972763,3.6964980544747084
E00027785,278,237,20,14,6,9,4,5,12,85.25179856115108,7.1942446043165464,5.0359712230215825,2.158273381294964,3.237410071942446,1.4388489208633095,1.7985611510791366,4.316546762589928
E00027786,198,161,21,14,7,4,2,2,12,81.31313131313132,10.606060606060606,7.07070707070707,3.535353535353535,2.0202020202020203,1.0101010101010102,1.0101010101010102,6.0606060606060606
E00027787,296,250,34,25,9,5,3,2,7,84.45945945945947,11.486486486486488,8.445945945945946,3.040540540540541,1.6891891891891893,1.0135135135135136,0.6756756756756757,2.364864864864865
E00027788,299,269,14,9,5,7,1,6,9,89.96655518394648,4.682274247491638,3.0100334448160537,1.6722408026755853,2.341137123745819,0.33444816053511706,2.0066889632107023,3.0100334448160537
E00027790,232,215,13,9,4,2,2,0,2,92.67241379310344,5.603448275862069,3.8793103448275863,1.7241379310344827,0.8620689655172413,0.8620689655172413,0,0.8620689655172413
E00027791,277,247,10,10,0,11,3,8,9,89.16967509025271,3.6101083032490973,3.6101083032490973,0,3.9711191335740073,1.083032490974729,2.888086642599278,3.2490974729241873
E00027792,268,245,13,8,5,4,4,0,6,91.4179104477612,4.850746268656716,2.9850746268656714,1.8656716417910446,1.4925373134328357,1.4925373134328357,0,2.2388059701492535
E00027793,253,234,12,10,2,3,1,2,4,92.4901185770751,4.743083003952568,3.9525691699604746,0.7905138339920948,1.185770750988142,0.3952569169960474,0.7905138339920948,1.5810276679841897
E00027794,304,264,20,12,8,11,7,4,9,86.8421052631579,6.578947368421052,3.9473684210526314,2.631578947368421,3.618421052631579,2.302631578947368,1.3157894736842104,2.9605263157894735
E00027795,279,250,16,10,6,4,3,1,9,89.6057347670251,5.734767025089606,3.584229390681003,2.1505376344086025,1.4336917562724014,1.0752688172043012,0.35842293906810035,3.225806451612903
E00027796,272,250,14,9,5,3,2,1,5,91.91176470588235,5.147058823529411,3.308823529411765,1.8382352941176472,1.1029411764705883,0.7352941176470588,0.3676470588235294,1.8382352941176472
E00027797,302,260,19,12,7,7,6,1,16,86.09271523178808,6.291390728476822,3.9735099337748347,2.3178807947019866,2.3178807947019866,1.9867549668874174,0.33112582781456956,5.298013245033113
E00027798,353,319,12,8,4,4,3,1,18,90.36827195467421,3.39943342776204,2.26628895184136,1.13314447592068,1.13314447592068,0.84985835694051,0.28328611898017,5.099150141643059
E00027799,294,269,11,7,4,5,1,4,9,91.49659863945578,3.741496598639456,2.380952380952381,1.3605442176870748,1.7006802721088436,0.3401360544217687,1.3605442176870748,3.061224489795918
E00027800,286,250,25,20,5,5,0,5,6,87.41258741258741,8.741258741258742,6.993006993006993,1.7482517482517483,1.7482517482517483,0,1.7482517482517483,2.097902097902098
E00027801,220,200,10,5,5,4,1,3,6,90.9090909090909,4.545454545454546,2.272727272727273,2.272727272727273,1.8181818181818181,0.45454545454545453,1.3636363636363635,2.727272727272727
E00027802,348,322,7,3,4,6,1,5,13,92.52873563218391,2.0114942528735633,0.8620689655172413,1.1494252873563218,1.7241379310344827,0.28735632183908044,1.4367816091954022,3.7356321839080464
E00027803,430,391,9,3,6,15,9,6,15,90.93023255813954,2.0930232558139537,0.6976744186046512,1.3953488372093024,3.488372093023256,2.0930232558139537,1.3953488372093024,3.488372093023256
E00027804,322,291,12,8,4,8,1,7,11,90.37267080745342,3.7267080745341614,2.484472049689441,1.2422360248447204,2.484472049689441,0.3105590062111801,2.1739130434782608,3.4161490683229814
E00027805,345,314,12,8,4,3,1,2,16,91.01449275362319,3.4782608695652173,2.318840579710145,1.1594202898550725,0.8695652173913043,0.2898550724637681,0.5797101449275363,4.63768115942029
E00027806,188,173,9,8,1,4,2,2,2,92.02127659574468,4.787234042553192,4.25531914893617,0.5319148936170213,2.127659574468085,1.0638297872340425,1.0638297872340425,1.0638297872340425
E00027807,253,229,12,8,4,3,1,2,9,90.51383399209486,4.743083003952568,3.1620553359683794,1.5810276679841897,1.185770750988142,0.3952569169960474,0.7905138339920948,3.557312252964427
E00027808,330,296,13,11,2,9,5,4,12,89.6969696969697,3.939393939393939,3.3333333333333335,0.6060606060606061,2.727272727272727,1.5151515151515151,1.2121212121212122,3.6363636363636362
E00027809,229,206,12,6,6,5,4,1,6,89.95633187772926,5.240174672489083,2.6200873362445414,2.6200873362445414,2.1834061135371177,1.7467248908296942,0.43668122270742354,2.6200873362445414
E00027810,255,223,10,8,2,7,3,4,15,87.45098039215686,3.9215686274509802,3.1372549019607843,0.7843137254901961,2.7450980392156863,1.1764705882352942,1.5686274509803921,5.88235294117647
E00027811,275,252,17,11,6,5,2,3,1,91.63636363636364,6.181818181818182,4,2.181818181818182,1.8181818181818181,0.7272727272727273,1.090909090909091,0.36363636363636365
E00027812,305,267,16,14,2,4,1,3,18,87.54098360655738,5.245901639344262,4.590163934426229,0.6557377049180327,1.3114754098360655,0.32786885245901637,0.9836065573770493,5.901639344262295
E00027813,352,334,9,5,4,2,2,0,7,94.88636363636364,2.556818181818182,1.4204545454545454,1.1363636363636365,0.5681818181818182,0.5681818181818182,0,1.9886363636363635
E00027814,260,229,16,8,8,10,6,4,5,88.07692307692308,6.153846153846154,3.076923076923077,3.076923076923077,3.8461538461538463,2.307692307692308,1.5384615384615385,1.9230769230769231
E00027815,373,336,19,13,6,8,3,5,10,90.0804289544236,5.093833780160858,3.485254691689008,1.6085790884718498,2.1447721179624666,0.8042895442359249,1.3404825737265416,2.680965147453083
E00027816,262,236,14,5,9,5,1,4,7,90.07633587786259,5.343511450381679,1.9083969465648856,3.435114503816794,1.9083969465648856,0.38167938931297707,1.5267175572519083,2.6717557251908395
E00027817,283,241,25,20,5,11,5,6,6,85.15901060070671,8.8339222614841,7.06713780918728,1.76678445229682,3.8869257950530036,1.76678445229682,2.1201413427561837,2.1201413427561837
E00027818,323,298,18,17,1,3,1,2,4,92.26006191950464,5.572755417956656,5.263157894736842,0.30959752321981426,0.9287925696594427,0.30959752321981426,0.6191950464396285,1.238390092879257
E00027819,383,337,17,13,4,15,12,3,14,87.98955613577023,4.43864229765013,3.3942558746736298,1.0443864229765014,3.91644908616188,3.1331592689295036,0.7832898172323759,3.6553524804177546
E00027820,291,273,7,3,4,2,2,0,9,93.81443298969072,2.405498281786942,1.0309278350515463,1.3745704467353952,0.6872852233676976,0.6872852233676976,0,3.0927835051546393
E00027821,226,203,7,3,4,5,4,1,11,89.82300884955751,3.0973451327433628,1.3274336283185841,1.7699115044247788,2.2123893805309733,1.7699115044247788,0.4424778761061947,4.867256637168142
E00027822,322,287,14,11,3,6,1,5,15,89.13043478260869,4.3478260869565215,3.4161490683229814,0.9316770186335404,1.8633540372670807,0.3105590062111801,1.5527950310559007,4.658385093167702
E00027823,224,194,15,10,5,8,7,1,7,86.60714285714286,6.696428571428571,4.464285714285714,2.232142857142857,3.571428571428571,3.125,0.4464285714285714,3.125
E00027824,144,138,5,5,0,0,0,0,1,95.83333333333334,3.4722222222222223,3.4722222222222223,0,0,0,0,0.6944444444444444
E00027825,270,246,13,10,3,4,3,1,7,91.11111111111111,4.814814814814815,3.7037037037037033,1.1111111111111112,1.4814814814814816,1.1111111111111112,0.3703703703703704,2.5925925925925926
E00027826,225,206,10,9,1,4,1,3,5,91.55555555555556,4.444444444444445,4,0.4444444444444444,1.7777777777777777,0.4444444444444444,1.3333333333333335,2.2222222222222223
E00027827,273,245,7,6,1,11,4,7,10,89.74358974358975,2.564102564102564,2.197802197802198,0.3663003663003663,4.029304029304029,1.465201465201465,2.564102564102564,3.6630036630036633
E00027828,273,248,8,2,6,2,2,0,15,90.84249084249085,2.93040293040293,0.7326007326007326,2.197802197802198,0.7326007326007326,0.7326007326007326,0,5.4945054945054945
E00027829,301,266,10,7,3,13,3,10,12,88.37209302325581,3.322259136212625,2.3255813953488373,0.9966777408637874,4.318936877076411,0.9966777408637874,3.322259136212625,3.9867109634551494
E00027830,286,252,10,5,5,10,5,5,14,88.11188811188812,3.4965034965034967,1.7482517482517483,1.7482517482517483,3.4965034965034967,1.7482517482517483,1.7482517482517483,4.895104895104895
E00027831,286,263,7,6,1,5,3,2,11,91.95804195804196,2.4475524475524475,2.097902097902098,0.34965034965034963,1.7482517482517483,1.048951048951049,0.6993006993006993,3.8461538461538463
E00027832,260,243,3,3,0,4,3,1,10,93.46153846153847,1.153846153846154,1.153846153846154,0,1.5384615384615385,1.153846153846154,0.38461538461538464,3.8461538461538463
E00027833,254,228,12,7,5,4,1,3,10,89.76377952755905,4.724409448818897,2.7559055118110236,1.968503937007874,1.574803149606299,0.39370078740157477,1.1811023622047243,3.937007874015748
E00027834,240,224,6,2,4,2,1,1,8,93.33333333333333,2.5,0.8333333333333334,1.6666666666666667,0.8333333333333334,0.4166666666666667,0.4166666666666667,3.3333333333333335
E00027835,297,271,13,12,1,6,5,1,7,91.24579124579124,4.377104377104377,4.040404040404041,0.33670033670033667,2.0202020202020203,1.6835016835016834,0.33670033670033667,2.356902356902357
E00027836,197,181,8,6,2,3,2,1,5,91.87817258883248,4.060913705583756,3.0456852791878175,1.015228426395939,1.5228426395939088,1.015228426395939,0.5076142131979695,2.5380710659898478
E00027837,209,189,10,3,7,3,3,0,7,90.43062200956938,4.784688995215311,1.4354066985645932,3.349282296650718,1.4354066985645932,1.4354066985645932,0,3.349282296650718
E00027838,245,220,17,13,4,1,1,0,7,89.79591836734694,6.938775510204081,5.3061224489795915,1.6326530612244898,0.40816326530612246,0.40816326530612246,0,2.857142857142857
E00027839,272,241,13,8,5,9,4,5,9,88.60294117647058,4.779411764705882,2.941176470588235,1.8382352941176472,3.308823529411765,1.4705882352941175,1.8382352941176472,3.308823529411765
E00027840,276,261,6,5,1,6,2,4,3,94.56521739130434,2.1739130434782608,1.8115942028985508,0.36231884057971014,2.1739130434782608,0.7246376811594203,1.4492753623188406,1.0869565217391304
E00027841,220,200,4,3,1,10,2,8,6,90.9090909090909,1.8181818181818181,1.3636363636363635,0.45454545454545453,4.545454545454546,0.9090909090909091,3.6363636363636362,2.727272727272727
E00027842,306,278,12,5,7,7,2,5,9,90.84967320261438,3.9215686274509802,1.6339869281045754,2.287581699346405,2.287581699346405,0.6535947712418301,1.6339869281045754,2.941176470588235
E00027843,244,224,8,7,1,2,1,1,10,91.80327868852459,3.278688524590164,2.8688524590163933,0.4098360655737705,0.819672131147541,0.4098360655737705,0.4098360655737705,4.098360655737705
E00027844,234,216,13,9,4,1,0,1,4,92.3076923076923,5.555555555555555,3.8461538461538463,1.7094017094017095,0.4273504273504274,0,0.4273504273504274,1.7094017094017095
E00027845,265,226,15,12,3,9,4,5,15,85.28301886792453,5.660377358490567,4.528301886792453,1.1320754716981132,3.3962264150943398,1.509433962264151,1.8867924528301887,5.660377358490567
E00027846,239,219,12,11,1,3,0,3,5,91.63179916317992,5.02092050209205,4.602510460251046,0.41841004184100417,1.2552301255230125,0,1.2552301255230125,2.092050209205021
E00027847,236,217,9,5,4,0,0,0,10,91.94915254237289,3.8135593220338984,2.11864406779661,1.694915254237288,0,0,0,4.23728813559322
E00027848,154,140,5,3,2,5,3,2,4,90.9090909090909,3.2467532467532463,1.948051948051948,1.2987012987012987,3.2467532467532463,1.948051948051948,1.2987012987012987,2.5974025974025974
E00027849,278,253,10,8,2,6,2,4,9,91.00719424460432,3.5971223021582732,2.877697841726619,0.7194244604316548,2.158273381294964,0.7194244604316548,1.4388489208633095,3.237410071942446
E00027850,331,307,9,7,2,9,4,5,6,92.74924471299094,2.719033232628399,2.1148036253776437,0.6042296072507553,2.719033232628399,1.2084592145015105,1.5105740181268883,1.812688821752266
E00027851,279,252,9,6,3,7,3,4,11,90.32258064516128,3.225806451612903,2.1505376344086025,1.0752688172043012,2.5089605734767026,1.0752688172043012,1.4336917562724014,3.942652329749104
E00027852,219,206,7,6,1,1,0,1,5,94.06392694063926,3.1963470319634704,2.73972602739726,0.45662100456621,0.45662100456621,0,0.45662100456621,2.28310502283105
E00027853,253,230,6,5,1,10,5,5,7,90.9090909090909,2.371541501976284,1.9762845849802373,0.3952569169960474,3.9525691699604746,1.9762845849802373,1.9762845849802373,2.766798418972332
E00027854,279,252,13,13,0,4,2,2,10,90.32258064516128,4.659498207885305,4.659498207885305,0,1.4336917562724014,0.7168458781362007,0.7168458781362007,3.584229390681003
E00027855,325,294,13,12,1,9,7,2,9,90.46153846153845,4,3.6923076923076925,0.3076923076923077,2.769230769230769,2.1538461538461537,0.6153846153846154,2.769230769230769
E00027856,258,236,9,2,7,5,2,3,8,91.47286821705426,3.488372093023256,0.7751937984496124,2.7131782945736433,1.937984496124031,0.7751937984496124,1.1627906976744187,3.10077519379845
E00027857,225,208,3,2,1,5,3,2,9,92.44444444444444,1.3333333333333335,0.8888888888888888,0.4444444444444444,2.2222222222222223,1.3333333333333335,0.8888888888888888,4
E00027858,412,371,13,7,6,9,4,5,19,90.0485436893204,3.1553398058252426,1.6990291262135921,1.4563106796116505,2.1844660194174756,0.9708737864077669,1.2135922330097086,4.611650485436893
E00027859,228,204,7,6,1,11,7,4,6,89.47368421052632,3.070175438596491,2.631578947368421,0.43859649122807015,4.824561403508771,3.070175438596491,1.7543859649122806,2.631578947368421
E00027861,264,239,7,6,1,7,4,3,11,90.53030303030303,2.6515151515151514,2.272727272727273,0.3787878787878788,2.6515151515151514,1.5151515151515151,1.1363636363636365,4.166666666666666
E00027862,293,264,17,7,10,7,2,5,5,90.10238907849829,5.802047781569966,2.3890784982935154,3.4129692832764507,2.3890784982935154,0.6825938566552902,1.7064846416382253,1.7064846416382253
E00027863,248,216,8,7,1,6,2,4,18,87.09677419354838,3.225806451612903,2.82258064516129,0.4032258064516129,2.4193548387096775,0.8064516129032258,1.6129032258064515,7.258064516129033
E00027865,266,238,12,9,3,2,2,0,14,89.47368421052632,4.511278195488721,3.3834586466165413,1.1278195488721803,0.7518796992481203,0.7518796992481203,0,5.263157894736842
E00027866,292,262,9,8,1,9,2,7,12,89.72602739726028,3.0821917808219177,2.73972602739726,0.3424657534246575,3.0821917808219177,0.684931506849315,2.3972602739726026,4.10958904109589
E00027867,284,245,16,11,5,4,3,1,19,86.26760563380282,5.633802816901409,3.873239436619718,1.7605633802816902,1.4084507042253522,1.056338028169014,0.35211267605633806,6.690140845070422
E00027868,272,256,5,4,1,5,2,3,6,94.11764705882352,1.8382352941176472,1.4705882352941175,0.3676470588235294,1.8382352941176472,0.7352941176470588,1.1029411764705883,2.2058823529411766
E00027869,354,321,16,12,4,9,5,4,8,90.67796610169492,4.519774011299435,3.389830508474576,1.1299435028248588,2.5423728813559325,1.4124293785310735,1.1299435028248588,2.2598870056497176
E00027870,326,293,8,4,4,4,1,3,21,89.87730061349694,2.4539877300613497,1.2269938650306749,1.2269938650306749,1.2269938650306749,0.3067484662576687,0.9202453987730062,6.441717791411043
E00027871,304,271,14,11,3,7,3,4,12,89.14473684210526,4.605263157894736,3.618421052631579,0.9868421052631579,2.302631578947368,0.9868421052631579,1.3157894736842104,3.9473684210526314
E00027872,279,255,10,10,0,4,0,4,10,91.39784946236558,3.584229390681003,3.584229390681003,0,1.4336917562724014,0,1.4336917562724014,3.584229390681003
E00027873,293,258,24,16,8,3,3,0,8,88.05460750853243,8.19112627986348,5.460750853242321,2.7303754266211606,1.023890784982935,1.023890784982935,0,2.7303754266211606
E00027874,289,262,10,9,1,5,0,5,12,90.65743944636678,3.4602076124567476,3.1141868512110724,0.34602076124567477,1.7301038062283738,0,1.7301038062283738,4.1522491349480966
E00027875,231,217,5,4,1,5,1,4,4,93.93939393939394,2.1645021645021645,1.7316017316017316,0.4329004329004329,2.1645021645021645,0.4329004329004329,1.7316017316017316,1.7316017316017316
E00027876,294,267,17,16,1,4,3,1,6,90.81632653061224,5.782312925170068,5.442176870748299,0.3401360544217687,1.3605442176870748,1.0204081632653061,0.3401360544217687,2.0408163265306123
E00027877,223,199,14,6,8,6,4,2,4,89.23766816143498,6.278026905829597,2.690582959641256,3.587443946188341,2.690582959641256,1.7937219730941705,0.8968609865470852,1.7937219730941705
E00027878,297,269,13,5,8,4,2,2,11,90.57239057239057,4.377104377104377,1.6835016835016834,2.6936026936026933,1.3468013468013467,0.6734006734006733,0.6734006734006733,3.7037037037037033
E00027879,301,273,17,12,5,5,4,1,6,90.69767441860465,5.647840531561462,3.9867109634551494,1.6611295681063125,1.6611295681063125,1.3289036544850499,0.33222591362126247,1.9933554817275747
E00027880,294,271,12,9,3,6,3,3,5,92.17687074829932,4.081632653061225,3.061224489795918,1.0204081632653061,2.0408163265306123,1.0204081632653061,1.0204081632653061,1.7006802721088436
E00027881,284,248,19,13,6,1,1,0,16,87.32394366197182,6.690140845070422,4.577464788732395,2.112676056338028,0.35211267605633806,0.35211267605633806,0,5.633802816901409
E00027882,257,236,13,9,4,2,1,1,6,91.82879377431907,5.058365758754864,3.501945525291829,1.556420233463035,0.7782101167315175,0.38910505836575876,0.38910505836575876,2.3346303501945527
E00027884,207,191,5,5,0,4,1,3,7,92.27053140096618,2.4154589371980677,2.4154589371980677,0,1.932367149758454,0.4830917874396135,1.4492753623188406,3.3816425120772946
E00027886,167,148,6,5,1,9,7,2,4,88.62275449101796,3.592814371257485,2.9940119760479043,0.5988023952095809,5.389221556886228,4.191616766467066,1.1976047904191618,2.3952095808383236
E00027887,406,386,8,3,5,8,2,6,4,95.07389162561576,1.9704433497536946,0.7389162561576355,1.2315270935960592,1.9704433497536946,0.49261083743842365,1.477832512315271,0.9852216748768473
E00027888,225,199,6,6,0,8,3,5,12,88.44444444444444,2.666666666666667,2.666666666666667,0,3.5555555555555554,1.3333333333333335,2.2222222222222223,5.333333333333334
E00027889,208,183,12,10,2,7,4,3,6,87.98076923076923,5.769230769230769,4.807692307692308,0.9615384615384616,3.3653846153846154,1.9230769230769231,1.4423076923076923,2.8846153846153846
E00027891,262,245,6,4,2,6,4,2,5,93.51145038167938,2.2900763358778624,1.5267175572519083,0.7633587786259541,2.2900763358778624,1.5267175572519083,0.7633587786259541,1.9083969465648856
E00027892,362,312,14,8,6,12,6,6,24,86.1878453038674,3.867403314917127,2.209944751381215,1.6574585635359116,3.314917127071823,1.6574585635359116,1.6574585635359116,6.629834254143646
E00027893,262,241,13,9,4,2,2,0,6,91.98473282442748,4.961832061068702,3.435114503816794,1.5267175572519083,0.7633587786259541,0.7633587786259541,0,2.2900763358778624
E00027894,362,335,9,3,6,9,3,6,9,92.5414364640884,2.4861878453038675,0.8287292817679558,1.6574585635359116,2.4861878453038675,0.8287292817679558,1.6574585635359116,2.4861878453038675
E00027895,231,197,11,7,4,12,5,7,11,85.28138528138528,4.761904761904762,3.0303030303030303,1.7316017316017316,5.194805194805195,2.1645021645021645,3.0303030303030303,4.761904761904762
E00027897,319,289,13,10,3,6,0,6,11,90.59561128526646,4.075235109717868,3.1347962382445136,0.9404388714733543,1.8808777429467085,0,1.8808777429467085,3.4482758620689653
E00027898,295,256,6,4,2,16,5,11,17,86.77966101694915,2.0338983050847457,1.3559322033898304,0.6779661016949152,5.423728813559322,1.694915254237288,3.728813559322034,5.762711864406779
E00027899,281,246,12,7,5,7,3,4,16,87.54448398576513,4.270462633451958,2.491103202846975,1.7793594306049825,2.491103202846975,1.0676156583629894,1.4234875444839856,5.6939501779359425
E00027900,245,223,4,4,0,3,2,1,15,91.02040816326532,1.6326530612244898,1.6326530612244898,0,1.2244897959183674,0.8163265306122449,0.40816326530612246,6.122448979591836
E00027901,335,301,12,7,5,8,5,3,14,89.8507462686567,3.582089552238806,2.0895522388059704,1.4925373134328357,2.3880597014925375,1.4925373134328357,0.8955223880597015,4.179104477611941
E00027902,350,317,14,8,6,6,4,2,13,90.57142857142857,4,2.2857142857142856,1.7142857142857144,1.7142857142857144,1.1428571428571428,0.5714285714285714,3.7142857142857144
E00027903,379,345,7,6,1,10,7,3,17,91.02902374670184,1.8469656992084433,1.58311345646438,0.2638522427440633,2.638522427440633,1.8469656992084433,0.79155672823219,4.485488126649076
E00027904,241,208,12,8,4,8,4,4,13,86.30705394190872,4.979253112033195,3.319502074688797,1.6597510373443984,3.319502074688797,1.6597510373443984,1.6597510373443984,5.394190871369295
E00027905,312,290,7,4,3,5,4,1,10,92.94871794871796,2.2435897435897436,1.282051282051282,0.9615384615384616,1.6025641025641024,1.282051282051282,0.3205128205128205,3.205128205128205
E00027906,236,218,10,10,0,7,3,4,1,92.37288135593221,4.23728813559322,4.23728813559322,0,2.9661016949152543,1.2711864406779663,1.694915254237288,0.423728813559322
E00027907,279,248,13,10,3,10,7,3,8,88.88888888888889,4.659498207885305,3.584229390681003,1.0752688172043012,3.584229390681003,2.5089605734767026,1.0752688172043012,2.867383512544803
E00027908,284,253,16,11,5,6,4,2,9,89.08450704225352,5.633802816901409,3.873239436619718,1.7605633802816902,2.112676056338028,1.4084507042253522,0.7042253521126761,3.169014084507042
E00027909,257,223,14,6,8,4,1,3,16,86.7704280155642,5.447470817120623,2.3346303501945527,3.11284046692607,1.556420233463035,0.38910505836575876,1.1673151750972763,6.22568093385214
E00027910,256,237,12,7,5,2,1,1,5,92.578125,4.6875,2.734375,1.953125,0.78125,0.390625,0.390625,1.953125
E00027911,158,146,8,2,6,1,0,1,3,92.40506329113924,5.063291139240507,1.2658227848101267,3.79746835443038,0.6329113924050633,0,0.6329113924050633,1.89873417721519
E00027912,202,180,13,9,4,5,2,3,4,89.10891089108911,6.435643564356436,4.455445544554455,1.9801980198019802,2.4752475247524752,0.9900990099009901,1.4851485148514851,1.9801980198019802
E00027913,288,256,8,4,4,8,4,4,16,88.88888888888889,2.7777777777777777,1.3888888888888888,1.3888888888888888,2.7777777777777777,1.3888888888888888,1.3888888888888888,5.555555555555555
E00027914,286,256,10,6,4,13,6,7,7,89.5104895104895,3.4965034965034967,2.097902097902098,1.3986013986013985,4.545454545454546,2.097902097902098,2.4475524475524475,2.4475524475524475
E00027915,293,267,11,6,5,3,1,2,12,91.12627986348123,3.754266211604096,2.04778156996587,1.7064846416382253,1.023890784982935,0.3412969283276451,0.6825938566552902,4.09556313993174
E00027916,321,285,21,17,4,13,5,8,2,88.78504672897196,6.5420560747663545,5.29595015576324,1.2461059190031152,4.049844236760125,1.557632398753894,2.4922118380062304,0.6230529595015576
E00027917,265,237,14,13,1,6,3,3,8,89.43396226415095,5.283018867924529,4.905660377358491,0.37735849056603776,2.2641509433962264,1.1320754716981132,1.1320754716981132,3.018867924528302
E00027918,289,256,12,9,3,10,4,6,11,88.58131487889274,4.1522491349480966,3.1141868512110724,1.0380622837370241,3.4602076124567476,1.384083044982699,2.0761245674740483,3.8062283737024223
E00027919,351,310,18,13,5,10,4,6,13,88.31908831908832,5.128205128205128,3.7037037037037033,1.4245014245014245,2.849002849002849,1.1396011396011396,1.7094017094017095,3.7037037037037033
E00027920,360,330,14,9,5,7,4,3,9,91.66666666666666,3.888888888888889,2.5,1.3888888888888888,1.9444444444444444,1.1111111111111112,0.8333333333333334,2.5
E00027921,388,359,15,10,5,2,0,2,12,92.5257731958763,3.865979381443299,2.5773195876288657,1.2886597938144329,0.5154639175257731,0,0.5154639175257731,3.0927835051546393
E00027922,245,221,11,8,3,3,2,1,10,90.20408163265307,4.489795918367347,3.2653061224489797,1.2244897959183674,1.2244897959183674,0.8163265306122449,0.40816326530612246,4.081632653061225
E00027923,292,268,14,13,1,4,2,2,6,91.78082191780823,4.794520547945205,4.4520547945205475,0.3424657534246575,1.36986301369863,0.684931506849315,0.684931506849315,2.054794520547945
E00027924,231,206,18,10,8,5,2,3,2,89.17748917748918,7.792207792207792,4.329004329004329,3.463203463203463,2.1645021645021645,0.8658008658008658,1.2987012987012987,0.8658008658008658
E00027925,243,224,16,12,4,1,1,0,2,92.18106995884774,6.584362139917696,4.938271604938271,1.646090534979424,0.411522633744856,0.411522633744856,0,0.823045267489712
E00027926,324,301,17,11,6,2,1,1,4,92.90123456790124,5.246913580246913,3.3950617283950617,1.8518518518518516,0.6172839506172839,0.30864197530864196,0.30864197530864196,1.2345679012345678
E00027927,337,301,25,18,7,4,0,4,7,89.31750741839762,7.418397626112759,5.341246290801187,2.0771513353115725,1.1869436201780417,0,1.1869436201780417,2.0771513353115725
E00027928,311,279,19,11,8,4,2,2,9,89.71061093247589,6.109324758842444,3.536977491961415,2.572347266881029,1.2861736334405145,0.6430868167202572,0.6430868167202572,2.8938906752411575
E00027929,348,318,20,15,5,3,0,3,7,91.37931034482759,5.747126436781609,4.310344827586207,1.4367816091954022,0.8620689655172413,0,0.8620689655172413,2.0114942528735633
E00027930,232,220,7,6,1,1,1,0,4,94.82758620689656,3.0172413793103448,2.586206896551724,0.43103448275862066,0.43103448275862066,0.43103448275862066,0,1.7241379310344827
E00027931,210,193,9,7,2,4,0,4,4,91.9047619047619,4.285714285714286,3.3333333333333335,0.9523809523809524,1.9047619047619049,0,1.9047619047619049,1.9047619047619049
E00027932,275,250,13,10,3,6,5,1,6,90.9090909090909,4.7272727272727275,3.6363636363636362,1.090909090909091,2.181818181818182,1.8181818181818181,0.36363636363636365,2.181818181818182
E00027933,220,210,5,4,1,1,1,0,4,95.45454545454545,2.272727272727273,1.8181818181818181,0.45454545454545453,0.45454545454545453,0.45454545454545453,0,1.8181818181818181
E00027934,223,198,10,8,2,9,8,1,6,88.78923766816143,4.484304932735426,3.587443946188341,0.8968609865470852,4.0358744394618835,3.587443946188341,0.4484304932735426,2.690582959641256
E00027935,310,280,14,10,4,8,6,2,8,90.32258064516128,4.516129032258064,3.225806451612903,1.2903225806451613,2.5806451612903225,1.935483870967742,0.6451612903225806,2.5806451612903225
E00027936,193,171,10,7,3,9,5,4,3,88.60103626943005,5.181347150259067,3.6269430051813467,1.5544041450777202,4.66321243523316,2.5906735751295336,2.072538860103627,1.5544041450777202
E00027937,239,217,11,9,2,3,3,0,8,90.7949790794979,4.602510460251046,3.765690376569038,0.8368200836820083,1.2552301255230125,1.2552301255230125,0,3.3472803347280333
E00027938,308,282,16,15,1,4,2,2,6,91.55844155844156,5.194805194805195,4.870129870129871,0.3246753246753247,1.2987012987012987,0.6493506493506493,0.6493506493506493,1.948051948051948
E00027940,254,237,12,8,4,0,0,0,5,93.30708661417323,4.724409448818897,3.149606299212598,1.574803149606299,0,0,0,1.968503937007874
E00027941,251,232,6,3,3,8,3,5,5,92.43027888446214,2.3904382470119523,1.1952191235059761,1.1952191235059761,3.187250996015936,1.1952191235059761,1.9920318725099602,1.9920318725099602
E00027942,331,307,13,9,4,3,2,1,8,92.74924471299094,3.927492447129909,2.719033232628399,1.2084592145015105,0.906344410876133,0.6042296072507553,0.3021148036253776,2.416918429003021
E00027943,291,248,23,12,11,8,3,5,12,85.2233676975945,7.903780068728522,4.123711340206185,3.7800687285223367,2.7491408934707904,1.0309278350515463,1.718213058419244,4.123711340206185
E00027944,299,268,15,12,3,7,5,2,9,89.63210702341136,5.016722408026756,4.013377926421405,1.0033444816053512,2.341137123745819,1.6722408026755853,0.6688963210702341,3.0100334448160537
E00027945,280,250,17,11,6,4,1,3,9,89.28571428571429,6.071428571428571,3.9285714285714284,2.142857142857143,1.4285714285714286,0.35714285714285715,1.0714285714285714,3.214285714285714
E00027946,276,250,19,13,6,1,0,1,6,90.57971014492753,6.884057971014493,4.710144927536232,2.1739130434782608,0.36231884057971014,0,0.36231884057971014,2.1739130434782608
E00027947,270,250,14,10,4,2,1,1,4,92.5925925925926,5.185185185185185,3.7037037037037033,1.4814814814814816,0.7407407407407408,0.3703703703703704,0.3703703703703704,1.4814814814814816
E00027948,301,264,14,11,3,8,4,4,15,87.70764119601328,4.651162790697675,3.6544850498338874,0.9966777408637874,2.6578073089700998,1.3289036544850499,1.3289036544850499,4.983388704318937
E00027949,234,211,10,4,6,4,1,3,9,90.17094017094017,4.273504273504273,1.7094017094017095,2.564102564102564,1.7094017094017095,0.4273504273504274,1.282051282051282,3.8461538461538463
E00027950,316,293,10,5,5,7,3,4,6,92.72151898734177,3.1645569620253164,1.5822784810126582,1.5822784810126582,2.2151898734177213,0.949367088607595,1.2658227848101267,1.89873417721519
E00027951,227,210,5,4,1,6,4,2,6,92.51101321585902,2.2026431718061676,1.762114537444934,0.4405286343612335,2.643171806167401,1.762114537444934,0.881057268722467,2.643171806167401
E00027952,273,248,11,9,2,5,3,2,9,90.84249084249085,4.029304029304029,3.296703296703297,0.7326007326007326,1.8315018315018317,1.098901098901099,0.7326007326007326,3.296703296703297
E00027953,306,260,24,14,10,7,6,1,15,84.9673202614379,7.8431372549019605,4.57516339869281,3.2679738562091507,2.287581699346405,1.9607843137254901,0.32679738562091504,4.901960784313726
E00027954,361,322,23,17,6,3,2,1,13,89.19667590027701,6.3711911357340725,4.7091412742382275,1.662049861495845,0.8310249307479225,0.554016620498615,0.2770083102493075,3.6011080332409975
E00027955,266,239,17,13,4,2,2,0,8,89.84962406015038,6.390977443609022,4.887218045112782,1.5037593984962405,0.7518796992481203,0.7518796992481203,0,3.007518796992481
E00027956,316,275,17,12,5,9,7,2,15,87.0253164556962,5.379746835443038,3.79746835443038,1.5822784810126582,2.848101265822785,2.2151898734177213,0.6329113924050633,4.746835443037975
E00027957,219,205,7,5,2,0,0,0,7,93.60730593607306,3.1963470319634704,2.28310502283105,0.91324200913242,0,0,0,3.1963470319634704
E00027958,210,189,8,8,0,7,5,2,6,90,3.8095238095238098,3.8095238095238098,0,3.3333333333333335,2.380952380952381,0.9523809523809524,2.857142857142857
E00027959,259,240,9,8,1,5,1,4,5,92.66409266409266,3.474903474903475,3.088803088803089,0.3861003861003861,1.9305019305019304,0.3861003861003861,1.5444015444015444,1.9305019305019304
E00027960,305,272,10,9,1,13,6,7,10,89.18032786885246,3.278688524590164,2.9508196721311477,0.32786885245901637,4.2622950819672125,1.9672131147540985,2.2950819672131146,3.278688524590164
E00027961,278,257,8,5,3,5,3,2,8,92.44604316546763,2.877697841726619,1.7985611510791366,1.079136690647482,1.7985611510791366,1.079136690647482,0.7194244604316548,2.877697841726619
E00027962,316,283,12,10,2,13,5,8,8,89.55696202531645,3.79746835443038,3.1645569620253164,0.6329113924050633,4.113924050632911,1.5822784810126582,2.5316455696202533,2.5316455696202533
E00027963,499,469,15,13,2,4,1,3,11,93.9879759519038,3.006012024048096,2.6052104208416833,0.4008016032064128,0.8016032064128256,0.2004008016032064,0.6012024048096193,2.2044088176352705
E00027964,366,336,19,12,7,5,2,3,6,91.80327868852459,5.191256830601093,3.278688524590164,1.912568306010929,1.366120218579235,0.546448087431694,0.819672131147541,1.639344262295082
E00027965,329,293,13,9,4,12,3,9,11,89.05775075987842,3.951367781155015,2.735562310030395,1.21580547112462,3.64741641337386,0.911854103343465,2.735562310030395,3.343465045592705
E00027966,308,280,9,8,1,2,1,1,17,90.9090909090909,2.922077922077922,2.5974025974025974,0.3246753246753247,0.6493506493506493,0.3246753246753247,0.3246753246753247,5.51948051948052
E00027967,252,223,6,3,3,5,2,3,18,88.4920634920635,2.380952380952381,1.1904761904761905,1.1904761904761905,1.984126984126984,0.7936507936507936,1.1904761904761905,7.142857142857142
E00027968,256,240,5,1,4,5,2,3,6,93.75,1.953125,0.390625,1.5625,1.953125,0.78125,1.171875,2.34375
E00027969,389,348,10,5,5,14,3,11,17,89.46015424164524,2.570694087403599,1.2853470437017995,1.2853470437017995,3.5989717223650386,0.7712082262210797,2.827763496143959,4.370179948586118
E00027970,289,264,7,5,2,9,2,7,9,91.34948096885813,2.422145328719723,1.7301038062283738,0.6920415224913495,3.1141868512110724,0.6920415224913495,2.422145328719723,3.1141868512110724
E00027971,404,370,15,6,9,10,7,3,9,91.58415841584159,3.7128712871287126,1.4851485148514851,2.2277227722772275,2.4752475247524752,1.7326732673267329,0.7425742574257426,2.2277227722772275
E00027972,233,220,6,5,1,4,1,3,3,94.4206008583691,2.575107296137339,2.1459227467811157,0.4291845493562232,1.7167381974248928,0.4291845493562232,1.2875536480686696,1.2875536480686696
E00027973,238,216,6,4,2,6,2,4,10,90.75630252100841,2.5210084033613445,1.680672268907563,0.8403361344537815,2.5210084033613445,0.8403361344537815,1.680672268907563,4.201680672268908
E00027974,281,250,15,6,9,9,4,5,7,88.96797153024912,5.338078291814947,2.135231316725979,3.202846975088968,3.202846975088968,1.4234875444839856,1.7793594306049825,2.491103202846975
E00027975,358,329,6,3,3,8,4,4,15,91.89944134078212,1.675977653631285,0.8379888268156425,0.8379888268156425,2.2346368715083798,1.1173184357541899,1.1173184357541899,4.189944134078212
E00027976,331,305,7,6,1,12,4,8,7,92.14501510574019,2.1148036253776437,1.812688821752266,0.3021148036253776,3.625377643504532,1.2084592145015105,2.416918429003021,2.1148036253776437
E00027977,324,290,11,7,4,8,3,5,15,89.50617283950618,3.3950617283950617,2.1604938271604937,1.2345679012345678,2.4691358024691357,0.9259259259259258,1.5432098765432098,4.62962962962963
E00027978,219,196,7,3,4,7,3,4,9,89.49771689497716,3.1963470319634704,1.36986301369863,1.82648401826484,3.1963470319634704,1.36986301369863,1.82648401826484,4.10958904109589
E00027979,250,219,9,5,4,6,3,3,16,87.6,3.5999999999999996,2,1.6,2.4,1.2,1.2,6.4
E00027980,328,291,19,13,6,7,4,3,11,88.71951219512195,5.7926829268292686,3.9634146341463414,1.8292682926829267,2.1341463414634148,1.2195121951219512,0.9146341463414633,3.353658536585366
E00027981,343,317,14,9,5,6,2,4,6,92.4198250728863,4.081632653061225,2.623906705539359,1.4577259475218658,1.749271137026239,0.5830903790087464,1.1661807580174928,1.749271137026239
E00027983,333,302,22,14,8,4,0,4,5,90.69069069069069,6.606606606606606,4.2042042042042045,2.4024024024024024,1.2012012012012012,0,1.2012012012012012,1.5015015015015014
E00027984,177,163,4,3,1,7,2,5,3,92.09039548022598,2.2598870056497176,1.694915254237288,0.5649717514124294,3.954802259887006,1.1299435028248588,2.824858757062147,1.694915254237288
E00027985,279,247,14,9,5,6,1,5,12,88.5304659498208,5.017921146953405,3.225806451612903,1.7921146953405016,2.1505376344086025,0.35842293906810035,1.7921146953405016,4.301075268817205
E00027986,273,251,8,7,1,6,4,2,8,91.94139194139194,2.93040293040293,2.564102564102564,0.3663003663003663,2.197802197802198,1.465201465201465,0.7326007326007326,2.93040293040293
E00027987,228,203,10,5,5,8,4,4,7,89.03508771929825,4.385964912280701,2.1929824561403506,2.1929824561403506,3.508771929824561,1.7543859649122806,1.7543859649122806,3.070175438596491
E00027988,292,257,18,14,4,6,0,6,11,88.01369863013699,6.164383561643835,4.794520547945205,1.36986301369863,2.054794520547945,0,2.054794520547945,3.767123287671233
E00027989,299,280,9,5,4,7,2,5,3,93.64548494983278,3.0100334448160537,1.6722408026755853,1.3377926421404682,2.341137123745819,0.6688963210702341,1.6722408026755853,1.0033444816053512
E00027990,184,166,6,3,3,9,5,4,3,90.21739130434783,3.260869565217391,1.6304347826086956,1.6304347826086956,4.891304347826087,2.717391304347826,2.1739130434782608,1.6304347826086956
E00027991,232,213,6,5,1,3,0,3,10,91.8103448275862,2.586206896551724,2.1551724137931036,0.43103448275862066,1.293103448275862,0,1.293103448275862,4.310344827586207
E00027992,281,260,6,6,0,7,2,5,8,92.52669039145907,2.135231316725979,2.135231316725979,0,2.491103202846975,0.7117437722419928,1.7793594306049825,2.8469750889679712
E00027993,309,282,17,9,8,2,0,2,8,91.2621359223301,5.501618122977346,2.912621359223301,2.5889967637540456,0.6472491909385114,0,0.6472491909385114,2.5889967637540456
E00027994,188,177,3,2,1,3,1,2,5,94.14893617021278,1.5957446808510638,1.0638297872340425,0.5319148936170213,1.5957446808510638,0.5319148936170213,1.0638297872340425,2.6595744680851063
E00027995,374,340,19,14,5,4,2,2,11,90.9090909090909,5.080213903743315,3.7433155080213902,1.3368983957219251,1.06951871657754,0.53475935828877,0.53475935828877,2.941176470588235
E00027996,323,277,27,22,5,10,2,8,9,85.75851393188854,8.359133126934983,6.811145510835913,1.5479876160990713,3.0959752321981426,0.6191950464396285,2.476780185758514,2.786377708978328
E00027997,265,237,13,12,1,7,4,3,8,89.43396226415095,4.905660377358491,4.528301886792453,0.37735849056603776,2.6415094339622645,1.509433962264151,1.1320754716981132,3.018867924528302
E00027998,288,257,9,5,4,12,1,11,10,89.23611111111111,3.125,1.7361111111111112,1.3888888888888888,4.166666666666666,0.3472222222222222,3.8194444444444446,3.4722222222222223
E00027999,240,214,13,10,3,7,1,6,6,89.16666666666667,5.416666666666667,4.166666666666666,1.25,2.9166666666666665,0.4166666666666667,2.5,2.5
E00028000,259,228,20,16,4,4,0,4,7,88.03088803088804,7.722007722007722,6.177606177606178,1.5444015444015444,1.5444015444015444,0,1.5444015444015444,2.7027027027027026
E00028001,174,143,11,7,4,6,4,2,14,82.18390804597702,6.321839080459771,4.022988505747127,2.2988505747126435,3.4482758620689653,2.2988505747126435,1.1494252873563218,8.045977011494253
E00028002,269,245,11,7,4,5,2,3,8,91.07806691449815,4.089219330855019,2.6022304832713754,1.486988847583643,1.858736059479554,0.7434944237918215,1.1152416356877324,2.973977695167286
E00028003,212,186,8,6,2,9,4,5,9,87.73584905660378,3.7735849056603774,2.8301886792452833,0.9433962264150944,4.245283018867925,1.8867924528301887,2.358490566037736,4.245283018867925
E00028004,292,269,8,8,0,2,0,2,13,92.12328767123287,2.73972602739726,2.73972602739726,0,0.684931506849315,0,0.684931506849315,4.4520547945205475
E00028005,312,283,11,7,4,6,4,2,12,90.7051282051282,3.5256410256410255,2.2435897435897436,1.282051282051282,1.9230769230769231,1.282051282051282,0.641025641025641,3.8461538461538463
E00028006,334,296,22,15,7,10,7,3,6,88.62275449101796,6.58682634730539,4.491017964071856,2.095808383233533,2.9940119760479043,2.095808383233533,0.8982035928143712,1.7964071856287425
E00028007,387,349,12,7,5,11,7,4,15,90.18087855297158,3.10077519379845,1.8087855297157622,1.2919896640826873,2.842377260981912,1.8087855297157622,1.03359173126615,3.875968992248062
E00028008,301,288,3,3,0,6,5,1,4,95.68106312292359,0.9966777408637874,0.9966777408637874,0,1.9933554817275747,1.6611295681063125,0.33222591362126247,1.3289036544850499
E00028009,234,200,10,9,1,10,7,3,14,85.47008547008546,4.273504273504273,3.8461538461538463,0.4273504273504274,4.273504273504273,2.9914529914529915,1.282051282051282,5.982905982905983
E00028010,261,240,7,7,0,11,7,4,3,91.95402298850574,2.681992337164751,2.681992337164751,0,4.21455938697318,2.681992337164751,1.532567049808429,1.1494252873563218
E00028011,266,229,21,11,10,11,4,7,5,86.09022556390977,7.894736842105263,4.135338345864661,3.7593984962406015,4.135338345864661,1.5037593984962405,2.631578947368421,1.8796992481203008
E00028012,282,250,14,10,4,11,4,7,7,88.65248226950354,4.964539007092199,3.546099290780142,1.4184397163120568,3.900709219858156,1.4184397163120568,2.4822695035460995,2.4822695035460995
E00028013,221,201,14,10,4,4,0,4,2,90.9502262443439,6.334841628959276,4.524886877828054,1.809954751131222,1.809954751131222,0,1.809954751131222,0.904977375565611
E00028014,202,187,8,5,3,4,1,3,3,92.57425742574257,3.9603960396039604,2.4752475247524752,1.4851485148514851,1.9801980198019802,0.49504950495049505,1.4851485148514851,1.4851485148514851
E00028015,395,362,18,12,6,5,0,5,10,91.64556962025317,4.556962025316456,3.0379746835443036,1.5189873417721518,1.2658227848101267,0,1.2658227848101267,2.5316455696202533
E00028016,215,191,8,5,3,8,4,4,8,88.83720930232558,3.7209302325581395,2.3255813953488373,1.3953488372093024,3.7209302325581395,1.8604651162790697,1.8604651162790697,3.7209302325581395
E00028017,198,183,9,5,4,4,1,3,2,92.42424242424242,4.545454545454546,2.525252525252525,2.0202020202020203,2.0202020202020203,0.5050505050505051,1.5151515151515151,1.0101010101010102
E00028018,390,351,16,12,4,12,7,5,11,90,4.102564102564102,3.076923076923077,1.0256410256410255,3.076923076923077,1.7948717948717947,1.282051282051282,2.8205128205128207
E00028019,284,245,18,9,9,9,5,4,12,86.26760563380282,6.338028169014084,3.169014084507042,3.169014084507042,3.169014084507042,1.7605633802816902,1.4084507042253522,4.225352112676056
E00028020,242,219,10,4,6,4,2,2,9,90.49586776859503,4.132231404958678,1.6528925619834711,2.479338842975207,1.6528925619834711,0.8264462809917356,0.8264462809917356,3.71900826446281
E00028021,205,186,7,7,0,6,3,3,6,90.73170731707317,3.414634146341464,3.414634146341464,0,2.9268292682926833,1.4634146341463417,1.4634146341463417,2.9268292682926833
E00028022,234,217,8,6,2,7,2,5,2,92.73504273504274,3.418803418803419,2.564102564102564,0.8547008547008548,2.9914529914529915,0.8547008547008548,2.1367521367521367,0.8547008547008548
E00028023,264,234,15,11,4,5,4,1,10,88.63636363636364,5.681818181818182,4.166666666666666,1.5151515151515151,1.893939393939394,1.5151515151515151,0.3787878787878788,3.787878787878788
E00028024,276,261,5,3,2,4,2,2,6,94.56521739130434,1.8115942028985508,1.0869565217391304,0.7246376811594203,1.4492753623188406,0.7246376811594203,0.7246376811594203,2.1739130434782608
E00028025,292,262,16,10,6,6,4,2,8,89.72602739726028,5.47945205479452,3.4246575342465753,2.054794520547945,2.054794520547945,1.36986301369863,0.684931506849315,2.73972602739726
E00028026,215,188,6,3,3,7,3,4,14,87.44186046511628,2.7906976744186047,1.3953488372093024,1.3953488372093024,3.255813953488372,1.3953488372093024,1.8604651162790697,6.511627906976744
E00028027,241,208,18,12,6,6,3,3,9,86.30705394190872,7.468879668049793,4.979253112033195,2.4896265560165975,2.4896265560165975,1.2448132780082988,1.2448132780082988,3.7344398340248963
E00028028,541,492,21,16,5,15,5,10,13,90.9426987060998,3.8817005545286505,2.957486136783734,0.9242144177449169,2.7726432532347505,0.9242144177449169,1.8484288354898337,2.4029574861367835
E00028029,144,134,5,3,2,3,1,2,2,93.05555555555556,3.4722222222222223,2.083333333333333,1.3888888888888888,2.083333333333333,0.6944444444444444,1.3888888888888888,1.3888888888888888
E00028030,255,233,14,12,2,3,1,2,5,91.37254901960785,5.490196078431373,4.705882352941177,0.7843137254901961,1.1764705882352942,0.39215686274509803,0.7843137254901961,1.9607843137254901
E00028031,320,291,19,12,7,5,1,4,5,90.9375,5.9375,3.75,2.1875,1.5625,0.3125,1.25,1.5625
E00028032,235,217,10,8,2,2,1,1,6,92.34042553191489,4.25531914893617,3.404255319148936,0.851063829787234,0.851063829787234,0.425531914893617,0.425531914893617,2.553191489361702
E00028033,288,261,13,8,5,7,7,0,7,90.625,4.513888888888888,2.7777777777777777,1.7361111111111112,2.430555555555556,2.430555555555556,0,2.430555555555556
E00028034,240,217,7,7,0,5,1,4,11,90.41666666666667,2.9166666666666665,2.9166666666666665,0,2.083333333333333,0.4166666666666667,1.6666666666666667,4.583333333333333
E00028035,336,288,9,7,2,18,6,12,21,85.71428571428571,2.6785714285714284,2.083333333333333,0.5952380952380952,5.357142857142857,1.7857142857142856,3.571428571428571,6.25
E00028036,385,352,15,11,4,8,5,3,10,91.42857142857143,3.896103896103896,2.857142857142857,1.0389610389610389,2.0779220779220777,1.2987012987012987,0.7792207792207793,2.5974025974025974
E00028037,337,304,7,4,3,7,0,7,19,90.20771513353115,2.0771513353115725,1.1869436201780417,0.8902077151335311,2.0771513353115725,0,2.0771513353115725,5.637982195845697
E00028038,281,259,10,6,4,3,3,0,9,92.17081850533808,3.558718861209965,2.135231316725979,1.4234875444839856,1.0676156583629894,1.0676156583629894,0,3.202846975088968
E00028039,279,251,14,12,2,6,1,5,8,89.96415770609319,5.017921146953405,4.301075268817205,0.7168458781362007,2.1505376344086025,0.35842293906810035,1.7921146953405016,2.867383512544803
E00028040,274,254,6,2,4,5,3,2,9,92.7007299270073,2.18978102189781,0.7299270072992701,1.4598540145985401,1.824817518248175,1.094890510948905,0.7299270072992701,3.2846715328467155
E00028041,242,221,7,6,1,7,2,5,7,91.32231404958677,2.8925619834710745,2.479338842975207,0.4132231404958678,2.8925619834710745,0.8264462809917356,2.066115702479339,2.8925619834710745
E00028042,216,202,1,1,0,7,3,4,6,93.51851851851852,0.4629629629629629,0.4629629629629629,0,3.2407407407407405,1.3888888888888888,1.8518518518518516,2.7777777777777777
E00028043,268,243,9,4,5,7,2,5,9,90.67164179104478,3.3582089552238807,1.4925373134328357,1.8656716417910446,2.6119402985074625,0.7462686567164178,1.8656716417910446,3.3582089552238807
E00028044,323,295,11,5,6,7,1,6,10,91.3312693498452,3.4055727554179565,1.5479876160990713,1.8575851393188854,2.1671826625387,0.30959752321981426,1.8575851393188854,3.0959752321981426
E00028045,244,216,8,5,3,6,4,2,14,88.52459016393442,3.278688524590164,2.0491803278688523,1.2295081967213115,2.459016393442623,1.639344262295082,0.819672131147541,5.737704918032787
E00028046,192,170,9,6,3,5,3,2,8,88.54166666666666,4.6875,3.125,1.5625,2.604166666666667,1.5625,1.0416666666666665,4.166666666666666
E00028047,287,258,12,5,7,7,1,6,10,89.89547038327527,4.181184668989547,1.7421602787456445,2.4390243902439024,2.4390243902439024,0.34843205574912894,2.0905923344947737,3.484320557491289
E00028048,256,235,4,3,1,9,4,5,8,91.796875,1.5625,1.171875,0.390625,3.515625,1.5625,1.953125,3.125
E00028049,364,342,11,8,3,3,0,3,8,93.95604395604396,3.021978021978022,2.197802197802198,0.8241758241758242,0.8241758241758242,0,0.8241758241758242,2.197802197802198
E00028050,236,220,5,5,0,3,2,1,8,93.22033898305084,2.11864406779661,2.11864406779661,0,1.2711864406779663,0.847457627118644,0.423728813559322,3.389830508474576
E00028051,265,248,7,4,3,9,2,7,1,93.58490566037736,2.6415094339622645,1.509433962264151,1.1320754716981132,3.3962264150943398,0.7547169811320755,2.6415094339622645,0.37735849056603776
E00028052,265,240,5,2,3,9,3,6,11,90.56603773584906,1.8867924528301887,0.7547169811320755,1.1320754716981132,3.3962264150943398,1.1320754716981132,2.2641509433962264,4.150943396226415
E00028053,238,215,9,4,5,8,3,5,6,90.33613445378151,3.7815126050420167,1.680672268907563,2.100840336134454,3.361344537815126,1.2605042016806722,2.100840336134454,2.5210084033613445
E00028054,324,297,11,9,2,4,2,2,12,91.66666666666666,3.3950617283950617,2.7777777777777777,0.6172839506172839,1.2345679012345678,0.6172839506172839,0.6172839506172839,3.7037037037037033
E00028055,299,267,10,8,2,8,2,6,14,89.29765886287625,3.3444816053511706,2.6755852842809364,0.6688963210702341,2.6755852842809364,0.6688963210702341,2.0066889632107023,4.682274247491638
E00028056,250,227,7,5,2,9,6,3,7,90.8,2.8000000000000003,2,0.8,3.5999999999999996,2.4,1.2,2.8000000000000003
E00028057,349,304,19,10,9,16,6,10,10,87.10601719197709,5.444126074498568,2.865329512893983,2.5787965616045847,4.584527220630372,1.7191977077363898,2.865329512893983,2.865329512893983
E00028058,165,149,8,5,3,3,2,1,5,90.30303030303031,4.848484848484849,3.0303030303030303,1.8181818181818181,1.8181818181818181,1.2121212121212122,0.6060606060606061,3.0303030303030303
E00028059,263,233,13,10,3,7,4,3,10,88.59315589353612,4.942965779467681,3.802281368821293,1.1406844106463878,2.6615969581749046,1.520912547528517,1.1406844106463878,3.802281368821293
E00028060,328,292,11,6,5,8,4,4,17,89.02439024390245,3.353658536585366,1.8292682926829267,1.524390243902439,2.4390243902439024,1.2195121951219512,1.2195121951219512,5.182926829268292
E00028061,242,224,8,7,1,3,3,0,7,92.56198347107438,3.3057851239669422,2.8925619834710745,0.4132231404958678,1.2396694214876034,1.2396694214876034,0,2.8925619834710745
E00028062,308,281,11,11,0,3,1,2,13,91.23376623376623,3.571428571428571,3.571428571428571,0,0.974025974025974,0.3246753246753247,0.6493506493506493,4.220779220779221
E00028063,186,174,7,3,4,5,4,1,0,93.54838709677419,3.763440860215054,1.6129032258064515,2.1505376344086025,2.6881720430107525,2.1505376344086025,0.5376344086021506,0
E00028064,213,186,13,8,5,6,5,1,8,87.32394366197182,6.103286384976526,3.755868544600939,2.3474178403755865,2.8169014084507045,2.3474178403755865,0.4694835680751174,3.755868544600939
E00028065,207,190,7,3,4,5,2,3,5,91.78743961352657,3.3816425120772946,1.4492753623188406,1.932367149758454,2.4154589371980677,0.966183574879227,1.4492753623188406,2.4154589371980677
E00028066,287,261,11,6,5,7,5,2,8,90.94076655052264,3.8327526132404177,2.0905923344947737,1.7421602787456445,2.4390243902439024,1.7421602787456445,0.6968641114982579,2.7874564459930316
E00028067,375,336,21,17,4,10,4,6,8,89.60000000000001,5.6000000000000005,4.533333333333333,1.0666666666666667,2.666666666666667,1.0666666666666667,1.6,2.1333333333333333
E00028068,282,244,17,11,6,10,6,4,11,86.52482269503547,6.028368794326241,3.900709219858156,2.127659574468085,3.546099290780142,2.127659574468085,1.4184397163120568,3.900709219858156
E00028069,288,264,9,5,4,3,0,3,12,91.66666666666666,3.125,1.7361111111111112,1.3888888888888888,1.0416666666666665,0,1.0416666666666665,4.166666666666666
E00028070,310,277,18,10,8,5,3,2,10,89.35483870967742,5.806451612903226,3.225806451612903,2.5806451612903225,1.6129032258064515,0.967741935483871,0.6451612903225806,3.225806451612903
E00028071,297,278,10,5,5,7,2,5,2,93.60269360269359,3.3670033670033668,1.6835016835016834,1.6835016835016834,2.356902356902357,0.6734006734006733,1.6835016835016834,0.6734006734006733
E00028072,264,236,19,11,8,3,2,1,6,89.39393939393939,7.196969696969697,4.166666666666666,3.0303030303030303,1.1363636363636365,0.7575757575757576,0.3787878787878788,2.272727272727273
E00028073,393,355,13,7,6,11,4,7,14,90.33078880407125,3.307888040712468,1.7811704834605597,1.5267175572519083,2.7989821882951653,1.0178117048346056,1.7811704834605597,3.5623409669211195
E00028074,373,340,13,7,6,7,3,4,13,91.15281501340483,3.485254691689008,1.876675603217158,1.6085790884718498,1.876675603217158,0.8042895442359249,1.0723860589812333,3.485254691689008
E00028075,274,240,15,9,6,8,1,7,11,87.59124087591242,5.474452554744526,3.2846715328467155,2.18978102189781,2.9197080291970803,0.36496350364963503,2.5547445255474455,4.014598540145985
E00028076,269,233,12,10,2,8,5,3,16,86.61710037174721,4.4609665427509295,3.717472118959108,0.7434944237918215,2.973977695167286,1.858736059479554,1.1152416356877324,5.947955390334572
E00028077,286,261,7,6,1,7,4,3,11,91.25874125874127,2.4475524475524475,2.097902097902098,0.34965034965034963,2.4475524475524475,1.3986013986013985,1.048951048951049,3.8461538461538463
E00028078,306,265,24,20,4,5,2,3,12,86.60130718954248,7.8431372549019605,6.535947712418301,1.3071895424836601,1.6339869281045754,0.6535947712418301,0.9803921568627451,3.9215686274509802
E00028079,237,204,19,14,5,2,2,0,12,86.07594936708861,8.016877637130802,5.9071729957805905,2.109704641350211,0.8438818565400843,0.8438818565400843,0,5.063291139240507
E00028080,249,223,14,11,3,5,2,3,7,89.5582329317269,5.622489959839357,4.417670682730924,1.2048192771084338,2.0080321285140563,0.8032128514056224,1.2048192771084338,2.8112449799196786
E00028081,297,269,18,14,4,3,1,2,7,90.57239057239057,6.0606060606060606,4.713804713804714,1.3468013468013467,1.0101010101010102,0.33670033670033667,0.6734006734006733,2.356902356902357
E00028082,237,209,16,14,2,4,1,3,8,88.18565400843882,6.751054852320674,5.9071729957805905,0.8438818565400843,1.6877637130801686,0.42194092827004215,1.2658227848101267,3.375527426160337
E00028083,296,256,18,12,6,12,4,8,10,86.48648648648648,6.081081081081082,4.054054054054054,2.027027027027027,4.054054054054054,1.3513513513513513,2.7027027027027026,3.3783783783783785
E00028084,298,263,18,13,5,7,6,1,10,88.25503355704699,6.0402684563758395,4.3624161073825505,1.6778523489932886,2.348993288590604,2.013422818791946,0.33557046979865773,3.3557046979865772
E00028085,285,265,11,9,2,2,1,1,7,92.98245614035088,3.8596491228070176,3.1578947368421053,0.7017543859649122,0.7017543859649122,0.3508771929824561,0.3508771929824561,2.456140350877193
E00028086,296,274,12,9,3,3,1,2,7,92.56756756756756,4.054054054054054,3.040540540540541,1.0135135135135136,1.0135135135135136,0.33783783783783783,0.6756756756756757,2.364864864864865
E00028087,287,263,11,8,3,2,0,2,11,91.63763066202091,3.8327526132404177,2.7874564459930316,1.0452961672473868,0.6968641114982579,0,0.6968641114982579,3.8327526132404177
E00028088,309,275,25,20,5,5,3,2,4,88.9967637540453,8.090614886731391,6.472491909385113,1.6181229773462782,1.6181229773462782,0.9708737864077669,0.6472491909385114,1.2944983818770228
E00028089,293,266,9,3,6,7,4,3,11,90.78498293515358,3.0716723549488054,1.023890784982935,2.04778156996587,2.3890784982935154,1.3651877133105803,1.023890784982935,3.754266211604096
E00028090,253,239,4,2,2,4,1,3,6,94.46640316205533,1.5810276679841897,0.7905138339920948,0.7905138339920948,1.5810276679841897,0.3952569169960474,1.185770750988142,2.371541501976284
E00028091,275,250,7,7,0,6,2,4,12,90.9090909090909,2.5454545454545454,2.5454545454545454,0,2.181818181818182,0.7272727272727273,1.4545454545454546,4.363636363636364
E00028092,156,145,4,3,1,7,4,3,0,92.94871794871796,2.564102564102564,1.9230769230769231,0.641025641025641,4.487179487179487,2.564102564102564,1.9230769230769231,0
E00028093,310,274,19,13,6,6,4,2,11,88.38709677419355,6.129032258064516,4.193548387096775,1.935483870967742,1.935483870967742,1.2903225806451613,0.6451612903225806,3.5483870967741935
E00028094,241,216,15,8,7,4,2,2,6,89.62655601659752,6.224066390041494,3.319502074688797,2.904564315352697,1.6597510373443984,0.8298755186721992,0.8298755186721992,2.4896265560165975
E00028095,246,226,10,8,2,5,4,1,5,91.869918699187,4.0650406504065035,3.2520325203252036,0.8130081300813009,2.0325203252032518,1.6260162601626018,0.40650406504065045,2.0325203252032518
E00028096,508,488,7,4,3,5,0,5,8,96.06299212598425,1.3779527559055118,0.7874015748031495,0.5905511811023622,0.984251968503937,0,0.984251968503937,1.574803149606299
E00028097,334,289,20,11,9,10,5,5,15,86.52694610778443,5.9880239520958085,3.293413173652695,2.694610778443114,2.9940119760479043,1.4970059880239521,1.4970059880239521,4.491017964071856
E00028098,322,291,8,5,3,8,3,5,15,90.37267080745342,2.484472049689441,1.5527950310559007,0.9316770186335404,2.484472049689441,0.9316770186335404,1.5527950310559007,4.658385093167702
E00028099,282,246,24,17,7,9,2,7,3,87.2340425531915,8.51063829787234,6.028368794326241,2.4822695035460995,3.1914893617021276,0.7092198581560284,2.4822695035460995,1.0638297872340425
E00028100,420,386,7,5,2,12,5,7,15,91.9047619047619,1.6666666666666667,1.1904761904761905,0.4761904761904762,2.857142857142857,1.1904761904761905,1.6666666666666667,3.571428571428571
E00028101,407,359,13,8,5,19,11,8,16,88.20638820638821,3.194103194103194,1.9656019656019657,1.2285012285012284,4.668304668304668,2.7027027027027026,1.9656019656019657,3.9312039312039313
E00028102,466,421,14,5,9,9,3,6,22,90.34334763948499,3.004291845493562,1.0729613733905579,1.9313304721030045,1.9313304721030045,0.6437768240343348,1.2875536480686696,4.721030042918455
E00028103,354,323,7,0,7,10,5,5,14,91.24293785310734,1.977401129943503,0,1.977401129943503,2.824858757062147,1.4124293785310735,1.4124293785310735,3.954802259887006
E00028104,425,385,21,13,8,7,3,4,12,90.58823529411765,4.941176470588235,3.058823529411765,1.8823529411764703,1.647058823529412,0.7058823529411765,0.9411764705882352,2.823529411764706
E00028105,313,286,17,12,5,5,0,5,5,91.3738019169329,5.431309904153355,3.8338658146964857,1.5974440894568689,1.5974440894568689,0,1.5974440894568689,1.5974440894568689
E00028106,273,238,18,10,8,5,4,1,12,87.17948717948718,6.593406593406594,3.6630036630036633,2.93040293040293,1.8315018315018317,1.465201465201465,0.3663003663003663,4.395604395604396
E00028107,534,492,21,14,7,11,3,8,10,92.13483146067416,3.932584269662921,2.6217228464419478,1.3108614232209739,2.0599250936329585,0.5617977528089888,1.4981273408239701,1.8726591760299627
E00028108,273,247,8,4,4,6,0,6,12,90.47619047619048,2.93040293040293,1.465201465201465,1.465201465201465,2.197802197802198,0,2.197802197802198,4.395604395604396
E00028110,456,416,12,7,5,7,2,5,21,91.22807017543859,2.631578947368421,1.5350877192982455,1.0964912280701753,1.5350877192982455,0.43859649122807015,1.0964912280701753,4.605263157894736
E00028111,358,332,3,1,2,7,4,3,16,92.73743016759776,0.8379888268156425,0.27932960893854747,0.5586592178770949,1.9553072625698324,1.1173184357541899,0.8379888268156425,4.4692737430167595
E00028113,368,317,16,11,5,7,4,3,28,86.1413043478261,4.3478260869565215,2.989130434782609,1.358695652173913,1.9021739130434785,1.0869565217391304,0.8152173913043478,7.608695652173914
E00028114,426,384,12,7,5,15,2,13,15,90.14084507042254,2.8169014084507045,1.643192488262911,1.1737089201877933,3.5211267605633805,0.4694835680751174,3.051643192488263,3.5211267605633805
E00028115,339,313,6,3,3,5,4,1,15,92.33038348082596,1.7699115044247788,0.8849557522123894,0.8849557522123894,1.4749262536873156,1.1799410029498525,0.2949852507374631,4.424778761061947
E00028116,282,256,5,3,2,6,3,3,15,90.78014184397163,1.773049645390071,1.0638297872340425,0.7092198581560284,2.127659574468085,1.0638297872340425,1.0638297872340425,5.319148936170213
E00028117,351,316,6,3,3,12,2,10,17,90.02849002849003,1.7094017094017095,0.8547008547008548,0.8547008547008548,3.418803418803419,0.5698005698005698,2.849002849002849,4.843304843304843
E00028118,330,291,19,12,7,6,5,1,14,88.18181818181819,5.757575757575758,3.6363636363636362,2.1212121212121215,1.8181818181818181,1.5151515151515151,0.30303030303030304,4.242424242424243
E00028119,330,301,12,6,6,8,6,2,9,91.21212121212122,3.6363636363636362,1.8181818181818181,1.8181818181818181,2.4242424242424243,1.8181818181818181,0.6060606060606061,2.727272727272727
E00028120,259,227,12,12,0,8,5,3,12,87.64478764478764,4.633204633204633,4.633204633204633,0,3.088803088803089,1.9305019305019304,1.1583011583011582,4.633204633204633
E00028121,307,273,19,15,4,4,3,1,11,88.92508143322475,6.188925081433225,4.88599348534202,1.3029315960912053,1.3029315960912053,0.9771986970684038,0.32573289902280134,3.5830618892508146
E00028122,252,224,14,7,7,3,0,3,11,88.88888888888889,5.555555555555555,2.7777777777777777,2.7777777777777777,1.1904761904761905,0,1.1904761904761905,4.365079365079365
E00028123,268,245,13,7,6,3,0,3,7,91.4179104477612,4.850746268656716,2.6119402985074625,2.2388059701492535,1.1194029850746268,0,1.1194029850746268,2.6119402985074625
E00028124,266,247,7,7,0,2,1,1,10,92.85714285714286,2.631578947368421,2.631578947368421,0,0.7518796992481203,0.37593984962406013,0.37593984962406013,3.7593984962406015
E00028125,286,250,14,9,5,9,4,5,13,87.41258741258741,4.895104895104895,3.146853146853147,1.7482517482517483,3.146853146853147,1.3986013986013985,1.7482517482517483,4.545454545454546
E00028126,264,224,12,7,5,8,4,4,20,84.84848484848484,4.545454545454546,2.6515151515151514,1.893939393939394,3.0303030303030303,1.5151515151515151,1.5151515151515151,7.575757575757576
E00028127,239,215,15,10,5,3,3,0,6,89.9581589958159,6.2761506276150625,4.184100418410042,2.092050209205021,1.2552301255230125,1.2552301255230125,0,2.510460251046025
E00028128,450,393,29,23,6,14,8,6,14,87.33333333333333,6.444444444444445,5.111111111111112,1.3333333333333335,3.111111111111111,1.7777777777777777,1.3333333333333335,3.111111111111111
E00028129,215,195,12,9,3,4,4,0,4,90.69767441860465,5.5813953488372094,4.186046511627907,1.3953488372093024,1.8604651162790697,1.8604651162790697,0,1.8604651162790697
E00028130,259,237,11,10,1,5,3,2,6,91.5057915057915,4.247104247104247,3.861003861003861,0.3861003861003861,1.9305019305019304,1.1583011583011582,0.7722007722007722,2.3166023166023164
E00028131,291,269,11,6,5,5,3,2,6,92.43986254295532,3.7800687285223367,2.0618556701030926,1.718213058419244,1.718213058419244,1.0309278350515463,0.6872852233676976,2.0618556701030926
E00028132,310,274,21,15,6,7,2,5,8,88.38709677419355,6.774193548387098,4.838709677419355,1.935483870967742,2.258064516129032,0.6451612903225806,1.6129032258064515,2.5806451612903225
E00028133,373,334,27,22,5,5,4,1,7,89.54423592493298,7.238605898123325,5.898123324396782,1.3404825737265416,1.3404825737265416,1.0723860589812333,0.2680965147453083,1.876675603217158
E00028134,309,269,19,14,5,9,6,3,12,87.05501618122977,6.148867313915858,4.53074433656958,1.6181229773462782,2.912621359223301,1.9417475728155338,0.9708737864077669,3.8834951456310676
E00028135,224,204,10,7,3,2,1,1,8,91.07142857142857,4.464285714285714,3.125,1.3392857142857142,0.8928571428571428,0.4464285714285714,0.4464285714285714,3.571428571428571
E00028136,224,202,12,10,2,7,4,3,3,90.17857142857143,5.357142857142857,4.464285714285714,0.8928571428571428,3.125,1.7857142857142856,1.3392857142857142,1.3392857142857142
E00028137,236,213,13,10,3,5,3,2,5,90.2542372881356,5.508474576271186,4.23728813559322,1.2711864406779663,2.11864406779661,1.2711864406779663,0.847457627118644,2.11864406779661
E00028138,293,256,20,16,4,4,1,3,13,87.37201365187714,6.825938566552901,5.460750853242321,1.3651877133105803,1.3651877133105803,0.3412969283276451,1.023890784982935,4.436860068259386
E00028139,351,316,17,13,4,5,2,3,13,90.02849002849003,4.843304843304843,3.7037037037037033,1.1396011396011396,1.4245014245014245,0.5698005698005698,0.8547008547008548,3.7037037037037033
E00028140,328,297,11,8,3,8,2,6,12,90.54878048780488,3.353658536585366,2.4390243902439024,0.9146341463414633,2.4390243902439024,0.6097560975609756,1.8292682926829267,3.6585365853658534
E00028141,301,278,10,10,0,3,3,0,10,92.35880398671097,3.322259136212625,3.322259136212625,0,0.9966777408637874,0.9966777408637874,0,3.322259136212625
E00028142,246,219,10,6,4,9,5,4,8,89.02439024390245,4.0650406504065035,2.4390243902439024,1.6260162601626018,3.6585365853658534,2.0325203252032518,1.6260162601626018,3.2520325203252036
E00028143,233,218,8,5,3,1,1,0,6,93.56223175965665,3.4334763948497855,2.1459227467811157,1.2875536480686696,0.4291845493562232,0.4291845493562232,0,2.575107296137339
E00028144,295,269,18,16,2,1,1,0,7,91.18644067796609,6.101694915254238,5.423728813559322,0.6779661016949152,0.3389830508474576,0.3389830508474576,0,2.3728813559322033
E00028145,298,271,13,10,3,2,0,2,12,90.93959731543623,4.3624161073825505,3.3557046979865772,1.006711409395973,0.6711409395973155,0,0.6711409395973155,4.026845637583892
E00028146,273,243,18,9,9,4,2,2,8,89.01098901098901,6.593406593406594,3.296703296703297,3.296703296703297,1.465201465201465,0.7326007326007326,0.7326007326007326,2.93040293040293
E00028147,439,405,17,12,5,1,0,1,16,92.25512528473804,3.8724373576309796,2.733485193621868,1.1389521640091116,0.22779043280182232,0,0.22779043280182232,3.644646924829157
E00028148,261,237,14,14,0,0,0,0,10,90.80459770114942,5.363984674329502,5.363984674329502,0,0,0,0,3.8314176245210727
E00028149,302,263,16,10,6,5,3,2,18,87.08609271523179,5.298013245033113,3.3112582781456954,1.9867549668874174,1.6556291390728477,0.9933774834437087,0.6622516556291391,5.960264900662252
E00028150,280,247,10,7,3,4,2,2,19,88.21428571428571,3.571428571428571,2.5,1.0714285714285714,1.4285714285714286,0.7142857142857143,0.7142857142857143,6.785714285714286
E00028151,329,297,9,5,4,12,5,7,11,90.27355623100304,2.735562310030395,1.5197568389057752,1.21580547112462,3.64741641337386,1.5197568389057752,2.127659574468085,3.343465045592705
E00028152,286,268,8,3,5,4,0,4,6,93.7062937062937,2.797202797202797,1.048951048951049,1.7482517482517483,1.3986013986013985,0,1.3986013986013985,2.097902097902098
E00028153,262,235,12,8,4,4,3,1,11,89.69465648854961,4.580152671755725,3.0534351145038165,1.5267175572519083,1.5267175572519083,1.1450381679389312,0.38167938931297707,4.198473282442748
E00028154,242,209,18,12,6,4,2,2,11,86.36363636363636,7.43801652892562,4.958677685950414,2.479338842975207,1.6528925619834711,0.8264462809917356,0.8264462809917356,4.545454545454546
E00028155,267,241,13,10,3,3,1,2,10,90.2621722846442,4.868913857677903,3.7453183520599254,1.1235955056179776,1.1235955056179776,0.37453183520599254,0.7490636704119851,3.7453183520599254
E00028156,284,259,5,1,4,13,6,7,7,91.19718309859155,1.7605633802816902,0.35211267605633806,1.4084507042253522,4.577464788732395,2.112676056338028,2.464788732394366,2.464788732394366
E00028157,210,185,8,6,2,9,3,6,8,88.09523809523809,3.8095238095238098,2.857142857142857,0.9523809523809524,4.285714285714286,1.4285714285714286,2.857142857142857,3.8095238095238098
E00028158,409,369,9,4,5,17,6,11,14,90.2200488997555,2.2004889975550124,0.9779951100244498,1.2224938875305624,4.156479217603912,1.466992665036675,2.689486552567237,3.4229828850855744
E00028159,341,310,14,9,5,7,4,3,10,90.9090909090909,4.105571847507331,2.6392961876832843,1.466275659824047,2.0527859237536656,1.1730205278592376,0.8797653958944283,2.932551319648094
E00028161,410,389,8,2,6,9,7,2,4,94.8780487804878,1.951219512195122,0.4878048780487805,1.4634146341463417,2.195121951219512,1.707317073170732,0.4878048780487805,0.975609756097561
E00028162,373,337,18,8,10,14,4,10,4,90.3485254691689,4.825737265415549,2.1447721179624666,2.680965147453083,3.753351206434316,1.0723860589812333,2.680965147453083,1.0723860589812333
E00028163,345,318,6,4,2,7,3,4,14,92.17391304347827,1.7391304347826086,1.1594202898550725,0.5797101449275363,2.0289855072463765,0.8695652173913043,1.1594202898550725,4.057971014492753
E00028164,490,455,7,5,2,10,5,5,18,92.85714285714286,1.4285714285714286,1.0204081632653061,0.40816326530612246,2.0408163265306123,1.0204081632653061,1.0204081632653061,3.6734693877551026
E00028165,445,395,17,11,6,14,8,6,19,88.76404494382022,3.8202247191011236,2.4719101123595504,1.348314606741573,3.146067415730337,1.7977528089887642,1.348314606741573,4.269662921348314
E00028166,492,447,18,8,10,11,2,9,16,90.85365853658537,3.6585365853658534,1.6260162601626018,2.0325203252032518,2.2357723577235773,0.40650406504065045,1.8292682926829267,3.2520325203252036
E00028167,278,257,7,6,1,4,0,4,10,92.44604316546763,2.5179856115107913,2.158273381294964,0.3597122302158274,1.4388489208633095,0,1.4388489208633095,3.5971223021582732
E00028168,313,291,7,4,3,9,4,5,6,92.97124600638978,2.2364217252396164,1.2779552715654952,0.9584664536741214,2.8753993610223643,1.2779552715654952,1.5974440894568689,1.9169329073482428
E00028169,365,330,9,5,4,14,5,9,12,90.41095890410958,2.4657534246575343,1.36986301369863,1.095890410958904,3.8356164383561646,1.36986301369863,2.4657534246575343,3.287671232876712
E00028170,406,357,17,7,10,13,3,10,19,87.93103448275862,4.1871921182266005,1.7241379310344827,2.4630541871921183,3.201970443349754,0.7389162561576355,2.4630541871921183,4.679802955665025
E00028171,373,334,14,10,4,12,4,8,13,89.54423592493298,3.753351206434316,2.680965147453083,1.0723860589812333,3.2171581769436997,1.0723860589812333,2.1447721179624666,3.485254691689008
E00028172,491,447,20,16,4,18,12,6,6,91.0386965376782,4.0733197556008145,3.2586558044806515,0.8146639511201629,3.6659877800407332,2.4439918533604885,1.2219959266802443,1.2219959266802443
E00028173,408,360,19,8,11,13,5,8,16,88.23529411764706,4.6568627450980395,1.9607843137254901,2.696078431372549,3.1862745098039214,1.2254901960784315,1.9607843137254901,3.9215686274509802
E00028174,230,211,5,2,3,4,1,3,10,91.73913043478261,2.1739130434782608,0.8695652173913043,1.3043478260869565,1.7391304347826086,0.43478260869565216,1.3043478260869565,4.3478260869565215
E00028176,261,235,14,9,5,7,1,6,5,90.03831417624522,5.363984674329502,3.4482758620689653,1.9157088122605364,2.681992337164751,0.38314176245210724,2.2988505747126435,1.9157088122605364
E00028177,253,232,11,9,2,5,3,2,5,91.699604743083,4.3478260869565215,3.557312252964427,0.7905138339920948,1.9762845849802373,1.185770750988142,0.7905138339920948,1.9762845849802373
E00028178,312,279,13,9,4,7,2,5,13,89.42307692307693,4.166666666666666,2.8846153846153846,1.282051282051282,2.2435897435897436,0.641025641025641,1.6025641025641024,4.166666666666666
E00028180,267,242,10,6,4,7,0,7,8,90.63670411985018,3.7453183520599254,2.247191011235955,1.4981273408239701,2.6217228464419478,0,2.6217228464419478,2.9962546816479403
E00028181,355,326,8,4,4,8,4,4,13,91.83098591549296,2.2535211267605635,1.1267605633802817,1.1267605633802817,2.2535211267605635,1.1267605633802817,1.1267605633802817,3.6619718309859155
E00028182,322,285,12,6,6,10,3,7,15,88.50931677018633,3.7267080745341614,1.8633540372670807,1.8633540372670807,3.1055900621118013,0.9316770186335404,2.1739130434782608,4.658385093167702
E00028183,331,303,10,9,1,7,4,3,11,91.54078549848943,3.0211480362537766,2.719033232628399,0.3021148036253776,2.1148036253776437,1.2084592145015105,0.906344410876133,3.3232628398791544
E00028184,220,207,1,0,1,7,2,5,5,94.0909090909091,0.45454545454545453,0,0.45454545454545453,3.1818181818181817,0.9090909090909091,2.272727272727273,2.272727272727273
E00028185,281,266,3,2,1,11,4,7,1,94.66192170818505,1.0676156583629894,0.7117437722419928,0.3558718861209964,3.9145907473309607,1.4234875444839856,2.491103202846975,0.3558718861209964
E00028186,371,331,12,8,4,17,9,8,11,89.21832884097036,3.234501347708895,2.15633423180593,1.078167115902965,4.5822102425876015,2.4258760107816713,2.15633423180593,2.964959568733154
E00028187,383,350,9,7,2,13,4,9,11,91.38381201044386,2.3498694516971277,1.8276762402088773,0.5221932114882507,3.3942558746736298,1.0443864229765014,2.3498694516971277,2.8720626631853787
E00028188,349,318,12,7,5,10,6,4,9,91.11747851002865,3.4383954154727796,2.005730659025788,1.4326647564469914,2.865329512893983,1.7191977077363898,1.146131805157593,2.5787965616045847
E00028189,264,245,4,4,0,10,3,7,5,92.8030303030303,1.5151515151515151,1.5151515151515151,0,3.787878787878788,1.1363636363636365,2.6515151515151514,1.893939393939394
E00028190,350,320,7,4,3,9,5,4,14,91.42857142857143,2,1.1428571428571428,0.8571428571428572,2.571428571428571,1.4285714285714286,1.1428571428571428,4
E00028191,311,278,17,13,4,5,2,3,11,89.38906752411575,5.466237942122187,4.180064308681672,1.2861736334405145,1.607717041800643,0.6430868167202572,0.964630225080386,3.536977491961415
E00028192,288,264,19,16,3,0,0,0,5,91.66666666666666,6.597222222222222,5.555555555555555,1.0416666666666665,0,0,0,1.7361111111111112
E00028193,276,245,16,12,4,6,3,3,9,88.76811594202898,5.797101449275362,4.3478260869565215,1.4492753623188406,2.1739130434782608,1.0869565217391304,1.0869565217391304,3.260869565217391
E00028194,295,270,17,16,1,3,1,2,5,91.52542372881356,5.762711864406779,5.423728813559322,0.3389830508474576,1.0169491525423728,0.3389830508474576,0.6779661016949152,1.694915254237288
E00028195,307,285,9,2,7,4,0,4,9,92.83387622149837,2.9315960912052117,0.6514657980456027,2.2801302931596092,1.3029315960912053,0,1.3029315960912053,2.9315960912052117
E00028196,274,252,15,7,8,6,4,2,1,91.970802919708035,5.474452554744526,2.5547445255474455,2.9197080291970803,2.18978102189781,1.4598540145985401,0.7299270072992701,0.36496350364963503
E00028197,333,296,14,13,1,12,8,4,11,88.88888888888889,4.2042042042042045,3.903903903903904,0.3003003003003003,3.6036036036036037,2.4024024024024024,1.2012012012012012,3.303303303303303
E00028198,378,348,24,18,6,4,0,4,2,92.06349206349206,6.349206349206349,4.761904761904762,1.5873015873015872,1.0582010582010581,0,1.0582010582010581,0.5291005291005291
E00028199,349,306,32,23,9,4,3,1,7,87.67908309455588,9.169054441260744,6.59025787965616,2.5787965616045847,1.146131805157593,0.8595988538681949,0.28653295128939826,2.005730659025788
E00028200,303,283,13,11,2,4,2,2,3,93.3993399339934,4.29042904290429,3.6303630363036308,0.6600660066006601,1.3201320132013201,0.6600660066006601,0.6600660066006601,0.9900990099009901
E00028201,319,284,16,10,6,8,5,3,11,89.0282131661442,5.015673981191222,3.1347962382445136,1.8808777429467085,2.507836990595611,1.5673981191222568,0.9404388714733543,3.4482758620689653
E00028202,324,288,25,19,6,5,3,2,6,88.88888888888889,7.716049382716049,5.864197530864197,1.8518518518518516,1.5432098765432098,0.9259259259259258,0.6172839506172839,1.8518518518518516
E00028203,301,268,18,12,6,4,3,1,11,89.03654485049833,5.980066445182724,3.9867109634551494,1.9933554817275747,1.3289036544850499,0.9966777408637874,0.33222591362126247,3.6544850498338874
E00028204,332,297,20,15,5,4,1,3,11,89.45783132530121,6.024096385542169,4.518072289156627,1.5060240963855422,1.2048192771084338,0.30120481927710846,0.9036144578313252,3.313253012048193
E00028205,390,340,25,21,4,13,8,5,12,87.17948717948718,6.41025641025641,5.384615384615385,1.0256410256410255,3.3333333333333335,2.051282051282051,1.282051282051282,3.076923076923077
E00028206,378,337,21,11,10,10,8,2,10,89.15343915343915,5.555555555555555,2.91005291005291,2.6455026455026456,2.6455026455026456,2.1164021164021163,0.5291005291005291,2.6455026455026456
E00028207,360,325,19,14,5,7,4,3,9,90.27777777777779,5.277777777777778,3.888888888888889,1.3888888888888888,1.9444444444444444,1.1111111111111112,0.8333333333333334,2.5
E00028208,330,298,19,15,4,5,2,3,8,90.30303030303031,5.757575757575758,4.545454545454546,1.2121212121212122,1.5151515151515151,0.6060606060606061,0.9090909090909091,2.4242424242424243
E00028209,252,234,10,8,2,4,3,1,4,92.85714285714286,3.968253968253968,3.1746031746031744,0.7936507936507936,1.5873015873015872,1.1904761904761905,0.3968253968253968,1.5873015873015872
E00028210,335,292,21,16,5,9,5,4,13,87.16417910447761,6.26865671641791,4.776119402985075,1.4925373134328357,2.6865671641791042,1.4925373134328357,1.1940298507462688,3.880597014925373
E00028211,227,213,8,5,3,2,0,2,4,93.83259911894272,3.524229074889868,2.2026431718061676,1.3215859030837005,0.881057268722467,0,0.881057268722467,1.762114537444934
E00028212,281,247,22,15,7,5,1,4,7,87.90035587188612,7.829181494661921,5.338078291814947,2.491103202846975,1.7793594306049825,0.3558718861209964,1.4234875444839856,2.491103202846975
E00028213,337,296,14,11,3,9,3,6,18,87.83382789317507,4.154302670623145,3.2640949554896146,0.8902077151335311,2.6706231454005933,0.8902077151335311,1.7804154302670623,5.341246290801187
E00028214,282,252,20,8,12,6,4,2,4,89.36170212765957,7.092198581560284,2.8368794326241136,4.25531914893617,2.127659574468085,1.4184397163120568,0.7092198581560284,1.4184397163120568
E00028215,314,286,10,7,3,5,2,3,13,91.0828025477707,3.1847133757961785,2.229299363057325,0.9554140127388535,1.5923566878980893,0.6369426751592357,0.9554140127388535,4.140127388535031
E00028216,400,359,20,16,4,4,0,4,17,89.75,5,4,1,1,0,1,4.25
E00028217,295,273,11,10,1,5,4,1,6,92.54237288135593,3.728813559322034,3.389830508474576,0.3389830508474576,1.694915254237288,1.3559322033898304,0.3389830508474576,2.0338983050847457
E00028218,328,291,23,16,7,8,4,4,6,88.71951219512195,7.01219512195122,4.878048780487805,2.1341463414634148,2.4390243902439024,1.2195121951219512,1.2195121951219512,1.8292682926829267
E00028219,287,252,22,16,6,8,6,2,5,87.8048780487805,7.665505226480835,5.574912891986063,2.0905923344947737,2.7874564459930316,2.0905923344947737,0.6968641114982579,1.7421602787456445
E00028220,285,259,10,5,5,7,4,3,9,90.87719298245615,3.508771929824561,1.7543859649122806,1.7543859649122806,2.456140350877193,1.4035087719298245,1.0526315789473684,3.1578947368421053
E00028221,252,233,13,10,3,0,0,0,6,92.46031746031747,5.158730158730158,3.968253968253968,1.1904761904761905,0,0,0,2.380952380952381
E00028222,279,263,12,7,5,1,1,0,3,94.26523297491039,4.301075268817205,2.5089605734767026,1.7921146953405016,0.35842293906810035,0.35842293906810035,0,1.0752688172043012
E00028223,278,256,14,8,6,2,1,1,6,92.08633093525181,5.0359712230215825,2.877697841726619,2.158273381294964,0.7194244604316548,0.3597122302158274,0.3597122302158274,2.158273381294964
E00028224,406,374,26,24,2,2,1,1,4,92.11822660098522,6.403940886699508,5.911330049261084,0.49261083743842365,0.49261083743842365,0.24630541871921183,0.24630541871921183,0.9852216748768473
E00028225,275,252,10,7,3,5,2,3,8,91.63636363636364,3.6363636363636362,2.5454545454545454,1.090909090909091,1.8181818181818181,0.7272727272727273,1.090909090909091,2.909090909090909
E00028226,187,169,9,5,4,4,2,2,5,90.37433155080214,4.81283422459893,2.6737967914438503,2.13903743315508,2.13903743315508,1.06951871657754,1.06951871657754,2.6737967914438503
E00028227,117,112,3,3,0,2,1,1,0,95.72649572649573,2.564102564102564,2.564102564102564,0,1.7094017094017095,0.8547008547008548,0.8547008547008548,0
E00028228,238,219,11,9,2,4,1,3,4,92.01680672268907,4.621848739495799,3.7815126050420167,0.8403361344537815,1.680672268907563,0.42016806722689076,1.2605042016806722,1.680672268907563
E00028229,251,231,11,9,2,3,2,1,6,92.03187250996015,4.382470119521913,3.5856573705179287,0.796812749003984,1.1952191235059761,0.796812749003984,0.398406374501992,2.3904382470119523
E00028230,437,401,14,8,6,14,6,8,8,91.76201372997713,3.203661327231121,1.8306636155606408,1.3729977116704806,3.203661327231121,1.3729977116704806,1.8306636155606408,1.8306636155606408
E00028231,468,426,12,11,1,13,6,7,17,91.02564102564102,2.564102564102564,2.3504273504273505,0.2136752136752137,2.7777777777777777,1.282051282051282,1.4957264957264957,3.632478632478633
E00028232,400,369,11,4,7,10,7,3,10,92.25,2.75,1,1.7500000000000002,2.5,1.7500000000000002,0.75,2.5
E00028233,352,323,4,4,0,10,6,4,15,91.76136363636364,1.1363636363636365,1.1363636363636365,0,2.840909090909091,1.7045454545454544,1.1363636363636365,4.261363636363636
E00028235,123,117,3,3,0,2,1,1,1,95.1219512195122,2.4390243902439024,2.4390243902439024,0,1.6260162601626018,0.8130081300813009,0.8130081300813009,0.8130081300813009
E00028236,418,383,7,5,2,15,4,11,13,91.6267942583732,1.674641148325359,1.1961722488038278,0.4784688995215311,3.588516746411483,0.9569377990430622,2.631578947368421,3.110047846889952
E00028237,255,239,7,5,2,6,2,4,3,93.72549019607843,2.7450980392156863,1.9607843137254901,0.7843137254901961,2.3529411764705883,0.7843137254901961,1.5686274509803921,1.1764705882352942
E00028238,240,216,5,3,2,10,3,7,9,90,2.083333333333333,1.25,0.8333333333333334,4.166666666666666,1.25,2.9166666666666665,3.75
E00028239,379,351,5,3,2,10,4,6,13,92.61213720316623,1.3192612137203166,0.79155672823219,0.5277044854881267,2.638522427440633,1.0554089709762533,1.58311345646438,3.430079155672823
E00028240,233,206,12,10,2,10,4,6,5,88.41201716738198,5.150214592274678,4.291845493562231,0.8583690987124464,4.291845493562231,1.7167381974248928,2.575107296137339,2.1459227467811157
E00028241,393,362,10,3,7,11,7,4,10,92.1119592875318,2.5445292620865136,0.7633587786259541,1.7811704834605597,2.7989821882951653,1.7811704834605597,1.0178117048346056,2.5445292620865136
E00028242,418,380,17,12,5,11,6,5,10,90.9090909090909,4.0669856459330145,2.8708133971291865,1.1961722488038278,2.631578947368421,1.4354066985645932,1.1961722488038278,2.3923444976076556
E00028243,415,395,7,6,1,8,1,7,5,95.18072289156626,1.6867469879518073,1.4457831325301205,0.24096385542168677,1.9277108433734942,0.24096385542168677,1.6867469879518073,1.2048192771084338
E00028244,436,400,16,9,7,12,4,8,8,91.74311926605505,3.669724770642202,2.064220183486239,1.6055045871559634,2.7522935779816518,0.9174311926605505,1.834862385321101,1.834862385321101
E00028245,313,301,2,2,0,5,3,2,5,96.1661341853035,0.6389776357827476,0.6389776357827476,0,1.5974440894568689,0.9584664536741214,0.6389776357827476,1.5974440894568689
E00028246,431,401,9,4,5,8,3,5,13,93.03944315545245,2.088167053364269,0.9280742459396751,1.160092807424594,1.8561484918793503,0.6960556844547563,1.160092807424594,3.0162412993039442
E00028247,510,460,19,14,5,14,7,7,17,90.19607843137256,3.7254901960784315,2.7450980392156863,0.9803921568627451,2.7450980392156863,1.3725490196078431,1.3725490196078431,3.3333333333333335
E00028248,413,383,9,3,6,4,2,2,17,92.7360774818402,2.1791767554479415,0.7263922518159807,1.4527845036319613,0.9685230024213075,0.48426150121065376,0.48426150121065376,4.116222760290557
E00028249,289,264,3,3,0,7,3,4,15,91.34948096885813,1.0380622837370241,1.0380622837370241,0,2.422145328719723,1.0380622837370241,1.384083044982699,5.190311418685121
E00028250,500,465,8,4,4,15,8,7,12,93,1.6,0.8,0.8,3,1.6,1.4000000000000001,2.4
E00028251,343,304,18,8,10,10,4,6,11,88.62973760932945,5.247813411078718,2.3323615160349855,2.9154518950437316,2.9154518950437316,1.1661807580174928,1.749271137026239,3.206997084548105
E00028252,362,336,6,4,2,15,8,7,5,92.81767955801105,1.6574585635359116,1.1049723756906076,0.5524861878453038,4.143646408839778,2.209944751381215,1.9337016574585635,1.3812154696132597
E00028253,328,300,7,3,4,14,6,8,7,91.46341463414635,2.1341463414634148,0.9146341463414633,1.2195121951219512,4.2682926829268295,1.8292682926829267,2.4390243902439024,2.1341463414634148
E00028254,301,277,10,6,4,7,3,4,7,92.02657807308971,3.322259136212625,1.9933554817275747,1.3289036544850499,2.3255813953488373,0.9966777408637874,1.3289036544850499,2.3255813953488373
E00028255,284,260,12,7,5,9,4,5,3,91.54929577464789,4.225352112676056,2.464788732394366,1.7605633802816902,3.169014084507042,1.4084507042253522,1.7605633802816902,1.056338028169014
E00028256,278,259,12,7,5,4,1,3,3,93.16546762589928,4.316546762589928,2.5179856115107913,1.7985611510791366,1.4388489208633095,0.3597122302158274,1.079136690647482,1.079136690647482
E00028257,406,364,14,8,6,17,7,10,11,89.65517241379311,3.4482758620689653,1.9704433497536946,1.477832512315271,4.1871921182266005,1.7241379310344827,2.4630541871921183,2.70935960591133
E00028258,424,392,9,8,1,10,4,6,13,92.45283018867924,2.1226415094339623,1.8867924528301887,0.2358490566037736,2.358490566037736,0.9433962264150944,1.4150943396226416,3.0660377358490565
E00028259,415,389,10,6,4,7,0,7,9,93.73493975903614,2.4096385542168677,1.4457831325301205,0.9638554216867471,1.6867469879518073,0,1.6867469879518073,2.1686746987951806
E00028260,411,374,16,6,10,16,5,11,5,90.99756690997567,3.8929440389294405,1.4598540145985401,2.4330900243309004,3.8929440389294405,1.2165450121654502,2.67639902676399,1.2165450121654502
E00028261,377,334,13,8,5,13,7,6,17,88.59416445623343,3.4482758620689653,2.122015915119363,1.3262599469496021,3.4482758620689653,1.8567639257294428,1.5915119363395225,4.509283819628647
E00028262,297,267,8,5,3,4,2,2,18,89.8989898989899,2.6936026936026933,1.6835016835016834,1.0101010101010102,1.3468013468013467,0.6734006734006733,0.6734006734006733,6.0606060606060606
E00028263,319,294,2,1,1,9,3,6,14,92.16300940438872,0.6269592476489028,0.3134796238244514,0.3134796238244514,2.8213166144200628,0.9404388714733543,1.8808777429467085,4.38871473354232
E00028264,407,373,7,3,4,11,4,7,16,91.64619164619164,1.71990171990172,0.7371007371007371,0.9828009828009828,2.7027027027027026,0.9828009828009828,1.71990171990172,3.9312039312039313
E00028265,282,255,5,4,1,9,3,6,13,90.42553191489363,1.773049645390071,1.4184397163120568,0.3546099290780142,3.1914893617021276,1.0638297872340425,2.127659574468085,4.609929078014184
E00028266,157,144,2,2,0,7,4,3,4,91.71974522292994,1.2738853503184715,1.2738853503184715,0,4.45859872611465,2.547770700636943,1.910828025477707,2.547770700636943
E00028267,328,303,15,8,7,2,1,1,8,92.3780487804878,4.573170731707317,2.4390243902439024,2.1341463414634148,0.6097560975609756,0.3048780487804878,0.3048780487804878,2.4390243902439024
E00028268,400,335,19,14,5,20,6,14,26,83.75,4.75,3.5000000000000004,1.25,5,1.5,3.5000000000000004,6.5
E00028269,384,346,14,10,4,8,5,3,16,90.10416666666666,3.6458333333333335,2.604166666666667,1.0416666666666665,2.083333333333333,1.3020833333333335,0.78125,4.166666666666666
E00028270,310,279,16,15,1,5,1,4,10,90,5.161290322580645,4.838709677419355,0.3225806451612903,1.6129032258064515,0.3225806451612903,1.2903225806451613,3.225806451612903
E00028271,235,208,9,3,6,10,4,6,8,88.51063829787233,3.829787234042553,1.276595744680851,2.553191489361702,4.25531914893617,1.702127659574468,2.553191489361702,3.404255319148936
E00028272,267,240,17,11,6,5,4,1,5,89.8876404494382,6.367041198501873,4.119850187265917,2.247191011235955,1.8726591760299627,1.4981273408239701,0.37453183520599254,1.8726591760299627
E00028273,498,466,10,8,2,7,4,3,15,93.57429718875501,2.0080321285140563,1.6064257028112447,0.4016064257028112,1.4056224899598393,0.8032128514056224,0.6024096385542169,3.0120481927710845
E00028274,506,460,11,8,3,9,3,6,26,90.9090909090909,2.1739130434782608,1.5810276679841897,0.592885375494071,1.7786561264822136,0.592885375494071,1.185770750988142,5.138339920948617
E00028275,212,188,12,7,5,8,2,6,4,88.67924528301887,5.660377358490567,3.30188679245283,2.358490566037736,3.7735849056603774,0.9433962264150944,2.8301886792452833,1.8867924528301887
E00028276,352,325,11,7,4,6,3,3,10,92.32954545454545,3.125,1.9886363636363635,1.1363636363636365,1.7045454545454544,0.8522727272727272,0.8522727272727272,2.840909090909091
E00028277,329,301,7,6,1,13,9,4,8,91.48936170212765,2.127659574468085,1.82370820668693,0.303951367781155,3.951367781155015,2.735562310030395,1.21580547112462,2.43161094224924
E00028278,372,341,5,4,1,5,2,3,21,91.66666666666666,1.3440860215053763,1.0752688172043012,0.2688172043010753,1.3440860215053763,0.5376344086021506,0.8064516129032258,5.64516129032258
E00028279,401,365,11,9,2,9,4,5,16,91.02244389027432,2.7431421446384037,2.2443890274314215,0.4987531172069825,2.2443890274314215,0.997506234413965,1.2468827930174564,3.99002493765586
E00028280,369,339,9,7,2,8,2,6,13,91.869918699187,2.4390243902439024,1.8970189701897018,0.5420054200542005,2.168021680216802,0.5420054200542005,1.6260162601626018,3.523035230352303
E00028281,225,209,8,7,1,4,2,2,4,92.88888888888889,3.5555555555555554,3.111111111111111,0.4444444444444444,1.7777777777777777,0.8888888888888888,0.8888888888888888,1.7777777777777777
E00028282,207,188,10,7,3,5,1,4,4,90.82125603864735,4.830917874396135,3.3816425120772946,1.4492753623188406,2.4154589371980677,0.4830917874396135,1.932367149758454,1.932367149758454
E00028283,195,177,8,8,0,5,4,1,5,90.76923076923077,4.102564102564102,4.102564102564102,0,2.564102564102564,2.051282051282051,0.5128205128205128,2.564102564102564
E00028284,335,299,22,17,5,4,4,0,10,89.25373134328358,6.567164179104477,5.074626865671641,1.4925373134328357,1.1940298507462688,1.1940298507462688,0,2.9850746268656714
E00028285,376,329,32,19,13,10,8,2,5,87.5,8.51063829787234,5.053191489361701,3.4574468085106385,2.6595744680851063,2.127659574468085,0.5319148936170213,1.3297872340425532
E00028286,189,166,9,5,4,6,1,5,8,87.83068783068782,4.761904761904762,2.6455026455026456,2.1164021164021163,3.1746031746031744,0.5291005291005291,2.6455026455026456,4.232804232804233
E00028287,247,222,12,9,3,2,0,2,11,89.87854251012146,4.8582995951417,3.643724696356275,1.214574898785425,0.8097165991902834,0,0.8097165991902834,4.4534412955465585
E00028288,316,276,18,11,7,13,7,6,9,87.34177215189874,5.69620253164557,3.481012658227848,2.2151898734177213,4.113924050632911,2.2151898734177213,1.89873417721519,2.848101265822785
E00028289,269,231,18,6,12,8,4,4,12,85.87360594795538,6.691449814126393,2.2304832713754648,4.4609665427509295,2.973977695167286,1.486988847583643,1.486988847583643,4.4609665427509295
E00028290,253,224,15,12,3,7,3,4,7,88.53754940711462,5.928853754940711,4.743083003952568,1.185770750988142,2.766798418972332,1.185770750988142,1.5810276679841897,2.766798418972332
E00028291,219,195,10,6,4,7,5,2,7,89.04109589041096,4.5662100456621,2.73972602739726,1.82648401826484,3.1963470319634704,2.28310502283105,0.91324200913242,3.1963470319634704
E00028292,470,432,19,10,9,9,6,3,10,91.91489361702128,4.042553191489362,2.127659574468085,1.9148936170212765,1.9148936170212765,1.276595744680851,0.6382978723404255,2.127659574468085
E00028293,299,281,8,5,3,3,1,2,7,93.9799331103679,2.6755852842809364,1.6722408026755853,1.0033444816053512,1.0033444816053512,0.33444816053511706,0.6688963210702341,2.341137123745819
E00028294,179,169,6,5,1,2,1,1,2,94.41340782122904,3.35195530726257,2.793296089385475,0.5586592178770949,1.1173184357541899,0.5586592178770949,0.5586592178770949,1.1173184357541899
E00028295,210,189,12,7,5,3,2,1,6,90,5.714285714285714,3.3333333333333335,2.380952380952381,1.4285714285714286,0.9523809523809524,0.4761904761904762,2.857142857142857
E00028296,280,255,13,9,4,5,4,1,7,91.07142857142857,4.642857142857143,3.214285714285714,1.4285714285714286,1.7857142857142856,1.4285714285714286,0.35714285714285715,2.5
E00028297,403,376,13,5,8,9,3,6,5,93.30024813895783,3.225806451612903,1.240694789081886,1.9851116625310175,2.2332506203473943,0.7444168734491315,1.488833746898263,1.240694789081886
E00028298,276,243,23,13,10,3,1,2,7,88.04347826086956,8.333333333333332,4.710144927536232,3.6231884057971016,1.0869565217391304,0.36231884057971014,0.7246376811594203,2.536231884057971
E00028299,211,188,10,6,4,5,2,3,8,89.0995260663507,4.739336492890995,2.843601895734597,1.8957345971563981,2.3696682464454977,0.9478672985781991,1.4218009478672986,3.7914691943127963
E00028300,480,433,24,19,5,12,7,5,11,90.20833333333333,5,3.958333333333333,1.0416666666666665,2.5,1.4583333333333333,1.0416666666666665,2.2916666666666665
E00028301,273,237,12,10,2,15,6,9,9,86.81318681318682,4.395604395604396,3.6630036630036633,0.7326007326007326,5.4945054945054945,2.197802197802198,3.296703296703297,3.296703296703297
E00028302,298,255,20,16,4,10,4,6,13,85.57046979865773,6.7114093959731544,5.369127516778524,1.342281879194631,3.3557046979865772,1.342281879194631,2.013422818791946,4.3624161073825505
E00028304,278,250,14,9,5,8,6,2,6,89.92805755395683,5.0359712230215825,3.237410071942446,1.7985611510791366,2.877697841726619,2.158273381294964,0.7194244604316548,2.158273381294964
E00028305,252,223,17,15,2,3,3,0,9,88.4920634920635,6.746031746031746,5.952380952380952,0.7936507936507936,1.1904761904761905,1.1904761904761905,0,3.571428571428571
E00028307,400,372,16,9,7,4,0,4,8,93,4,2.25,1.7500000000000002,1,0,1,2
E00028308,222,202,6,5,1,7,4,3,7,90.990990990991,2.7027027027027026,2.2522522522522523,0.45045045045045046,3.153153153153153,1.8018018018018018,1.3513513513513513,3.153153153153153
E00028309,285,256,15,6,9,4,2,2,10,89.82456140350877,5.263157894736842,2.1052631578947367,3.1578947368421053,1.4035087719298245,0.7017543859649122,0.7017543859649122,3.508771929824561
E00028311,335,301,13,9,4,10,5,5,11,89.8507462686567,3.880597014925373,2.6865671641791042,1.1940298507462688,2.9850746268656714,1.4925373134328357,1.4925373134328357,3.2835820895522385
E00028312,343,307,20,13,7,8,3,5,8,89.50437317784257,5.830903790087463,3.7900874635568513,2.0408163265306123,2.3323615160349855,0.8746355685131195,1.4577259475218658,2.3323615160349855
E00028313,399,367,6,3,3,12,7,5,14,91.97994987468672,1.5037593984962405,0.7518796992481203,0.7518796992481203,3.007518796992481,1.7543859649122806,1.2531328320802004,3.508771929824561
E00028314,335,303,16,10,6,7,3,4,9,90.44776119402985,4.776119402985075,2.9850746268656714,1.791044776119403,2.0895522388059704,0.8955223880597015,1.1940298507462688,2.6865671641791042
E00028315,142,132,7,4,3,2,1,1,1,92.95774647887323,4.929577464788732,2.8169014084507045,2.112676056338028,1.4084507042253522,0.7042253521126761,0.7042253521126761,0.7042253521126761
E00028316,169,158,7,5,2,1,0,1,3,93.49112426035504,4.142011834319527,2.9585798816568047,1.183431952662722,0.591715976331361,0,0.591715976331361,1.7751479289940828
E00028317,121,112,3,3,0,4,0,4,2,92.56198347107438,2.479338842975207,2.479338842975207,0,3.3057851239669422,0,3.3057851239669422,1.6528925619834711
E00028318,320,291,7,2,5,10,8,2,12,90.9375,2.1875,0.625,1.5625,3.125,2.5,0.625,3.75
E00028319,189,168,9,3,6,4,2,2,8,88.88888888888889,4.761904761904762,1.5873015873015872,3.1746031746031744,2.1164021164021163,1.0582010582010581,1.0582010582010581,4.232804232804233
E00028320,339,310,11,9,2,4,2,2,14,91.44542772861357,3.2448377581120944,2.6548672566371683,0.5899705014749262,1.1799410029498525,0.5899705014749262,0.5899705014749262,4.129793510324483
E00028321,268,245,9,6,3,4,1,3,10,91.4179104477612,3.3582089552238807,2.2388059701492535,1.1194029850746268,1.4925373134328357,0.3731343283582089,1.1194029850746268,3.731343283582089
E00028322,266,238,14,11,3,8,3,5,6,89.47368421052632,5.263157894736842,4.135338345864661,1.1278195488721803,3.007518796992481,1.1278195488721803,1.8796992481203008,2.2556390977443606
E00028323,317,293,11,9,2,6,3,3,7,92.42902208201893,3.4700315457413247,2.8391167192429023,0.6309148264984227,1.8927444794952681,0.9463722397476341,0.9463722397476341,2.2082018927444795
E00028324,340,304,16,11,5,6,4,2,14,89.41176470588236,4.705882352941177,3.2352941176470593,1.4705882352941175,1.7647058823529411,1.1764705882352942,0.5882352941176471,4.117647058823529
E00028325,283,245,22,17,5,8,5,3,8,86.57243816254417,7.773851590106007,6.007067137809187,1.76678445229682,2.8268551236749118,1.76678445229682,1.0600706713780919,2.8268551236749118
E00028327,270,248,10,6,4,7,5,2,5,91.85185185185185,3.7037037037037033,2.2222222222222223,1.4814814814814816,2.5925925925925926,1.8518518518518516,0.7407407407407408,1.8518518518518516
E00172361,361,332,11,7,4,12,8,4,6,91.96675900277008,3.0470914127423825,1.9390581717451523,1.10803324099723,3.32409972299169,2.21606648199446,1.10803324099723,1.662049861495845
E00172362,312,293,8,6,2,5,1,4,6,93.91025641025641,2.564102564102564,1.9230769230769231,0.641025641025641,1.6025641025641024,0.3205128205128205,1.282051282051282,1.9230769230769231
E00172363,556,525,13,11,2,5,0,5,13,94.42446043165468,2.338129496402878,1.9784172661870503,0.3597122302158274,0.8992805755395683,0,0.8992805755395683,2.338129496402878
E00172364,365,327,8,2,6,12,3,9,18,89.58904109589041,2.191780821917808,0.547945205479452,1.643835616438356,3.287671232876712,0.821917808219178,2.4657534246575343,4.931506849315069
E00172365,276,246,12,6,6,12,3,9,6,89.13043478260869,4.3478260869565215,2.1739130434782608,2.1739130434782608,4.3478260869565215,1.0869565217391304,3.260869565217391,2.1739130434782608
E00172366,271,248,11,1,10,6,2,4,6,91.5129151291513,4.059040590405904,0.36900369003690037,3.6900369003690034,2.214022140221402,0.7380073800738007,1.4760147601476015,2.214022140221402
E00172367,340,315,16,12,4,4,3,1,5,92.64705882352942,4.705882352941177,3.5294117647058822,1.1764705882352942,1.1764705882352942,0.8823529411764706,0.29411764705882354,1.4705882352941175
E00172368,460,410,28,21,7,9,5,4,13,89.13043478260869,6.086956521739131,4.565217391304348,1.5217391304347827,1.956521739130435,1.0869565217391304,0.8695652173913043,2.8260869565217392
E00172369,379,357,12,6,6,5,3,2,5,94.1952506596306,3.16622691292876,1.58311345646438,1.58311345646438,1.3192612137203166,0.79155672823219,0.5277044854881267,1.3192612137203166
E00172370,298,279,9,6,3,3,3,0,7,93.6241610738255,3.0201342281879198,2.013422818791946,1.006711409395973,1.006711409395973,1.006711409395973,0,2.348993288590604
E00172371,158,142,11,7,4,3,0,3,2,89.87341772151899,6.962025316455696,4.430379746835443,2.5316455696202533,1.89873417721519,0,1.89873417721519,1.2658227848101267
E00181718,131,116,4,2,2,4,2,2,7,88.54961832061069,3.0534351145038165,1.5267175572519083,1.5267175572519083,3.0534351145038165,1.5267175572519083,1.5267175572519083,5.343511450381679
E00181719,251,219,18,9,9,5,2,3,9,87.25099601593625,7.171314741035857,3.5856573705179287,3.5856573705179287,1.9920318725099602,0.796812749003984,1.1952191235059761,3.5856573705179287
E00181724,396,389,2,2,0,3,3,0,2,98.23232323232324,0.5050505050505051,0.5050505050505051,0,0.7575757575757576,0.7575757575757576,0,0.5050505050505051
E00181725,265,249,6,6,0,4,3,1,6,93.9622641509434,2.2641509433962264,2.2641509433962264,0,1.509433962264151,1.1320754716981132,0.37735849056603776,2.2641509433962264
E00181726,276,259,8,5,3,2,1,1,7,93.84057971014492,2.898550724637681,1.8115942028985508,1.0869565217391304,0.7246376811594203,0.36231884057971014,0.36231884057971014,2.536231884057971
E00181731,224,208,7,5,2,5,1,4,4,92.85714285714286,3.125,2.232142857142857,0.8928571428571428,2.232142857142857,0.4464285714285714,1.7857142857142856,1.7857142857142856
E00181735,340,321,10,7,3,3,3,0,6,94.41176470588235,2.941176470588235,2.0588235294117645,0.8823529411764706,0.8823529411764706,0.8823529411764706,0,1.7647058823529411
E00181740,343,308,9,6,3,12,3,9,14,89.79591836734694,2.623906705539359,1.749271137026239,0.8746355685131195,3.498542274052478,0.8746355685131195,2.623906705539359,4.081632653061225
E00181741,561,525,18,15,3,9,7,2,9,93.58288770053476,3.2085561497326207,2.6737967914438503,0.53475935828877,1.6042780748663104,1.2477718360071302,0.35650623885918004,1.6042780748663104
E00181743,119,110,8,6,2,0,0,0,1,92.43697478991596,6.722689075630252,5.042016806722689,1.680672268907563,0,0,0,0.8403361344537815
E00181745,271,246,14,13,1,2,2,0,9,90.7749077490775,5.166051660516605,4.797047970479705,0.36900369003690037,0.7380073800738007,0.7380073800738007,0,3.3210332103321036
E00181750,298,277,10,6,4,6,1,5,5,92.9530201342282,3.3557046979865772,2.013422818791946,1.342281879194631,2.013422818791946,0.33557046979865773,1.6778523489932886,1.6778523489932886
E00181752,506,461,17,8,9,15,4,11,13,91.10671936758892,3.3596837944664033,1.5810276679841897,1.7786561264822136,2.9644268774703555,0.7905138339920948,2.1739130434782608,2.5691699604743086
E00181757,154,147,1,1,0,2,1,1,4,95.45454545454545,0.6493506493506493,0.6493506493506493,0,1.2987012987012987,0.6493506493506493,0.6493506493506493,2.5974025974025974
E00181759,467,441,10,6,4,9,5,4,7,94.43254817987152,2.141327623126338,1.284796573875803,0.8565310492505354,1.9271948608137044,1.070663811563169,0.8565310492505354,1.4989293361884368
E00181760,271,249,7,6,1,8,2,6,7,91.88191881918819,2.5830258302583027,2.214022140221402,0.36900369003690037,2.952029520295203,0.7380073800738007,2.214022140221402,2.5830258302583027
E00181761,159,146,1,1,0,2,1,1,10,91.82389937106919,0.628930817610063,0.628930817610063,0,1.257861635220126,0.628930817610063,0.628930817610063,6.289308176100629
E00181764,269,259,6,4,2,1,0,1,3,96.28252788104089,2.2304832713754648,1.486988847583643,0.7434944237918215,0.37174721189591076,0,0.37174721189591076,1.1152416356877324
E00181767,172,157,0,0,0,2,0,2,13,91.27906976744185,0,0,0,1.1627906976744187,0,1.1627906976744187,7.55813953488372
E00181768,331,314,9,7,2,3,0,3,5,94.86404833836858,2.719033232628399,2.1148036253776437,0.6042296072507553,0.906344410876133,0,0.906344410876133,1.5105740181268883
E00181770,270,245,16,10,6,0,0,0,9,90.74074074074075,5.9259259259259265,3.7037037037037033,2.2222222222222223,0,0,0,3.3333333333333335
E00181781,252,243,4,3,1,5,2,3,0,96.42857142857143,1.5873015873015872,1.1904761904761905,0.3968253968253968,1.984126984126984,0.7936507936507936,1.1904761904761905,0
E00181782,297,277,1,1,0,10,4,6,9,93.26599326599326,0.33670033670033667,0.33670033670033667,0,3.3670033670033668,1.3468013468013467,2.0202020202020203,3.0303030303030303
E00181785,413,383,19,13,6,8,3,5,3,92.7360774818402,4.600484261501211,3.14769975786925,1.4527845036319613,1.937046004842615,0.7263922518159807,1.2106537530266344,0.7263922518159807
E00181789,494,455,13,7,6,9,3,6,17,92.10526315789474,2.631578947368421,1.417004048582996,1.214574898785425,1.8218623481781375,0.6072874493927125,1.214574898785425,3.4412955465587043
E00181798,537,493,24,17,7,9,3,6,11,91.80633147113593,4.4692737430167595,3.165735567970205,1.303538175046555,1.675977653631285,0.5586592178770949,1.1173184357541899,2.0484171322160147
E00181802,389,368,13,12,1,6,3,3,2,94.60154241645245,3.3419023136246784,3.0848329048843186,0.2570694087403599,1.5424164524421593,0.7712082262210797,0.7712082262210797,0.5141388174807198
E00181806,362,310,14,7,7,9,3,6,29,85.6353591160221,3.867403314917127,1.9337016574585635,1.9337016574585635,2.4861878453038675,0.8287292817679558,1.6574585635359116,8.011049723756907
E00181810,240,219,15,13,2,3,2,1,3,91.25,6.25,5.416666666666667,0.8333333333333334,1.25,0.8333333333333334,0.4166666666666667,1.25
E00181818,137,122,5,3,2,4,1,3,6,89.05109489051095,3.64963503649635,2.18978102189781,1.4598540145985401,2.9197080291970803,0.7299270072992701,2.18978102189781,4.37956204379562
E00181821,144,135,2,2,0,3,2,1,4,93.75,1.3888888888888888,1.3888888888888888,0,2.083333333333333,1.3888888888888888,0.6944444444444444,2.7777777777777777
