OA,ts0390001,ts0390002,ts0390003,ts0390004,ts0390005,ts0390006,ts0390007,ts0390008,ts0390009,ts0390002_PCT,ts0390003_PCT,ts0390004_PCT,ts0390005_PCT,ts0390006_PCT,ts0390007_PCT,ts0390008_PCT,ts0390009_PCT
E00101450,345,323,11,8,3,2,2,0,9,93.6231884057971,3.1884057971014492,2.318840579710145,0.8695652173913043,0.5797101449275363,0.5797101449275363,0,2.608695652173913
E00101451,252,226,18,15,3,7,2,5,1,89.68253968253968,7.142857142857142,5.952380952380952,1.1904761904761905,2.7777777777777777,0.7936507936507936,1.984126984126984,0.3968253968253968
E00101452,295,268,18,13,5,4,0,4,5,90.84745762711864,6.101694915254238,4.406779661016949,1.694915254237288,1.3559322033898304,0,1.3559322033898304,1.694915254237288
E00101453,260,233,18,14,4,5,3,2,4,89.61538461538461,6.923076923076923,5.384615384615385,1.5384615384615385,1.9230769230769231,1.153846153846154,0.7692307692307693,1.5384615384615385
E00101455,357,333,13,9,4,4,1,3,7,93.27731092436974,3.6414565826330536,2.5210084033613445,1.1204481792717087,1.1204481792717087,0.2801120448179272,0.8403361344537815,1.9607843137254901
E00101456,353,321,11,7,4,9,5,4,12,90.93484419263456,3.1161473087818696,1.9830028328611897,1.13314447592068,2.5495750708215295,1.41643059490085,1.13314447592068,3.39943342776204
E00101457,465,425,25,21,4,6,2,4,9,91.39784946236558,5.376344086021505,4.516129032258064,0.8602150537634409,1.2903225806451613,0.43010752688172044,0.8602150537634409,1.935483870967742
E00101458,251,232,10,9,1,4,1,3,5,92.43027888446214,3.9840637450199203,3.5856573705179287,0.398406374501992,1.593625498007968,0.398406374501992,1.1952191235059761,1.9920318725099602
E00101459,282,258,13,12,1,4,2,2,7,91.48936170212765,4.609929078014184,4.25531914893617,0.3546099290780142,1.4184397163120568,0.7092198581560284,0.7092198581560284,2.4822695035460995
E00101460,252,221,17,10,7,8,4,4,6,87.6984126984127,6.746031746031746,3.968253968253968,2.7777777777777777,3.1746031746031744,1.5873015873015872,1.5873015873015872,2.380952380952381
E00101461,222,203,11,9,2,5,4,1,3,91.44144144144144,4.954954954954955,4.054054054054054,0.9009009009009009,2.2522522522522523,1.8018018018018018,0.45045045045045046,1.3513513513513513
E00101462,208,189,8,8,0,5,3,2,6,90.86538461538461,3.8461538461538463,3.8461538461538463,0,2.403846153846154,1.4423076923076923,0.9615384615384616,2.8846153846153846
E00101463,171,150,10,5,5,8,3,5,3,87.71929824561403,5.847953216374268,2.923976608187134,2.923976608187134,4.678362573099415,1.7543859649122806,2.923976608187134,1.7543859649122806
E00101464,265,236,11,7,4,8,0,8,10,89.05660377358491,4.150943396226415,2.6415094339622645,1.509433962264151,3.018867924528302,0,3.018867924528302,3.7735849056603774
E00101465,372,333,16,13,3,12,5,7,11,89.51612903225806,4.301075268817205,3.494623655913978,0.8064516129032258,3.225806451612903,1.3440860215053763,1.881720430107527,2.956989247311828
E00101466,256,229,16,14,2,1,0,1,10,89.453125,6.25,5.46875,0.78125,0.390625,0,0.390625,3.90625
E00101467,412,365,27,23,4,6,4,2,14,88.59223300970875,6.553398058252427,5.582524271844661,0.9708737864077669,1.4563106796116505,0.9708737864077669,0.48543689320388345,3.3980582524271843
E00101468,328,298,20,18,2,4,3,1,6,90.85365853658537,6.097560975609756,5.487804878048781,0.6097560975609756,1.2195121951219512,0.9146341463414633,0.3048780487804878,1.8292682926829267
E00101469,134,109,17,10,7,3,1,2,5,81.34328358208955,12.686567164179104,7.462686567164178,5.223880597014925,2.2388059701492535,0.7462686567164178,1.4925373134328357,3.731343283582089
E00101470,182,169,8,8,0,2,1,1,3,92.85714285714286,4.395604395604396,4.395604395604396,0,1.098901098901099,0.5494505494505495,0.5494505494505495,1.6483516483516485
E00101471,277,251,15,12,3,6,4,2,5,90.61371841155234,5.415162454873646,4.332129963898916,1.083032490974729,2.166064981949458,1.444043321299639,0.7220216606498195,1.8050541516245486
E00101472,271,237,16,11,5,7,4,3,11,87.4538745387454,5.904059040590406,4.059040590405904,1.8450184501845017,2.5830258302583027,1.4760147601476015,1.107011070110701,4.059040590405904
E00101473,379,342,31,24,7,2,0,2,4,90.23746701846966,8.179419525065963,6.33245382585752,1.8469656992084433,0.5277044854881267,0,0.5277044854881267,1.0554089709762533
E00101474,369,337,19,12,7,5,2,3,8,91.32791327913279,5.149051490514905,3.2520325203252036,1.8970189701897018,1.3550135501355014,0.5420054200542005,0.8130081300813009,2.168021680216802
E00101475,259,240,8,7,1,5,1,4,6,92.66409266409266,3.088803088803089,2.7027027027027026,0.3861003861003861,1.9305019305019304,0.3861003861003861,1.5444015444015444,2.3166023166023164
E00101476,294,270,10,6,4,4,0,4,10,91.83673469387756,3.4013605442176873,2.0408163265306123,1.3605442176870748,1.3605442176870748,0,1.3605442176870748,3.4013605442176873
E00101477,105,91,9,6,3,5,3,2,0,86.66666666666667,8.571428571428571,5.714285714285714,2.857142857142857,4.761904761904762,2.857142857142857,1.9047619047619049,0
E00101478,182,162,11,8,3,1,1,0,8,89.01098901098901,6.043956043956044,4.395604395604396,1.6483516483516485,0.5494505494505495,0.5494505494505495,0,4.395604395604396
E00101479,241,224,14,11,3,0,0,0,3,92.9460580912863,5.809128630705394,4.564315352697095,1.2448132780082988,0,0,0,1.2448132780082988
E00101480,254,221,17,13,4,3,1,2,13,87.00787401574803,6.692913385826772,5.118110236220472,1.574803149606299,1.1811023622047243,0.39370078740157477,0.7874015748031495,5.118110236220472
E00101481,142,130,6,6,0,1,1,0,5,91.54929577464789,4.225352112676056,4.225352112676056,0,0.7042253521126761,0.7042253521126761,0,3.5211267605633805
E00101482,362,327,29,28,1,2,2,0,4,90.33149171270718,8.011049723756907,7.734806629834254,0.2762430939226519,0.5524861878453038,0.5524861878453038,0,1.1049723756906076
E00101483,393,368,10,8,2,4,3,1,11,93.63867684478372,2.5445292620865136,2.035623409669211,0.5089058524173028,1.0178117048346056,0.7633587786259541,0.2544529262086514,2.7989821882951653
E00101484,277,234,19,15,4,12,5,7,12,84.47653429602889,6.859205776173286,5.415162454873646,1.444043321299639,4.332129963898916,1.8050541516245486,2.527075812274368,4.332129963898916
E00101485,275,246,22,16,6,1,1,0,6,89.45454545454545,8,5.818181818181818,2.181818181818182,0.36363636363636365,0.36363636363636365,0,2.181818181818182
E00101486,313,287,9,8,1,13,6,7,4,91.69329073482429,2.8753993610223643,2.5559105431309903,0.3194888178913738,4.15335463258786,1.9169329073482428,2.2364217252396164,1.2779552715654952
E00101487,264,247,7,5,2,7,1,6,3,93.56060606060606,2.6515151515151514,1.893939393939394,0.7575757575757576,2.6515151515151514,0.3787878787878788,2.272727272727273,1.1363636363636365
E00101488,194,174,10,6,4,3,2,1,7,89.69072164948454,5.154639175257731,3.0927835051546393,2.0618556701030926,1.5463917525773196,1.0309278350515463,0.5154639175257731,3.608247422680412
E00101489,441,403,20,16,4,7,5,2,11,91.38321995464852,4.535147392290249,3.6281179138321997,0.9070294784580499,1.5873015873015872,1.1337868480725624,0.45351473922902497,2.494331065759637
E00101491,426,384,22,14,8,6,4,2,14,90.14084507042254,5.164319248826291,3.286384976525822,1.8779342723004695,1.4084507042253522,0.9389671361502347,0.4694835680751174,3.286384976525822
E00101492,259,230,18,15,3,5,1,4,6,88.8030888030888,6.94980694980695,5.7915057915057915,1.1583011583011582,1.9305019305019304,0.3861003861003861,1.5444015444015444,2.3166023166023164
E00101493,287,260,10,7,3,3,0,3,14,90.59233449477352,3.484320557491289,2.4390243902439024,1.0452961672473868,1.0452961672473868,0,1.0452961672473868,4.878048780487805
E00101494,262,225,19,11,8,5,2,3,13,85.87786259541986,7.251908396946565,4.198473282442748,3.0534351145038165,1.9083969465648856,0.7633587786259541,1.1450381679389312,4.961832061068702
E00101495,352,325,16,12,4,5,3,2,6,92.32954545454545,4.545454545454546,3.4090909090909087,1.1363636363636365,1.4204545454545454,0.8522727272727272,0.5681818181818182,1.7045454545454544
E00101496,442,407,19,16,3,8,6,2,8,92.0814479638009,4.298642533936651,3.619909502262444,0.6787330316742082,1.809954751131222,1.3574660633484164,0.4524886877828055,1.809954751131222
E00101497,288,263,14,11,3,5,3,2,6,91.31944444444444,4.861111111111112,3.8194444444444446,1.0416666666666665,1.7361111111111112,1.0416666666666665,0.6944444444444444,2.083333333333333
E00101498,266,236,13,10,3,7,5,2,10,88.7218045112782,4.887218045112782,3.7593984962406015,1.1278195488721803,2.631578947368421,1.8796992481203008,0.7518796992481203,3.7593984962406015
E00101499,262,243,9,7,2,5,3,2,5,92.74809160305344,3.435114503816794,2.6717557251908395,0.7633587786259541,1.9083969465648856,1.1450381679389312,0.7633587786259541,1.9083969465648856
E00101500,276,259,6,4,2,4,3,1,7,93.84057971014492,2.1739130434782608,1.4492753623188406,0.7246376811594203,1.4492753623188406,1.0869565217391304,0.36231884057971014,2.536231884057971
E00101501,247,224,12,6,6,3,3,0,8,90.68825910931174,4.8582995951417,2.42914979757085,2.42914979757085,1.214574898785425,1.214574898785425,0,3.2388663967611335
E00101502,419,391,15,8,7,5,1,4,8,93.31742243436753,3.579952267303103,1.9093078758949882,1.6706443914081146,1.1933174224343674,0.23866348448687352,0.9546539379474941,1.9093078758949882
E00101503,297,265,14,11,3,9,3,6,9,89.22558922558923,4.713804713804714,3.7037037037037033,1.0101010101010102,3.0303030303030303,1.0101010101010102,2.0202020202020203,3.0303030303030303
E00101504,161,151,5,3,2,1,0,1,4,93.7888198757764,3.1055900621118013,1.8633540372670807,1.2422360248447204,0.6211180124223602,0,0.6211180124223602,2.484472049689441
E00101505,317,282,21,20,1,4,2,2,10,88.95899053627761,6.624605678233439,6.309148264984227,0.31545741324921134,1.2618296529968454,0.6309148264984227,0.6309148264984227,3.1545741324921135
E00101506,377,350,13,13,0,9,5,4,5,92.83819628647215,3.4482758620689653,3.4482758620689653,0,2.3872679045092835,1.3262599469496021,1.0610079575596816,1.3262599469496021
E00101507,298,269,20,14,6,5,2,3,4,90.26845637583892,6.7114093959731544,4.697986577181208,2.013422818791946,1.6778523489932886,0.6711409395973155,1.006711409395973,1.342281879194631
E00101508,133,117,12,9,3,1,0,1,3,87.96992481203007,9.022556390977442,6.7669172932330826,2.2556390977443606,0.7518796992481203,0,0.7518796992481203,2.2556390977443606
E00101509,333,293,23,14,9,7,2,5,10,87.98798798798799,6.906906906906906,4.2042042042042045,2.7027027027027026,2.1021021021021022,0.6006006006006006,1.5015015015015014,3.003003003003003
E00101510,366,343,13,7,6,5,2,3,5,93.71584699453553,3.551912568306011,1.912568306010929,1.639344262295082,1.366120218579235,0.546448087431694,0.819672131147541,1.366120218579235
E00101511,311,284,14,12,2,3,2,1,10,91.31832797427653,4.501607717041801,3.858520900321544,0.6430868167202572,0.964630225080386,0.6430868167202572,0.3215434083601286,3.215434083601286
E00101512,378,340,23,20,3,6,3,3,9,89.94708994708994,6.084656084656085,5.291005291005291,0.7936507936507936,1.5873015873015872,0.7936507936507936,0.7936507936507936,2.380952380952381
E00101513,190,159,14,11,3,3,1,2,14,83.6842105263158,7.368421052631578,5.7894736842105265,1.5789473684210527,1.5789473684210527,0.5263157894736842,1.0526315789473684,7.368421052631578
E00101514,285,255,6,6,0,4,3,1,20,89.47368421052632,2.1052631578947367,2.1052631578947367,0,1.4035087719298245,1.0526315789473684,0.3508771929824561,7.017543859649122
E00101515,243,212,12,6,6,7,4,3,12,87.24279835390946,4.938271604938271,2.4691358024691357,2.4691358024691357,2.880658436213992,1.646090534979424,1.2345679012345678,4.938271604938271
E00101516,250,224,9,7,2,5,3,2,12,89.60000000000001,3.5999999999999996,2.8000000000000003,0.8,2,1.2,0.8,4.8
E00101517,298,266,16,12,4,4,2,2,12,89.26174496644296,5.369127516778524,4.026845637583892,1.342281879194631,1.342281879194631,0.6711409395973155,0.6711409395973155,4.026845637583892
E00101518,218,202,7,5,2,5,3,2,4,92.66055045871559,3.211009174311927,2.293577981651376,0.9174311926605505,2.293577981651376,1.3761467889908259,0.9174311926605505,1.834862385321101
E00101519,269,246,15,15,0,4,0,4,4,91.44981412639405,5.5762081784386615,5.5762081784386615,0,1.486988847583643,0,1.486988847583643,1.486988847583643
E00101520,153,137,10,6,4,2,0,2,4,89.54248366013073,6.535947712418301,3.9215686274509802,2.6143790849673203,1.3071895424836601,0,1.3071895424836601,2.6143790849673203
E00101521,268,237,15,12,3,3,2,1,13,88.43283582089553,5.597014925373134,4.477611940298507,1.1194029850746268,1.1194029850746268,0.7462686567164178,0.3731343283582089,4.850746268656716
E00101522,265,233,10,8,2,9,8,1,13,87.9245283018868,3.7735849056603774,3.018867924528302,0.7547169811320755,3.3962264150943398,3.018867924528302,0.37735849056603776,4.905660377358491
E00101523,294,261,15,10,5,9,5,4,9,88.77551020408163,5.1020408163265305,3.4013605442176873,1.7006802721088436,3.061224489795918,1.7006802721088436,1.3605442176870748,3.061224489795918
E00101524,270,249,8,5,3,6,4,2,7,92.22222222222223,2.9629629629629632,1.8518518518518516,1.1111111111111112,2.2222222222222223,1.4814814814814816,0.7407407407407408,2.5925925925925926
E00101525,219,204,8,7,1,4,3,1,3,93.15068493150685,3.65296803652968,3.1963470319634704,0.45662100456621,1.82648401826484,1.36986301369863,0.45662100456621,1.36986301369863
E00101526,304,279,18,9,9,2,1,1,5,91.77631578947368,5.921052631578947,2.9605263157894735,2.9605263157894735,0.6578947368421052,0.3289473684210526,0.3289473684210526,1.644736842105263
E00101527,186,162,12,8,4,4,1,3,8,87.09677419354838,6.451612903225806,4.301075268817205,2.1505376344086025,2.1505376344086025,0.5376344086021506,1.6129032258064515,4.301075268817205
E00101529,536,496,19,15,4,4,3,1,17,92.53731343283582,3.544776119402985,2.798507462686567,0.7462686567164178,0.7462686567164178,0.5597014925373134,0.18656716417910446,3.171641791044776
E00101530,256,226,11,7,4,7,3,4,12,88.28125,4.296875,2.734375,1.5625,2.734375,1.171875,1.5625,4.6875
E00101531,263,228,19,11,8,8,4,4,8,86.69201520912547,7.224334600760455,4.182509505703422,3.041825095057034,3.041825095057034,1.520912547528517,1.520912547528517,3.041825095057034
E00101532,245,227,12,10,2,2,1,1,4,92.65306122448979,4.8979591836734695,4.081632653061225,0.8163265306122449,0.8163265306122449,0.40816326530612246,0.40816326530612246,1.6326530612244898
E00101533,334,308,13,11,2,5,3,2,8,92.21556886227546,3.8922155688622757,3.293413173652695,0.5988023952095809,1.4970059880239521,0.8982035928143712,0.5988023952095809,2.3952095808383236
E00101534,422,387,12,11,1,11,8,3,12,91.70616113744076,2.843601895734597,2.6066350710900474,0.23696682464454977,2.6066350710900474,1.8957345971563981,0.7109004739336493,2.843601895734597
E00101535,519,472,21,18,3,8,3,5,18,90.94412331406551,4.046242774566474,3.4682080924855487,0.5780346820809248,1.5414258188824663,0.5780346820809248,0.9633911368015413,3.4682080924855487
E00101536,255,232,6,4,2,8,4,4,9,90.98039215686275,2.3529411764705883,1.5686274509803921,0.7843137254901961,3.1372549019607843,1.5686274509803921,1.5686274509803921,3.5294117647058822
E00101537,329,301,17,11,6,7,4,3,4,91.48936170212765,5.167173252279635,3.343465045592705,1.82370820668693,2.127659574468085,1.21580547112462,0.911854103343465,1.21580547112462
E00101538,338,315,15,12,3,3,2,1,5,93.19526627218934,4.437869822485207,3.5502958579881656,0.8875739644970414,0.8875739644970414,0.591715976331361,0.2958579881656805,1.4792899408284024
E00101539,156,138,11,10,1,5,4,1,2,88.46153846153845,7.051282051282051,6.41025641025641,0.641025641025641,3.205128205128205,2.564102564102564,0.641025641025641,1.282051282051282
E00101540,103,94,4,4,0,2,1,1,3,91.2621359223301,3.8834951456310676,3.8834951456310676,0,1.9417475728155338,0.9708737864077669,0.9708737864077669,2.912621359223301
E00101541,309,285,14,9,5,8,4,4,2,92.23300970873787,4.53074433656958,2.912621359223301,1.6181229773462782,2.5889967637540456,1.2944983818770228,1.2944983818770228,0.6472491909385114
E00101543,148,132,7,6,1,3,2,1,6,89.1891891891892,4.72972972972973,4.054054054054054,0.6756756756756757,2.027027027027027,1.3513513513513513,0.6756756756756757,4.054054054054054
E00101544,317,285,22,21,1,5,3,2,5,89.90536277602523,6.940063091482649,6.624605678233439,0.31545741324921134,1.5772870662460567,0.9463722397476341,0.6309148264984227,1.5772870662460567
E00101545,304,276,15,12,3,8,3,5,5,90.78947368421053,4.934210526315789,3.9473684210526314,0.9868421052631579,2.631578947368421,0.9868421052631579,1.644736842105263,1.644736842105263
E00101546,339,306,21,19,2,4,4,0,8,90.2654867256637,6.1946902654867255,5.604719764011799,0.5899705014749262,1.1799410029498525,1.1799410029498525,0,2.359882005899705
E00101547,248,213,13,10,3,11,2,9,11,85.88709677419355,5.241935483870968,4.032258064516129,1.2096774193548387,4.435483870967742,0.8064516129032258,3.6290322580645165,4.435483870967742
E00101548,260,235,11,8,3,9,4,5,5,90.38461538461539,4.230769230769231,3.076923076923077,1.153846153846154,3.4615384615384617,1.5384615384615385,1.9230769230769231,1.9230769230769231
E00101549,440,394,16,11,5,9,5,4,21,89.54545454545455,3.6363636363636362,2.5,1.1363636363636365,2.0454545454545454,1.1363636363636365,0.9090909090909091,4.772727272727273
E00101551,297,267,14,10,4,4,1,3,12,89.8989898989899,4.713804713804714,3.3670033670033668,1.3468013468013467,1.3468013468013467,0.33670033670033667,1.0101010101010102,4.040404040404041
E00101552,295,259,18,15,3,4,3,1,14,87.79661016949153,6.101694915254238,5.084745762711865,1.0169491525423728,1.3559322033898304,1.0169491525423728,0.3389830508474576,4.745762711864407
E00101553,264,234,10,9,1,7,3,4,13,88.63636363636364,3.787878787878788,3.4090909090909087,0.3787878787878788,2.6515151515151514,1.1363636363636365,1.5151515151515151,4.924242424242424
E00101554,270,235,18,12,6,5,3,2,12,87.03703703703704,6.666666666666667,4.444444444444445,2.2222222222222223,1.8518518518518516,1.1111111111111112,0.7407407407407408,4.444444444444445
E00101555,250,240,3,3,0,4,3,1,3,96,1.2,1.2,0,1.6,1.2,0.4,1.2
E00101556,247,213,16,14,2,7,3,4,11,86.23481781376519,6.477732793522267,5.668016194331984,0.8097165991902834,2.834008097165992,1.214574898785425,1.6194331983805668,4.4534412955465585
E00101557,320,303,10,9,1,5,3,2,2,94.6875,3.125,2.8125,0.3125,1.5625,0.9375,0.625,0.625
E00101558,354,322,19,9,10,5,3,2,8,90.96045197740112,5.367231638418079,2.5423728813559325,2.824858757062147,1.4124293785310735,0.847457627118644,0.5649717514124294,2.2598870056497176
E00101559,261,228,13,5,8,8,3,5,12,87.356321839080465,4.980842911877394,1.9157088122605364,3.065134099616858,3.065134099616858,1.1494252873563218,1.9157088122605364,4.597701149425287
E00101560,568,526,20,14,6,8,2,6,14,92.6056338028169,3.5211267605633805,2.464788732394366,1.056338028169014,1.4084507042253522,0.35211267605633806,1.056338028169014,2.464788732394366
E00101561,451,406,26,19,7,12,8,4,7,90.02217294900223,5.764966740576496,4.212860310421286,1.5521064301552108,2.6607538802660753,1.7738359201773837,0.8869179600886918,1.5521064301552108
E00101562,271,245,16,15,1,5,2,3,5,90.40590405904058,5.904059040590406,5.535055350553505,0.36900369003690037,1.8450184501845017,0.7380073800738007,1.107011070110701,1.8450184501845017
E00101563,312,287,18,15,3,1,0,1,6,91.98717948717949,5.769230769230769,4.807692307692308,0.9615384615384616,0.3205128205128205,0,0.3205128205128205,1.9230769230769231
E00101564,345,317,13,11,2,6,2,4,9,91.88405797101449,3.768115942028986,3.1884057971014492,0.5797101449275363,1.7391304347826086,0.5797101449275363,1.1594202898550725,2.608695652173913
E00101565,319,298,13,11,2,0,0,0,8,93.41692789968651,4.075235109717868,3.4482758620689653,0.6269592476489028,0,0,0,2.507836990595611
E00101566,241,214,12,10,2,8,4,4,7,88.79668049792531,4.979253112033195,4.149377593360995,0.8298755186721992,3.319502074688797,1.6597510373443984,1.6597510373443984,2.904564315352697
E00101567,390,345,30,24,6,4,1,3,11,88.46153846153845,7.6923076923076925,6.153846153846154,1.5384615384615385,1.0256410256410255,0.2564102564102564,0.7692307692307693,2.8205128205128207
E00101568,376,341,22,15,7,4,0,4,9,90.69148936170212,5.851063829787234,3.9893617021276597,1.8617021276595744,1.0638297872340425,0,1.0638297872340425,2.393617021276596
E00101569,384,343,20,12,8,11,6,5,10,89.32291666666666,5.208333333333334,3.125,2.083333333333333,2.864583333333333,1.5625,1.3020833333333335,2.604166666666667
E00101570,320,295,16,14,2,4,1,3,5,92.1875,5,4.375,0.625,1.25,0.3125,0.9375,1.5625
E00101571,276,258,12,12,0,3,3,0,3,93.47826086956522,4.3478260869565215,4.3478260869565215,0,1.0869565217391304,1.0869565217391304,0,1.0869565217391304
E00101572,215,190,9,6,3,4,0,4,12,88.37209302325581,4.186046511627907,2.7906976744186047,1.3953488372093024,1.8604651162790697,0,1.8604651162790697,5.5813953488372094
E00101573,276,259,9,8,1,4,3,1,4,93.84057971014492,3.260869565217391,2.898550724637681,0.36231884057971014,1.4492753623188406,1.0869565217391304,0.36231884057971014,1.4492753623188406
E00101574,288,264,11,10,1,4,2,2,9,91.66666666666666,3.8194444444444446,3.4722222222222223,0.3472222222222222,1.3888888888888888,0.6944444444444444,0.6944444444444444,3.125
E00101575,292,276,6,3,3,5,5,0,5,94.52054794520548,2.054794520547945,1.0273972602739725,1.0273972602739725,1.7123287671232876,1.7123287671232876,0,1.7123287671232876
E00101576,266,239,16,14,2,4,3,1,7,89.84962406015038,6.015037593984962,5.263157894736842,0.7518796992481203,1.5037593984962405,1.1278195488721803,0.37593984962406013,2.631578947368421
E00101577,279,246,15,11,4,3,1,2,15,88.17204301075269,5.376344086021505,3.942652329749104,1.4336917562724014,1.0752688172043012,0.35842293906810035,0.7168458781362007,5.376344086021505
E00101578,264,241,13,13,0,6,5,1,4,91.28787878787878,4.924242424242424,4.924242424242424,0,2.272727272727273,1.893939393939394,0.3787878787878788,1.5151515151515151
E00101579,249,227,10,8,2,5,3,2,7,91.16465863453816,4.016064257028113,3.2128514056224895,0.8032128514056224,2.0080321285140563,1.2048192771084338,0.8032128514056224,2.8112449799196786
E00101580,196,172,9,6,3,5,3,2,10,87.75510204081633,4.591836734693878,3.061224489795918,1.530612244897959,2.5510204081632653,1.530612244897959,1.0204081632653061,5.1020408163265305
E00101581,406,358,39,30,9,3,1,2,6,88.17733990147784,9.60591133004926,7.389162561576355,2.2167487684729066,0.7389162561576355,0.24630541871921183,0.49261083743842365,1.477832512315271
E00101582,468,420,21,10,11,11,3,8,16,89.74358974358975,4.487179487179487,2.1367521367521367,2.3504273504273505,2.3504273504273505,0.641025641025641,1.7094017094017095,3.418803418803419
E00101583,237,220,11,6,5,1,1,0,5,92.82700421940928,4.641350210970464,2.5316455696202533,2.109704641350211,0.42194092827004215,0.42194092827004215,0,2.109704641350211
E00101584,262,243,11,10,1,5,2,3,3,92.74809160305344,4.198473282442748,3.816793893129771,0.38167938931297707,1.9083969465648856,0.7633587786259541,1.1450381679389312,1.1450381679389312
E00101585,393,348,17,15,2,9,4,5,19,88.54961832061069,4.325699745547073,3.816793893129771,0.5089058524173028,2.2900763358778624,1.0178117048346056,1.2722646310432568,4.8346055979643765
E00101586,311,272,10,6,4,9,3,6,20,87.45980707395499,3.215434083601286,1.929260450160772,1.2861736334405145,2.8938906752411575,0.964630225080386,1.929260450160772,6.430868167202572
E00101587,268,235,15,11,4,7,1,6,11,87.68656716417911,5.597014925373134,4.104477611940299,1.4925373134328357,2.6119402985074625,0.3731343283582089,2.2388059701492535,4.104477611940299
E00101588,277,265,5,4,1,2,1,1,5,95.66787003610109,1.8050541516245486,1.444043321299639,0.36101083032490977,0.7220216606498195,0.36101083032490977,0.36101083032490977,1.8050541516245486
E00101589,332,306,15,13,2,3,1,2,8,92.16867469879519,4.518072289156627,3.91566265060241,0.6024096385542169,0.9036144578313252,0.30120481927710846,0.6024096385542169,2.4096385542168677
E00101590,327,294,12,5,7,8,4,4,13,89.90825688073394,3.669724770642202,1.529051987767584,2.1406727828746175,2.4464831804281344,1.2232415902140672,1.2232415902140672,3.9755351681957185
E00101592,307,277,16,15,1,3,1,2,11,90.22801302931596,5.211726384364821,4.88599348534202,0.32573289902280134,0.9771986970684038,0.32573289902280134,0.6514657980456027,3.5830618892508146
E00101593,321,281,15,8,7,13,8,5,12,87.53894080996885,4.672897196261682,2.4922118380062304,2.1806853582554515,4.049844236760125,2.4922118380062304,1.557632398753894,3.7383177570093453
E00101594,300,259,26,25,1,8,5,3,7,86.33333333333333,8.666666666666668,8.333333333333332,0.33333333333333337,2.666666666666667,1.6666666666666667,1,2.3333333333333335
E00101595,372,323,27,18,9,4,4,0,18,86.82795698924731,7.258064516129033,4.838709677419355,2.4193548387096775,1.0752688172043012,1.0752688172043012,0,4.838709677419355
E00101596,290,269,7,7,0,6,2,4,8,92.75862068965517,2.413793103448276,2.413793103448276,0,2.0689655172413794,0.6896551724137931,1.3793103448275863,2.7586206896551726
E00101597,274,248,11,10,1,5,0,5,10,90.51094890510949,4.014598540145985,3.64963503649635,0.36496350364963503,1.824817518248175,0,1.824817518248175,3.64963503649635
E00101598,368,321,20,10,10,12,6,6,15,87.22826086956522,5.434782608695652,2.717391304347826,2.717391304347826,3.260869565217391,1.6304347826086956,1.6304347826086956,4.076086956521739
E00101599,275,246,10,6,4,5,2,3,14,89.45454545454545,3.6363636363636362,2.181818181818182,1.4545454545454546,1.8181818181818181,0.7272727272727273,1.090909090909091,5.090909090909091
E00101600,413,374,17,14,3,6,4,2,16,90.55690072639226,4.116222760290557,3.389830508474576,0.7263922518159807,1.4527845036319613,0.9685230024213075,0.48426150121065376,3.87409200968523
E00101601,306,286,8,5,3,6,1,5,6,93.4640522875817,2.6143790849673203,1.6339869281045754,0.9803921568627451,1.9607843137254901,0.32679738562091504,1.6339869281045754,1.9607843137254901
E00101602,265,230,18,8,10,10,4,6,7,86.79245283018868,6.7924528301886795,3.018867924528302,3.7735849056603774,3.7735849056603774,1.509433962264151,2.2641509433962264,2.6415094339622645
E00101604,290,247,20,16,4,10,7,3,13,85.17241379310346,6.896551724137931,5.517241379310345,1.3793103448275863,3.4482758620689653,2.413793103448276,1.0344827586206897,4.482758620689655
E00101605,368,344,12,7,5,4,3,1,8,93.47826086956522,3.260869565217391,1.9021739130434785,1.358695652173913,1.0869565217391304,0.8152173913043478,0.2717391304347826,2.1739130434782608
E00101606,427,380,26,23,3,8,2,6,13,88.99297423887587,6.0889929742388755,5.386416861826698,0.702576112412178,1.873536299765808,0.468384074941452,1.405152224824356,3.0444964871194378
E00101608,255,231,10,10,0,11,3,8,3,90.58823529411765,3.9215686274509802,3.9215686274509802,0,4.313725490196078,1.1764705882352942,3.1372549019607843,1.1764705882352942
E00101610,355,318,22,16,6,4,2,2,11,89.5774647887324,6.197183098591549,4.507042253521127,1.6901408450704223,1.1267605633802817,0.5633802816901409,0.5633802816901409,3.0985915492957745
E00101611,286,264,16,14,2,2,2,0,4,92.3076923076923,5.594405594405594,4.895104895104895,0.6993006993006993,0.6993006993006993,0.6993006993006993,0,1.3986013986013985
E00101612,282,269,7,6,1,1,1,0,5,95.39007092198581,2.4822695035460995,2.127659574468085,0.3546099290780142,0.3546099290780142,0.3546099290780142,0,1.773049645390071
E00101613,284,255,15,10,5,7,2,5,7,89.7887323943662,5.28169014084507,3.5211267605633805,1.7605633802816902,2.464788732394366,0.7042253521126761,1.7605633802816902,2.464788732394366
E00101614,181,159,5,2,3,5,4,1,12,87.84530386740332,2.7624309392265194,1.1049723756906076,1.6574585635359116,2.7624309392265194,2.209944751381215,0.5524861878453038,6.629834254143646
E00101615,123,111,4,4,0,0,0,0,8,90.2439024390244,3.2520325203252036,3.2520325203252036,0,0,0,0,6.504065040650407
E00101616,140,130,6,5,1,0,0,0,4,92.85714285714286,4.285714285714286,3.571428571428571,0.7142857142857143,0,0,0,2.857142857142857
E00101617,407,368,27,23,4,7,5,2,5,90.41769041769042,6.6339066339066335,5.651105651105651,0.9828009828009828,1.71990171990172,1.2285012285012284,0.4914004914004914,1.2285012285012284
E00101618,273,250,13,11,2,3,2,1,7,91.57509157509158,4.761904761904762,4.029304029304029,0.7326007326007326,1.098901098901099,0.7326007326007326,0.3663003663003663,2.564102564102564
E00101619,320,272,30,26,4,5,1,4,13,85,9.375,8.125,1.25,1.5625,0.3125,1.25,4.0625
E00101620,192,177,10,7,3,3,2,1,2,92.1875,5.208333333333334,3.6458333333333335,1.5625,1.5625,1.0416666666666665,0.5208333333333333,1.0416666666666665
E00101621,347,278,48,35,13,9,6,3,12,80.11527377521614,13.8328530259366,10.086455331412104,3.7463976945244957,2.5936599423631126,1.729106628242075,0.8645533141210375,3.45821325648415
E00101622,316,283,20,16,4,5,1,4,8,89.55696202531645,6.329113924050633,5.063291139240507,1.2658227848101267,1.5822784810126582,0.31645569620253167,1.2658227848101267,2.5316455696202533
E00101623,335,307,24,20,4,1,0,1,3,91.64179104477613,7.164179104477612,5.970149253731343,1.1940298507462688,0.2985074626865672,0,0.2985074626865672,0.8955223880597015
E00101624,297,264,22,17,5,4,2,2,7,88.88888888888889,7.4074074074074066,5.723905723905724,1.6835016835016834,1.3468013468013467,0.6734006734006733,0.6734006734006733,2.356902356902357
E00101625,327,307,10,10,0,3,0,3,7,93.88379204892966,3.058103975535168,3.058103975535168,0,0.9174311926605505,0,0.9174311926605505,2.1406727828746175
E00101626,272,241,16,13,3,3,2,1,12,88.60294117647058,5.88235294117647,4.779411764705882,1.1029411764705883,1.1029411764705883,0.7352941176470588,0.3676470588235294,4.411764705882353
E00101627,322,286,17,11,6,9,5,4,10,88.81987577639751,5.279503105590062,3.4161490683229814,1.8633540372670807,2.7950310559006213,1.5527950310559007,1.2422360248447204,3.1055900621118013
E00101628,318,284,20,17,3,7,3,4,7,89.30817610062893,6.289308176100629,5.345911949685535,0.9433962264150944,2.20125786163522,0.9433962264150944,1.257861635220126,2.20125786163522
E00101629,396,358,28,20,8,4,3,1,6,90.40404040404042,7.07070707070707,5.05050505050505,2.0202020202020203,1.0101010101010102,0.7575757575757576,0.25252525252525254,1.5151515151515151
E00101630,315,287,13,13,0,7,2,5,8,91.11111111111111,4.1269841269841265,4.1269841269841265,0,2.2222222222222223,0.6349206349206349,1.5873015873015872,2.5396825396825395
E00101631,250,226,18,15,3,1,1,0,5,90.4,7.199999999999999,6,1.2,0.4,0.4,0,2
E00101632,234,219,8,6,2,2,1,1,5,93.58974358974359,3.418803418803419,2.564102564102564,0.8547008547008548,0.8547008547008548,0.4273504273504274,0.4273504273504274,2.1367521367521367
E00101633,469,414,29,17,12,13,7,6,13,88.27292110874201,6.183368869936034,3.624733475479744,2.55863539445629,2.771855010660981,1.4925373134328357,1.279317697228145,2.771855010660981
E00101634,360,319,26,21,5,9,4,5,6,88.61111111111111,7.222222222222221,5.833333333333333,1.3888888888888888,2.5,1.1111111111111112,1.3888888888888888,1.6666666666666667
E00101635,136,117,13,8,5,3,1,2,3,86.02941176470588,9.558823529411764,5.88235294117647,3.6764705882352944,2.2058823529411766,0.7352941176470588,1.4705882352941175,2.2058823529411766
E00101636,249,236,8,6,2,0,0,0,5,94.77911646586345,3.2128514056224895,2.4096385542168677,0.8032128514056224,0,0,0,2.0080321285140563
E00101637,399,351,27,18,9,11,7,4,10,87.96992481203007,6.7669172932330826,4.511278195488721,2.2556390977443606,2.756892230576441,1.7543859649122806,1.0025062656641603,2.506265664160401
E00101638,338,302,31,24,7,2,1,1,3,89.3491124260355,9.171597633136095,7.100591715976331,2.0710059171597637,0.591715976331361,0.2958579881656805,0.2958579881656805,0.8875739644970414
E00101639,291,269,9,5,4,3,0,3,10,92.43986254295532,3.0927835051546393,1.718213058419244,1.3745704467353952,1.0309278350515463,0,1.0309278350515463,3.436426116838488
E00101640,271,242,19,14,5,4,2,2,6,89.2988929889299,7.011070110701106,5.166051660516605,1.8450184501845017,1.4760147601476015,0.7380073800738007,0.7380073800738007,2.214022140221402
E00101641,410,363,24,18,6,12,5,7,11,88.53658536585365,5.853658536585367,4.390243902439024,1.4634146341463417,2.9268292682926833,1.2195121951219512,1.707317073170732,2.682926829268293
E00101642,256,219,14,9,5,10,3,7,13,85.546875,5.46875,3.515625,1.953125,3.90625,1.171875,2.734375,5.078125
E00101643,126,112,10,7,3,1,0,1,3,88.88888888888889,7.936507936507936,5.555555555555555,2.380952380952381,0.7936507936507936,0,0.7936507936507936,2.380952380952381
E00101644,479,440,21,15,6,2,0,2,16,91.8580375782881,4.3841336116910234,3.1315240083507305,1.2526096033402923,0.41753653444676403,0,0.41753653444676403,3.3402922755741122
E00101645,288,256,20,18,2,5,4,1,7,88.88888888888889,6.944444444444445,6.25,0.6944444444444444,1.7361111111111112,1.3888888888888888,0.3472222222222222,2.430555555555556
E00101646,307,274,24,14,10,1,1,0,8,89.25081433224756,7.81758957654723,4.5602605863192185,3.257328990228013,0.32573289902280134,0.32573289902280134,0,2.6058631921824107
E00101647,357,319,19,15,4,7,3,4,12,89.35574229691878,5.322128851540616,4.201680672268908,1.1204481792717087,1.9607843137254901,0.8403361344537815,1.1204481792717087,3.361344537815126
E00101648,500,460,20,17,3,12,5,7,8,92,4,3.4000000000000004,0.6,2.4,1,1.4000000000000001,1.6
E00101649,351,323,15,9,6,5,2,3,8,92.02279202279202,4.273504273504273,2.564102564102564,1.7094017094017095,1.4245014245014245,0.5698005698005698,0.8547008547008548,2.2792022792022792
E00101650,286,254,10,5,5,5,3,2,17,88.81118881118881,3.4965034965034967,1.7482517482517483,1.7482517482517483,1.7482517482517483,1.048951048951049,0.6993006993006993,5.944055944055944
E00101651,313,275,31,21,10,2,1,1,5,87.8594249201278,9.904153354632587,6.7092651757188495,3.1948881789137378,0.6389776357827476,0.3194888178913738,0.3194888178913738,1.5974440894568689
E00101652,292,260,18,12,6,5,2,3,9,89.04109589041096,6.164383561643835,4.10958904109589,2.054794520547945,1.7123287671232876,0.684931506849315,1.0273972602739725,3.0821917808219177
E00101653,462,421,19,15,4,6,2,4,16,91.12554112554112,4.112554112554113,3.2467532467532463,0.8658008658008658,1.2987012987012987,0.4329004329004329,0.8658008658008658,3.463203463203463
E00101654,249,233,9,5,4,5,3,2,2,93.57429718875501,3.614457831325301,2.0080321285140563,1.6064257028112447,2.0080321285140563,1.2048192771084338,0.8032128514056224,0.8032128514056224
E00101655,272,245,17,15,2,3,1,2,7,90.07352941176471,6.25,5.514705882352941,0.7352941176470588,1.1029411764705883,0.3676470588235294,0.7352941176470588,2.5735294117647056
E00101656,309,279,16,12,4,6,2,4,8,90.29126213592234,5.177993527508091,3.8834951456310676,1.2944983818770228,1.9417475728155338,0.6472491909385114,1.2944983818770228,2.5889967637540456
E00101657,452,409,23,18,5,10,5,5,10,90.48672566371681,5.0884955752212395,3.982300884955752,1.1061946902654867,2.2123893805309733,1.1061946902654867,1.1061946902654867,2.2123893805309733
E00101658,310,274,19,16,3,6,2,4,11,88.38709677419355,6.129032258064516,5.161290322580645,0.967741935483871,1.935483870967742,0.6451612903225806,1.2903225806451613,3.5483870967741935
E00101659,176,150,14,12,2,5,4,1,7,85.22727272727273,7.954545454545454,6.8181818181818175,1.1363636363636365,2.840909090909091,2.272727272727273,0.5681818181818182,3.977272727272727
E00101660,483,430,30,23,7,9,5,4,14,89.02691511387164,6.211180124223603,4.761904761904762,1.4492753623188406,1.8633540372670807,1.0351966873706004,0.8281573498964804,2.898550724637681
E00101661,409,376,19,13,6,8,3,5,6,91.93154034229829,4.645476772616137,3.1784841075794623,1.466992665036675,1.9559902200488997,0.7334963325183375,1.2224938875305624,1.466992665036675
E00101662,255,225,23,18,5,5,1,4,2,88.23529411764706,9.019607843137255,7.0588235294117645,1.9607843137254901,1.9607843137254901,0.39215686274509803,1.5686274509803921,0.7843137254901961
E00101663,267,241,16,9,7,5,4,1,5,90.2621722846442,5.992509363295881,3.3707865168539324,2.6217228464419478,1.8726591760299627,1.4981273408239701,0.37453183520599254,1.8726591760299627
E00101664,517,469,29,22,7,8,3,5,11,90.71566731141199,5.609284332688588,4.25531914893617,1.3539651837524178,1.5473887814313347,0.5802707930367506,0.9671179883945842,2.127659574468085
E00101665,220,195,12,12,0,4,3,1,9,88.63636363636364,5.454545454545454,5.454545454545454,0,1.8181818181818181,1.3636363636363635,0.45454545454545453,4.090909090909091
E00101666,322,289,20,15,5,4,2,2,9,89.75155279503106,6.211180124223603,4.658385093167702,1.5527950310559007,1.2422360248447204,0.6211180124223602,0.6211180124223602,2.7950310559006213
E00101667,326,296,13,11,2,8,7,1,9,90.79754601226993,3.9877300613496933,3.374233128834356,0.6134969325153374,2.4539877300613497,2.147239263803681,0.3067484662576687,2.7607361963190185
E00101668,295,255,22,17,5,5,1,4,13,86.4406779661017,7.457627118644068,5.762711864406779,1.694915254237288,1.694915254237288,0.3389830508474576,1.3559322033898304,4.406779661016949
E00101670,239,226,3,2,1,3,2,1,7,94.56066945606695,1.2552301255230125,0.8368200836820083,0.41841004184100417,1.2552301255230125,0.8368200836820083,0.41841004184100417,2.928870292887029
E00101671,281,254,12,10,2,2,1,1,13,90.39145907473309,4.270462633451958,3.558718861209965,0.7117437722419928,0.7117437722419928,0.3558718861209964,0.3558718861209964,4.6263345195729535
E00101672,229,220,5,3,2,2,1,1,2,96.06986899563319,2.1834061135371177,1.3100436681222707,0.8733624454148471,0.8733624454148471,0.43668122270742354,0.43668122270742354,0.8733624454148471
E00101673,297,276,14,10,4,4,4,0,3,92.92929292929293,4.713804713804714,3.3670033670033668,1.3468013468013467,1.3468013468013467,1.3468013468013467,0,1.0101010101010102
E00101674,228,210,6,4,2,6,4,2,6,92.10526315789474,2.631578947368421,1.7543859649122806,0.8771929824561403,2.631578947368421,1.7543859649122806,0.8771929824561403,2.631578947368421
E00101675,242,226,6,5,1,2,0,2,8,93.38842975206612,2.479338842975207,2.066115702479339,0.4132231404958678,0.8264462809917356,0,0.8264462809917356,3.3057851239669422
E00101676,230,211,9,9,0,1,1,0,9,91.73913043478261,3.91304347826087,3.91304347826087,0,0.43478260869565216,0.43478260869565216,0,3.91304347826087
E00101677,267,242,7,5,2,7,0,7,11,90.63670411985018,2.6217228464419478,1.8726591760299627,0.7490636704119851,2.6217228464419478,0,2.6217228464419478,4.119850187265917
E00101678,275,241,17,10,7,4,0,4,13,87.63636363636364,6.181818181818182,3.6363636363636362,2.5454545454545454,1.4545454545454546,0,1.4545454545454546,4.7272727272727275
E00101679,264,225,10,7,3,15,7,8,14,85.22727272727273,3.787878787878788,2.6515151515151514,1.1363636363636365,5.681818181818182,2.6515151515151514,3.0303030303030303,5.303030303030303
E00101680,230,203,8,7,1,11,6,5,8,88.26086956521739,3.4782608695652173,3.0434782608695654,0.43478260869565216,4.782608695652174,2.608695652173913,2.1739130434782608,3.4782608695652173
E00101681,277,247,18,14,4,3,1,2,9,89.16967509025271,6.4981949458483745,5.054151624548736,1.444043321299639,1.083032490974729,0.36101083032490977,0.7220216606498195,3.2490974729241873
E00101682,433,392,11,7,4,5,2,3,25,90.5311778290993,2.5404157043879905,1.6166281755196306,0.9237875288683602,1.1547344110854503,0.4618937644341801,0.6928406466512702,5.773672055427252
E00101683,274,245,14,8,6,5,2,3,10,89.41605839416059,5.109489051094891,2.9197080291970803,2.18978102189781,1.824817518248175,0.7299270072992701,1.094890510948905,3.64963503649635
E00101684,441,392,25,19,6,9,2,7,15,88.88888888888889,5.6689342403628125,4.308390022675737,1.3605442176870748,2.0408163265306123,0.45351473922902497,1.5873015873015872,3.4013605442176873
E00101685,277,244,16,13,3,8,4,4,9,88.08664259927798,5.776173285198556,4.693140794223827,1.083032490974729,2.888086642599278,1.444043321299639,1.444043321299639,3.2490974729241873
E00101686,398,360,28,18,10,4,3,1,6,90.45226130653266,7.035175879396985,4.522613065326634,2.512562814070352,1.0050251256281406,0.7537688442211055,0.25125628140703515,1.507537688442211
E00101687,416,375,27,14,13,3,3,0,11,90.14423076923077,6.490384615384616,3.3653846153846154,3.125,0.7211538461538461,0.7211538461538461,0,2.644230769230769
E00101688,376,344,15,10,5,6,2,4,11,91.48936170212765,3.9893617021276597,2.6595744680851063,1.3297872340425532,1.5957446808510638,0.5319148936170213,1.0638297872340425,2.925531914893617
E00101689,226,213,7,6,1,3,3,0,3,94.24778761061947,3.0973451327433628,2.6548672566371683,0.4424778761061947,1.3274336283185841,1.3274336283185841,0,1.3274336283185841
E00101690,122,103,14,11,3,1,0,1,4,84.42622950819673,11.475409836065573,9.01639344262295,2.459016393442623,0.819672131147541,0,0.819672131147541,3.278688524590164
E00101692,264,234,12,12,0,5,1,4,13,88.63636363636364,4.545454545454546,4.545454545454546,0,1.893939393939394,0.3787878787878788,1.5151515151515151,4.924242424242424
E00101693,286,259,11,9,2,6,3,3,10,90.55944055944056,3.8461538461538463,3.146853146853147,0.6993006993006993,2.097902097902098,1.048951048951049,1.048951048951049,3.4965034965034967
E00101694,165,146,7,0,7,3,3,0,9,88.48484848484848,4.242424242424243,0,4.242424242424243,1.8181818181818181,1.8181818181818181,0,5.454545454545454
E00165907,237,215,8,6,2,4,1,3,10,90.71729957805907,3.375527426160337,2.5316455696202533,0.8438818565400843,1.6877637130801686,0.42194092827004215,1.2658227848101267,4.219409282700422
E00165908,275,244,13,9,4,5,0,5,13,88.72727272727273,4.7272727272727275,3.272727272727273,1.4545454545454546,1.8181818181818181,0,1.8181818181818181,4.7272727272727275
E00165909,298,268,16,7,9,6,3,3,8,89.93288590604027,5.369127516778524,2.348993288590604,3.0201342281879198,2.013422818791946,1.006711409395973,1.006711409395973,2.684563758389262
E00165910,326,301,17,14,3,5,4,1,3,92.33128834355828,5.214723926380368,4.294478527607362,0.9202453987730062,1.5337423312883436,1.2269938650306749,0.3067484662576687,0.9202453987730062
E00165911,303,273,18,12,6,2,1,1,10,90.0990099009901,5.9405940594059405,3.9603960396039604,1.9801980198019802,0.6600660066006601,0.33003300330033003,0.33003300330033003,3.3003300330033
E00165912,296,277,10,8,2,5,2,3,4,93.58108108108108,3.3783783783783785,2.7027027027027026,0.6756756756756757,1.6891891891891893,0.6756756756756757,1.0135135135135136,1.3513513513513513
E00165913,339,317,8,6,2,6,3,3,8,93.5103244837758,2.359882005899705,1.7699115044247788,0.5899705014749262,1.7699115044247788,0.8849557522123894,0.8849557522123894,2.359882005899705
E00165914,267,242,17,12,5,5,4,1,3,90.63670411985018,6.367041198501873,4.49438202247191,1.8726591760299627,1.8726591760299627,1.4981273408239701,0.37453183520599254,1.1235955056179776
E00165915,242,227,10,8,2,1,1,0,4,93.80165289256198,4.132231404958678,3.3057851239669422,0.8264462809917356,0.4132231404958678,0.4132231404958678,0,1.6528925619834711
E00165916,237,217,11,10,1,4,1,3,5,91.56118143459916,4.641350210970464,4.219409282700422,0.42194092827004215,1.6877637130801686,0.42194092827004215,1.2658227848101267,2.109704641350211
E00165917,396,368,22,17,5,5,2,3,1,92.92929292929293,5.555555555555555,4.292929292929292,1.2626262626262625,1.2626262626262625,0.5050505050505051,0.7575757575757576,0.25252525252525254
E00165918,400,378,15,11,4,4,3,1,3,94.5,3.75,2.75,1,1,0.75,0.25,0.75
E00165919,276,252,6,5,1,7,3,4,11,91.30434782608695,2.1739130434782608,1.8115942028985508,0.36231884057971014,2.536231884057971,1.0869565217391304,1.4492753623188406,3.985507246376811
E00165920,266,246,16,14,2,3,1,2,1,92.4812030075188,6.015037593984962,5.263157894736842,0.7518796992481203,1.1278195488721803,0.37593984962406013,0.7518796992481203,0.37593984962406013
E00165921,340,312,16,14,2,6,5,1,6,91.76470588235294,4.705882352941177,4.117647058823529,0.5882352941176471,1.7647058823529411,1.4705882352941175,0.29411764705882354,1.7647058823529411
E00180146,299,264,22,16,6,6,3,3,7,88.2943143812709,7.357859531772576,5.351170568561873,2.0066889632107023,2.0066889632107023,1.0033444816053512,1.0033444816053512,2.341137123745819
E00180175,225,217,6,6,0,1,1,0,1,96.44444444444444,2.666666666666667,2.666666666666667,0,0.4444444444444444,0.4444444444444444,0,0.4444444444444444
E00180182,97,92,1,1,0,2,0,2,2,94.84536082474226,1.0309278350515463,1.0309278350515463,0,2.0618556701030926,0,2.0618556701030926,2.0618556701030926
E00180183,255,230,18,10,8,1,0,1,6,90.19607843137256,7.0588235294117645,3.9215686274509802,3.1372549019607843,0.39215686274509803,0,0.39215686274509803,2.3529411764705883
E00180186,305,280,17,13,4,5,3,2,3,91.80327868852459,5.573770491803279,4.2622950819672125,1.3114754098360655,1.639344262295082,0.9836065573770493,0.6557377049180327,0.9836065573770493
E00180188,276,251,16,10,6,3,0,3,6,90.94202898550725,5.797101449275362,3.6231884057971016,2.1739130434782608,1.0869565217391304,0,1.0869565217391304,2.1739130434782608
E00180194,480,445,24,19,5,1,1,0,10,92.70833333333334,5,3.958333333333333,1.0416666666666665,0.20833333333333334,0.20833333333333334,0,2.083333333333333
E00180201,528,495,13,10,3,6,4,2,14,93.75,2.462121212121212,1.893939393939394,0.5681818181818182,1.1363636363636365,0.7575757575757576,0.3787878787878788,2.6515151515151514
E00180208,106,99,3,3,0,1,1,0,3,93.39622641509435,2.8301886792452833,2.8301886792452833,0,0.9433962264150944,0.9433962264150944,0,2.8301886792452833
E00180211,439,402,23,14,9,5,2,3,9,91.57175398633257,5.239179954441914,3.189066059225513,2.050113895216401,1.1389521640091116,0.45558086560364464,0.683371298405467,2.050113895216401
E00180215,253,241,7,6,1,5,3,2,0,95.25691699604744,2.766798418972332,2.371541501976284,0.3952569169960474,1.9762845849802373,1.185770750988142,0.7905138339920948,0
E00180216,313,294,10,7,3,5,3,2,4,93.9297124600639,3.1948881789137378,2.2364217252396164,0.9584664536741214,1.5974440894568689,0.9584664536741214,0.6389776357827476,1.2779552715654952
E00180229,201,179,19,13,6,1,1,0,2,89.05472636815921,9.45273631840796,6.467661691542288,2.9850746268656714,0.4975124378109453,0.4975124378109453,0,0.9950248756218906
E00180244,442,403,18,12,6,15,7,8,6,91.17647058823529,4.072398190045249,2.7149321266968327,1.3574660633484164,3.3936651583710407,1.583710407239819,1.809954751131222,1.3574660633484164
E00180265,220,208,7,5,2,2,1,1,3,94.54545454545455,3.1818181818181817,2.272727272727273,0.9090909090909091,0.9090909090909091,0.45454545454545453,0.45454545454545453,1.3636363636363635
