OA,ts0540001,ts0540002,ts0540003,ts0540004,ts0540005,ts0540006,ts0540007,ts0540008,ts0540009,ts0540010,ts0540011,ts0540012,ts0540013,ts0540002_PCT,ts0540003_PCT,ts0540004_PCT,ts0540005_PCT,ts0540006_PCT,ts0540007_PCT,ts0540008_PCT,ts0540009_PCT,ts0540010_PCT,ts0540011_PCT,ts0540012_PCT,ts0540013_PCT
E00101450,188,110,54,56,0,0,1,1,0,77,76,1,0,58.51063829787234,28.723404255319153,29.78723404255319,0,0,0.5319148936170213,0.5319148936170213,0,40.95744680851064,40.42553191489361,0.5319148936170213,0
E00101451,131,76,47,29,1,1,25,20,5,29,27,2,0,58.01526717557252,35.87786259541985,22.137404580152673,0.7633587786259541,0.7633587786259541,19.083969465648856,15.267175572519085,3.816793893129771,22.137404580152673,20.610687022900763,1.5267175572519083,0
E00101452,155,77,48,29,1,1,17,11,6,60,55,5,0,49.67741935483871,30.967741935483872,18.70967741935484,0.6451612903225806,0.6451612903225806,10.967741935483872,7.096774193548387,3.870967741935484,38.70967741935484,35.483870967741936,3.225806451612903,0
E00101453,124,70,44,26,0,0,35,33,2,19,19,0,0,56.451612903225815,35.483870967741936,20.967741935483872,0,0,28.225806451612907,26.61290322580645,1.6129032258064515,15.32258064516129,15.32258064516129,0,0
E00101455,136,84,30,54,0,0,40,39,1,9,9,0,3,61.76470588235294,22.058823529411764,39.705882352941174,0,0,29.411764705882355,28.676470588235293,0.7352941176470588,6.61764705882353,6.61764705882353,0,2.2058823529411766
E00101456,158,56,19,37,10,10,79,35,44,13,12,1,0,35.44303797468354,12.025316455696203,23.417721518987342,6.329113924050633,6.329113924050633,50,22.151898734177212,27.848101265822784,8.227848101265822,7.59493670886076,0.6329113924050633,0
E00101457,199,153,72,81,6,6,9,2,7,31,25,6,0,76.88442211055276,36.18090452261307,40.7035175879397,3.015075376884422,3.015075376884422,4.522613065326634,1.0050251256281406,3.5175879396984926,15.577889447236181,12.562814070351758,3.015075376884422,0
E00101458,134,114,87,27,0,0,4,2,2,16,13,3,0,85.07462686567165,64.92537313432835,20.149253731343283,0,0,2.9850746268656714,1.4925373134328357,1.4925373134328357,11.940298507462686,9.701492537313433,2.2388059701492535,0
E00101459,130,107,72,35,2,2,6,2,4,15,15,0,0,82.3076923076923,55.38461538461539,26.923076923076923,1.5384615384615385,1.5384615384615385,4.615384615384616,1.5384615384615385,3.076923076923077,11.538461538461538,11.538461538461538,0,0
E00101460,126,109,84,25,0,0,0,0,0,17,13,4,0,86.5079365079365,66.66666666666666,19.841269841269842,0,0,0,0,0,13.492063492063492,10.317460317460316,3.1746031746031744,0
E00101461,119,75,42,33,0,0,14,1,13,30,27,3,0,63.02521008403361,35.294117647058826,27.73109243697479,0,0,11.76470588235294,0.8403361344537815,10.92436974789916,25.210084033613445,22.689075630252102,2.5210084033613445,0
E00101462,96,37,14,23,0,0,47,46,1,12,8,4,0,38.54166666666667,14.583333333333334,23.958333333333336,0,0,48.95833333333333,47.91666666666667,1.0416666666666665,12.5,8.333333333333332,4.166666666666666,0
E00101463,65,38,24,14,1,1,9,1,8,17,10,7,0,58.46153846153847,36.92307692307693,21.53846153846154,1.5384615384615385,1.5384615384615385,13.846153846153847,1.5384615384615385,12.307692307692308,26.153846153846157,15.384615384615385,10.76923076923077,0
E00101464,115,73,45,28,0,0,21,21,0,21,20,1,0,63.47826086956522,39.130434782608695,24.347826086956523,0,0,18.26086956521739,18.26086956521739,0,18.26086956521739,17.391304347826086,0.8695652173913043,0
E00101465,169,99,54,45,0,0,49,25,24,21,12,9,0,58.57988165680473,31.952662721893493,26.627218934911244,0,0,28.994082840236686,14.792899408284024,14.201183431952662,12.42603550295858,7.100591715976331,5.325443786982249,0
E00101466,123,100,49,51,0,0,0,0,0,23,18,5,0,81.30081300813008,39.83739837398374,41.46341463414634,0,0,0,0,0,18.69918699186992,14.634146341463413,4.0650406504065035,0
E00101467,169,140,74,66,0,0,14,9,5,15,14,1,0,82.84023668639054,43.786982248520715,39.053254437869825,0,0,8.284023668639055,5.325443786982249,2.9585798816568047,8.875739644970414,8.284023668639055,0.591715976331361,0
E00101468,140,108,68,40,0,0,6,6,0,25,23,2,1,77.14285714285715,48.57142857142857,28.57142857142857,0,0,4.285714285714286,4.285714285714286,0,17.857142857142858,16.428571428571427,1.4285714285714286,0.7142857142857143
E00101469,59,45,31,14,1,1,2,2,0,11,9,2,0,76.27118644067797,52.54237288135594,23.728813559322035,1.694915254237288,1.694915254237288,3.389830508474576,3.389830508474576,0,18.64406779661017,15.254237288135593,3.389830508474576,0
E00101470,82,67,47,20,0,0,4,2,2,11,8,3,0,81.70731707317073,57.3170731707317,24.390243902439025,0,0,4.878048780487805,2.4390243902439024,2.4390243902439024,13.414634146341465,9.75609756097561,3.6585365853658534,0
E00101471,108,93,57,36,0,0,0,0,0,15,9,6,0,86.11111111111111,52.77777777777778,33.33333333333333,0,0,0,0,0,13.88888888888889,8.333333333333332,5.555555555555555,0
E00101472,130,85,51,34,0,0,35,29,6,9,8,1,1,65.38461538461539,39.23076923076923,26.153846153846157,0,0,26.923076923076923,22.30769230769231,4.615384615384616,6.923076923076923,6.153846153846154,0.7692307692307693,0.7692307692307693
E00101473,191,146,94,52,6,6,10,5,5,29,24,5,0,76.43979057591623,49.21465968586388,27.225130890052355,3.1413612565445024,3.1413612565445024,5.2356020942408374,2.6178010471204187,2.6178010471204187,15.18324607329843,12.56544502617801,2.6178010471204187,0
E00101474,147,107,72,35,0,0,8,8,0,32,24,8,0,72.78911564625851,48.97959183673469,23.809523809523807,0,0,5.442176870748299,5.442176870748299,0,21.768707482993197,16.3265306122449,5.442176870748299,0
E00101475,107,90,39,51,1,1,11,11,0,5,4,1,0,84.11214953271028,36.44859813084112,47.66355140186916,0.9345794392523363,0.9345794392523363,10.2803738317757,10.2803738317757,0,4.672897196261682,3.7383177570093453,0.9345794392523363,0
E00101476,124,105,52,53,0,0,1,0,1,18,14,4,0,84.67741935483872,41.935483870967744,42.74193548387097,0,0,0.8064516129032258,0,0.8064516129032258,14.516129032258066,11.29032258064516,3.225806451612903,0
E00101477,52,46,33,13,0,0,1,0,1,5,3,2,0,88.46153846153845,63.46153846153846,25,0,0,1.9230769230769231,0,1.9230769230769231,9.615384615384617,5.769230769230769,3.8461538461538463,0
E00101478,80,65,42,23,0,0,0,0,0,15,13,2,0,81.25,52.5,28.749999999999996,0,0,0,0,0,18.75,16.25,2.5,0
E00101479,97,80,54,26,1,1,1,1,0,15,10,5,0,82.4742268041237,55.670103092783506,26.804123711340207,1.0309278350515463,1.0309278350515463,1.0309278350515463,1.0309278350515463,0,15.463917525773196,10.309278350515463,5.154639175257731,0
E00101480,119,81,44,37,0,0,8,7,1,29,20,9,1,68.0672268907563,36.97478991596639,31.092436974789916,0,0,6.722689075630252,5.88235294117647,0.8403361344537815,24.369747899159663,16.80672268907563,7.563025210084033,0.8403361344537815
E00101481,62,35,21,14,0,0,6,6,0,21,20,1,0,56.451612903225815,33.87096774193548,22.58064516129032,0,0,9.67741935483871,9.67741935483871,0,33.87096774193548,32.25806451612903,1.6129032258064515,0
E00101482,153,132,83,49,0,0,4,2,2,17,15,2,0,86.27450980392157,54.248366013071895,32.02614379084967,0,0,2.6143790849673203,1.3071895424836601,1.3071895424836601,11.11111111111111,9.803921568627452,1.3071895424836601,0
E00101483,162,132,77,55,1,1,0,0,0,29,19,10,0,81.48148148148148,47.53086419753087,33.95061728395062,0.6172839506172839,0.6172839506172839,0,0,0,17.901234567901234,11.728395061728394,6.172839506172839,0
E00101484,130,63,38,25,4,4,46,37,9,17,14,3,0,48.46153846153846,29.230769230769234,19.230769230769234,3.076923076923077,3.076923076923077,35.38461538461539,28.46153846153846,6.923076923076923,13.076923076923078,10.76923076923077,2.307692307692308,0
E00101485,124,111,77,34,2,2,0,0,0,11,10,1,0,89.51612903225806,62.096774193548384,27.419354838709676,1.6129032258064515,1.6129032258064515,0,0,0,8.870967741935484,8.064516129032258,0.8064516129032258,0
E00101486,150,86,48,38,2,2,6,4,2,56,53,3,0,57.333333333333336,32,25.333333333333336,1.3333333333333335,1.3333333333333335,4,2.666666666666667,1.3333333333333335,37.333333333333336,35.333333333333336,2,0
E00101487,162,53,35,18,2,2,27,2,25,80,72,8,0,32.71604938271605,21.604938271604937,11.11111111111111,1.2345679012345678,1.2345679012345678,16.666666666666664,1.2345679012345678,15.432098765432098,49.382716049382715,44.44444444444444,4.938271604938271,0
E00101488,80,63,41,22,1,1,3,2,1,13,12,1,0,78.75,51.24999999999999,27.500000000000004,1.25,1.25,3.75,2.5,1.25,16.25,15,1.25,0
E00101489,193,102,58,44,0,0,21,0,21,70,62,8,0,52.84974093264248,30.05181347150259,22.797927461139896,0,0,10.880829015544041,0,10.880829015544041,36.26943005181347,32.12435233160622,4.145077720207254,0
E00101491,210,155,100,55,0,0,15,1,14,40,31,9,0,73.80952380952381,47.61904761904761,26.190476190476193,0,0,7.142857142857142,0.4761904761904762,6.666666666666667,19.047619047619047,14.761904761904763,4.285714285714286,0
E00101492,136,121,91,30,0,0,2,2,0,13,10,3,0,88.97058823529412,66.91176470588235,22.058823529411764,0,0,1.4705882352941175,1.4705882352941175,0,9.558823529411764,7.352941176470589,2.2058823529411766,0
E00101493,140,121,95,26,1,1,1,1,0,17,16,1,0,86.42857142857143,67.85714285714286,18.571428571428573,0.7142857142857143,0.7142857142857143,0.7142857142857143,0.7142857142857143,0,12.142857142857142,11.428571428571429,0.7142857142857143,0
E00101494,137,116,86,30,0,0,3,1,2,18,16,2,0,84.67153284671532,62.77372262773723,21.897810218978105,0,0,2.18978102189781,0.7299270072992701,1.4598540145985401,13.138686131386862,11.678832116788321,1.4598540145985401,0
E00101495,188,74,44,30,0,0,24,1,23,88,83,5,2,39.361702127659576,23.404255319148938,15.957446808510639,0,0,12.76595744680851,0.5319148936170213,12.23404255319149,46.808510638297875,44.148936170212764,2.6595744680851063,1.0638297872340425
E00101496,228,111,50,61,3,3,26,11,15,88,85,3,0,48.68421052631579,21.929824561403507,26.75438596491228,1.3157894736842104,1.3157894736842104,11.403508771929824,4.824561403508771,6.578947368421052,38.59649122807017,37.280701754385966,1.3157894736842104,0
E00101497,160,45,26,19,0,0,19,0,19,96,87,9,0,28.125,16.25,11.875,0,0,11.875,0,11.875,60,54.37499999999999,5.625,0
E00101498,121,90,64,26,0,0,16,15,1,15,11,4,0,74.3801652892562,52.892561983471076,21.487603305785125,0,0,13.223140495867769,12.396694214876034,0.8264462809917356,12.396694214876034,9.090909090909092,3.3057851239669422,0
E00101499,115,90,65,25,0,0,0,0,0,25,20,5,0,78.26086956521739,56.52173913043478,21.73913043478261,0,0,0,0,0,21.73913043478261,17.391304347826086,4.3478260869565215,0
E00101500,140,102,68,34,0,0,3,2,1,35,32,3,0,72.85714285714285,48.57142857142857,24.285714285714285,0,0,2.142857142857143,1.4285714285714286,0.7142857142857143,25,22.857142857142858,2.142857142857143,0
E00101501,131,67,44,23,2,2,34,34,0,28,27,1,0,51.14503816793893,33.587786259541986,17.557251908396946,1.5267175572519083,1.5267175572519083,25.954198473282442,25.954198473282442,0,21.374045801526716,20.610687022900763,0.7633587786259541,0
E00101502,189,105,77,28,7,7,48,23,25,27,24,3,2,55.55555555555556,40.74074074074074,14.814814814814813,3.7037037037037033,3.7037037037037033,25.396825396825395,12.16931216931217,13.227513227513226,14.285714285714285,12.698412698412698,1.5873015873015872,1.0582010582010581
E00101503,153,121,90,31,0,0,5,4,1,27,22,5,0,79.08496732026144,58.82352941176471,20.26143790849673,0,0,3.2679738562091507,2.6143790849673203,0.6535947712418301,17.647058823529413,14.37908496732026,3.2679738562091507,0
E00101504,68,53,39,14,1,1,3,0,3,11,6,5,0,77.94117647058823,57.35294117647059,20.588235294117645,1.4705882352941175,1.4705882352941175,4.411764705882353,0,4.411764705882353,16.176470588235293,8.823529411764707,7.352941176470589,0
E00101505,153,113,78,35,1,1,8,8,0,31,25,6,0,73.8562091503268,50.98039215686274,22.875816993464053,0.6535947712418301,0.6535947712418301,5.228758169934641,5.228758169934641,0,20.26143790849673,16.33986928104575,3.9215686274509802,0
E00101506,172,127,83,44,3,3,7,6,1,35,27,8,0,73.83720930232558,48.25581395348838,25.581395348837212,1.744186046511628,1.744186046511628,4.069767441860465,3.488372093023256,0.5813953488372093,20.348837209302324,15.69767441860465,4.651162790697675,0
E00101507,129,110,73,37,1,1,5,4,1,13,8,5,0,85.27131782945736,56.58914728682171,28.68217054263566,0.7751937984496124,0.7751937984496124,3.875968992248062,3.10077519379845,0.7751937984496124,10.077519379844961,6.2015503875969,3.875968992248062,0
E00101508,54,42,25,17,0,0,5,3,2,7,5,2,0,77.77777777777779,46.2962962962963,31.48148148148148,0,0,9.25925925925926,5.555555555555555,3.7037037037037033,12.962962962962962,9.25925925925926,3.7037037037037033,0
E00101509,144,112,81,31,2,2,3,3,0,27,18,9,0,77.77777777777779,56.25,21.52777777777778,1.3888888888888888,1.3888888888888888,2.083333333333333,2.083333333333333,0,18.75,12.5,6.25,0
E00101510,185,124,80,44,0,0,14,7,7,47,46,1,0,67.02702702702703,43.24324324324324,23.783783783783786,0,0,7.567567567567568,3.783783783783784,3.783783783783784,25.405405405405407,24.864864864864867,0.5405405405405406,0
E00101511,146,71,36,35,0,0,41,38,3,33,30,3,1,48.63013698630137,24.65753424657534,23.972602739726025,0,0,28.08219178082192,26.027397260273972,2.054794520547945,22.602739726027394,20.54794520547945,2.054794520547945,0.684931506849315
E00101512,179,83,51,32,4,4,26,18,8,66,58,8,0,46.36871508379888,28.49162011173184,17.877094972067038,2.2346368715083798,2.2346368715083798,14.52513966480447,10.05586592178771,4.4692737430167595,36.87150837988827,32.402234636871505,4.4692737430167595,0
E00101513,105,98,86,12,0,0,2,1,1,5,4,1,0,93.33333333333333,81.9047619047619,11.428571428571429,0,0,1.9047619047619049,0.9523809523809524,0.9523809523809524,4.761904761904762,3.8095238095238098,0.9523809523809524,0
E00101514,119,60,33,27,0,0,38,32,6,21,18,3,0,50.42016806722689,27.73109243697479,22.689075630252102,0,0,31.932773109243694,26.89075630252101,5.042016806722689,17.647058823529413,15.126050420168067,2.5210084033613445,0
E00101515,121,111,85,26,0,0,0,0,0,10,8,2,0,91.73553719008265,70.24793388429752,21.487603305785125,0,0,0,0,0,8.264462809917356,6.6115702479338845,1.6528925619834711,0
E00101516,130,113,81,32,0,0,8,7,1,9,8,1,0,86.92307692307692,62.30769230769231,24.615384615384617,0,0,6.153846153846154,5.384615384615385,0.7692307692307693,6.923076923076923,6.153846153846154,0.7692307692307693,0
E00101517,149,134,88,46,1,1,0,0,0,14,9,5,0,89.93288590604027,59.06040268456376,30.87248322147651,0.6711409395973155,0.6711409395973155,0,0,0,9.395973154362416,6.0402684563758395,3.3557046979865772,0
E00101518,134,57,33,24,2,2,53,35,18,22,16,6,0,42.53731343283582,24.62686567164179,17.91044776119403,1.4925373134328357,1.4925373134328357,39.55223880597015,26.119402985074625,13.432835820895523,16.417910447761194,11.940298507462686,4.477611940298507,0
E00101519,134,120,67,53,0,0,3,3,0,11,9,2,0,89.55223880597015,50,39.55223880597015,0,0,2.2388059701492535,2.2388059701492535,0,8.208955223880597,6.7164179104477615,1.4925373134328357,0
E00101520,64,47,35,12,0,0,1,0,1,16,13,3,0,73.4375,54.6875,18.75,0,0,1.5625,0,1.5625,25,20.3125,4.6875,0
E00101521,121,84,58,26,2,2,21,2,19,14,12,2,0,69.42148760330579,47.93388429752066,21.487603305785125,1.6528925619834711,1.6528925619834711,17.355371900826448,1.6528925619834711,15.702479338842975,11.570247933884298,9.917355371900827,1.6528925619834711,0
E00101522,118,46,29,17,1,1,56,55,1,13,11,2,2,38.983050847457626,24.576271186440678,14.40677966101695,0.847457627118644,0.847457627118644,47.45762711864407,46.61016949152542,0.847457627118644,11.016949152542372,9.322033898305085,1.694915254237288,1.694915254237288
E00101523,129,80,43,37,0,0,28,25,3,21,17,4,0,62.01550387596899,33.33333333333333,28.68217054263566,0,0,21.705426356589147,19.379844961240313,2.3255813953488373,16.27906976744186,13.178294573643413,3.10077519379845,0
E00101524,113,71,40,31,1,1,29,27,2,12,11,1,0,62.83185840707964,35.39823008849557,27.43362831858407,0.8849557522123894,0.8849557522123894,25.663716814159294,23.893805309734514,1.7699115044247788,10.619469026548673,9.734513274336283,0.8849557522123894,0
E00101525,120,105,89,16,1,1,3,2,1,11,8,3,0,87.5,74.16666666666667,13.333333333333334,0.8333333333333334,0.8333333333333334,2.5,1.6666666666666667,0.8333333333333334,9.166666666666666,6.666666666666667,2.5,0
E00101526,133,74,31,43,5,5,42,12,30,12,9,3,0,55.639097744360896,23.308270676691727,32.33082706766917,3.7593984962406015,3.7593984962406015,31.57894736842105,9.022556390977442,22.55639097744361,9.022556390977442,6.7669172932330826,2.2556390977443606,0
E00101527,135,28,13,15,0,0,39,1,38,67,61,6,1,20.74074074074074,9.62962962962963,11.11111111111111,0,0,28.888888888888886,0.7407407407407408,28.14814814814815,49.629629629629626,45.18518518518518,4.444444444444445,0.7407407407407408
E00101529,223,146,67,79,3,3,33,2,31,41,38,3,0,65.47085201793722,30.04484304932735,35.42600896860987,1.345291479820628,1.345291479820628,14.798206278026907,0.8968609865470852,13.901345291479823,18.385650224215247,17.040358744394617,1.345291479820628,0
E00101530,125,79,47,32,0,0,34,33,1,12,11,1,0,63.2,37.6,25.6,0,0,27.200000000000003,26.400000000000002,0.8,9.6,8.799999999999999,0.8,0
E00101531,124,72,39,33,3,3,42,25,17,6,4,2,1,58.06451612903226,31.451612903225808,26.61290322580645,2.4193548387096775,2.4193548387096775,33.87096774193548,20.161290322580644,13.709677419354838,4.838709677419355,3.225806451612903,1.6129032258064515,0.8064516129032258
E00101532,113,90,56,34,1,1,1,1,0,21,21,0,0,79.64601769911505,49.557522123893804,30.08849557522124,0.8849557522123894,0.8849557522123894,0.8849557522123894,0.8849557522123894,0,18.58407079646018,18.58407079646018,0,0
E00101533,143,98,60,38,3,3,0,0,0,42,38,4,0,68.53146853146853,41.95804195804196,26.573426573426573,2.097902097902098,2.097902097902098,0,0,0,29.37062937062937,26.573426573426573,2.797202797202797,0
E00101534,192,133,78,55,0,0,30,16,14,29,23,6,0,69.27083333333334,40.625,28.645833333333332,0,0,15.625,8.333333333333332,7.291666666666667,15.104166666666666,11.979166666666668,3.125,0
E00101535,250,177,79,98,12,12,22,4,18,39,37,2,0,70.8,31.6,39.2,4.8,4.8,8.799999999999999,1.6,7.199999999999999,15.6,14.799999999999999,0.8,0
E00101536,108,36,16,20,1,1,62,35,27,9,8,1,0,33.33333333333333,14.814814814814813,18.51851851851852,0.9259259259259258,0.9259259259259258,57.407407407407405,32.407407407407405,25,8.333333333333332,7.4074074074074066,0.9259259259259258,0
E00101537,176,79,43,36,4,4,12,4,8,81,70,11,0,44.88636363636363,24.431818181818183,20.454545454545457,2.272727272727273,2.272727272727273,6.8181818181818175,2.272727272727273,4.545454545454546,46.02272727272727,39.77272727272727,6.25,0
E00101538,145,95,53,42,0,0,4,0,4,46,43,3,0,65.51724137931035,36.55172413793103,28.965517241379313,0,0,2.7586206896551726,0,2.7586206896551726,31.724137931034484,29.655172413793103,2.0689655172413794,0
E00101539,66,39,24,15,1,1,1,1,0,25,21,4,0,59.09090909090909,36.36363636363637,22.727272727272727,1.5151515151515151,1.5151515151515151,1.5151515151515151,1.5151515151515151,0,37.878787878787875,31.818181818181817,6.0606060606060606,0
E00101540,47,37,21,16,0,0,2,2,0,8,8,0,0,78.72340425531915,44.680851063829785,34.04255319148936,0,0,4.25531914893617,4.25531914893617,0,17.02127659574468,17.02127659574468,0,0
E00101541,125,94,56,38,2,2,1,1,0,28,20,8,0,75.2,44.800000000000004,30.4,1.6,1.6,0.8,0.8,0,22.400000000000002,16,6.4,0
E00101543,66,44,28,16,0,0,1,0,1,21,21,0,0,66.66666666666666,42.42424242424242,24.242424242424242,0,0,1.5151515151515151,0,1.5151515151515151,31.818181818181817,31.818181818181817,0,0
E00101544,132,105,64,41,0,0,2,2,0,25,16,9,0,79.54545454545455,48.484848484848484,31.060606060606062,0,0,1.5151515151515151,1.5151515151515151,0,18.939393939393938,12.121212121212121,6.8181818181818175,0
E00101545,124,80,38,42,1,1,19,12,7,24,21,3,0,64.51612903225806,30.64516129032258,33.87096774193548,0.8064516129032258,0.8064516129032258,15.32258064516129,9.67741935483871,5.64516129032258,19.35483870967742,16.93548387096774,2.4193548387096775,0
E00101546,139,117,69,48,1,1,1,0,1,20,10,10,0,84.17266187050359,49.64028776978417,34.53237410071942,0.7194244604316548,0.7194244604316548,0.7194244604316548,0,0.7194244604316548,14.388489208633093,7.1942446043165464,7.1942446043165464,0
E00101547,108,14,7,7,0,0,86,14,72,8,6,2,0,12.962962962962962,6.481481481481481,6.481481481481481,0,0,79.62962962962963,12.962962962962962,66.66666666666666,7.4074074074074066,5.555555555555555,1.8518518518518516,0
E00101548,132,97,51,46,0,0,0,0,0,35,32,3,0,73.48484848484848,38.63636363636363,34.84848484848485,0,0,0,0,0,26.515151515151516,24.242424242424242,2.272727272727273,0
E00101549,218,142,88,54,14,14,19,1,18,43,42,1,0,65.13761467889908,40.36697247706422,24.770642201834864,6.422018348623854,6.422018348623854,8.715596330275229,0.45871559633027525,8.256880733944955,19.724770642201836,19.26605504587156,0.45871559633027525,0
E00101551,152,74,35,39,0,0,31,29,2,44,41,3,3,48.68421052631579,23.026315789473685,25.657894736842106,0,0,20.394736842105264,19.078947368421055,1.3157894736842104,28.947368421052634,26.973684210526315,1.9736842105263157,1.9736842105263157
E00101552,129,90,40,50,0,0,18,15,3,21,19,2,0,69.76744186046511,31.007751937984494,38.759689922480625,0,0,13.953488372093023,11.627906976744185,2.3255813953488373,16.27906976744186,14.728682170542637,1.550387596899225,0
E00101553,109,67,34,33,1,1,29,28,1,12,11,1,0,61.46788990825688,31.19266055045872,30.275229357798167,0.9174311926605505,0.9174311926605505,26.605504587155966,25.688073394495415,0.9174311926605505,11.009174311926607,10.091743119266056,0.9174311926605505,0
E00101554,131,117,86,31,0,0,1,1,0,13,12,1,0,89.31297709923665,65.64885496183206,23.66412213740458,0,0,0.7633587786259541,0.7633587786259541,0,9.923664122137405,9.16030534351145,0.7633587786259541,0
E00101555,153,42,19,23,0,0,30,27,3,79,75,4,2,27.450980392156865,12.418300653594772,15.032679738562091,0,0,19.607843137254903,17.647058823529413,1.9607843137254901,51.633986928104584,49.01960784313725,2.6143790849673203,1.3071895424836601
E00101556,135,93,51,42,0,0,1,0,1,41,37,4,0,68.88888888888889,37.77777777777778,31.11111111111111,0,0,0.7407407407407408,0,0.7407407407407408,30.37037037037037,27.40740740740741,2.9629629629629632,0
E00101557,137,118,57,61,0,0,0,0,0,18,18,0,1,86.13138686131386,41.605839416058394,44.52554744525548,0,0,0,0,0,13.138686131386862,13.138686131386862,0,0.7299270072992701
E00101558,139,101,60,41,2,2,18,17,1,17,14,3,1,72.66187050359713,43.16546762589928,29.496402877697843,1.4388489208633095,1.4388489208633095,12.949640287769784,12.23021582733813,0.7194244604316548,12.23021582733813,10.071942446043165,2.158273381294964,0.7194244604316548
E00101559,104,48,28,20,3,3,41,23,18,11,10,1,1,46.15384615384615,26.923076923076923,19.230769230769234,2.8846153846153846,2.8846153846153846,39.42307692307692,22.115384615384613,17.307692307692307,10.576923076923077,9.615384615384617,0.9615384615384616,0.9615384615384616
E00101560,221,157,74,83,10,10,15,1,14,39,31,8,0,71.04072398190046,33.4841628959276,37.55656108597285,4.524886877828054,4.524886877828054,6.787330316742081,0.4524886877828055,6.334841628959276,17.647058823529413,14.027149321266968,3.619909502262444,0
E00101561,182,137,93,44,0,0,6,6,0,39,30,9,0,75.27472527472527,51.098901098901095,24.175824175824175,0,0,3.296703296703297,3.296703296703297,0,21.428571428571427,16.483516483516482,4.945054945054945,0
E00101562,121,96,68,28,0,0,4,0,4,21,16,5,0,79.33884297520662,56.19834710743802,23.140495867768596,0,0,3.3057851239669422,0,3.3057851239669422,17.355371900826448,13.223140495867769,4.132231404958678,0
E00101563,142,109,55,54,3,3,16,12,4,13,11,2,1,76.76056338028168,38.732394366197184,38.028169014084504,2.112676056338028,2.112676056338028,11.267605633802818,8.450704225352112,2.8169014084507045,9.15492957746479,7.746478873239436,1.4084507042253522,0.7042253521126761
E00101564,133,109,65,44,0,0,5,4,1,19,18,1,0,81.95488721804512,48.87218045112782,33.08270676691729,0,0,3.7593984962406015,3.007518796992481,0.7518796992481203,14.285714285714285,13.533834586466165,0.7518796992481203,0
E00101565,144,119,70,49,0,0,2,2,0,23,22,1,0,82.63888888888889,48.61111111111111,34.02777777777778,0,0,1.3888888888888888,1.3888888888888888,0,15.972222222222221,15.277777777777779,0.6944444444444444,0
E00101566,127,81,63,18,0,0,28,1,27,18,15,3,0,63.77952755905512,49.60629921259843,14.173228346456693,0,0,22.04724409448819,0.7874015748031495,21.25984251968504,14.173228346456693,11.811023622047244,2.3622047244094486,0
E00101567,173,144,90,54,0,0,9,0,9,20,19,1,0,83.23699421965318,52.02312138728323,31.213872832369944,0,0,5.202312138728324,0,5.202312138728324,11.560693641618498,10.982658959537572,0.5780346820809248,0
E00101568,196,97,48,49,0,0,13,3,10,86,81,5,0,49.48979591836735,24.489795918367346,25,0,0,6.63265306122449,1.530612244897959,5.1020408163265305,43.87755102040816,41.3265306122449,2.5510204081632653,0
E00101569,179,123,72,51,0,0,31,24,7,25,24,1,0,68.71508379888269,40.22346368715084,28.49162011173184,0,0,17.318435754189945,13.40782122905028,3.910614525139665,13.966480446927374,13.40782122905028,0.5586592178770949,0
E00101570,135,84,50,34,10,10,21,1,20,20,19,1,0,62.22222222222222,37.03703703703704,25.185185185185183,7.4074074074074066,7.4074074074074066,15.555555555555555,0.7407407407407408,14.814814814814813,14.814814814814813,14.074074074074074,0.7407407407407408,0
E00101571,138,103,58,45,1,1,10,10,0,24,24,0,0,74.63768115942028,42.028985507246375,32.608695652173914,0.7246376811594203,0.7246376811594203,7.246376811594203,7.246376811594203,0,17.391304347826086,17.391304347826086,0,0
E00101572,147,48,39,9,1,1,74,21,53,24,21,3,0,32.6530612244898,26.53061224489796,6.122448979591836,0.6802721088435374,0.6802721088435374,50.34013605442177,14.285714285714285,36.054421768707485,16.3265306122449,14.285714285714285,2.0408163265306123,0
E00101573,170,28,11,17,0,0,37,29,8,104,95,9,1,16.470588235294116,6.470588235294119,10,0,0,21.764705882352942,17.058823529411764,4.705882352941177,61.1764705882353,55.88235294117647,5.294117647058823,0.5882352941176471
E00101574,141,116,66,50,1,1,1,0,1,23,23,0,0,82.26950354609929,46.808510638297875,35.46099290780142,0.7092198581560284,0.7092198581560284,0.7092198581560284,0,0.7092198581560284,16.312056737588655,16.312056737588655,0,0
E00101575,154,58,31,27,0,0,29,7,22,67,65,2,0,37.66233766233766,20.12987012987013,17.532467532467532,0,0,18.83116883116883,4.545454545454546,14.285714285714285,43.506493506493506,42.2077922077922,1.2987012987012987,0
E00101576,132,113,86,27,0,0,3,3,0,16,13,3,0,85.60606060606061,65.15151515151516,20.454545454545457,0,0,2.272727272727273,2.272727272727273,0,12.121212121212121,9.848484848484848,2.272727272727273,0
E00101577,123,96,63,33,0,0,16,14,2,11,10,1,0,78.04878048780488,51.21951219512195,26.82926829268293,0,0,13.008130081300814,11.38211382113821,1.6260162601626018,8.94308943089431,8.130081300813007,0.8130081300813009,0
E00101578,127,106,53,53,1,1,2,1,1,18,16,2,0,83.46456692913385,41.732283464566926,41.732283464566926,0.7874015748031495,0.7874015748031495,1.574803149606299,0.7874015748031495,0.7874015748031495,14.173228346456693,12.598425196850393,1.574803149606299,0
E00101579,116,82,52,30,1,1,4,2,2,29,25,4,0,70.6896551724138,44.827586206896555,25.862068965517242,0.8620689655172413,0.8620689655172413,3.4482758620689653,1.7241379310344827,1.7241379310344827,25,21.551724137931032,3.4482758620689653,0
E00101580,106,42,26,16,6,6,54,7,47,4,2,2,0,39.62264150943396,24.528301886792452,15.09433962264151,5.660377358490567,5.660377358490567,50.943396226415096,6.60377358490566,44.339622641509436,3.7735849056603774,1.8867924528301887,1.8867924528301887,0
E00101581,167,142,89,53,0,0,2,0,2,23,21,2,0,85.02994011976048,53.293413173652695,31.736526946107784,0,0,1.1976047904191618,0,1.1976047904191618,13.77245508982036,12.574850299401197,1.1976047904191618,0
E00101582,196,42,16,26,16,16,114,55,59,20,19,1,4,21.428571428571427,8.16326530612245,13.26530612244898,8.16326530612245,8.16326530612245,58.16326530612245,28.061224489795915,30.102040816326532,10.204081632653061,9.693877551020408,0.5102040816326531,2.0408163265306123
E00101583,106,97,59,38,0,0,3,2,1,6,6,0,0,91.50943396226415,55.660377358490564,35.84905660377358,0,0,2.8301886792452833,1.8867924528301887,0.9433962264150944,5.660377358490567,5.660377358490567,0,0
E00101584,113,76,42,34,0,0,29,29,0,7,4,3,1,67.2566371681416,37.16814159292036,30.08849557522124,0,0,25.663716814159294,25.663716814159294,0,6.1946902654867255,3.5398230088495577,2.6548672566371683,0.8849557522123894
E00101585,183,133,91,42,0,0,25,4,21,25,22,3,0,72.6775956284153,49.72677595628415,22.950819672131146,0,0,13.661202185792352,2.185792349726776,11.475409836065573,13.661202185792352,12.021857923497267,1.639344262295082,0
E00101586,139,71,35,36,1,1,55,55,0,11,10,1,1,51.07913669064749,25.179856115107913,25.899280575539567,0.7194244604316548,0.7194244604316548,39.568345323741006,39.568345323741006,0,7.913669064748201,7.1942446043165464,0.7194244604316548,0.7194244604316548
E00101587,127,98,46,52,0,0,5,2,3,24,23,1,0,77.16535433070865,36.22047244094488,40.94488188976378,0,0,3.937007874015748,1.574803149606299,2.3622047244094486,18.89763779527559,18.11023622047244,0.7874015748031495,0
E00101588,133,121,83,38,0,0,0,0,0,12,8,4,0,90.97744360902256,62.40601503759399,28.57142857142857,0,0,0,0,0,9.022556390977442,6.015037593984962,3.007518796992481,0
E00101589,150,73,39,34,3,3,54,19,35,20,16,4,0,48.66666666666667,26,22.666666666666664,2,2,36,12.666666666666668,23.333333333333332,13.333333333333334,10.666666666666668,2.666666666666667,0
E00101590,153,69,28,41,5,5,30,30,0,49,49,0,0,45.09803921568628,18.30065359477124,26.797385620915033,3.2679738562091507,3.2679738562091507,19.607843137254903,19.607843137254903,0,32.02614379084967,32.02614379084967,0,0
E00101592,128,111,61,50,0,0,1,1,0,16,13,3,0,86.71875,47.65625,39.0625,0,0,0.78125,0.78125,0,12.5,10.15625,2.34375,0
E00101593,145,123,76,47,0,0,0,0,0,22,18,4,0,84.82758620689656,52.41379310344828,32.41379310344827,0,0,0,0,0,15.172413793103448,12.413793103448276,2.7586206896551726,0
E00101594,137,101,54,47,0,0,1,1,0,35,35,0,0,73.72262773722628,39.416058394160586,34.306569343065696,0,0,0.7299270072992701,0.7299270072992701,0,25.547445255474454,25.547445255474454,0,0
E00101595,141,131,68,63,0,0,2,1,1,8,6,2,0,92.90780141843972,48.226950354609926,44.680851063829785,0,0,1.4184397163120568,0.7092198581560284,0.7092198581560284,5.673758865248227,4.25531914893617,1.4184397163120568,0
E00101596,124,70,38,32,0,0,10,10,0,44,42,2,0,56.451612903225815,30.64516129032258,25.806451612903224,0,0,8.064516129032258,8.064516129032258,0,35.483870967741936,33.87096774193548,1.6129032258064515,0
E00101597,136,52,30,22,13,13,22,21,1,49,47,2,0,38.23529411764706,22.058823529411764,16.176470588235293,9.558823529411764,9.558823529411764,16.176470588235293,15.441176470588236,0.7352941176470588,36.029411764705884,34.55882352941176,1.4705882352941175,0
E00101598,124,36,21,15,1,1,76,75,1,10,9,1,1,29.03225806451613,16.93548387096774,12.096774193548388,0.8064516129032258,0.8064516129032258,61.29032258064516,60.483870967741936,0.8064516129032258,8.064516129032258,7.258064516129033,0.8064516129032258,0.8064516129032258
E00101599,123,45,17,28,13,13,57,51,6,8,8,0,0,36.58536585365854,13.821138211382115,22.76422764227642,10.569105691056912,10.569105691056912,46.34146341463415,41.46341463414634,4.878048780487805,6.504065040650407,6.504065040650407,0,0
E00101600,165,149,80,69,0,0,1,1,0,15,13,2,0,90.30303030303031,48.484848484848484,41.81818181818181,0,0,0.6060606060606061,0.6060606060606061,0,9.090909090909092,7.878787878787878,1.2121212121212122,0
E00101601,135,92,37,55,0,0,18,14,4,24,19,5,1,68.14814814814815,27.40740740740741,40.74074074074074,0,0,13.333333333333334,10.37037037037037,2.9629629629629632,17.77777777777778,14.074074074074074,3.7037037037037033,0.7407407407407408
E00101602,128,37,17,20,0,0,75,73,2,12,12,0,4,28.90625,13.28125,15.625,0,0,58.59375,57.03125,1.5625,9.375,9.375,0,3.125
E00101604,135,74,42,32,1,1,40,40,0,20,19,1,0,54.81481481481482,31.11111111111111,23.703703703703706,0.7407407407407408,0.7407407407407408,29.629629629629626,29.629629629629626,0,14.814814814814813,14.074074074074074,0.7407407407407408,0
E00101605,188,68,30,38,0,0,39,1,38,81,78,3,0,36.17021276595745,15.957446808510639,20.212765957446805,0,0,20.74468085106383,0.5319148936170213,20.212765957446805,43.08510638297872,41.48936170212766,1.5957446808510638,0
E00101606,184,136,74,62,2,2,5,2,3,41,31,10,0,73.91304347826086,40.21739130434783,33.69565217391305,1.0869565217391304,1.0869565217391304,2.717391304347826,1.0869565217391304,1.6304347826086956,22.282608695652172,16.847826086956523,5.434782608695652,0
E00101608,124,65,34,31,0,0,4,0,4,55,49,6,0,52.41935483870967,27.419354838709676,25,0,0,3.225806451612903,0,3.225806451612903,44.354838709677416,39.516129032258064,4.838709677419355,0
E00101610,160,91,51,40,1,1,38,32,6,30,23,7,0,56.875,31.874999999999996,25,0.625,0.625,23.75,20,3.75,18.75,14.374999999999998,4.375,0
E00101611,119,79,52,27,0,0,5,3,2,35,27,8,0,66.38655462184873,43.69747899159664,22.689075630252102,0,0,4.201680672268908,2.5210084033613445,1.680672268907563,29.411764705882355,22.689075630252102,6.722689075630252,0
E00101612,132,113,69,44,0,0,9,9,0,10,9,1,0,85.60606060606061,52.27272727272727,33.33333333333333,0,0,6.8181818181818175,6.8181818181818175,0,7.575757575757576,6.8181818181818175,0.7575757575757576,0
E00101613,123,91,58,33,1,1,2,2,0,29,22,7,0,73.98373983739837,47.15447154471545,26.82926829268293,0.8130081300813009,0.8130081300813009,1.6260162601626018,1.6260162601626018,0,23.577235772357724,17.88617886178862,5.691056910569105,0
E00101614,92,56,33,23,1,1,31,25,6,4,4,0,0,60.86956521739131,35.869565217391305,25,1.0869565217391304,1.0869565217391304,33.69565217391305,27.173913043478258,6.521739130434782,4.3478260869565215,4.3478260869565215,0,0
E00101615,56,46,31,15,1,1,4,2,2,5,0,5,0,82.14285714285714,55.35714285714286,26.785714285714285,1.7857142857142856,1.7857142857142856,7.142857142857142,3.571428571428571,3.571428571428571,8.928571428571429,0,8.928571428571429,0
E00101616,60,48,37,11,0,0,3,3,0,8,6,2,1,80,61.66666666666667,18.333333333333332,0,0,5,5,0,13.333333333333334,10,3.3333333333333335,1.6666666666666667
E00101617,173,144,105,39,1,1,0,0,0,28,21,7,0,83.23699421965318,60.69364161849711,22.54335260115607,0.5780346820809248,0.5780346820809248,0,0,0,16.184971098265898,12.138728323699421,4.046242774566474,0
E00101618,138,120,79,41,2,2,0,0,0,16,14,2,0,86.95652173913044,57.2463768115942,29.71014492753623,1.4492753623188406,1.4492753623188406,0,0,0,11.594202898550725,10.144927536231885,1.4492753623188406,0
E00101619,131,95,52,43,0,0,26,25,1,10,7,3,0,72.51908396946564,39.69465648854962,32.82442748091603,0,0,19.84732824427481,19.083969465648856,0.7633587786259541,7.633587786259542,5.343511450381679,2.2900763358778624,0
E00101620,89,80,58,22,0,0,0,0,0,9,8,1,0,89.8876404494382,65.1685393258427,24.719101123595504,0,0,0,0,0,10.112359550561797,8.98876404494382,1.1235955056179776,0
E00101621,141,108,74,34,0,0,3,3,0,30,16,14,0,76.59574468085107,52.4822695035461,24.113475177304963,0,0,2.127659574468085,2.127659574468085,0,21.27659574468085,11.347517730496454,9.929078014184398,0
E00101622,141,107,60,47,0,0,14,14,0,20,17,3,0,75.88652482269504,42.5531914893617,33.33333333333333,0,0,9.929078014184398,9.929078014184398,0,14.184397163120568,12.056737588652481,2.127659574468085,0
E00101623,141,113,75,38,0,0,0,0,0,28,22,6,0,80.1418439716312,53.191489361702125,26.95035460992908,0,0,0,0,0,19.858156028368796,15.602836879432624,4.25531914893617,0
E00101624,154,95,58,37,2,2,42,30,12,15,13,2,0,61.68831168831169,37.66233766233766,24.025974025974026,1.2987012987012987,1.2987012987012987,27.27272727272727,19.480519480519483,7.792207792207792,9.740259740259742,8.441558441558442,1.2987012987012987,0
E00101625,135,105,66,39,0,0,2,1,1,28,18,10,0,77.77777777777779,48.888888888888886,28.888888888888886,0,0,1.4814814814814816,0.7407407407407408,0.7407407407407408,20.74074074074074,13.333333333333334,7.4074074074074066,0
E00101626,113,89,71,18,0,0,7,7,0,17,10,7,0,78.76106194690266,62.83185840707964,15.929203539823009,0,0,6.1946902654867255,6.1946902654867255,0,15.04424778761062,8.849557522123893,6.1946902654867255,0
E00101627,154,139,84,55,0,0,6,6,0,9,9,0,0,90.25974025974025,54.54545454545454,35.714285714285715,0,0,3.896103896103896,3.896103896103896,0,5.844155844155844,5.844155844155844,0,0
E00101628,161,135,99,36,0,0,5,0,5,21,16,5,0,83.85093167701864,61.49068322981367,22.36024844720497,0,0,3.1055900621118013,0,3.1055900621118013,13.043478260869565,9.937888198757763,3.1055900621118013,0
E00101629,165,138,81,57,0,0,1,0,1,26,17,9,0,83.63636363636363,49.09090909090909,34.54545454545455,0,0,0.6060606060606061,0,0.6060606060606061,15.757575757575756,10.303030303030303,5.454545454545454,0
E00101630,148,80,37,43,0,0,56,44,12,12,11,1,0,54.054054054054056,25,29.054054054054053,0,0,37.83783783783784,29.72972972972973,8.108108108108109,8.108108108108109,7.4324324324324325,0.6756756756756757,0
E00101631,134,96,56,40,0,0,11,7,4,27,24,3,0,71.64179104477611,41.7910447761194,29.850746268656714,0,0,8.208955223880597,5.223880597014925,2.9850746268656714,20.149253731343283,17.91044776119403,2.2388059701492535,0
E00101632,124,98,62,36,0,0,7,1,6,19,19,0,0,79.03225806451613,50,29.03225806451613,0,0,5.64516129032258,0.8064516129032258,4.838709677419355,15.32258064516129,15.32258064516129,0,0
E00101633,209,164,111,53,0,0,12,11,1,33,26,7,0,78.4688995215311,53.110047846889955,25.358851674641148,0,0,5.741626794258373,5.263157894736842,0.4784688995215311,15.789473684210526,12.440191387559809,3.349282296650718,0
E00101634,153,119,78,41,0,0,16,13,3,18,14,4,0,77.77777777777779,50.98039215686274,26.797385620915033,0,0,10.457516339869281,8.49673202614379,1.9607843137254901,11.76470588235294,9.15032679738562,2.6143790849673203,0
E00101635,55,46,24,22,0,0,1,1,0,8,6,2,0,83.63636363636363,43.63636363636363,40,0,0,1.8181818181818181,1.8181818181818181,0,14.545454545454545,10.909090909090908,3.6363636363636362,0
E00101636,108,89,52,37,0,0,6,6,0,12,10,2,1,82.4074074074074,48.148148148148145,34.25925925925926,0,0,5.555555555555555,5.555555555555555,0,11.11111111111111,9.25925925925926,1.8518518518518516,0.9259259259259258
E00101637,164,140,86,54,0,0,5,4,1,19,12,7,0,85.36585365853658,52.4390243902439,32.926829268292686,0,0,3.048780487804878,2.4390243902439024,0.6097560975609756,11.585365853658537,7.317073170731707,4.2682926829268295,0
E00101638,143,120,85,35,0,0,2,0,2,21,17,4,0,83.91608391608392,59.44055944055944,24.475524475524477,0,0,1.3986013986013985,0,1.3986013986013985,14.685314685314685,11.888111888111888,2.797202797202797,0
E00101639,130,94,68,26,2,2,19,16,3,15,14,1,0,72.3076923076923,52.307692307692314,20,1.5384615384615385,1.5384615384615385,14.615384615384617,12.307692307692308,2.307692307692308,11.538461538461538,10.76923076923077,0.7692307692307693,0
E00101640,135,119,71,48,0,0,1,0,1,15,12,3,0,88.14814814814815,52.59259259259259,35.55555555555556,0,0,0.7407407407407408,0,0.7407407407407408,11.11111111111111,8.88888888888889,2.2222222222222223,0
E00101641,172,131,83,48,0,0,24,10,14,17,17,0,0,76.16279069767442,48.25581395348838,27.906976744186046,0,0,13.953488372093023,5.813953488372093,8.13953488372093,9.883720930232558,9.883720930232558,0,0
E00101642,122,80,40,40,1,1,33,32,1,8,7,1,0,65.57377049180327,32.78688524590164,32.78688524590164,0.819672131147541,0.819672131147541,27.049180327868854,26.229508196721312,0.819672131147541,6.557377049180328,5.737704918032787,0.819672131147541,0
E00101643,58,48,32,16,0,0,3,2,1,7,6,1,0,82.75862068965517,55.172413793103445,27.586206896551722,0,0,5.172413793103448,3.4482758620689653,1.7241379310344827,12.068965517241379,10.344827586206897,1.7241379310344827,0
E00101644,198,165,117,48,0,0,3,3,0,30,20,10,0,83.33333333333334,59.09090909090909,24.242424242424242,0,0,1.5151515151515151,1.5151515151515151,0,15.151515151515152,10.1010101010101,5.05050505050505,0
E00101645,126,107,70,37,0,0,1,1,0,18,13,5,0,84.92063492063492,55.55555555555556,29.365079365079367,0,0,0.7936507936507936,0.7936507936507936,0,14.285714285714285,10.317460317460316,3.968253968253968,0
E00101646,139,98,72,26,0,0,1,1,0,40,26,14,0,70.50359712230215,51.798561151079134,18.705035971223023,0,0,0.7194244604316548,0.7194244604316548,0,28.776978417266186,18.705035971223023,10.071942446043165,0
E00101647,153,106,64,42,1,1,29,15,14,17,13,4,0,69.28104575163398,41.830065359477125,27.450980392156865,0.6535947712418301,0.6535947712418301,18.954248366013072,9.803921568627452,9.15032679738562,11.11111111111111,8.49673202614379,2.6143790849673203,0
E00101648,209,143,68,75,2,2,10,2,8,54,48,6,0,68.42105263157895,32.535885167464116,35.88516746411483,0.9569377990430622,0.9569377990430622,4.784688995215311,0.9569377990430622,3.827751196172249,25.837320574162682,22.966507177033492,2.8708133971291865,0
E00101649,159,111,78,33,8,8,13,9,4,27,21,6,0,69.81132075471697,49.056603773584904,20.754716981132077,5.031446540880504,5.031446540880504,8.176100628930817,5.660377358490567,2.515723270440252,16.9811320754717,13.20754716981132,3.7735849056603774,0
E00101650,146,63,47,16,1,1,56,55,1,26,23,3,0,43.15068493150685,32.19178082191781,10.95890410958904,0.684931506849315,0.684931506849315,38.35616438356164,37.67123287671233,0.684931506849315,17.80821917808219,15.753424657534246,2.054794520547945,0
E00101651,129,110,75,35,0,0,3,2,1,16,12,4,0,85.27131782945736,58.139534883720934,27.131782945736433,0,0,2.3255813953488373,1.550387596899225,0.7751937984496124,12.4031007751938,9.30232558139535,3.10077519379845,0
E00101652,121,100,56,44,1,1,5,1,4,15,10,5,0,82.64462809917356,46.28099173553719,36.36363636363637,0.8264462809917356,0.8264462809917356,4.132231404958678,0.8264462809917356,3.3057851239669422,12.396694214876034,8.264462809917356,4.132231404958678,0
E00101653,205,145,81,64,9,9,19,0,19,32,26,6,0,70.73170731707317,39.51219512195122,31.21951219512195,4.390243902439024,4.390243902439024,9.268292682926829,0,9.268292682926829,15.609756097560975,12.682926829268293,2.9268292682926833,0
E00101654,99,84,50,34,0,0,0,0,0,15,11,4,0,84.84848484848484,50.505050505050505,34.34343434343434,0,0,0,0,0,15.151515151515152,11.11111111111111,4.040404040404041,0
E00101655,111,90,49,41,0,0,1,0,1,20,16,4,0,81.08108108108108,44.14414414414414,36.93693693693694,0,0,0.9009009009009009,0,0.9009009009009009,18.01801801801802,14.414414414414415,3.6036036036036037,0
E00101656,130,81,43,38,0,0,31,28,3,18,15,3,0,62.30769230769231,33.07692307692307,29.230769230769234,0,0,23.846153846153847,21.53846153846154,2.307692307692308,13.846153846153847,11.538461538461538,2.307692307692308,0
E00101657,206,131,69,62,0,0,9,1,8,66,59,7,0,63.59223300970874,33.49514563106796,30.097087378640776,0,0,4.368932038834951,0.48543689320388345,3.8834951456310676,32.038834951456316,28.640776699029125,3.3980582524271843,0
E00101658,137,108,73,35,0,0,4,0,4,25,18,7,0,78.83211678832117,53.284671532846716,25.547445255474454,0,0,2.9197080291970803,0,2.9197080291970803,18.248175182481752,13.138686131386862,5.109489051094891,0
E00101659,67,57,32,25,0,0,1,0,1,9,5,4,0,85.07462686567165,47.76119402985074,37.3134328358209,0,0,1.4925373134328357,0,1.4925373134328357,13.432835820895523,7.462686567164178,5.970149253731343,0
E00101660,205,176,115,61,0,0,4,4,0,25,19,6,0,85.85365853658537,56.09756097560976,29.756097560975608,0,0,1.951219512195122,1.951219512195122,0,12.195121951219512,9.268292682926829,2.9268292682926833,0
E00101661,168,134,76,58,4,4,1,1,0,29,19,10,0,79.76190476190477,45.23809523809524,34.523809523809526,2.380952380952381,2.380952380952381,0.5952380952380952,0.5952380952380952,0,17.261904761904763,11.30952380952381,5.952380952380952,0
E00101662,123,105,71,34,0,0,2,1,1,16,15,1,0,85.36585365853658,57.72357723577236,27.64227642276423,0,0,1.6260162601626018,0.8130081300813009,0.8130081300813009,13.008130081300814,12.195121951219512,0.8130081300813009,0
E00101663,110,76,40,36,0,0,19,15,4,14,13,1,1,69.0909090909091,36.36363636363637,32.72727272727273,0,0,17.272727272727273,13.636363636363635,3.6363636363636362,12.727272727272727,11.818181818181818,0.9090909090909091,0.9090909090909091
E00101664,196,157,112,45,0,0,4,4,0,35,25,10,0,80.10204081632652,57.14285714285714,22.95918367346939,0,0,2.0408163265306123,2.0408163265306123,0,17.857142857142858,12.755102040816327,5.1020408163265305,0
E00101665,82,67,34,33,0,0,5,4,1,10,8,2,0,81.70731707317073,41.46341463414634,40.243902439024396,0,0,6.097560975609756,4.878048780487805,1.2195121951219512,12.195121951219512,9.75609756097561,2.4390243902439024,0
E00101666,135,102,75,27,1,1,0,0,0,32,22,10,0,75.55555555555556,55.55555555555556,20,0.7407407407407408,0.7407407407407408,0,0,0,23.703703703703706,16.296296296296298,7.4074074074074066,0
E00101667,146,129,94,35,0,0,0,0,0,17,16,1,0,88.35616438356165,64.38356164383562,23.972602739726025,0,0,0,0,0,11.643835616438356,10.95890410958904,0.684931506849315,0
E00101668,130,104,71,33,0,0,3,3,0,23,22,1,0,80,54.61538461538461,25.384615384615383,0,0,2.307692307692308,2.307692307692308,0,17.692307692307693,16.923076923076923,0.7692307692307693,0
E00101670,133,32,12,20,0,0,40,11,29,61,57,4,0,24.06015037593985,9.022556390977442,15.037593984962406,0,0,30.075187969924812,8.270676691729323,21.804511278195488,45.86466165413533,42.857142857142854,3.007518796992481,0
E00101671,129,118,88,30,0,0,4,1,3,7,5,2,0,91.47286821705426,68.21705426356588,23.25581395348837,0,0,3.10077519379845,0.7751937984496124,2.3255813953488373,5.426356589147287,3.875968992248062,1.550387596899225,0
E00101672,133,46,19,27,1,1,45,1,44,41,36,5,0,34.58646616541353,14.285714285714285,20.30075187969925,0.7518796992481203,0.7518796992481203,33.83458646616541,0.7518796992481203,33.08270676691729,30.82706766917293,27.06766917293233,3.7593984962406015,0
E00101673,136,96,34,62,1,1,11,7,4,28,23,5,0,70.58823529411765,25,45.588235294117645,0.7352941176470588,0.7352941176470588,8.088235294117647,5.147058823529411,2.941176470588235,20.588235294117645,16.911764705882355,3.6764705882352944,0
E00101674,125,55,37,18,0,0,51,49,2,19,16,3,0,44,29.599999999999998,14.399999999999999,0,0,40.8,39.2,1.6,15.2,12.8,2.4,0
E00101675,122,89,56,33,1,1,21,21,0,11,11,0,0,72.95081967213115,45.90163934426229,27.049180327868854,0.819672131147541,0.819672131147541,17.21311475409836,17.21311475409836,0,9.01639344262295,9.01639344262295,0,0
E00101676,125,41,21,20,0,0,67,51,16,17,17,0,0,32.800000000000004,16.8,16,0,0,53.6,40.8,12.8,13.600000000000001,13.600000000000001,0,0
E00101677,132,31,12,19,1,1,62,38,24,38,32,6,0,23.484848484848484,9.090909090909092,14.393939393939394,0.7575757575757576,0.7575757575757576,46.96969696969697,28.78787878787879,18.181818181818183,28.78787878787879,24.242424242424242,4.545454545454546,0
E00101678,114,83,43,40,0,0,23,23,0,8,6,2,0,72.80701754385966,37.719298245614034,35.08771929824561,0,0,20.175438596491226,20.175438596491226,0,7.017543859649122,5.263157894736842,1.7543859649122806,0
E00101679,119,64,34,30,0,0,41,39,2,14,13,1,0,53.78151260504202,28.57142857142857,25.210084033613445,0,0,34.45378151260504,32.773109243697476,1.680672268907563,11.76470588235294,10.92436974789916,0.8403361344537815,0
E00101680,115,37,19,18,0,0,71,61,10,7,5,2,0,32.17391304347826,16.52173913043478,15.65217391304348,0,0,61.73913043478261,53.04347826086957,8.695652173913043,6.086956521739131,4.3478260869565215,1.7391304347826086,0
E00101681,117,77,44,33,0,0,25,25,0,14,14,0,1,65.8119658119658,37.60683760683761,28.205128205128204,0,0,21.367521367521366,21.367521367521366,0,11.965811965811966,11.965811965811966,0,0.8547008547008548
E00101682,197,113,64,49,0,0,76,71,5,8,7,1,0,57.360406091370564,32.48730964467005,24.873096446700508,0,0,38.578680203045685,36.04060913705584,2.5380710659898478,4.060913705583756,3.5532994923857872,0.5076142131979695,0
E00101683,132,74,38,36,3,3,50,47,3,3,3,0,2,56.060606060606055,28.78787878787879,27.27272727272727,2.272727272727273,2.272727272727273,37.878787878787875,35.60606060606061,2.272727272727273,2.272727272727273,2.272727272727273,0,1.5151515151515151
E00101684,179,143,85,58,0,0,9,1,8,27,19,8,0,79.88826815642457,47.486033519553075,32.402234636871505,0,0,5.027932960893855,0.5586592178770949,4.4692737430167595,15.083798882681565,10.614525139664805,4.4692737430167595,0
E00101685,134,89,56,33,0,0,20,17,3,25,16,9,0,66.4179104477612,41.7910447761194,24.62686567164179,0,0,14.925373134328357,12.686567164179104,2.2388059701492535,18.65671641791045,11.940298507462686,6.7164179104477615,0
E00101686,162,137,89,48,0,0,1,1,0,24,16,8,0,84.5679012345679,54.93827160493827,29.629629629629626,0,0,0.6172839506172839,0.6172839506172839,0,14.814814814814813,9.876543209876543,4.938271604938271,0
E00101687,167,118,71,47,1,1,5,2,3,43,39,4,0,70.65868263473054,42.51497005988024,28.143712574850298,0.5988023952095809,0.5988023952095809,2.9940119760479043,1.1976047904191618,1.7964071856287425,25.748502994011975,23.353293413173652,2.3952095808383236,0
E00101688,151,113,77,36,0,0,20,12,8,18,14,4,0,74.83443708609272,50.993377483443716,23.841059602649008,0,0,13.245033112582782,7.9470198675496695,5.298013245033113,11.920529801324504,9.271523178807946,2.6490066225165565,0
E00101689,99,82,52,30,0,0,0,0,0,17,16,1,0,82.82828282828282,52.52525252525253,30.303030303030305,0,0,0,0,0,17.17171717171717,16.161616161616163,1.0101010101010102,0
E00101690,57,46,34,12,0,0,0,0,0,11,8,3,0,80.7017543859649,59.64912280701754,21.052631578947366,0,0,0,0,0,19.298245614035086,14.035087719298245,5.263157894736842,0
E00101692,138,75,44,31,1,1,54,51,3,5,5,0,3,54.347826086956516,31.88405797101449,22.463768115942027,0.7246376811594203,0.7246376811594203,39.130434782608695,36.95652173913043,2.1739130434782608,3.6231884057971016,3.6231884057971016,0,2.1739130434782608
E00101693,127,104,51,53,0,0,2,0,2,21,19,2,0,81.88976377952756,40.15748031496063,41.732283464566926,0,0,1.574803149606299,0,1.574803149606299,16.535433070866144,14.960629921259844,1.574803149606299,0
E00101694,67,52,31,21,0,0,2,1,1,13,11,2,0,77.61194029850746,46.26865671641791,31.343283582089555,0,0,2.9850746268656714,1.4925373134328357,1.4925373134328357,19.402985074626866,16.417910447761194,2.9850746268656714,0
E00165907,94,48,29,19,0,0,36,27,9,9,8,1,1,51.06382978723404,30.851063829787233,20.212765957446805,0,0,38.297872340425535,28.723404255319153,9.574468085106384,9.574468085106384,8.51063829787234,1.0638297872340425,1.0638297872340425
E00165908,128,39,26,13,0,0,71,70,1,16,15,1,2,30.46875,20.3125,10.15625,0,0,55.46875,54.6875,0.78125,12.5,11.71875,0.78125,1.5625
E00165909,121,76,42,34,6,6,10,0,10,29,28,1,0,62.8099173553719,34.710743801652896,28.09917355371901,4.958677685950414,4.958677685950414,8.264462809917356,0,8.264462809917356,23.96694214876033,23.140495867768596,0.8264462809917356,0
E00165910,140,85,29,56,1,1,2,2,0,52,49,3,0,60.71428571428571,20.714285714285715,40,0.7142857142857143,0.7142857142857143,1.4285714285714286,1.4285714285714286,0,37.142857142857146,35,2.142857142857143,0
E00165911,129,102,80,22,0,0,1,1,0,26,21,5,0,79.06976744186046,62.01550387596899,17.05426356589147,0,0,0.7751937984496124,0.7751937984496124,0,20.155038759689923,16.27906976744186,3.875968992248062,0
E00165912,133,53,19,34,0,0,2,2,0,78,77,1,0,39.849624060150376,14.285714285714285,25.563909774436087,0,0,1.5037593984962405,1.5037593984962405,0,58.64661654135338,57.89473684210527,0.7518796992481203,0
E00165913,166,68,30,38,3,3,13,1,12,82,81,1,0,40.963855421686745,18.072289156626507,22.89156626506024,1.8072289156626504,1.8072289156626504,7.83132530120482,0.6024096385542169,7.228915662650602,49.39759036144578,48.795180722891565,0.6024096385542169,0
E00165914,111,74,18,56,0,0,2,1,1,35,34,1,0,66.66666666666666,16.216216216216218,50.45045045045045,0,0,1.8018018018018018,0.9009009009009009,0.9009009009009009,31.53153153153153,30.630630630630627,0.9009009009009009,0
E00165915,97,68,23,45,0,0,8,1,7,21,20,1,0,70.10309278350515,23.711340206185564,46.391752577319586,0,0,8.24742268041237,1.0309278350515463,7.216494845360824,21.649484536082475,20.618556701030926,1.0309278350515463,0
E00165916,110,48,17,31,0,0,3,0,3,59,57,2,0,43.63636363636363,15.454545454545453,28.18181818181818,0,0,2.727272727272727,0,2.727272727272727,53.63636363636364,51.81818181818182,1.8181818181818181,0
E00165917,98,66,49,17,0,0,0,0,0,32,25,7,0,67.3469387755102,50,17.346938775510203,0,0,0,0,0,32.6530612244898,25.510204081632654,7.142857142857142,0
E00165918,149,102,17,85,7,7,4,1,3,36,34,2,0,68.45637583892618,11.409395973154362,57.04697986577181,4.697986577181208,4.697986577181208,2.684563758389262,0.6711409395973155,2.013422818791946,24.161073825503358,22.818791946308725,1.342281879194631,0
E00165919,124,98,54,44,0,0,7,0,7,19,15,4,0,79.03225806451613,43.54838709677419,35.483870967741936,0,0,5.64516129032258,0,5.64516129032258,15.32258064516129,12.096774193548388,3.225806451612903,0
E00165920,110,99,41,58,0,0,1,0,1,10,8,2,0,90,37.27272727272727,52.72727272727272,0,0,0.9090909090909091,0,0.9090909090909091,9.090909090909092,7.2727272727272725,1.8181818181818181,0
E00165921,129,64,22,42,19,19,5,2,3,41,40,1,0,49.6124031007752,17.05426356589147,32.55813953488372,14.728682170542637,14.728682170542637,3.875968992248062,1.550387596899225,2.3255813953488373,31.782945736434108,31.007751937984494,0.7751937984496124,0
E00180146,122,84,47,37,0,0,2,1,1,36,24,12,0,68.85245901639344,38.52459016393443,30.327868852459016,0,0,1.639344262295082,0.819672131147541,0.819672131147541,29.508196721311474,19.672131147540984,9.836065573770492,0
E00180175,99,71,13,58,5,5,11,2,9,12,12,0,0,71.71717171717171,13.131313131313133,58.58585858585859,5.05050505050505,5.05050505050505,11.11111111111111,2.0202020202020203,9.090909090909092,12.121212121212121,12.121212121212121,0,0
E00180182,49,24,6,18,4,4,10,0,10,11,10,1,0,48.97959183673469,12.244897959183673,36.734693877551024,8.16326530612245,8.16326530612245,20.408163265306122,0,20.408163265306122,22.448979591836736,20.408163265306122,2.0408163265306123,0
E00180183,116,75,42,33,4,4,10,9,1,27,27,0,0,64.65517241379311,36.206896551724135,28.448275862068968,3.4482758620689653,3.4482758620689653,8.620689655172415,7.758620689655173,0.8620689655172413,23.275862068965516,23.275862068965516,0,0
E00180186,130,72,31,41,0,0,23,9,14,35,31,4,0,55.38461538461539,23.846153846153847,31.538461538461537,0,0,17.692307692307693,6.923076923076923,10.76923076923077,26.923076923076923,23.846153846153847,3.076923076923077,0
E00180188,118,104,53,51,1,1,2,2,0,11,10,1,0,88.13559322033898,44.91525423728814,43.22033898305085,0.847457627118644,0.847457627118644,1.694915254237288,1.694915254237288,0,9.322033898305085,8.47457627118644,0.847457627118644,0
E00180194,201,147,30,117,20,20,26,1,25,8,8,0,0,73.13432835820896,14.925373134328357,58.2089552238806,9.950248756218906,9.950248756218906,12.935323383084576,0.4975124378109453,12.437810945273633,3.9800995024875623,3.9800995024875623,0,0
E00180201,193,141,27,114,0,0,44,3,41,8,8,0,0,73.05699481865285,13.989637305699482,59.067357512953365,0,0,22.797927461139896,1.5544041450777202,21.243523316062177,4.145077720207254,4.145077720207254,0,0
E00180208,48,20,7,13,12,12,3,1,2,13,13,0,0,41.66666666666667,14.583333333333334,27.083333333333332,25,25,6.25,2.083333333333333,4.166666666666666,27.083333333333332,27.083333333333332,0,0
E00180211,186,162,77,85,0,0,5,0,5,19,15,4,0,87.09677419354838,41.39784946236559,45.69892473118279,0,0,2.6881720430107525,0,2.6881720430107525,10.21505376344086,8.064516129032258,2.1505376344086025,0
E00180215,123,78,19,59,1,1,17,2,15,27,27,0,0,63.41463414634146,15.447154471544716,47.96747967479675,0.8130081300813009,0.8130081300813009,13.821138211382115,1.6260162601626018,12.195121951219512,21.951219512195124,21.951219512195124,0,0
E00180216,140,84,13,71,20,20,26,11,15,10,9,1,0,60,9.285714285714286,50.71428571428571,14.285714285714285,14.285714285714285,18.571428571428573,7.857142857142857,10.714285714285714,7.142857142857142,6.428571428571428,0.7142857142857143,0
E00180229,104,92,72,20,0,0,1,0,1,11,8,3,0,88.46153846153845,69.23076923076923,19.230769230769234,0,0,0.9615384615384616,0,0.9615384615384616,10.576923076923077,7.6923076923076925,2.8846153846153846,0
E00180244,174,134,34,100,1,1,23,1,22,16,14,2,0,77.01149425287356,19.54022988505747,57.47126436781609,0.5747126436781609,0.5747126436781609,13.218390804597702,0.5747126436781609,12.643678160919542,9.195402298850574,8.045977011494253,1.1494252873563218,0
E00180265,81,50,4,46,1,1,18,3,15,12,11,1,0,61.72839506172839,4.938271604938271,56.79012345679012,1.2345679012345678,1.2345679012345678,22.22222222222222,3.7037037037037033,18.51851851851852,14.814814814814813,13.580246913580247,1.2345679012345678,0
