OA,ts0540001,ts0540002,ts0540003,ts0540004,ts0540005,ts0540006,ts0540007,ts0540008,ts0540009,ts0540010,ts0540011,ts0540012,ts0540013,ts0540002_PCT,ts0540003_PCT,ts0540004_PCT,ts0540005_PCT,ts0540006_PCT,ts0540007_PCT,ts0540008_PCT,ts0540009_PCT,ts0540010_PCT,ts0540011_PCT,ts0540012_PCT,ts0540013_PCT
E00127769,158,130,84,46,1,1,0,0,0,27,23,4,0,82.27848101265823,53.16455696202531,29.11392405063291,0.6329113924050633,0.6329113924050633,0,0,0,17.088607594936708,14.556962025316455,2.5316455696202533,0
E00127770,125,102,67,35,0,0,1,1,0,22,19,3,0,81.6,53.6,28.000000000000004,0,0,0.8,0.8,0,17.599999999999998,15.2,2.4,0
E00127771,140,49,29,20,0,0,55,10,45,34,30,4,2,35,20.714285714285715,14.285714285714285,0,0,39.285714285714285,7.142857142857142,32.142857142857146,24.285714285714285,21.428571428571427,2.857142857142857,1.4285714285714286
E00127772,111,93,50,43,0,0,0,0,0,18,17,1,0,83.78378378378379,45.04504504504504,38.73873873873874,0,0,0,0,0,16.216216216216218,15.315315315315313,0.9009009009009009,0
E00127773,128,101,41,60,0,0,16,5,11,11,10,1,0,78.90625,32.03125,46.875,0,0,12.5,3.90625,8.59375,8.59375,7.8125,0.78125,0
E00127774,134,66,35,31,0,0,22,8,14,46,39,7,0,49.25373134328358,26.119402985074625,23.134328358208954,0,0,16.417910447761194,5.970149253731343,10.44776119402985,34.32835820895522,29.1044776119403,5.223880597014925,0
E00127775,119,109,71,38,0,0,2,1,1,8,6,2,0,91.59663865546219,59.66386554621849,31.932773109243694,0,0,1.680672268907563,0.8403361344537815,0.8403361344537815,6.722689075630252,5.042016806722689,1.680672268907563,0
E00127776,109,60,37,23,0,0,42,4,38,7,6,1,0,55.04587155963303,33.94495412844037,21.100917431192663,0,0,38.53211009174312,3.669724770642202,34.862385321100916,6.422018348623854,5.5045871559633035,0.9174311926605505,0
E00127777,177,124,59,65,0,0,1,1,0,52,48,4,0,70.05649717514125,33.33333333333333,36.72316384180791,0,0,0.5649717514124294,0.5649717514124294,0,29.37853107344633,27.11864406779661,2.2598870056497176,0
E00127778,221,124,49,75,0,0,10,4,6,87,79,8,0,56.10859728506787,22.171945701357465,33.93665158371041,0,0,4.524886877828054,1.809954751131222,2.7149321266968327,39.366515837104075,35.74660633484163,3.619909502262444,0
E00127779,119,112,82,30,0,0,2,1,1,5,5,0,0,94.11764705882352,68.90756302521008,25.210084033613445,0,0,1.680672268907563,0.8403361344537815,0.8403361344537815,4.201680672268908,4.201680672268908,0,0
E00127780,119,86,52,34,0,0,6,0,6,27,20,7,0,72.26890756302521,43.69747899159664,28.57142857142857,0,0,5.042016806722689,0,5.042016806722689,22.689075630252102,16.80672268907563,5.88235294117647,0
E00127781,126,92,52,40,0,0,3,1,2,31,25,6,0,73.01587301587301,41.269841269841265,31.746031746031743,0,0,2.380952380952381,0.7936507936507936,1.5873015873015872,24.6031746031746,19.841269841269842,4.761904761904762,0
E00127782,132,119,80,39,0,0,2,1,1,11,10,1,0,90.15151515151516,60.60606060606061,29.545454545454547,0,0,1.5151515151515151,0.7575757575757576,0.7575757575757576,8.333333333333332,7.575757575757576,0.7575757575757576,0
E00127783,120,88,45,43,0,0,1,1,0,31,26,5,0,73.33333333333333,37.5,35.833333333333336,0,0,0.8333333333333334,0.8333333333333334,0,25.833333333333336,21.666666666666668,4.166666666666666,0
E00127784,127,65,38,27,0,0,13,6,7,49,47,2,0,51.181102362204726,29.92125984251969,21.25984251968504,0,0,10.236220472440944,4.724409448818897,5.511811023622047,38.582677165354326,37.00787401574803,1.574803149606299,0
E00127785,129,105,63,42,0,0,2,0,2,22,20,2,0,81.3953488372093,48.837209302325576,32.55813953488372,0,0,1.550387596899225,0,1.550387596899225,17.05426356589147,15.503875968992247,1.550387596899225,0
E00127786,119,89,68,21,2,2,2,1,1,26,22,4,0,74.78991596638656,57.14285714285714,17.647058823529413,1.680672268907563,1.680672268907563,1.680672268907563,0.8403361344537815,0.8403361344537815,21.84873949579832,18.487394957983195,3.361344537815126,0
E00127787,138,130,68,62,0,0,1,0,1,7,5,2,0,94.20289855072464,49.275362318840585,44.927536231884055,0,0,0.7246376811594203,0,0.7246376811594203,5.072463768115942,3.6231884057971016,1.4492753623188406,0
E00127788,104,100,74,26,0,0,0,0,0,4,2,2,0,96.15384615384616,71.15384615384616,25,0,0,0,0,0,3.8461538461538463,1.9230769230769231,1.9230769230769231,0
E00127789,101,95,54,41,0,0,1,0,1,5,5,0,0,94.05940594059405,53.46534653465347,40.5940594059406,0,0,0.9900990099009901,0,0.9900990099009901,4.9504950495049505,4.9504950495049505,0,0
E00127790,82,74,45,29,0,0,1,1,0,7,6,1,0,90.2439024390244,54.87804878048781,35.36585365853659,0,0,1.2195121951219512,1.2195121951219512,0,8.536585365853659,7.317073170731707,1.2195121951219512,0
E00127791,145,110,67,43,0,0,6,0,6,29,26,3,0,75.86206896551724,46.206896551724135,29.655172413793103,0,0,4.137931034482759,0,4.137931034482759,20,17.93103448275862,2.0689655172413794,0
E00127792,54,51,30,21,0,0,2,0,2,1,1,0,0,94.44444444444444,55.55555555555556,38.88888888888889,0,0,3.7037037037037033,0,3.7037037037037033,1.8518518518518516,1.8518518518518516,0,0
E00127793,137,111,63,48,0,0,11,2,9,15,9,6,0,81.02189781021897,45.98540145985402,35.03649635036496,0,0,8.02919708029197,1.4598540145985401,6.569343065693431,10.948905109489052,6.569343065693431,4.37956204379562,0
E00127794,153,117,57,60,0,0,8,3,5,28,24,4,0,76.47058823529412,37.254901960784316,39.21568627450981,0,0,5.228758169934641,1.9607843137254901,3.2679738562091507,18.30065359477124,15.686274509803921,2.6143790849673203,0
E00127795,140,110,62,48,0,0,2,0,2,28,25,3,0,78.57142857142857,44.285714285714285,34.285714285714285,0,0,1.4285714285714286,0,1.4285714285714286,20,17.857142857142858,2.142857142857143,0
E00127796,126,94,58,36,0,0,24,3,21,8,6,2,0,74.60317460317461,46.03174603174603,28.57142857142857,0,0,19.047619047619047,2.380952380952381,16.666666666666664,6.349206349206349,4.761904761904762,1.5873015873015872,0
E00127797,138,134,88,46,0,0,0,0,0,4,1,3,0,97.10144927536231,63.76811594202898,33.33333333333333,0,0,0,0,0,2.898550724637681,0.7246376811594203,2.1739130434782608,0
E00127798,147,128,74,54,0,0,1,1,0,18,15,3,0,87.07482993197279,50.34013605442177,36.734693877551024,0,0,0.6802721088435374,0.6802721088435374,0,12.244897959183673,10.204081632653061,2.0408163265306123,0
E00127799,165,139,63,76,0,0,2,0,2,24,22,2,0,84.24242424242424,38.18181818181819,46.06060606060606,0,0,1.2121212121212122,0,1.2121212121212122,14.545454545454545,13.333333333333334,1.2121212121212122,0
E00127800,103,90,50,40,0,0,1,0,1,12,11,1,0,87.37864077669903,48.54368932038835,38.83495145631068,0,0,0.9708737864077669,0,0.9708737864077669,11.650485436893204,10.679611650485436,0.9708737864077669,0
E00127801,131,96,49,47,0,0,9,0,9,26,20,6,0,73.2824427480916,37.404580152671755,35.87786259541985,0,0,6.870229007633588,0,6.870229007633588,19.84732824427481,15.267175572519085,4.580152671755725,0
E00127802,118,100,44,56,0,0,2,1,1,16,13,3,0,84.7457627118644,37.28813559322034,47.45762711864407,0,0,1.694915254237288,0.847457627118644,0.847457627118644,13.559322033898304,11.016949152542372,2.5423728813559325,0
E00127803,118,102,52,50,0,0,10,3,7,6,2,4,0,86.4406779661017,44.06779661016949,42.3728813559322,0,0,8.47457627118644,2.5423728813559325,5.932203389830509,5.084745762711865,1.694915254237288,3.389830508474576,0
E00127804,172,149,77,72,0,0,3,1,2,20,18,2,0,86.62790697674419,44.76744186046512,41.86046511627907,0,0,1.744186046511628,0.5813953488372093,1.1627906976744187,11.627906976744185,10.465116279069768,1.1627906976744187,0
E00127805,128,105,61,44,0,0,2,1,1,21,20,1,0,82.03125,47.65625,34.375,0,0,1.5625,0.78125,0.78125,16.40625,15.625,0.78125,0
E00127806,123,94,54,40,0,0,20,11,9,9,8,1,0,76.42276422764228,43.90243902439025,32.52032520325203,0,0,16.260162601626014,8.94308943089431,7.317073170731707,7.317073170731707,6.504065040650407,0.8130081300813009,0
E00127807,154,112,50,62,0,0,1,1,0,41,40,1,0,72.72727272727273,32.467532467532465,40.25974025974026,0,0,0.6493506493506493,0.6493506493506493,0,26.623376623376622,25.97402597402597,0.6493506493506493,0
E00127808,93,61,29,32,0,0,22,7,15,10,10,0,0,65.59139784946237,31.182795698924732,34.40860215053764,0,0,23.655913978494624,7.526881720430108,16.129032258064516,10.75268817204301,10.75268817204301,0,0
E00127809,146,107,59,48,0,0,6,2,4,33,24,9,0,73.28767123287672,40.41095890410959,32.87671232876712,0,0,4.10958904109589,1.36986301369863,2.73972602739726,22.602739726027394,16.43835616438356,6.164383561643835,0
E00127810,132,56,35,21,1,1,13,4,9,62,55,7,0,42.42424242424242,26.515151515151516,15.909090909090908,0.7575757575757576,0.7575757575757576,9.848484848484848,3.0303030303030303,6.8181818181818175,46.96969696969697,41.66666666666667,5.303030303030303,0
E00127811,139,81,64,17,0,0,1,1,0,57,45,12,0,58.27338129496403,46.043165467625904,12.23021582733813,0,0,0.7194244604316548,0.7194244604316548,0,41.007194244604314,32.37410071942446,8.633093525179856,0
E00127812,84,35,25,10,1,1,1,1,0,47,43,4,0,41.66666666666667,29.761904761904763,11.904761904761903,1.1904761904761905,1.1904761904761905,1.1904761904761905,1.1904761904761905,0,55.952380952380956,51.19047619047619,4.761904761904762,0
E00127813,129,48,26,22,1,1,28,3,25,52,46,6,0,37.2093023255814,20.155038759689923,17.05426356589147,0.7751937984496124,0.7751937984496124,21.705426356589147,2.3255813953488373,19.379844961240313,40.310077519379846,35.65891472868217,4.651162790697675,0
E00127814,139,31,24,7,0,0,75,5,70,33,30,3,0,22.302158273381295,17.26618705035971,5.0359712230215825,0,0,53.956834532374096,3.5971223021582732,50.35971223021583,23.741007194244602,21.58273381294964,2.158273381294964,0
E00127815,109,56,45,11,0,0,1,0,1,52,41,11,0,51.37614678899083,41.284403669724774,10.091743119266056,0,0,0.9174311926605505,0,0.9174311926605505,47.706422018348626,37.61467889908257,10.091743119266056,0
E00127816,130,67,31,36,0,0,52,25,27,9,7,2,2,51.53846153846153,23.846153846153847,27.692307692307693,0,0,40,19.230769230769234,20.76923076923077,6.923076923076923,5.384615384615385,1.5384615384615385,1.5384615384615385
E00127817,136,70,43,27,0,0,38,16,22,28,24,4,0,51.470588235294116,31.61764705882353,19.852941176470587,0,0,27.941176470588236,11.76470588235294,16.176470588235293,20.588235294117645,17.647058823529413,2.941176470588235,0
E00127818,119,24,9,15,2,2,87,33,54,5,5,0,1,20.168067226890756,7.563025210084033,12.605042016806722,1.680672268907563,1.680672268907563,73.10924369747899,27.73109243697479,45.378151260504204,4.201680672268908,4.201680672268908,0,0.8403361344537815
E00127819,144,57,27,30,1,1,64,30,34,22,19,3,0,39.58333333333333,18.75,20.833333333333336,0.6944444444444444,0.6944444444444444,44.44444444444444,20.833333333333336,23.61111111111111,15.277777777777779,13.194444444444445,2.083333333333333,0
E00127820,213,99,66,33,0,0,59,25,34,54,53,1,1,46.478873239436616,30.985915492957744,15.492957746478872,0,0,27.699530516431924,11.737089201877934,15.96244131455399,25.352112676056336,24.88262910798122,0.4694835680751174,0.4694835680751174
E00127821,129,63,36,27,0,0,42,17,25,23,19,4,1,48.837209302325576,27.906976744186046,20.930232558139537,0,0,32.55813953488372,13.178294573643413,19.379844961240313,17.829457364341085,14.728682170542637,3.10077519379845,0.7751937984496124
E00127822,130,74,39,35,1,1,0,0,0,54,50,4,1,56.92307692307692,30,26.923076923076923,0.7692307692307693,0.7692307692307693,0,0,0,41.53846153846154,38.46153846153847,3.076923076923077,0.7692307692307693
E00127823,118,57,38,19,0,0,1,1,0,58,52,6,2,48.30508474576271,32.20338983050847,16.101694915254235,0,0,0.847457627118644,0.847457627118644,0,49.152542372881356,44.06779661016949,5.084745762711865,1.694915254237288
E00127824,124,72,40,32,0,0,3,0,3,49,45,4,0,58.06451612903226,32.25806451612903,25.806451612903224,0,0,2.4193548387096775,0,2.4193548387096775,39.516129032258064,36.29032258064516,3.225806451612903,0
E00127825,137,70,39,31,0,0,34,14,20,33,32,1,0,51.09489051094891,28.467153284671532,22.62773722627737,0,0,24.817518248175183,10.218978102189782,14.5985401459854,24.087591240875913,23.357664233576642,0.7299270072992701,0
E00127826,123,57,30,27,0,0,16,3,13,50,41,9,0,46.34146341463415,24.390243902439025,21.951219512195124,0,0,13.008130081300814,2.4390243902439024,10.569105691056912,40.65040650406504,33.33333333333333,7.317073170731707,0
E00127827,114,68,54,14,0,0,2,1,1,44,37,7,0,59.64912280701754,47.368421052631575,12.280701754385964,0,0,1.7543859649122806,0.8771929824561403,0.8771929824561403,38.59649122807017,32.45614035087719,6.140350877192982,0
E00127828,145,69,51,18,0,0,20,9,11,55,43,12,1,47.58620689655172,35.172413793103445,12.413793103448276,0,0,13.793103448275861,6.206896551724138,7.586206896551724,37.93103448275862,29.655172413793103,8.275862068965518,0.6896551724137931
E00127829,133,75,56,19,1,1,0,0,0,57,51,6,0,56.390977443609025,42.10526315789473,14.285714285714285,0.7518796992481203,0.7518796992481203,0,0,0,42.857142857142854,38.34586466165413,4.511278195488721,0
E00127830,112,97,67,30,1,1,0,0,0,14,10,4,0,86.60714285714286,59.82142857142857,26.785714285714285,0.8928571428571428,0.8928571428571428,0,0,0,12.5,8.928571428571429,3.571428571428571,0
E00127831,70,54,26,28,0,0,4,0,4,12,8,4,0,77.14285714285715,37.142857142857146,40,0,0,5.714285714285714,0,5.714285714285714,17.142857142857142,11.428571428571429,5.714285714285714,0
E00127832,135,93,61,32,0,0,1,1,0,41,29,12,0,68.88888888888889,45.18518518518518,23.703703703703706,0,0,0.7407407407407408,0.7407407407407408,0,30.37037037037037,21.48148148148148,8.88888888888889,0
E00127833,120,59,49,10,0,0,0,0,0,61,52,9,0,49.166666666666664,40.833333333333336,8.333333333333332,0,0,0,0,0,50.83333333333333,43.333333333333336,7.5,0
E00127834,129,68,52,16,0,0,6,2,4,55,45,10,0,52.71317829457365,40.310077519379846,12.4031007751938,0,0,4.651162790697675,1.550387596899225,3.10077519379845,42.63565891472868,34.883720930232556,7.751937984496124,0
E00127836,128,86,63,23,0,0,14,4,10,28,27,1,0,67.1875,49.21875,17.96875,0,0,10.9375,3.125,7.8125,21.875,21.09375,0.78125,0
E00127837,120,107,66,41,0,0,2,1,1,11,7,4,0,89.16666666666667,55.00000000000001,34.166666666666664,0,0,1.6666666666666667,0.8333333333333334,0.8333333333333334,9.166666666666666,5.833333333333333,3.3333333333333335,0
E00127838,136,87,59,28,0,0,3,0,3,46,33,13,0,63.970588235294116,43.38235294117647,20.588235294117645,0,0,2.2058823529411766,0,2.2058823529411766,33.82352941176471,24.264705882352942,9.558823529411764,0
E00127839,142,94,63,31,0,0,1,1,0,47,41,6,0,66.19718309859155,44.36619718309859,21.830985915492956,0,0,0.7042253521126761,0.7042253521126761,0,33.098591549295776,28.87323943661972,4.225352112676056,0
E00127840,105,73,48,25,0,0,10,2,8,22,17,5,0,69.52380952380952,45.714285714285715,23.809523809523807,0,0,9.523809523809524,1.9047619047619049,7.6190476190476195,20.952380952380953,16.19047619047619,4.761904761904762,0
E00127841,144,64,34,30,0,0,63,30,33,16,15,1,1,44.44444444444444,23.61111111111111,20.833333333333336,0,0,43.75,20.833333333333336,22.916666666666664,11.11111111111111,10.416666666666668,0.6944444444444444,0.6944444444444444
E00127842,89,35,26,9,0,0,8,2,6,46,34,12,0,39.325842696629216,29.213483146067414,10.112359550561797,0,0,8.98876404494382,2.247191011235955,6.741573033707865,51.68539325842697,38.20224719101123,13.48314606741573,0
E00127843,109,97,51,46,0,0,2,1,1,10,8,2,0,88.9908256880734,46.788990825688074,42.201834862385326,0,0,1.834862385321101,0.9174311926605505,0.9174311926605505,9.174311926605505,7.339449541284404,1.834862385321101,0
E00127844,92,73,32,41,0,0,7,1,6,12,11,1,0,79.34782608695652,34.78260869565217,44.565217391304344,0,0,7.608695652173914,1.0869565217391304,6.521739130434782,13.043478260869565,11.956521739130435,1.0869565217391304,0
E00127845,126,84,48,36,0,0,9,1,8,33,27,6,0,66.66666666666666,38.095238095238095,28.57142857142857,0,0,7.142857142857142,0.7936507936507936,6.349206349206349,26.190476190476193,21.428571428571427,4.761904761904762,0
E00127846,114,90,56,34,0,0,3,1,2,21,18,3,0,78.94736842105263,49.122807017543856,29.82456140350877,0,0,2.631578947368421,0.8771929824561403,1.7543859649122806,18.421052631578945,15.789473684210526,2.631578947368421,0
E00127847,125,66,44,22,1,1,8,0,8,50,45,5,0,52.800000000000004,35.199999999999996,17.599999999999998,0.8,0.8,6.4,0,6.4,40,36,4,0
E00127848,127,77,49,28,0,0,11,3,8,39,34,5,0,60.629921259842526,38.582677165354326,22.04724409448819,0,0,8.661417322834646,2.3622047244094486,6.299212598425196,30.708661417322837,26.77165354330709,3.937007874015748,0
E00127849,126,37,30,7,0,0,70,28,42,19,16,3,0,29.365079365079367,23.809523809523807,5.555555555555555,0,0,55.55555555555556,22.22222222222222,33.33333333333333,15.079365079365079,12.698412698412698,2.380952380952381,0
E00127850,125,73,37,36,2,2,10,2,8,40,38,2,0,58.4,29.599999999999998,28.799999999999997,1.6,1.6,8,1.6,6.4,32,30.4,1.6,0
E00127851,135,59,33,26,1,1,13,0,13,62,55,7,0,43.7037037037037,24.444444444444443,19.25925925925926,0.7407407407407408,0.7407407407407408,9.62962962962963,0,9.62962962962963,45.925925925925924,40.74074074074074,5.185185185185185,0
E00127852,139,79,44,35,0,0,7,1,6,53,50,3,0,56.83453237410072,31.654676258992804,25.179856115107913,0,0,5.0359712230215825,0.7194244604316548,4.316546762589928,38.1294964028777,35.97122302158273,2.158273381294964,0
E00127853,126,60,33,27,1,1,6,1,5,59,56,3,0,47.61904761904761,26.190476190476193,21.428571428571427,0.7936507936507936,0.7936507936507936,4.761904761904762,0.7936507936507936,3.968253968253968,46.82539682539682,44.44444444444444,2.380952380952381,0
E00127854,132,116,69,47,0,0,2,0,2,14,10,4,0,87.87878787878788,52.27272727272727,35.60606060606061,0,0,1.5151515151515151,0,1.5151515151515151,10.606060606060606,7.575757575757576,3.0303030303030303,0
E00127855,134,100,58,42,0,0,20,14,6,14,12,2,0,74.6268656716418,43.28358208955223,31.343283582089555,0,0,14.925373134328357,10.44776119402985,4.477611940298507,10.44776119402985,8.955223880597014,1.4925373134328357,0
E00127856,131,106,58,48,1,1,8,1,7,16,13,3,0,80.91603053435115,44.274809160305345,36.6412213740458,0.7633587786259541,0.7633587786259541,6.106870229007633,0.7633587786259541,5.343511450381679,12.213740458015266,9.923664122137405,2.2900763358778624,0
E00127857,117,90,48,42,0,0,0,0,0,27,25,2,0,76.92307692307693,41.02564102564102,35.8974358974359,0,0,0,0,0,23.076923076923077,21.367521367521366,1.7094017094017095,0
E00127858,117,75,54,21,0,0,8,2,6,34,23,11,0,64.1025641025641,46.15384615384615,17.94871794871795,0,0,6.837606837606838,1.7094017094017095,5.128205128205128,29.059829059829063,19.65811965811966,9.401709401709402,0
E00127859,124,75,51,24,0,0,5,0,5,44,39,5,0,60.483870967741936,41.12903225806452,19.35483870967742,0,0,4.032258064516129,0,4.032258064516129,35.483870967741936,31.451612903225808,4.032258064516129,0
E00127860,94,7,5,2,0,0,76,4,72,11,9,2,0,7.446808510638298,5.319148936170213,2.127659574468085,0,0,80.85106382978722,4.25531914893617,76.59574468085107,11.702127659574469,9.574468085106384,2.127659574468085,0
E00127861,134,62,43,19,0,0,16,1,15,56,48,8,0,46.26865671641791,32.08955223880597,14.17910447761194,0,0,11.940298507462686,0.7462686567164178,11.194029850746269,41.7910447761194,35.82089552238806,5.970149253731343,0
E00127862,133,58,36,22,0,0,13,0,13,62,58,4,0,43.609022556390975,27.06766917293233,16.541353383458645,0,0,9.774436090225564,0,9.774436090225564,46.616541353383454,43.609022556390975,3.007518796992481,0
E00127863,145,88,44,44,0,0,34,9,25,23,19,4,0,60.689655172413794,30.344827586206897,30.344827586206897,0,0,23.448275862068964,6.206896551724138,17.24137931034483,15.862068965517242,13.10344827586207,2.7586206896551726,0
E00127864,123,61,21,40,0,0,44,20,24,18,18,0,0,49.59349593495935,17.073170731707318,32.52032520325203,0,0,35.77235772357724,16.260162601626014,19.51219512195122,14.634146341463413,14.634146341463413,0,0
E00127865,112,71,37,34,0,0,4,0,4,37,32,5,0,63.39285714285714,33.035714285714285,30.357142857142854,0,0,3.571428571428571,0,3.571428571428571,33.035714285714285,28.57142857142857,4.464285714285714,0
E00127866,145,145,85,60,0,0,0,0,0,0,0,0,0,100,58.620689655172406,41.37931034482759,0,0,0,0,0,0,0,0,0
E00127867,161,129,73,56,0,0,5,3,2,27,22,5,0,80.12422360248446,45.3416149068323,34.78260869565217,0,0,3.1055900621118013,1.8633540372670807,1.2422360248447204,16.77018633540373,13.664596273291925,3.1055900621118013,0
E00127868,106,71,39,32,0,0,4,1,3,31,26,5,0,66.98113207547169,36.79245283018868,30.18867924528302,0,0,3.7735849056603774,0.9433962264150944,2.8301886792452833,29.245283018867923,24.528301886792452,4.716981132075472,0
E00127869,119,80,42,38,1,1,11,1,10,27,22,5,0,67.22689075630252,35.294117647058826,31.932773109243694,0.8403361344537815,0.8403361344537815,9.243697478991598,0.8403361344537815,8.403361344537815,22.689075630252102,18.487394957983195,4.201680672268908,0
E00127870,136,94,48,46,0,0,22,0,22,20,19,1,0,69.11764705882352,35.294117647058826,33.82352941176471,0,0,16.176470588235293,0,16.176470588235293,14.705882352941178,13.970588235294118,0.7352941176470588,0
E00127871,161,85,37,48,0,0,29,9,20,47,41,6,0,52.79503105590062,22.981366459627328,29.81366459627329,0,0,18.012422360248447,5.590062111801243,12.422360248447205,29.19254658385093,25.465838509316768,3.7267080745341614,0
E00127872,113,69,29,40,0,0,1,0,1,43,42,1,0,61.06194690265486,25.663716814159294,35.39823008849557,0,0,0.8849557522123894,0,0.8849557522123894,38.05309734513274,37.16814159292036,0.8849557522123894,0
E00127873,116,99,57,42,0,0,7,4,3,10,10,0,0,85.34482758620689,49.137931034482754,36.206896551724135,0,0,6.0344827586206895,3.4482758620689653,2.586206896551724,8.620689655172415,8.620689655172415,0,0
E00127874,118,108,78,30,4,4,0,0,0,6,3,3,0,91.52542372881356,66.10169491525424,25.423728813559322,3.389830508474576,3.389830508474576,0,0,0,5.084745762711865,2.5423728813559325,2.5423728813559325,0
E00127875,111,67,37,30,1,1,34,13,21,8,4,4,1,60.36036036036037,33.33333333333333,27.027027027027028,0.9009009009009009,0.9009009009009009,30.630630630630627,11.711711711711711,18.91891891891892,7.207207207207207,3.6036036036036037,3.6036036036036037,0.9009009009009009
E00127876,128,106,60,46,1,1,1,1,0,20,17,3,0,82.8125,46.875,35.9375,0.78125,0.78125,0.78125,0.78125,0,15.625,13.28125,2.34375,0
E00127877,150,97,49,48,5,5,26,7,19,22,19,3,0,64.66666666666666,32.666666666666664,32,3.3333333333333335,3.3333333333333335,17.333333333333336,4.666666666666667,12.666666666666668,14.666666666666666,12.666666666666668,2,0
E00127878,124,105,56,49,0,0,0,0,0,19,17,2,0,84.67741935483872,45.16129032258064,39.516129032258064,0,0,0,0,0,15.32258064516129,13.709677419354838,1.6129032258064515,0
E00127879,130,71,31,40,0,0,0,0,0,59,52,7,0,54.61538461538461,23.846153846153847,30.76923076923077,0,0,0,0,0,45.38461538461539,40,5.384615384615385,0
E00127880,92,44,20,24,0,0,30,14,16,17,14,3,1,47.82608695652174,21.73913043478261,26.08695652173913,0,0,32.608695652173914,15.217391304347828,17.391304347826086,18.478260869565215,15.217391304347828,3.260869565217391,1.0869565217391304
E00127881,114,65,33,32,0,0,0,0,0,49,48,1,0,57.01754385964912,28.947368421052634,28.07017543859649,0,0,0,0,0,42.98245614035088,42.10526315789473,0.8771929824561403,0
E00127882,115,81,41,40,0,0,1,0,1,33,27,6,0,70.43478260869566,35.65217391304348,34.78260869565217,0,0,0.8695652173913043,0,0.8695652173913043,28.695652173913043,23.47826086956522,5.217391304347826,0
E00127883,133,62,31,31,0,0,4,0,4,67,60,7,0,46.616541353383454,23.308270676691727,23.308270676691727,0,0,3.007518796992481,0,3.007518796992481,50.37593984962406,45.11278195488722,5.263157894736842,0
E00127884,117,96,53,43,0,0,0,0,0,21,17,4,0,82.05128205128204,45.2991452991453,36.75213675213676,0,0,0,0,0,17.94871794871795,14.529914529914532,3.418803418803419,0
E00127885,157,123,67,56,0,0,13,5,8,21,17,4,0,78.343949044586,42.675159235668794,35.6687898089172,0,0,8.280254777070063,3.1847133757961785,5.095541401273886,13.375796178343949,10.828025477707007,2.547770700636943,0
E00127886,118,113,90,23,0,0,1,1,0,4,2,2,0,95.76271186440678,76.27118644067797,19.491525423728813,0,0,0.847457627118644,0.847457627118644,0,3.389830508474576,1.694915254237288,1.694915254237288,0
E00127887,124,80,37,43,0,0,3,3,0,41,40,1,0,64.51612903225806,29.838709677419356,34.67741935483871,0,0,2.4193548387096775,2.4193548387096775,0,33.064516129032256,32.25806451612903,0.8064516129032258,0
E00127888,141,65,35,30,0,0,28,5,23,48,46,2,0,46.09929078014184,24.822695035460992,21.27659574468085,0,0,19.858156028368796,3.546099290780142,16.312056737588655,34.04255319148936,32.62411347517731,1.4184397163120568,0
E00127889,121,81,30,51,0,0,16,5,11,24,22,2,0,66.94214876033058,24.793388429752067,42.14876033057851,0,0,13.223140495867769,4.132231404958678,9.090909090909092,19.834710743801654,18.181818181818183,1.6528925619834711,0
E00127890,134,39,24,15,0,0,6,0,6,89,85,4,0,29.1044776119403,17.91044776119403,11.194029850746269,0,0,4.477611940298507,0,4.477611940298507,66.4179104477612,63.43283582089553,2.9850746268656714,0
E00127891,126,95,60,35,0,0,1,0,1,30,27,3,0,75.39682539682539,47.61904761904761,27.77777777777778,0,0,0.7936507936507936,0,0.7936507936507936,23.809523809523807,21.428571428571427,2.380952380952381,0
E00127892,144,89,44,45,0,0,6,3,3,49,42,7,0,61.80555555555556,30.555555555555557,31.25,0,0,4.166666666666666,2.083333333333333,2.083333333333333,34.02777777777778,29.166666666666668,4.861111111111112,0
E00127893,128,92,43,49,0,0,2,0,2,34,30,4,0,71.875,33.59375,38.28125,0,0,1.5625,0,1.5625,26.5625,23.4375,3.125,0
E00127894,121,97,57,40,0,0,1,0,1,23,18,5,0,80.16528925619835,47.107438016528924,33.057851239669425,0,0,0.8264462809917356,0,0.8264462809917356,19.00826446280992,14.87603305785124,4.132231404958678,0
E00127895,110,52,30,22,0,0,48,25,23,10,7,3,0,47.27272727272727,27.27272727272727,20,0,0,43.63636363636363,22.727272727272727,20.909090909090907,9.090909090909092,6.363636363636363,2.727272727272727,0
E00127896,131,106,52,54,0,0,1,0,1,24,23,1,0,80.91603053435115,39.69465648854962,41.221374045801525,0,0,0.7633587786259541,0,0.7633587786259541,18.3206106870229,17.557251908396946,0.7633587786259541,0
E00127897,117,83,47,36,0,0,3,1,2,31,29,2,0,70.94017094017094,40.17094017094017,30.76923076923077,0,0,2.564102564102564,0.8547008547008548,1.7094017094017095,26.495726495726498,24.786324786324787,1.7094017094017095,0
E00127898,112,107,67,40,0,0,2,0,2,3,2,1,0,95.53571428571429,59.82142857142857,35.714285714285715,0,0,1.7857142857142856,0,1.7857142857142856,2.6785714285714284,1.7857142857142856,0.8928571428571428,0
E00127899,136,116,65,51,0,0,1,0,1,19,16,3,0,85.29411764705883,47.794117647058826,37.5,0,0,0.7352941176470588,0,0.7352941176470588,13.970588235294118,11.76470588235294,2.2058823529411766,0
E00127900,132,124,77,47,0,0,2,0,2,6,6,0,0,93.93939393939394,58.333333333333336,35.60606060606061,0,0,1.5151515151515151,0,1.5151515151515151,4.545454545454546,4.545454545454546,0,0
E00127901,91,76,51,25,0,0,2,0,2,13,10,3,0,83.51648351648352,56.043956043956044,27.472527472527474,0,0,2.197802197802198,0,2.197802197802198,14.285714285714285,10.989010989010989,3.296703296703297,0
E00127902,224,213,140,73,3,3,0,0,0,8,4,4,0,95.08928571428571,62.5,32.589285714285715,1.3392857142857142,1.3392857142857142,0,0,0,3.571428571428571,1.7857142857142856,1.7857142857142856,0
E00127903,134,116,71,45,0,0,5,0,5,13,12,1,0,86.56716417910447,52.98507462686567,33.582089552238806,0,0,3.731343283582089,0,3.731343283582089,9.701492537313433,8.955223880597014,0.7462686567164178,0
E00127904,119,70,53,17,0,0,39,11,28,10,10,0,0,58.82352941176471,44.537815126050425,14.285714285714285,0,0,32.773109243697476,9.243697478991598,23.52941176470588,8.403361344537815,8.403361344537815,0,0
E00127905,132,89,45,44,0,0,27,12,15,16,14,2,0,67.42424242424242,34.090909090909086,33.33333333333333,0,0,20.454545454545457,9.090909090909092,11.363636363636363,12.121212121212121,10.606060606060606,1.5151515151515151,0
E00127906,136,73,34,39,1,1,1,0,1,61,57,4,0,53.67647058823529,25,28.676470588235293,0.7352941176470588,0.7352941176470588,0.7352941176470588,0,0.7352941176470588,44.85294117647059,41.911764705882355,2.941176470588235,0
E00127907,129,101,50,51,0,0,0,0,0,28,26,2,0,78.29457364341084,38.759689922480625,39.53488372093023,0,0,0,0,0,21.705426356589147,20.155038759689923,1.550387596899225,0
E00127908,122,92,60,32,0,0,1,0,1,29,22,7,0,75.40983606557377,49.18032786885246,26.229508196721312,0,0,0.819672131147541,0,0.819672131147541,23.770491803278688,18.0327868852459,5.737704918032787,0
E00127909,133,68,42,26,0,0,30,12,18,35,32,3,0,51.127819548872175,31.57894736842105,19.548872180451127,0,0,22.55639097744361,9.022556390977442,13.533834586466165,26.31578947368421,24.06015037593985,2.2556390977443606,0
E00127910,171,143,79,64,0,0,16,7,9,12,9,3,0,83.62573099415205,46.198830409356724,37.42690058479532,0,0,9.35672514619883,4.093567251461988,5.263157894736842,7.017543859649122,5.263157894736842,1.7543859649122806,0
E00127911,131,111,64,47,0,0,0,0,0,20,17,3,0,84.7328244274809,48.854961832061065,35.87786259541985,0,0,0,0,0,15.267175572519085,12.977099236641221,2.2900763358778624,0
E00127912,147,105,55,50,0,0,26,11,15,16,13,3,0,71.42857142857143,37.41496598639456,34.01360544217687,0,0,17.687074829931973,7.482993197278912,10.204081632653061,10.884353741496598,8.843537414965986,2.0408163265306123,0
E00127913,134,117,77,40,0,0,3,0,3,14,12,2,0,87.31343283582089,57.46268656716418,29.850746268656714,0,0,2.2388059701492535,0,2.2388059701492535,10.44776119402985,8.955223880597014,1.4925373134328357,0
E00127914,206,135,59,76,0,0,1,0,1,70,63,7,0,65.53398058252428,28.640776699029125,36.89320388349515,0,0,0.48543689320388345,0,0.48543689320388345,33.980582524271846,30.582524271844658,3.3980582524271843,0
E00127915,139,103,53,50,0,0,2,1,1,34,27,7,0,74.10071942446042,38.1294964028777,35.97122302158273,0,0,1.4388489208633095,0.7194244604316548,0.7194244604316548,24.46043165467626,19.424460431654676,5.0359712230215825,0
E00127916,118,106,71,35,0,0,2,1,1,10,6,4,0,89.83050847457628,60.16949152542372,29.66101694915254,0,0,1.694915254237288,0.847457627118644,0.847457627118644,8.47457627118644,5.084745762711865,3.389830508474576,0
E00127917,169,59,29,30,0,0,70,10,60,40,39,1,0,34.9112426035503,17.159763313609467,17.75147928994083,0,0,41.42011834319527,5.9171597633136095,35.50295857988166,23.668639053254438,23.076923076923077,0.591715976331361,0
E00127918,110,82,49,33,0,0,8,2,6,20,19,1,0,74.54545454545455,44.54545454545455,30,0,0,7.2727272727272725,1.8181818181818181,5.454545454545454,18.181818181818183,17.272727272727273,0.9090909090909091,0
E00127921,138,116,65,51,0,0,3,3,0,19,18,1,0,84.05797101449275,47.10144927536232,36.95652173913043,0,0,2.1739130434782608,2.1739130434782608,0,13.768115942028986,13.043478260869565,0.7246376811594203,0
E00127922,75,70,43,27,1,1,2,0,2,2,1,1,0,93.33333333333333,57.333333333333336,36,1.3333333333333335,1.3333333333333335,2.666666666666667,0,2.666666666666667,2.666666666666667,1.3333333333333335,1.3333333333333335,0
E00127923,154,115,52,63,6,6,3,1,2,30,24,6,0,74.67532467532467,33.76623376623377,40.909090909090914,3.896103896103896,3.896103896103896,1.948051948051948,0.6493506493506493,1.2987012987012987,19.480519480519483,15.584415584415584,3.896103896103896,0
E00127924,134,83,44,39,0,0,20,7,13,31,28,3,0,61.940298507462686,32.83582089552239,29.1044776119403,0,0,14.925373134328357,5.223880597014925,9.701492537313433,23.134328358208954,20.8955223880597,2.2388059701492535,0
E00127925,128,105,71,34,0,0,1,0,1,22,20,2,0,82.03125,55.46875,26.5625,0,0,0.78125,0,0.78125,17.1875,15.625,1.5625,0
E00127926,143,127,77,50,1,1,1,0,1,14,14,0,0,88.81118881118881,53.84615384615385,34.96503496503497,0.6993006993006993,0.6993006993006993,0.6993006993006993,0,0.6993006993006993,9.79020979020979,9.79020979020979,0,0
E00127927,135,121,74,47,0,0,0,0,0,14,10,4,0,89.62962962962962,54.81481481481482,34.81481481481482,0,0,0,0,0,10.37037037037037,7.4074074074074066,2.9629629629629632,0
E00127928,121,103,59,44,2,2,1,0,1,14,10,4,1,85.12396694214877,48.760330578512395,36.36363636363637,1.6528925619834711,1.6528925619834711,0.8264462809917356,0,0.8264462809917356,11.570247933884298,8.264462809917356,3.3057851239669422,0.8264462809917356
E00127929,108,92,46,46,0,0,2,1,1,14,9,5,0,85.18518518518519,42.592592592592595,42.592592592592595,0,0,1.8518518518518516,0.9259259259259258,0.9259259259259258,12.962962962962962,8.333333333333332,4.62962962962963,0
E00127930,111,86,50,36,0,0,2,0,2,23,19,4,0,77.47747747747748,45.04504504504504,32.432432432432435,0,0,1.8018018018018018,0,1.8018018018018018,20.72072072072072,17.117117117117118,3.6036036036036037,0
E00127931,142,103,58,45,0,0,14,6,8,25,22,3,0,72.53521126760563,40.845070422535215,31.690140845070424,0,0,9.859154929577464,4.225352112676056,5.633802816901409,17.6056338028169,15.492957746478872,2.112676056338028,0
E00127932,119,108,68,40,2,2,1,0,1,8,7,1,0,90.75630252100841,57.14285714285714,33.61344537815126,1.680672268907563,1.680672268907563,0.8403361344537815,0,0.8403361344537815,6.722689075630252,5.88235294117647,0.8403361344537815,0
E00127933,154,131,88,43,0,0,3,1,2,20,19,1,0,85.06493506493507,57.14285714285714,27.92207792207792,0,0,1.948051948051948,0.6493506493506493,1.2987012987012987,12.987012987012985,12.337662337662337,0.6493506493506493,0
E00127934,130,100,56,44,0,0,22,6,16,8,5,3,0,76.92307692307693,43.07692307692308,33.84615384615385,0,0,16.923076923076923,4.615384615384616,12.307692307692308,6.153846153846154,3.8461538461538463,2.307692307692308,0
E00127935,174,28,15,13,0,0,91,36,55,55,47,8,0,16.091954022988507,8.620689655172415,7.471264367816093,0,0,52.29885057471264,20.689655172413794,31.60919540229885,31.60919540229885,27.011494252873565,4.597701149425287,0
E00127936,127,91,41,50,1,1,14,5,9,21,18,3,0,71.65354330708661,32.28346456692913,39.37007874015748,0.7874015748031495,0.7874015748031495,11.023622047244094,3.937007874015748,7.086614173228346,16.535433070866144,14.173228346456693,2.3622047244094486,0
E00127937,149,128,80,48,2,2,1,0,1,18,14,4,0,85.90604026845638,53.691275167785236,32.21476510067114,1.342281879194631,1.342281879194631,0.6711409395973155,0,0.6711409395973155,12.080536912751679,9.395973154362416,2.684563758389262,0
E00127938,101,33,19,14,0,0,11,2,9,56,52,4,1,32.67326732673268,18.81188118811881,13.861386138613863,0,0,10.891089108910892,1.9801980198019802,8.91089108910891,55.44554455445545,51.48514851485149,3.9603960396039604,0.9900990099009901
E00127939,117,23,13,10,0,0,74,28,46,19,17,2,1,19.65811965811966,11.11111111111111,8.547008547008547,0,0,63.24786324786324,23.931623931623932,39.31623931623932,16.23931623931624,14.529914529914532,1.7094017094017095,0.8547008547008548
E00127940,113,108,86,22,0,0,2,0,2,3,3,0,0,95.57522123893806,76.10619469026548,19.469026548672566,0,0,1.7699115044247788,0,1.7699115044247788,2.6548672566371683,2.6548672566371683,0,0
E00127941,90,54,24,30,0,0,1,0,1,35,33,2,0,60,26.666666666666668,33.33333333333333,0,0,1.1111111111111112,0,1.1111111111111112,38.88888888888889,36.666666666666664,2.2222222222222223,0
E00127942,121,64,38,26,0,0,6,0,6,51,48,3,0,52.892561983471076,31.40495867768595,21.487603305785125,0,0,4.958677685950414,0,4.958677685950414,42.14876033057851,39.66942148760331,2.479338842975207,0
E00127943,118,77,34,43,0,0,4,0,4,37,35,2,0,65.2542372881356,28.8135593220339,36.440677966101696,0,0,3.389830508474576,0,3.389830508474576,31.35593220338983,29.66101694915254,1.694915254237288,0
E00127944,125,46,23,23,1,1,39,20,19,39,38,1,0,36.8,18.4,18.4,0.8,0.8,31.2,16,15.2,31.2,30.4,0.8,0
E00127945,104,27,12,15,0,0,39,10,29,38,35,3,0,25.961538461538463,11.538461538461538,14.423076923076922,0,0,37.5,9.615384615384617,27.884615384615387,36.53846153846153,33.65384615384615,2.8846153846153846,0
E00127946,128,40,28,12,0,0,73,30,43,15,10,5,0,31.25,21.875,9.375,0,0,57.03125,23.4375,33.59375,11.71875,7.8125,3.90625,0
E00127947,133,91,49,42,0,0,2,0,2,40,35,5,0,68.42105263157895,36.84210526315789,31.57894736842105,0,0,1.5037593984962405,0,1.5037593984962405,30.075187969924812,26.31578947368421,3.7593984962406015,0
E00127948,128,67,40,27,0,0,40,20,20,21,19,2,0,52.34375,31.25,21.09375,0,0,31.25,15.625,15.625,16.40625,14.84375,1.5625,0
E00127949,118,64,33,31,0,0,1,0,1,53,49,4,0,54.23728813559322,27.966101694915253,26.27118644067797,0,0,0.847457627118644,0,0.847457627118644,44.91525423728814,41.52542372881356,3.389830508474576,0
E00127950,122,83,38,45,0,0,20,5,15,19,17,2,0,68.0327868852459,31.147540983606557,36.885245901639344,0,0,16.39344262295082,4.098360655737705,12.295081967213115,15.573770491803279,13.934426229508196,1.639344262295082,0
E00127951,118,91,43,48,0,0,3,2,1,24,20,4,0,77.11864406779661,36.440677966101696,40.67796610169492,0,0,2.5423728813559325,1.694915254237288,0.847457627118644,20.33898305084746,16.94915254237288,3.389830508474576,0
E00127952,135,102,59,43,0,0,8,5,3,25,21,4,0,75.55555555555556,43.7037037037037,31.851851851851855,0,0,5.9259259259259265,3.7037037037037033,2.2222222222222223,18.51851851851852,15.555555555555555,2.9629629629629632,0
E00127953,136,81,39,42,0,0,8,3,5,47,47,0,0,59.55882352941176,28.676470588235293,30.88235294117647,0,0,5.88235294117647,2.2058823529411766,3.6764705882352944,34.55882352941176,34.55882352941176,0,0
E00127954,128,78,32,46,0,0,5,3,2,45,40,5,0,60.9375,25,35.9375,0,0,3.90625,2.34375,1.5625,35.15625,31.25,3.90625,0
E00127955,136,90,52,38,0,0,34,20,14,12,12,0,0,66.17647058823529,38.23529411764706,27.941176470588236,0,0,25,14.705882352941178,10.294117647058822,8.823529411764707,8.823529411764707,0,0
E00127956,157,61,25,36,0,0,77,14,63,19,19,0,0,38.853503184713375,15.92356687898089,22.929936305732486,0,0,49.044585987261144,8.9171974522293,40.12738853503185,12.101910828025478,12.101910828025478,0,0
E00127957,134,71,33,38,0,0,8,3,5,55,46,9,0,52.98507462686567,24.62686567164179,28.35820895522388,0,0,5.970149253731343,2.2388059701492535,3.731343283582089,41.04477611940299,34.32835820895522,6.7164179104477615,0
E00127958,127,72,34,38,1,1,41,27,14,11,11,0,2,56.69291338582677,26.77165354330709,29.92125984251969,0.7874015748031495,0.7874015748031495,32.28346456692913,21.25984251968504,11.023622047244094,8.661417322834646,8.661417322834646,0,1.574803149606299
E00127959,144,120,68,52,0,0,13,1,12,11,9,2,0,83.33333333333334,47.22222222222222,36.11111111111111,0,0,9.027777777777777,0.6944444444444444,8.333333333333332,7.638888888888889,6.25,1.3888888888888888,0
E00127960,122,87,49,38,0,0,21,10,11,13,9,4,1,71.31147540983606,40.16393442622951,31.147540983606557,0,0,17.21311475409836,8.19672131147541,9.01639344262295,10.655737704918032,7.377049180327869,3.278688524590164,0.819672131147541
E00127961,127,106,64,42,0,0,9,6,3,12,9,3,0,83.46456692913385,50.39370078740157,33.07086614173229,0,0,7.086614173228346,4.724409448818897,2.3622047244094486,9.448818897637794,7.086614173228346,2.3622047244094486,0
E00127962,127,49,21,28,0,0,58,19,39,20,17,3,0,38.582677165354326,16.535433070866144,22.04724409448819,0,0,45.66929133858268,14.960629921259844,30.708661417322837,15.748031496062993,13.385826771653544,2.3622047244094486,0
E00127963,133,87,47,40,0,0,5,4,1,41,35,6,0,65.41353383458647,35.338345864661655,30.075187969924812,0,0,3.7593984962406015,3.007518796992481,0.7518796992481203,30.82706766917293,26.31578947368421,4.511278195488721,0
E00127964,138,123,76,47,0,0,1,1,0,14,11,3,0,89.13043478260869,55.072463768115945,34.05797101449276,0,0,0.7246376811594203,0.7246376811594203,0,10.144927536231885,7.971014492753622,2.1739130434782608,0
E00127965,138,122,77,45,1,1,4,3,1,11,9,2,0,88.40579710144928,55.79710144927537,32.608695652173914,0.7246376811594203,0.7246376811594203,2.898550724637681,2.1739130434782608,0.7246376811594203,7.971014492753622,6.521739130434782,1.4492753623188406,0
E00127966,153,133,67,66,0,0,2,0,2,18,13,5,0,86.9281045751634,43.790849673202615,43.13725490196079,0,0,1.3071895424836601,0,1.3071895424836601,11.76470588235294,8.49673202614379,3.2679738562091507,0
E00127967,142,123,76,47,0,0,4,2,2,15,13,2,0,86.61971830985915,53.52112676056338,33.098591549295776,0,0,2.8169014084507045,1.4084507042253522,1.4084507042253522,10.56338028169014,9.15492957746479,1.4084507042253522,0
E00127968,137,75,46,29,0,0,47,12,35,15,11,4,0,54.74452554744526,33.57664233576642,21.16788321167883,0,0,34.306569343065696,8.75912408759124,25.547445255474454,10.948905109489052,8.02919708029197,2.9197080291970803,0
E00127969,106,93,56,37,0,0,1,0,1,12,8,4,0,87.73584905660378,52.83018867924528,34.90566037735849,0,0,0.9433962264150944,0,0.9433962264150944,11.320754716981133,7.547169811320755,3.7735849056603774,0
E00127970,97,84,42,42,0,0,3,0,3,10,4,6,0,86.5979381443299,43.29896907216495,43.29896907216495,0,0,3.0927835051546393,0,3.0927835051546393,10.309278350515463,4.123711340206185,6.185567010309279,0
E00127971,158,143,53,90,0,0,3,0,3,12,9,3,0,90.50632911392405,33.54430379746836,56.9620253164557,0,0,1.89873417721519,0,1.89873417721519,7.59493670886076,5.69620253164557,1.89873417721519,0
E00127972,70,63,39,24,0,0,1,0,1,6,5,1,0,90,55.714285714285715,34.285714285714285,0,0,1.4285714285714286,0,1.4285714285714286,8.571428571428571,7.142857142857142,1.4285714285714286,0
E00127973,126,118,75,43,0,0,0,0,0,8,4,4,0,93.65079365079364,59.523809523809526,34.12698412698413,0,0,0,0,0,6.349206349206349,3.1746031746031744,3.1746031746031744,0
E00127974,114,95,55,40,0,0,0,0,0,19,16,3,0,83.33333333333334,48.24561403508772,35.08771929824561,0,0,0,0,0,16.666666666666664,14.035087719298245,2.631578947368421,0
E00127975,134,113,69,44,2,2,1,0,1,18,14,4,0,84.32835820895522,51.49253731343284,32.83582089552239,1.4925373134328357,1.4925373134328357,0.7462686567164178,0,0.7462686567164178,13.432835820895523,10.44776119402985,2.9850746268656714,0
E00127976,139,74,43,31,1,1,24,10,14,38,26,12,2,53.23741007194245,30.935251798561154,22.302158273381295,0.7194244604316548,0.7194244604316548,17.26618705035971,7.1942446043165464,10.071942446043165,27.33812949640288,18.705035971223023,8.633093525179856,1.4388489208633095
E00127977,121,69,38,31,0,0,16,2,14,36,30,6,0,57.02479338842975,31.40495867768595,25.6198347107438,0,0,13.223140495867769,1.6528925619834711,11.570247933884298,29.75206611570248,24.793388429752067,4.958677685950414,0
E00127978,152,86,45,41,0,0,33,4,29,33,25,8,0,56.57894736842105,29.605263157894733,26.973684210526315,0,0,21.710526315789476,2.631578947368421,19.078947368421055,21.710526315789476,16.447368421052634,5.263157894736842,0
E00127979,138,120,59,61,0,0,0,0,0,18,12,6,0,86.95652173913044,42.7536231884058,44.20289855072464,0,0,0,0,0,13.043478260869565,8.695652173913043,4.3478260869565215,0
E00127980,161,141,82,59,0,0,3,1,2,17,12,5,0,87.5776397515528,50.931677018633536,36.64596273291926,0,0,1.8633540372670807,0.6211180124223602,1.2422360248447204,10.559006211180124,7.453416149068323,3.1055900621118013,0
E00127981,115,55,34,21,1,1,41,4,37,18,11,7,0,47.82608695652174,29.565217391304348,18.26086956521739,0.8695652173913043,0.8695652173913043,35.65217391304348,3.4782608695652173,32.17391304347826,15.65217391304348,9.565217391304348,6.086956521739131,0
E00127982,122,108,86,22,0,0,0,0,0,14,10,4,0,88.52459016393442,70.49180327868852,18.0327868852459,0,0,0,0,0,11.475409836065573,8.19672131147541,3.278688524590164,0
E00127983,139,134,84,50,0,0,0,0,0,5,4,1,0,96.40287769784173,60.431654676258994,35.97122302158273,0,0,0,0,0,3.5971223021582732,2.877697841726619,0.7194244604316548,0
E00127984,111,104,42,62,0,0,3,0,3,4,1,3,0,93.69369369369369,37.83783783783784,55.85585585585585,0,0,2.7027027027027026,0,2.7027027027027026,3.6036036036036037,0.9009009009009009,2.7027027027027026,0
E00127985,131,93,63,30,0,0,12,6,6,26,22,4,0,70.99236641221374,48.091603053435115,22.900763358778626,0,0,9.16030534351145,4.580152671755725,4.580152671755725,19.84732824427481,16.793893129770993,3.0534351145038165,0
E00127986,125,72,29,43,0,0,39,19,20,14,11,3,0,57.599999999999994,23.200000000000003,34.4,0,0,31.2,15.2,16,11.200000000000001,8.799999999999999,2.4,0
E00127987,115,14,12,2,1,1,93,31,62,5,3,2,2,12.173913043478262,10.434782608695652,1.7391304347826086,0.8695652173913043,0.8695652173913043,80.8695652173913,26.956521739130434,53.91304347826087,4.3478260869565215,2.608695652173913,1.7391304347826086,1.7391304347826086
E00127988,128,62,46,16,0,0,13,4,9,53,45,8,0,48.4375,35.9375,12.5,0,0,10.15625,3.125,7.03125,41.40625,35.15625,6.25,0
E00127989,142,51,30,21,0,0,46,3,43,45,39,6,0,35.91549295774648,21.12676056338028,14.788732394366196,0,0,32.3943661971831,2.112676056338028,30.28169014084507,31.690140845070424,27.464788732394368,4.225352112676056,0
E00127990,144,90,40,50,0,0,5,0,5,49,42,7,0,62.5,27.77777777777778,34.72222222222222,0,0,3.4722222222222223,0,3.4722222222222223,34.02777777777778,29.166666666666668,4.861111111111112,0
E00127992,82,29,21,8,1,1,25,17,8,27,21,6,0,35.36585365853659,25.609756097560975,9.75609756097561,1.2195121951219512,1.2195121951219512,30.48780487804878,20.73170731707317,9.75609756097561,32.926829268292686,25.609756097560975,7.317073170731707,0
E00127993,141,60,40,20,0,0,6,1,5,75,67,8,0,42.5531914893617,28.368794326241137,14.184397163120568,0,0,4.25531914893617,0.7092198581560284,3.546099290780142,53.191489361702125,47.5177304964539,5.673758865248227,0
E00127995,105,49,28,21,0,0,3,2,1,53,44,9,0,46.666666666666664,26.666666666666668,20,0,0,2.857142857142857,1.9047619047619049,0.9523809523809524,50.476190476190474,41.904761904761905,8.571428571428571,0
E00127996,46,44,27,17,0,0,0,0,0,2,2,0,0,95.65217391304348,58.69565217391305,36.95652173913043,0,0,0,0,0,4.3478260869565215,4.3478260869565215,0,0
E00127997,123,34,22,12,0,0,0,0,0,89,85,4,0,27.64227642276423,17.88617886178862,9.75609756097561,0,0,0,0,0,72.35772357723577,69.10569105691057,3.2520325203252036,0
E00127998,111,37,25,12,0,0,18,1,17,56,52,4,0,33.33333333333333,22.52252252252252,10.81081081081081,0,0,16.216216216216218,0.9009009009009009,15.315315315315313,50.45045045045045,46.846846846846844,3.6036036036036037,0
E00127999,102,44,31,13,2,2,1,0,1,55,49,6,0,43.13725490196079,30.392156862745097,12.745098039215685,1.9607843137254901,1.9607843137254901,0.9803921568627451,0,0.9803921568627451,53.92156862745098,48.03921568627451,5.88235294117647,0
E00128000,111,34,24,10,0,0,6,0,6,71,65,6,0,30.630630630630627,21.62162162162162,9.00900900900901,0,0,5.405405405405405,0,5.405405405405405,63.96396396396396,58.55855855855856,5.405405405405405,0
E00128001,122,61,37,24,0,0,6,2,4,55,54,1,0,50,30.327868852459016,19.672131147540984,0,0,4.918032786885246,1.639344262295082,3.278688524590164,45.08196721311475,44.26229508196721,0.819672131147541,0
E00128002,118,88,47,41,2,2,13,3,10,15,13,2,0,74.57627118644068,39.83050847457627,34.74576271186441,1.694915254237288,1.694915254237288,11.016949152542372,2.5423728813559325,8.47457627118644,12.711864406779661,11.016949152542372,1.694915254237288,0
E00128003,119,62,43,19,0,0,22,8,14,34,31,3,1,52.10084033613446,36.134453781512605,15.966386554621847,0,0,18.487394957983195,6.722689075630252,11.76470588235294,28.57142857142857,26.05042016806723,2.5210084033613445,0.8403361344537815
E00128004,107,35,27,8,0,0,5,0,5,67,63,4,0,32.71028037383177,25.233644859813083,7.476635514018691,0,0,4.672897196261682,0,4.672897196261682,62.616822429906534,58.87850467289719,3.7383177570093453,0
E00128005,138,88,49,39,0,0,4,2,2,46,40,6,0,63.76811594202898,35.507246376811594,28.26086956521739,0,0,2.898550724637681,1.4492753623188406,1.4492753623188406,33.33333333333333,28.985507246376812,4.3478260869565215,0
E00128006,185,159,94,65,0,0,0,0,0,26,25,1,0,85.94594594594595,50.810810810810814,35.13513513513514,0,0,0,0,0,14.054054054054054,13.513513513513514,0.5405405405405406,0
E00128007,127,52,24,28,0,0,19,11,8,56,55,1,0,40.94488188976378,18.89763779527559,22.04724409448819,0,0,14.960629921259844,8.661417322834646,6.299212598425196,44.09448818897638,43.30708661417323,0.7874015748031495,0
E00128008,115,50,22,28,1,1,39,26,13,25,24,1,0,43.47826086956522,19.130434782608695,24.347826086956523,0.8695652173913043,0.8695652173913043,33.91304347826087,22.608695652173914,11.304347826086957,21.73913043478261,20.869565217391305,0.8695652173913043,0
E00128009,115,79,42,37,0,0,20,10,10,16,12,4,0,68.69565217391305,36.52173913043478,32.17391304347826,0,0,17.391304347826086,8.695652173913043,8.695652173913043,13.91304347826087,10.434782608695652,3.4782608695652173,0
E00128010,136,78,33,45,1,1,28,5,23,29,28,1,0,57.35294117647059,24.264705882352942,33.088235294117645,0.7352941176470588,0.7352941176470588,20.588235294117645,3.6764705882352944,16.911764705882355,21.323529411764707,20.588235294117645,0.7352941176470588,0
E00128011,124,111,69,42,0,0,3,0,3,10,8,2,0,89.51612903225806,55.64516129032258,33.87096774193548,0,0,2.4193548387096775,0,2.4193548387096775,8.064516129032258,6.451612903225806,1.6129032258064515,0
E00128012,107,92,53,39,0,0,2,2,0,13,13,0,0,85.98130841121495,49.532710280373834,36.44859813084112,0,0,1.8691588785046727,1.8691588785046727,0,12.149532710280374,12.149532710280374,0,0
E00128013,103,40,23,17,0,0,51,10,41,12,12,0,0,38.83495145631068,22.330097087378643,16.50485436893204,0,0,49.51456310679612,9.70873786407767,39.80582524271845,11.650485436893204,11.650485436893204,0,0
E00128014,140,109,63,46,0,0,8,4,4,23,21,2,0,77.85714285714286,45,32.857142857142854,0,0,5.714285714285714,2.857142857142857,2.857142857142857,16.428571428571427,15,1.4285714285714286,0
E00128015,116,98,50,48,0,0,0,0,0,18,13,5,0,84.48275862068965,43.103448275862064,41.37931034482759,0,0,0,0,0,15.517241379310345,11.206896551724139,4.310344827586207,0
E00128016,128,72,45,27,3,3,6,1,5,46,43,3,1,56.25,35.15625,21.09375,2.34375,2.34375,4.6875,0.78125,3.90625,35.9375,33.59375,2.34375,0.78125
E00128017,126,39,21,18,0,0,62,2,60,25,24,1,0,30.952380952380953,16.666666666666664,14.285714285714285,0,0,49.2063492063492,1.5873015873015872,47.61904761904761,19.841269841269842,19.047619047619047,0.7936507936507936,0
E00128018,170,134,68,66,1,1,22,13,9,13,11,2,0,78.82352941176471,40,38.82352941176471,0.5882352941176471,0.5882352941176471,12.941176470588237,7.647058823529412,5.294117647058823,7.647058823529412,6.470588235294119,1.1764705882352942,0
E00128019,141,86,47,39,0,0,27,10,17,28,23,5,0,60.99290780141844,33.33333333333333,27.659574468085108,0,0,19.148936170212767,7.092198581560284,12.056737588652481,19.858156028368796,16.312056737588655,3.546099290780142,0
E00128020,119,77,20,57,0,0,29,16,13,13,12,1,0,64.70588235294117,16.80672268907563,47.89915966386555,0,0,24.369747899159663,13.445378151260504,10.92436974789916,10.92436974789916,10.084033613445378,0.8403361344537815,0
E00128021,126,34,10,24,0,0,86,40,46,4,3,1,2,26.984126984126984,7.936507936507936,19.047619047619047,0,0,68.25396825396825,31.746031746031743,36.507936507936506,3.1746031746031744,2.380952380952381,0.7936507936507936,1.5873015873015872
E00128022,120,41,19,22,0,0,64,27,37,15,14,1,0,34.166666666666664,15.833333333333332,18.333333333333332,0,0,53.333333333333336,22.5,30.833333333333336,12.5,11.666666666666666,0.8333333333333334,0
E00128023,126,68,25,43,1,1,33,17,16,22,18,4,2,53.96825396825397,19.841269841269842,34.12698412698413,0.7936507936507936,0.7936507936507936,26.190476190476193,13.492063492063492,12.698412698412698,17.46031746031746,14.285714285714285,3.1746031746031744,1.5873015873015872
E00128024,128,83,53,30,0,0,4,1,3,41,26,15,0,64.84375,41.40625,23.4375,0,0,3.125,0.78125,2.34375,32.03125,20.3125,11.71875,0
E00128025,132,71,43,28,0,0,6,1,5,55,48,7,0,53.78787878787878,32.57575757575758,21.21212121212121,0,0,4.545454545454546,0.7575757575757576,3.787878787878788,41.66666666666667,36.36363636363637,5.303030303030303,0
E00128026,123,82,58,24,1,1,4,2,2,36,33,3,0,66.66666666666666,47.15447154471545,19.51219512195122,0.8130081300813009,0.8130081300813009,3.2520325203252036,1.6260162601626018,1.6260162601626018,29.268292682926827,26.82926829268293,2.4390243902439024,0
E00128027,122,103,53,50,0,0,2,0,2,17,15,2,0,84.42622950819673,43.44262295081967,40.98360655737705,0,0,1.639344262295082,0,1.639344262295082,13.934426229508196,12.295081967213115,1.639344262295082,0
E00128028,119,77,48,29,1,1,7,3,4,34,32,2,0,64.70588235294117,40.33613445378151,24.369747899159663,0.8403361344537815,0.8403361344537815,5.88235294117647,2.5210084033613445,3.361344537815126,28.57142857142857,26.89075630252101,1.680672268907563,0
E00128029,173,133,61,72,1,1,2,0,2,37,27,10,0,76.878612716763,35.26011560693642,41.61849710982659,0.5780346820809248,0.5780346820809248,1.1560693641618496,0,1.1560693641618496,21.38728323699422,15.606936416184972,5.780346820809249,0
E00128030,134,90,55,35,0,0,0,0,0,44,40,4,0,67.16417910447761,41.04477611940299,26.119402985074625,0,0,0,0,0,32.83582089552239,29.850746268656714,2.9850746268656714,0
E00128031,115,67,42,25,0,0,2,1,1,46,44,2,0,58.26086956521739,36.52173913043478,21.73913043478261,0,0,1.7391304347826086,0.8695652173913043,0.8695652173913043,40,38.26086956521739,1.7391304347826086,0
E00128032,101,71,48,23,0,0,0,0,0,30,29,1,0,70.29702970297029,47.524752475247524,22.772277227722775,0,0,0,0,0,29.7029702970297,28.71287128712871,0.9900990099009901,0
E00128033,135,29,22,7,0,0,69,27,42,36,32,4,1,21.48148148148148,16.296296296296298,5.185185185185185,0,0,51.11111111111111,20,31.11111111111111,26.666666666666668,23.703703703703706,2.9629629629629632,0.7407407407407408
E00128034,138,90,55,35,0,0,1,0,1,47,36,11,0,65.21739130434783,39.85507246376812,25.36231884057971,0,0,0.7246376811594203,0,0.7246376811594203,34.05797101449276,26.08695652173913,7.971014492753622,0
E00128035,102,86,47,39,0,0,11,2,9,5,2,3,0,84.31372549019608,46.07843137254902,38.23529411764706,0,0,10.784313725490197,1.9607843137254901,8.823529411764707,4.901960784313726,1.9607843137254901,2.941176470588235,0
E00128036,131,46,28,18,0,0,46,11,35,39,37,2,0,35.11450381679389,21.374045801526716,13.740458015267176,0,0,35.11450381679389,8.396946564885496,26.717557251908396,29.770992366412212,28.24427480916031,1.5267175572519083,0
E00128037,136,77,42,35,1,1,14,1,13,44,44,0,0,56.61764705882353,30.88235294117647,25.735294117647058,0.7352941176470588,0.7352941176470588,10.294117647058822,0.7352941176470588,9.558823529411764,32.35294117647059,32.35294117647059,0,0
E00128038,116,46,30,16,0,0,38,6,32,32,29,3,0,39.6551724137931,25.862068965517242,13.793103448275861,0,0,32.758620689655174,5.172413793103448,27.586206896551722,27.586206896551722,25,2.586206896551724,0
E00128039,66,48,33,15,0,0,4,1,3,14,14,0,0,72.72727272727273,50,22.727272727272727,0,0,6.0606060606060606,1.5151515151515151,4.545454545454546,21.21212121212121,21.21212121212121,0,0
E00128040,143,33,17,16,0,0,12,5,7,98,92,6,0,23.076923076923077,11.888111888111888,11.188811188811188,0,0,8.391608391608392,3.4965034965034967,4.895104895104895,68.53146853146853,64.33566433566433,4.195804195804196,0
E00128041,128,59,36,23,0,0,10,2,8,58,53,5,1,46.09375,28.125,17.96875,0,0,7.8125,1.5625,6.25,45.3125,41.40625,3.90625,0.78125
E00128042,138,36,21,15,1,1,70,20,50,31,28,3,0,26.08695652173913,15.217391304347828,10.869565217391305,0.7246376811594203,0.7246376811594203,50.72463768115942,14.492753623188406,36.231884057971016,22.463768115942027,20.28985507246377,2.1739130434782608,0
E00128043,137,29,17,12,0,0,101,43,58,6,6,0,1,21.16788321167883,12.408759124087592,8.75912408759124,0,0,73.72262773722628,31.386861313868614,42.33576642335766,4.37956204379562,4.37956204379562,0,0.7299270072992701
E00128044,135,81,39,42,0,0,12,0,12,42,37,5,0,60,28.888888888888886,31.11111111111111,0,0,8.88888888888889,0,8.88888888888889,31.11111111111111,27.40740740740741,3.7037037037037033,0
E00128045,133,76,44,32,0,0,15,5,10,42,38,4,0,57.14285714285714,33.08270676691729,24.06015037593985,0,0,11.278195488721805,3.7593984962406015,7.518796992481203,31.57894736842105,28.57142857142857,3.007518796992481,0
E00128046,180,79,55,24,0,0,7,1,6,94,89,5,0,43.888888888888886,30.555555555555557,13.333333333333334,0,0,3.888888888888889,0.5555555555555556,3.3333333333333335,52.22222222222223,49.44444444444444,2.7777777777777777,0
E00128047,97,68,38,30,0,0,1,1,0,28,24,4,0,70.10309278350515,39.175257731958766,30.927835051546392,0,0,1.0309278350515463,1.0309278350515463,0,28.865979381443296,24.742268041237114,4.123711340206185,0
E00128048,184,65,25,40,0,0,65,6,59,54,48,6,0,35.32608695652174,13.586956521739129,21.73913043478261,0,0,35.32608695652174,3.260869565217391,32.065217391304344,29.347826086956523,26.08695652173913,3.260869565217391,0
E00128050,118,80,50,30,0,0,1,0,1,37,34,3,0,67.79661016949152,42.3728813559322,25.423728813559322,0,0,0.847457627118644,0,0.847457627118644,31.35593220338983,28.8135593220339,2.5423728813559325,0
E00128051,98,80,51,29,0,0,1,1,0,17,13,4,0,81.63265306122449,52.04081632653062,29.591836734693878,0,0,1.0204081632653061,1.0204081632653061,0,17.346938775510203,13.26530612244898,4.081632653061225,0
E00128052,156,95,60,35,0,0,40,2,38,21,21,0,0,60.89743589743589,38.46153846153847,22.435897435897438,0,0,25.64102564102564,1.282051282051282,24.358974358974358,13.461538461538462,13.461538461538462,0,0
E00128054,111,46,33,13,0,0,29,12,17,36,34,2,0,41.44144144144144,29.72972972972973,11.711711711711711,0,0,26.126126126126124,10.81081081081081,15.315315315315313,32.432432432432435,30.630630630630627,1.8018018018018018,0
E00128055,127,69,49,20,0,0,11,4,7,47,42,5,0,54.330708661417326,38.582677165354326,15.748031496062993,0,0,8.661417322834646,3.149606299212598,5.511811023622047,37.00787401574803,33.07086614173229,3.937007874015748,0
E00128056,154,87,57,30,0,0,8,1,7,59,46,13,0,56.493506493506494,37.01298701298701,19.480519480519483,0,0,5.194805194805195,0.6493506493506493,4.545454545454546,38.311688311688314,29.87012987012987,8.441558441558442,0
E00128057,133,91,71,20,0,0,1,1,0,41,37,4,0,68.42105263157895,53.383458646616546,15.037593984962406,0,0,0.7518796992481203,0.7518796992481203,0,30.82706766917293,27.819548872180448,3.007518796992481,0
E00128058,160,58,40,18,1,1,35,2,33,66,56,10,0,36.25,25,11.25,0.625,0.625,21.875,1.25,20.625,41.25,35,6.25,0
E00128059,121,80,53,27,0,0,0,0,0,41,31,10,0,66.11570247933885,43.80165289256198,22.31404958677686,0,0,0,0,0,33.88429752066116,25.6198347107438,8.264462809917356,0
E00128061,113,69,37,32,1,1,12,2,10,31,26,5,0,61.06194690265486,32.743362831858406,28.31858407079646,0.8849557522123894,0.8849557522123894,10.619469026548673,1.7699115044247788,8.849557522123893,27.43362831858407,23.008849557522122,4.424778761061947,0
E00128062,136,42,30,12,1,1,60,14,46,33,27,6,0,30.88235294117647,22.058823529411764,8.823529411764707,0.7352941176470588,0.7352941176470588,44.11764705882353,10.294117647058822,33.82352941176471,24.264705882352942,19.852941176470587,4.411764705882353,0
E00172551,137,109,54,55,0,0,11,3,8,17,15,2,0,79.56204379562044,39.416058394160586,40.14598540145985,0,0,8.02919708029197,2.18978102189781,5.839416058394161,12.408759124087592,10.948905109489052,1.4598540145985401,0
E00172552,106,92,42,50,0,0,1,1,0,13,11,2,0,86.79245283018868,39.62264150943396,47.16981132075472,0,0,0.9433962264150944,0.9433962264150944,0,12.264150943396226,10.377358490566039,1.8867924528301887,0
E00172553,189,157,106,51,1,1,9,3,6,22,18,4,0,83.06878306878306,56.08465608465608,26.984126984126984,0.5291005291005291,0.5291005291005291,4.761904761904762,1.5873015873015872,3.1746031746031744,11.64021164021164,9.523809523809524,2.1164021164021163,0
E00181510,100,39,26,13,2,2,8,3,5,51,45,6,0,39,26,13,2,2,8,3,5,51,45,6,0
E00181512,120,67,37,30,0,0,25,7,18,28,24,4,0,55.833333333333336,30.833333333333336,25,0,0,20.833333333333336,5.833333333333333,15,23.333333333333332,20,3.3333333333333335,0
E00181513,151,136,55,81,0,0,0,0,0,15,11,4,0,90.06622516556291,36.423841059602644,53.64238410596026,0,0,0,0,0,9.933774834437086,7.28476821192053,2.6490066225165565,0
E00181514,108,54,27,27,0,0,25,8,17,28,22,6,1,50,25,25,0,0,23.14814814814815,7.4074074074074066,15.74074074074074,25.925925925925924,20.37037037037037,5.555555555555555,0.9259259259259258
E00181528,71,48,33,15,0,0,2,1,1,21,20,1,0,67.6056338028169,46.478873239436616,21.12676056338028,0,0,2.8169014084507045,1.4084507042253522,1.4084507042253522,29.577464788732392,28.169014084507044,1.4084507042253522,0
E00181533,102,84,28,56,0,0,2,0,2,16,16,0,0,82.35294117647058,27.450980392156865,54.90196078431373,0,0,1.9607843137254901,0,1.9607843137254901,15.686274509803921,15.686274509803921,0,0
E00181539,125,118,14,104,0,0,0,0,0,7,6,1,0,94.39999999999999,11.200000000000001,83.2,0,0,0,0,0,5.6000000000000005,4.8,0.8,0
E00181552,65,30,18,12,1,1,1,0,1,33,31,2,0,46.15384615384615,27.692307692307693,18.461538461538463,1.5384615384615385,1.5384615384615385,1.5384615384615385,0,1.5384615384615385,50.76923076923077,47.69230769230769,3.076923076923077,0
E00181553,115,50,12,38,0,0,32,11,21,33,28,5,0,43.47826086956522,10.434782608695652,33.04347826086956,0,0,27.82608695652174,9.565217391304348,18.26086956521739,28.695652173913043,24.347826086956523,4.3478260869565215,0
E00181556,88,51,38,13,0,0,1,1,0,36,31,5,0,57.95454545454546,43.18181818181818,14.772727272727273,0,0,1.1363636363636365,1.1363636363636365,0,40.909090909090914,35.22727272727273,5.681818181818182,0
