OA,ts0390001,ts0390002,ts0390003,ts0390004,ts0390005,ts0390006,ts0390007,ts0390008,ts0390009,ts0390002_PCT,ts0390003_PCT,ts0390004_PCT,ts0390005_PCT,ts0390006_PCT,ts0390007_PCT,ts0390008_PCT,ts0390009_PCT
E00087279,443,404,27,20,7,3,1,2,9,91.19638826185101,6.094808126410835,4.514672686230249,1.580135440180587,0.6772009029345373,0.2257336343115124,0.4514672686230248,2.0316027088036117
E00087280,305,273,19,14,5,6,3,3,7,89.50819672131148,6.229508196721312,4.590163934426229,1.639344262295082,1.9672131147540985,0.9836065573770493,0.9836065573770493,2.2950819672131146
E00087281,267,224,24,22,2,11,6,5,8,83.89513108614233,8.98876404494382,8.239700374531834,0.7490636704119851,4.119850187265917,2.247191011235955,1.8726591760299627,2.9962546816479403
E00087282,288,256,14,11,3,3,2,1,15,88.88888888888889,4.861111111111112,3.8194444444444446,1.0416666666666665,1.0416666666666665,0.6944444444444444,0.3472222222222222,5.208333333333334
E00087283,253,234,9,7,2,3,2,1,7,92.4901185770751,3.557312252964427,2.766798418972332,0.7905138339920948,1.185770750988142,0.7905138339920948,0.3952569169960474,2.766798418972332
E00087284,291,259,10,7,3,9,3,6,13,89.00343642611683,3.436426116838488,2.405498281786942,1.0309278350515463,3.0927835051546393,1.0309278350515463,2.0618556701030926,4.4673539518900345
E00087285,244,218,8,3,5,5,3,2,13,89.34426229508196,3.278688524590164,1.2295081967213115,2.0491803278688523,2.0491803278688523,1.2295081967213115,0.819672131147541,5.327868852459016
E00087286,323,294,9,6,3,8,5,3,12,91.02167182662538,2.786377708978328,1.8575851393188854,0.9287925696594427,2.476780185758514,1.5479876160990713,0.9287925696594427,3.7151702786377707
E00087287,237,206,14,13,1,5,1,4,12,86.91983122362869,5.9071729957805905,5.485232067510549,0.42194092827004215,2.109704641350211,0.42194092827004215,1.6877637130801686,5.063291139240507
E00087288,283,265,10,9,1,4,1,3,4,93.63957597173145,3.53356890459364,3.180212014134275,0.35335689045936397,1.4134275618374559,0.35335689045936397,1.0600706713780919,1.4134275618374559
E00087289,200,176,14,11,3,1,1,0,9,88,7.000000000000001,5.5,1.5,0.5,0.5,0,4.5
E00087290,262,246,7,6,1,4,3,1,5,93.89312977099237,2.6717557251908395,2.2900763358778624,0.38167938931297707,1.5267175572519083,1.1450381679389312,0.38167938931297707,1.9083969465648856
E00087291,230,207,14,11,3,2,1,1,7,90,6.086956521739131,4.782608695652174,1.3043478260869565,0.8695652173913043,0.43478260869565216,0.43478260869565216,3.0434782608695654
E00087292,221,203,12,8,4,3,1,2,3,91.8552036199095,5.429864253393665,3.619909502262444,1.809954751131222,1.3574660633484164,0.4524886877828055,0.904977375565611,1.3574660633484164
E00087293,244,223,8,2,6,3,2,1,10,91.39344262295081,3.278688524590164,0.819672131147541,2.459016393442623,1.2295081967213115,0.819672131147541,0.4098360655737705,4.098360655737705
E00087294,197,172,9,6,3,8,7,1,8,87.30964467005076,4.568527918781726,3.0456852791878175,1.5228426395939088,4.060913705583756,3.5532994923857872,0.5076142131979695,4.060913705583756
E00087295,199,177,14,11,3,2,2,0,6,88.94472361809045,7.035175879396985,5.527638190954774,1.507537688442211,1.0050251256281406,1.0050251256281406,0,3.015075376884422
E00087296,217,191,16,11,5,3,2,1,7,88.0184331797235,7.373271889400922,5.0691244239631335,2.3041474654377883,1.3824884792626728,0.9216589861751152,0.4608294930875576,3.225806451612903
E00087297,216,189,11,6,5,4,0,4,12,87.5,5.092592592592593,2.7777777777777777,2.314814814814815,1.8518518518518516,0,1.8518518518518516,5.555555555555555
E00087298,212,195,9,6,3,1,1,0,7,91.98113207547169,4.245283018867925,2.8301886792452833,1.4150943396226416,0.4716981132075472,0.4716981132075472,0,3.30188679245283
E00087299,194,174,9,8,1,3,3,0,8,89.69072164948454,4.639175257731959,4.123711340206185,0.5154639175257731,1.5463917525773196,1.5463917525773196,0,4.123711340206185
E00087300,285,249,21,16,5,5,3,2,10,87.36842105263159,7.368421052631578,5.614035087719298,1.7543859649122806,1.7543859649122806,1.0526315789473684,0.7017543859649122,3.508771929824561
E00087301,262,238,8,8,0,7,5,2,9,90.83969465648855,3.0534351145038165,3.0534351145038165,0,2.6717557251908395,1.9083969465648856,0.7633587786259541,3.435114503816794
E00087302,245,221,7,4,3,4,4,0,13,90.20408163265307,2.857142857142857,1.6326530612244898,1.2244897959183674,1.6326530612244898,1.6326530612244898,0,5.3061224489795915
E00087303,298,261,20,16,4,2,0,2,15,87.58389261744966,6.7114093959731544,5.369127516778524,1.342281879194631,0.6711409395973155,0,0.6711409395973155,5.033557046979865
E00087304,311,276,23,15,8,1,1,0,11,88.7459807073955,7.395498392282958,4.823151125401929,2.572347266881029,0.3215434083601286,0.3215434083601286,0,3.536977491961415
E00087305,272,239,12,10,2,5,2,3,16,87.86764705882352,4.411764705882353,3.6764705882352944,0.7352941176470588,1.8382352941176472,0.7352941176470588,1.1029411764705883,5.88235294117647
E00087306,350,303,25,22,3,5,4,1,17,86.57142857142858,7.142857142857142,6.2857142857142865,0.8571428571428572,1.4285714285714286,1.1428571428571428,0.2857142857142857,4.857142857142857
E00087307,374,322,26,21,5,4,1,3,22,86.09625668449198,6.951871657754011,5.614973262032086,1.3368983957219251,1.06951871657754,0.267379679144385,0.8021390374331552,5.88235294117647
E00087308,328,298,12,10,2,5,3,2,13,90.85365853658537,3.6585365853658534,3.048780487804878,0.6097560975609756,1.524390243902439,0.9146341463414633,0.6097560975609756,3.9634146341463414
E00087309,258,243,10,8,2,0,0,0,5,94.18604651162791,3.875968992248062,3.10077519379845,0.7751937984496124,0,0,0,1.937984496124031
E00087310,261,230,18,15,3,3,3,0,10,88.12260536398468,6.896551724137931,5.747126436781609,1.1494252873563218,1.1494252873563218,1.1494252873563218,0,3.8314176245210727
E00087311,263,236,18,10,8,2,2,0,7,89.73384030418251,6.844106463878327,3.802281368821293,3.041825095057034,0.7604562737642585,0.7604562737642585,0,2.6615969581749046
E00087312,231,204,17,11,6,3,2,1,7,88.31168831168831,7.35930735930736,4.761904761904762,2.5974025974025974,1.2987012987012987,0.8658008658008658,0.4329004329004329,3.0303030303030303
E00087313,252,236,10,8,2,3,3,0,3,93.65079365079364,3.968253968253968,3.1746031746031744,0.7936507936507936,1.1904761904761905,1.1904761904761905,0,1.1904761904761905
E00087314,213,185,18,10,8,3,2,1,7,86.85446009389672,8.450704225352112,4.694835680751173,3.755868544600939,1.4084507042253522,0.9389671361502347,0.4694835680751174,3.286384976525822
E00087315,324,290,20,14,6,4,3,1,10,89.50617283950618,6.172839506172839,4.320987654320987,1.8518518518518516,1.2345679012345678,0.9259259259259258,0.30864197530864196,3.0864197530864197
E00087316,293,244,18,11,7,10,1,9,21,83.27645051194538,6.143344709897611,3.754266211604096,2.3890784982935154,3.4129692832764507,0.3412969283276451,3.0716723549488054,7.167235494880546
E00087317,299,254,26,20,6,6,4,2,13,84.94983277591973,8.695652173913043,6.688963210702341,2.0066889632107023,2.0066889632107023,1.3377926421404682,0.6688963210702341,4.3478260869565215
E00087318,337,293,17,12,5,13,8,5,14,86.94362017804154,5.044510385756676,3.5608308605341246,1.483679525222552,3.857566765578635,2.3738872403560833,1.483679525222552,4.154302670623145
E00087319,253,222,16,12,4,6,3,3,9,87.74703557312253,6.324110671936759,4.743083003952568,1.5810276679841897,2.371541501976284,1.185770750988142,1.185770750988142,3.557312252964427
E00087320,291,252,13,8,5,10,7,3,16,86.5979381443299,4.4673539518900345,2.7491408934707904,1.718213058419244,3.436426116838488,2.405498281786942,1.0309278350515463,5.498281786941581
E00087321,304,270,20,11,9,3,3,0,11,88.81578947368422,6.578947368421052,3.618421052631579,2.9605263157894735,0.9868421052631579,0.9868421052631579,0,3.618421052631579
E00087322,289,255,18,12,6,5,4,1,11,88.23529411764706,6.228373702422145,4.1522491349480966,2.0761245674740483,1.7301038062283738,1.384083044982699,0.34602076124567477,3.8062283737024223
E00087323,285,250,18,14,4,8,5,3,9,87.71929824561403,6.315789473684211,4.912280701754386,1.4035087719298245,2.807017543859649,1.7543859649122806,1.0526315789473684,3.1578947368421053
E00087324,215,199,8,7,1,2,1,1,6,92.55813953488372,3.7209302325581395,3.255813953488372,0.46511627906976744,0.9302325581395349,0.46511627906976744,0.46511627906976744,2.7906976744186047
E00087325,219,197,12,10,2,4,1,3,6,89.95433789954338,5.47945205479452,4.5662100456621,0.91324200913242,1.82648401826484,0.45662100456621,1.36986301369863,2.73972602739726
E00087326,192,170,11,7,4,3,3,0,8,88.54166666666666,5.729166666666666,3.6458333333333335,2.083333333333333,1.5625,1.5625,0,4.166666666666666
E00087327,251,226,10,8,2,6,3,3,9,90.0398406374502,3.9840637450199203,3.187250996015936,0.796812749003984,2.3904382470119523,1.1952191235059761,1.1952191235059761,3.5856573705179287
E00087328,340,301,13,10,3,8,6,2,18,88.52941176470588,3.823529411764706,2.941176470588235,0.8823529411764706,2.3529411764705883,1.7647058823529411,0.5882352941176471,5.294117647058823
E00087329,152,136,6,6,0,4,2,2,6,89.47368421052632,3.9473684210526314,3.9473684210526314,0,2.631578947368421,1.3157894736842104,1.3157894736842104,3.9473684210526314
E00087330,293,256,24,18,6,2,1,1,11,87.37201365187714,8.19112627986348,6.143344709897611,2.04778156996587,0.6825938566552902,0.3412969283276451,0.3412969283276451,3.754266211604096
E00087331,245,215,16,11,5,8,4,4,6,87.75510204081633,6.530612244897959,4.489795918367347,2.0408163265306123,3.2653061224489797,1.6326530612244898,1.6326530612244898,2.4489795918367347
E00087332,288,241,23,14,9,9,1,8,15,83.68055555555556,7.986111111111111,4.861111111111112,3.125,3.125,0.3472222222222222,2.7777777777777777,5.208333333333334
E00087333,267,236,21,12,9,1,1,0,9,88.38951310861424,7.865168539325842,4.49438202247191,3.3707865168539324,0.37453183520599254,0.37453183520599254,0,3.3707865168539324
E00087334,277,235,26,19,7,5,3,2,11,84.83754512635379,9.386281588447654,6.859205776173286,2.527075812274368,1.8050541516245486,1.083032490974729,0.7220216606498195,3.9711191335740073
E00087335,256,219,19,11,8,9,5,4,9,85.546875,7.421875,4.296875,3.125,3.515625,1.953125,1.5625,3.515625
E00087336,317,289,15,13,2,4,1,3,9,91.16719242902208,4.73186119873817,4.100946372239748,0.6309148264984227,1.2618296529968454,0.31545741324921134,0.9463722397476341,2.8391167192429023
E00087337,315,282,17,11,6,6,4,2,10,89.52380952380953,5.396825396825397,3.492063492063492,1.9047619047619049,1.9047619047619049,1.2698412698412698,0.6349206349206349,3.1746031746031744
E00087338,280,252,19,15,4,6,2,4,3,90,6.785714285714286,5.357142857142857,1.4285714285714286,2.142857142857143,0.7142857142857143,1.4285714285714286,1.0714285714285714
E00087339,307,283,15,13,2,3,0,3,6,92.18241042345277,4.88599348534202,4.234527687296417,0.6514657980456027,0.9771986970684038,0,0.9771986970684038,1.9543973941368076
E00087340,302,279,14,11,3,4,2,2,5,92.3841059602649,4.635761589403973,3.642384105960265,0.9933774834437087,1.3245033112582782,0.6622516556291391,0.6622516556291391,1.6556291390728477
E00087343,294,267,11,8,3,7,4,3,9,90.81632653061224,3.741496598639456,2.7210884353741496,1.0204081632653061,2.380952380952381,1.3605442176870748,1.0204081632653061,3.061224489795918
E00087344,251,234,8,7,1,3,1,2,6,93.22709163346613,3.187250996015936,2.788844621513944,0.398406374501992,1.1952191235059761,0.398406374501992,0.796812749003984,2.3904382470119523
E00087345,353,318,18,15,3,7,3,4,10,90.08498583569406,5.099150141643059,4.2492917847025495,0.84985835694051,1.9830028328611897,0.84985835694051,1.13314447592068,2.8328611898017
E00087346,328,285,11,9,2,13,4,9,19,86.89024390243902,3.353658536585366,2.7439024390243905,0.6097560975609756,3.9634146341463414,1.2195121951219512,2.7439024390243905,5.7926829268292686
E00087347,296,267,17,11,6,7,3,4,5,90.2027027027027,5.743243243243244,3.7162162162162162,2.027027027027027,2.364864864864865,1.0135135135135136,1.3513513513513513,1.6891891891891893
E00087348,284,258,9,4,5,8,1,7,9,90.84507042253522,3.169014084507042,1.4084507042253522,1.7605633802816902,2.8169014084507045,0.35211267605633806,2.464788732394366,3.169014084507042
E00087349,317,284,20,17,3,5,2,3,8,89.58990536277602,6.309148264984227,5.3627760252365935,0.9463722397476341,1.5772870662460567,0.6309148264984227,0.9463722397476341,2.5236593059936907
E00087350,332,294,17,10,7,6,5,1,15,88.55421686746988,5.120481927710843,3.0120481927710845,2.108433734939759,1.8072289156626504,1.5060240963855422,0.30120481927710846,4.518072289156627
E00087351,332,298,25,19,6,2,1,1,7,89.7590361445783,7.530120481927711,5.72289156626506,1.8072289156626504,0.6024096385542169,0.30120481927710846,0.30120481927710846,2.108433734939759
E00087352,315,277,24,19,5,5,3,2,9,87.93650793650794,7.6190476190476195,6.031746031746032,1.5873015873015872,1.5873015873015872,0.9523809523809524,0.6349206349206349,2.857142857142857
E00087353,312,275,21,14,7,3,2,1,13,88.14102564102564,6.730769230769231,4.487179487179487,2.2435897435897436,0.9615384615384616,0.641025641025641,0.3205128205128205,4.166666666666666
E00087354,330,300,21,13,8,4,2,2,5,90.9090909090909,6.363636363636363,3.939393939393939,2.4242424242424243,1.2121212121212122,0.6060606060606061,0.6060606060606061,1.5151515151515151
E00087355,379,340,20,16,4,17,6,11,2,89.70976253298153,5.277044854881266,4.221635883905013,1.0554089709762533,4.485488126649076,1.58311345646438,2.9023746701846966,0.5277044854881267
E00087356,407,363,24,22,2,7,4,3,13,89.1891891891892,5.896805896805897,5.405405405405405,0.4914004914004914,1.71990171990172,0.9828009828009828,0.7371007371007371,3.194103194103194
E00087357,267,239,13,9,4,6,3,3,9,89.51310861423221,4.868913857677903,3.3707865168539324,1.4981273408239701,2.247191011235955,1.1235955056179776,1.1235955056179776,3.3707865168539324
E00087358,321,288,20,14,6,6,4,2,7,89.7196261682243,6.230529595015576,4.361370716510903,1.8691588785046727,1.8691588785046727,1.2461059190031152,0.6230529595015576,2.1806853582554515
E00087359,239,220,10,9,1,1,1,0,8,92.05020920502092,4.184100418410042,3.765690376569038,0.41841004184100417,0.41841004184100417,0.41841004184100417,0,3.3472803347280333
E00087360,430,373,26,19,7,7,4,3,24,86.74418604651163,6.046511627906977,4.4186046511627906,1.627906976744186,1.627906976744186,0.9302325581395349,0.6976744186046512,5.5813953488372094
E00087361,318,284,14,11,3,9,5,4,11,89.30817610062893,4.40251572327044,3.459119496855346,0.9433962264150944,2.8301886792452833,1.5723270440251573,1.257861635220126,3.459119496855346
E00087362,289,238,19,11,8,8,2,6,24,82.35294117647058,6.5743944636678195,3.8062283737024223,2.768166089965398,2.768166089965398,0.6920415224913495,2.0761245674740483,8.304498269896193
E00087363,282,259,12,9,3,2,0,2,9,91.84397163120568,4.25531914893617,3.1914893617021276,1.0638297872340425,0.7092198581560284,0,0.7092198581560284,3.1914893617021276
E00087364,346,302,26,15,11,8,4,4,10,87.28323699421965,7.514450867052023,4.335260115606936,3.1791907514450863,2.312138728323699,1.1560693641618496,1.1560693641618496,2.8901734104046244
E00087365,296,264,11,8,3,7,3,4,14,89.1891891891892,3.7162162162162162,2.7027027027027026,1.0135135135135136,2.364864864864865,1.0135135135135136,1.3513513513513513,4.72972972972973
E00087366,295,265,11,7,4,3,2,1,16,89.83050847457628,3.728813559322034,2.3728813559322033,1.3559322033898304,1.0169491525423728,0.6779661016949152,0.3389830508474576,5.423728813559322
E00087367,316,277,21,21,0,6,1,5,12,87.65822784810126,6.6455696202531636,6.6455696202531636,0,1.89873417721519,0.31645569620253167,1.5822784810126582,3.79746835443038
E00087368,263,226,21,10,11,4,1,3,12,85.93155893536122,7.984790874524715,3.802281368821293,4.182509505703422,1.520912547528517,0.38022813688212925,1.1406844106463878,4.562737642585551
E00087369,279,237,22,17,5,7,3,4,13,84.94623655913979,7.885304659498208,6.093189964157706,1.7921146953405016,2.5089605734767026,1.0752688172043012,1.4336917562724014,4.659498207885305
E00087370,202,181,9,6,3,6,6,0,6,89.60396039603961,4.455445544554455,2.9702970297029703,1.4851485148514851,2.9702970297029703,2.9702970297029703,0,2.9702970297029703
E00087371,335,304,20,16,4,4,2,2,7,90.74626865671642,5.970149253731343,4.776119402985075,1.1940298507462688,1.1940298507462688,0.5970149253731344,0.5970149253731344,2.0895522388059704
E00087372,165,148,7,7,0,4,1,3,6,89.6969696969697,4.242424242424243,4.242424242424243,0,2.4242424242424243,0.6060606060606061,1.8181818181818181,3.6363636363636362
E00087373,185,170,10,9,1,1,0,1,4,91.8918918918919,5.405405405405405,4.864864864864865,0.5405405405405406,0.5405405405405406,0,0.5405405405405406,2.1621621621621623
E00087374,181,161,10,9,1,2,1,1,8,88.95027624309392,5.524861878453039,4.972375690607735,0.5524861878453038,1.1049723756906076,0.5524861878453038,0.5524861878453038,4.41988950276243
E00087375,156,144,4,3,1,2,2,0,6,92.3076923076923,2.564102564102564,1.9230769230769231,0.641025641025641,1.282051282051282,1.282051282051282,0,3.8461538461538463
E00087376,173,160,9,7,2,0,0,0,4,92.48554913294798,5.202312138728324,4.046242774566474,1.1560693641618496,0,0,0,2.312138728323699
E00087377,223,200,15,10,5,2,1,1,6,89.68609865470853,6.726457399103139,4.484304932735426,2.242152466367713,0.8968609865470852,0.4484304932735426,0.4484304932735426,2.690582959641256
E00087378,252,217,23,17,6,6,2,4,6,86.11111111111111,9.126984126984127,6.746031746031746,2.380952380952381,2.380952380952381,0.7936507936507936,1.5873015873015872,2.380952380952381
E00087379,202,183,12,10,2,2,0,2,5,90.5940594059406,5.9405940594059405,4.9504950495049505,0.9900990099009901,0.9900990099009901,0,0.9900990099009901,2.4752475247524752
E00087380,278,254,19,12,7,1,0,1,4,91.36690647482014,6.83453237410072,4.316546762589928,2.5179856115107913,0.3597122302158274,0,0.3597122302158274,1.4388489208633095
E00087381,261,229,17,11,6,5,3,2,10,87.73946360153256,6.513409961685824,4.21455938697318,2.2988505747126435,1.9157088122605364,1.1494252873563218,0.7662835249042145,3.8314176245210727
E00087382,276,261,8,8,0,7,4,3,0,94.56521739130434,2.898550724637681,2.898550724637681,0,2.536231884057971,1.4492753623188406,1.0869565217391304,0
E00087383,256,243,6,6,0,2,1,1,5,94.921875,2.34375,2.34375,0,0.78125,0.390625,0.390625,1.953125
E00087384,247,206,17,12,5,11,3,8,13,83.40080971659918,6.882591093117409,4.8582995951417,2.0242914979757085,4.4534412955465585,1.214574898785425,3.2388663967611335,5.263157894736842
E00087385,335,308,19,17,2,2,1,1,6,91.94029850746269,5.6716417910447765,5.074626865671641,0.5970149253731344,0.5970149253731344,0.2985074626865672,0.2985074626865672,1.791044776119403
E00087387,275,260,7,5,2,1,0,1,7,94.54545454545455,2.5454545454545454,1.8181818181818181,0.7272727272727273,0.36363636363636365,0,0.36363636363636365,2.5454545454545454
E00087388,390,362,15,9,6,6,4,2,7,92.82051282051282,3.8461538461538463,2.307692307692308,1.5384615384615385,1.5384615384615385,1.0256410256410255,0.5128205128205128,1.7948717948717947
E00087389,291,266,12,4,8,5,3,2,8,91.40893470790378,4.123711340206185,1.3745704467353952,2.7491408934707904,1.718213058419244,1.0309278350515463,0.6872852233676976,2.7491408934707904
E00087390,317,290,15,11,4,2,2,0,10,91.48264984227129,4.73186119873817,3.4700315457413247,1.2618296529968454,0.6309148264984227,0.6309148264984227,0,3.1545741324921135
E00087391,240,198,17,11,6,10,3,7,15,82.5,7.083333333333333,4.583333333333333,2.5,4.166666666666666,1.25,2.9166666666666665,6.25
E00087392,344,305,17,11,6,8,4,4,14,88.66279069767442,4.941860465116279,3.1976744186046515,1.744186046511628,2.3255813953488373,1.1627906976744187,1.1627906976744187,4.069767441860465
E00087393,343,311,10,7,3,11,7,4,11,90.67055393586006,2.9154518950437316,2.0408163265306123,0.8746355685131195,3.206997084548105,2.0408163265306123,1.1661807580174928,3.206997084548105
E00087394,264,243,17,13,4,1,1,0,3,92.04545454545455,6.4393939393939394,4.924242424242424,1.5151515151515151,0.3787878787878788,0.3787878787878788,0,1.1363636363636365
E00087395,253,229,18,15,3,3,1,2,3,90.51383399209486,7.114624505928854,5.928853754940711,1.185770750988142,1.185770750988142,0.3952569169960474,0.7905138339920948,1.185770750988142
E00087396,368,331,13,12,1,9,4,5,15,89.94565217391305,3.532608695652174,3.260869565217391,0.2717391304347826,2.4456521739130435,1.0869565217391304,1.358695652173913,4.076086956521739
E00087397,207,187,14,12,2,0,0,0,6,90.33816425120773,6.763285024154589,5.797101449275362,0.966183574879227,0,0,0,2.898550724637681
E00087398,302,277,14,13,1,1,0,1,10,91.72185430463577,4.635761589403973,4.304635761589404,0.33112582781456956,0.33112582781456956,0,0.33112582781456956,3.3112582781456954
E00087399,342,325,8,6,2,5,4,1,4,95.02923976608187,2.3391812865497075,1.7543859649122806,0.5847953216374269,1.461988304093567,1.1695906432748537,0.29239766081871343,1.1695906432748537
E00087400,357,307,18,11,7,11,4,7,21,85.99439775910365,5.042016806722689,3.081232492997199,1.9607843137254901,3.081232492997199,1.1204481792717087,1.9607843137254901,5.88235294117647
E00087401,324,301,10,6,4,6,2,4,7,92.90123456790124,3.0864197530864197,1.8518518518518516,1.2345679012345678,1.8518518518518516,0.6172839506172839,1.2345679012345678,2.1604938271604937
E00087402,246,223,6,2,4,8,2,6,9,90.65040650406505,2.4390243902439024,0.8130081300813009,1.6260162601626018,3.2520325203252036,0.8130081300813009,2.4390243902439024,3.6585365853658534
E00087403,359,324,15,12,3,11,3,8,9,90.25069637883009,4.178272980501393,3.3426183844011144,0.8356545961002786,3.064066852367688,0.8356545961002786,2.2284122562674096,2.5069637883008355
E00087404,217,199,11,8,3,1,0,1,6,91.70506912442397,5.0691244239631335,3.686635944700461,1.3824884792626728,0.4608294930875576,0,0.4608294930875576,2.7649769585253456
E00087405,303,279,9,7,2,6,3,3,9,92.07920792079209,2.9702970297029703,2.31023102310231,0.6600660066006601,1.9801980198019802,0.9900990099009901,0.9900990099009901,2.9702970297029703
E00087406,463,406,21,15,6,12,8,4,24,87.6889848812095,4.535637149028078,3.2397408207343417,1.2958963282937366,2.591792656587473,1.7278617710583155,0.8639308855291578,5.183585313174946
E00087408,247,208,19,17,2,6,1,5,14,84.21052631578947,7.6923076923076925,6.882591093117409,0.8097165991902834,2.42914979757085,0.4048582995951417,2.0242914979757085,5.668016194331984
E00087409,374,333,23,20,3,6,5,1,12,89.03743315508021,6.149732620320856,5.347593582887701,0.8021390374331552,1.6042780748663104,1.3368983957219251,0.267379679144385,3.2085561497326207
E00087410,366,316,24,14,10,9,5,4,17,86.33879781420765,6.557377049180328,3.825136612021858,2.73224043715847,2.459016393442623,1.366120218579235,1.092896174863388,4.644808743169399
E00087411,389,350,17,13,4,4,0,4,18,89.97429305912597,4.370179948586118,3.3419023136246784,1.0282776349614395,1.0282776349614395,0,1.0282776349614395,4.627249357326478
E00087412,337,305,19,15,4,3,3,0,10,90.50445103857567,5.637982195845697,4.451038575667656,1.1869436201780417,0.8902077151335311,0.8902077151335311,0,2.967359050445104
E00087413,321,289,13,10,3,7,2,5,12,90.03115264797508,4.049844236760125,3.115264797507788,0.9345794392523363,2.1806853582554515,0.6230529595015576,1.557632398753894,3.7383177570093453
E00087414,277,255,10,9,1,6,5,1,6,92.05776173285199,3.6101083032490973,3.2490974729241873,0.36101083032490977,2.166064981949458,1.8050541516245486,0.36101083032490977,2.166064981949458
E00087415,277,256,9,7,2,4,0,4,8,92.4187725631769,3.2490974729241873,2.527075812274368,0.7220216606498195,1.444043321299639,0,1.444043321299639,2.888086642599278
E00087416,273,243,16,13,3,5,3,2,9,89.01098901098901,5.86080586080586,4.761904761904762,1.098901098901099,1.8315018315018317,1.098901098901099,0.7326007326007326,3.296703296703297
E00087417,392,356,11,10,1,7,4,3,18,90.81632653061224,2.806122448979592,2.5510204081632653,0.25510204081632654,1.7857142857142856,1.0204081632653061,0.7653061224489796,4.591836734693878
E00087418,317,293,8,5,3,9,3,6,7,92.42902208201893,2.5236593059936907,1.5772870662460567,0.9463722397476341,2.8391167192429023,0.9463722397476341,1.8927444794952681,2.2082018927444795
E00087419,209,186,8,6,2,6,3,3,9,88.99521531100478,3.827751196172249,2.8708133971291865,0.9569377990430622,2.8708133971291865,1.4354066985645932,1.4354066985645932,4.30622009569378
E00087420,310,283,12,6,6,6,3,3,9,91.29032258064517,3.870967741935484,1.935483870967742,1.935483870967742,1.935483870967742,0.967741935483871,0.967741935483871,2.903225806451613
E00087421,322,288,23,18,5,2,1,1,9,89.44099378881988,7.142857142857142,5.590062111801243,1.5527950310559007,0.6211180124223602,0.3105590062111801,0.3105590062111801,2.7950310559006213
E00087422,382,341,21,12,9,6,2,4,14,89.26701570680629,5.49738219895288,3.1413612565445024,2.356020942408377,1.5706806282722512,0.5235602094240838,1.0471204188481675,3.664921465968586
E00087423,394,294,17,14,3,13,6,7,70,74.61928934010153,4.314720812182741,3.5532994923857872,0.7614213197969544,3.2994923857868024,1.5228426395939088,1.7766497461928936,17.766497461928935
E00087424,368,330,17,16,1,10,5,5,11,89.67391304347827,4.619565217391304,4.3478260869565215,0.2717391304347826,2.717391304347826,1.358695652173913,1.358695652173913,2.989130434782609
E00087425,284,259,10,9,1,6,4,2,9,91.19718309859155,3.5211267605633805,3.169014084507042,0.35211267605633806,2.112676056338028,1.4084507042253522,0.7042253521126761,3.169014084507042
E00087426,263,235,7,5,2,5,1,4,16,89.35361216730038,2.6615969581749046,1.9011406844106464,0.7604562737642585,1.9011406844106464,0.38022813688212925,1.520912547528517,6.083650190114068
E00087427,348,302,24,19,5,8,5,3,14,86.7816091954023,6.896551724137931,5.459770114942529,1.4367816091954022,2.2988505747126435,1.4367816091954022,0.8620689655172413,4.022988505747127
E00087428,260,233,11,5,6,4,1,3,12,89.61538461538461,4.230769230769231,1.9230769230769231,2.307692307692308,1.5384615384615385,0.38461538461538464,1.153846153846154,4.615384615384616
E00087429,294,258,19,10,9,8,7,1,9,87.75510204081633,6.462585034013606,3.4013605442176873,3.061224489795918,2.7210884353741496,2.380952380952381,0.3401360544217687,3.061224489795918
E00087430,258,231,17,11,6,3,2,1,7,89.53488372093024,6.5891472868217065,4.263565891472868,2.3255813953488373,1.1627906976744187,0.7751937984496124,0.3875968992248062,2.7131782945736433
E00087431,275,240,16,12,4,4,2,2,15,87.27272727272727,5.818181818181818,4.363636363636364,1.4545454545454546,1.4545454545454546,0.7272727272727273,0.7272727272727273,5.454545454545454
E00087432,235,205,19,16,3,3,3,0,8,87.2340425531915,8.085106382978724,6.808510638297872,1.276595744680851,1.276595744680851,1.276595744680851,0,3.404255319148936
E00087433,266,234,13,11,2,9,6,3,10,87.96992481203007,4.887218045112782,4.135338345864661,0.7518796992481203,3.3834586466165413,2.2556390977443606,1.1278195488721803,3.7593984962406015
E00087434,243,205,14,11,3,3,2,1,21,84.36213991769547,5.761316872427984,4.526748971193416,1.2345679012345678,1.2345679012345678,0.823045267489712,0.411522633744856,8.641975308641975
E00087435,346,319,14,11,3,8,5,3,5,92.1965317919075,4.046242774566474,3.1791907514450863,0.8670520231213872,2.312138728323699,1.4450867052023122,0.8670520231213872,1.4450867052023122
E00087436,355,318,16,10,6,13,5,8,8,89.5774647887324,4.507042253521127,2.8169014084507045,1.6901408450704223,3.6619718309859155,1.4084507042253522,2.2535211267605635,2.2535211267605635
E00087437,392,357,16,15,1,9,3,6,10,91.07142857142857,4.081632653061225,3.826530612244898,0.25510204081632654,2.295918367346939,0.7653061224489796,1.530612244897959,2.5510204081632653
E00087438,354,305,12,8,4,13,7,6,24,86.15819209039547,3.389830508474576,2.2598870056497176,1.1299435028248588,3.672316384180791,1.977401129943503,1.694915254237288,6.779661016949152
E00087439,251,223,12,8,4,5,4,1,11,88.84462151394422,4.780876494023905,3.187250996015936,1.593625498007968,1.9920318725099602,1.593625498007968,0.398406374501992,4.382470119521913
E00087440,284,253,17,13,4,6,3,3,8,89.08450704225352,5.985915492957746,4.577464788732395,1.4084507042253522,2.112676056338028,1.056338028169014,1.056338028169014,2.8169014084507045
E00087441,230,209,13,11,2,3,2,1,5,90.8695652173913,5.6521739130434785,4.782608695652174,0.8695652173913043,1.3043478260869565,0.8695652173913043,0.43478260869565216,2.1739130434782608
E00087442,233,203,11,8,3,4,0,4,15,87.1244635193133,4.721030042918455,3.4334763948497855,1.2875536480686696,1.7167381974248928,0,1.7167381974248928,6.437768240343347
E00087443,335,296,14,9,5,8,3,5,17,88.35820895522389,4.179104477611941,2.6865671641791042,1.4925373134328357,2.3880597014925375,0.8955223880597015,1.4925373134328357,5.074626865671641
E00087444,400,359,18,16,2,9,4,5,14,89.75,4.5,4,0.5,2.25,1,1.25,3.5000000000000004
E00087445,259,228,14,11,3,6,3,3,11,88.03088803088804,5.405405405405405,4.247104247104247,1.1583011583011582,2.3166023166023164,1.1583011583011582,1.1583011583011582,4.247104247104247
E00087446,319,281,16,9,7,8,2,6,14,88.08777429467085,5.015673981191222,2.8213166144200628,2.19435736677116,2.507836990595611,0.6269592476489028,1.8808777429467085,4.38871473354232
E00087447,182,154,11,11,0,3,0,3,14,84.61538461538461,6.043956043956044,6.043956043956044,0,1.6483516483516485,0,1.6483516483516485,7.6923076923076925
E00087448,250,215,19,14,5,4,3,1,12,86,7.6,5.6000000000000005,2,1.6,1.2,0.4,4.8
E00087449,317,289,17,11,6,8,2,6,3,91.16719242902208,5.3627760252365935,3.4700315457413247,1.8927444794952681,2.5236593059936907,0.6309148264984227,1.8927444794952681,0.9463722397476341
E00087450,273,239,20,15,5,3,2,1,11,87.54578754578755,7.326007326007327,5.4945054945054945,1.8315018315018317,1.098901098901099,0.7326007326007326,0.3663003663003663,4.029304029304029
E00087452,167,142,9,7,2,5,3,2,11,85.02994011976048,5.389221556886228,4.191616766467066,1.1976047904191618,2.9940119760479043,1.7964071856287425,1.1976047904191618,6.58682634730539
E00087453,262,236,17,12,5,2,2,0,7,90.07633587786259,6.488549618320611,4.580152671755725,1.9083969465648856,0.7633587786259541,0.7633587786259541,0,2.6717557251908395
E00087454,263,240,11,7,4,5,3,2,7,91.25475285171103,4.182509505703422,2.6615969581749046,1.520912547528517,1.9011406844106464,1.1406844106463878,0.7604562737642585,2.6615969581749046
E00087455,224,195,14,10,4,4,3,1,11,87.05357142857143,6.25,4.464285714285714,1.7857142857142856,1.7857142857142856,1.3392857142857142,0.4464285714285714,4.910714285714286
E00087456,270,241,15,11,4,8,5,3,6,89.25925925925927,5.555555555555555,4.074074074074074,1.4814814814814816,2.9629629629629632,1.8518518518518516,1.1111111111111112,2.2222222222222223
E00087457,255,221,16,12,4,6,2,4,12,86.66666666666667,6.2745098039215685,4.705882352941177,1.5686274509803921,2.3529411764705883,0.7843137254901961,1.5686274509803921,4.705882352941177
E00087458,249,220,16,11,5,4,1,3,9,88.35341365461848,6.425702811244979,4.417670682730924,2.0080321285140563,1.6064257028112447,0.4016064257028112,1.2048192771084338,3.614457831325301
E00087459,251,229,12,6,6,2,0,2,8,91.23505976095618,4.780876494023905,2.3904382470119523,2.3904382470119523,0.796812749003984,0,0.796812749003984,3.187250996015936
E00087460,278,253,10,5,5,4,0,4,11,91.00719424460432,3.5971223021582732,1.7985611510791366,1.7985611510791366,1.4388489208633095,0,1.4388489208633095,3.9568345323741005
E00087461,272,232,15,9,6,8,5,3,17,85.29411764705883,5.514705882352941,3.308823529411765,2.2058823529411766,2.941176470588235,1.8382352941176472,1.1029411764705883,6.25
E00087462,335,299,19,13,6,5,2,3,12,89.25373134328358,5.6716417910447765,3.880597014925373,1.791044776119403,1.4925373134328357,0.5970149253731344,0.8955223880597015,3.582089552238806
E00087463,282,259,8,5,3,4,2,2,11,91.84397163120568,2.8368794326241136,1.773049645390071,1.0638297872340425,1.4184397163120568,0.7092198581560284,0.7092198581560284,3.900709219858156
E00087464,317,277,20,17,3,9,5,4,11,87.38170347003155,6.309148264984227,5.3627760252365935,0.9463722397476341,2.8391167192429023,1.5772870662460567,1.2618296529968454,3.4700315457413247
E00087465,255,230,10,9,1,8,6,2,7,90.19607843137256,3.9215686274509802,3.5294117647058822,0.39215686274509803,3.1372549019607843,2.3529411764705883,0.7843137254901961,2.7450980392156863
E00087466,223,193,14,10,4,1,0,1,15,86.54708520179372,6.278026905829597,4.484304932735426,1.7937219730941705,0.4484304932735426,0,0.4484304932735426,6.726457399103139
E00087467,259,230,8,8,0,8,4,4,13,88.8030888030888,3.088803088803089,3.088803088803089,0,3.088803088803089,1.5444015444015444,1.5444015444015444,5.019305019305019
E00087468,243,214,11,10,1,5,4,1,13,88.06584362139918,4.526748971193416,4.11522633744856,0.411522633744856,2.05761316872428,1.646090534979424,0.411522633744856,5.349794238683128
E00087469,283,261,6,5,1,7,4,3,9,92.226148409894,2.1201413427561837,1.76678445229682,0.35335689045936397,2.4734982332155475,1.4134275618374559,1.0600706713780919,3.180212014134275
E00087470,204,181,11,7,4,4,2,2,8,88.72549019607843,5.392156862745098,3.431372549019608,1.9607843137254901,1.9607843137254901,0.9803921568627451,0.9803921568627451,3.9215686274509802
E00087471,350,319,15,13,2,6,3,3,10,91.14285714285715,4.285714285714286,3.7142857142857144,0.5714285714285714,1.7142857142857144,0.8571428571428572,0.8571428571428572,2.857142857142857
E00087472,187,169,7,6,1,7,3,4,4,90.37433155080214,3.7433155080213902,3.2085561497326207,0.53475935828877,3.7433155080213902,1.6042780748663104,2.13903743315508,2.13903743315508
E00087473,286,253,12,11,1,5,2,3,16,88.46153846153845,4.195804195804196,3.8461538461538463,0.34965034965034963,1.7482517482517483,0.6993006993006993,1.048951048951049,5.594405594405594
E00087474,285,262,4,3,1,8,5,3,11,91.9298245614035,1.4035087719298245,1.0526315789473684,0.3508771929824561,2.807017543859649,1.7543859649122806,1.0526315789473684,3.8596491228070176
E00087475,293,244,16,7,9,13,10,3,20,83.27645051194538,5.460750853242321,2.3890784982935154,3.0716723549488054,4.436860068259386,3.4129692832764507,1.023890784982935,6.825938566552901
E00087476,510,472,23,17,6,3,2,1,12,92.54901960784314,4.509803921568627,3.3333333333333335,1.1764705882352942,0.5882352941176471,0.39215686274509803,0.19607843137254902,2.3529411764705883
E00087477,300,261,15,11,4,9,2,7,15,87,5,3.6666666666666665,1.3333333333333335,3,0.6666666666666667,2.3333333333333335,5
E00087478,197,173,8,6,2,4,1,3,12,87.81725888324873,4.060913705583756,3.0456852791878175,1.015228426395939,2.030456852791878,0.5076142131979695,1.5228426395939088,6.091370558375635
E00087479,244,216,10,8,2,7,3,4,11,88.52459016393442,4.098360655737705,3.278688524590164,0.819672131147541,2.8688524590163933,1.2295081967213115,1.639344262295082,4.508196721311475
E00087480,305,270,13,10,3,8,0,8,14,88.52459016393442,4.2622950819672125,3.278688524590164,0.9836065573770493,2.622950819672131,0,2.622950819672131,4.590163934426229
E00087481,281,239,14,10,4,12,7,5,16,85.05338078291815,4.98220640569395,3.558718861209965,1.4234875444839856,4.270462633451958,2.491103202846975,1.7793594306049825,5.6939501779359425
E00087482,322,291,18,14,4,5,3,2,8,90.37267080745342,5.590062111801243,4.3478260869565215,1.2422360248447204,1.5527950310559007,0.9316770186335404,0.6211180124223602,2.484472049689441
E00087483,389,346,24,18,6,7,1,6,12,88.94601542416453,6.169665809768637,4.627249357326478,1.5424164524421593,1.7994858611825193,0.2570694087403599,1.5424164524421593,3.0848329048843186
E00087484,248,207,17,12,5,7,4,3,17,83.46774193548387,6.854838709677419,4.838709677419355,2.0161290322580645,2.82258064516129,1.6129032258064515,1.2096774193548387,6.854838709677419
E00087485,256,220,20,12,8,8,5,3,8,85.9375,7.8125,4.6875,3.125,3.125,1.953125,1.171875,3.125
E00087486,274,234,17,12,5,8,3,5,15,85.40145985401459,6.204379562043796,4.37956204379562,1.824817518248175,2.9197080291970803,1.094890510948905,1.824817518248175,5.474452554744526
E00087487,218,187,10,8,2,8,5,3,13,85.77981651376146,4.587155963302752,3.669724770642202,0.9174311926605505,3.669724770642202,2.293577981651376,1.3761467889908259,5.963302752293578
E00087488,287,259,11,10,1,7,2,5,10,90.2439024390244,3.8327526132404177,3.484320557491289,0.34843205574912894,2.4390243902439024,0.6968641114982579,1.7421602787456445,3.484320557491289
E00087489,308,277,14,12,2,8,3,5,9,89.93506493506493,4.545454545454546,3.896103896103896,0.6493506493506493,2.5974025974025974,0.974025974025974,1.6233766233766231,2.922077922077922
E00087490,319,289,14,9,5,6,2,4,10,90.59561128526646,4.38871473354232,2.8213166144200628,1.5673981191222568,1.8808777429467085,0.6269592476489028,1.2539184952978055,3.1347962382445136
E00087491,240,218,14,12,2,2,0,2,6,90.83333333333333,5.833333333333333,5,0.8333333333333334,0.8333333333333334,0,0.8333333333333334,2.5
E00087492,298,281,3,1,2,5,3,2,9,94.29530201342283,1.006711409395973,0.33557046979865773,0.6711409395973155,1.6778523489932886,1.006711409395973,0.6711409395973155,3.0201342281879198
E00087493,383,359,13,9,4,3,0,3,8,93.73368146214099,3.3942558746736298,2.3498694516971277,1.0443864229765014,0.7832898172323759,0,0.7832898172323759,2.088772845953003
E00087494,356,325,13,12,1,10,6,4,8,91.29213483146067,3.651685393258427,3.3707865168539324,0.2808988764044944,2.8089887640449436,1.6853932584269662,1.1235955056179776,2.247191011235955
E00087495,292,263,6,4,2,11,5,6,12,90.06849315068493,2.054794520547945,1.36986301369863,0.684931506849315,3.767123287671233,1.7123287671232876,2.054794520547945,4.10958904109589
E00087496,151,142,3,1,2,1,1,0,5,94.03973509933775,1.9867549668874174,0.6622516556291391,1.3245033112582782,0.6622516556291391,0.6622516556291391,0,3.3112582781456954
E00087497,258,232,11,7,4,9,1,8,6,89.92248062015504,4.263565891472868,2.7131782945736433,1.550387596899225,3.488372093023256,0.3875968992248062,3.10077519379845,2.3255813953488373
E00087498,249,230,12,10,2,3,2,1,4,92.3694779116466,4.819277108433735,4.016064257028113,0.8032128514056224,1.2048192771084338,0.8032128514056224,0.4016064257028112,1.6064257028112447
E00087499,208,181,10,6,4,6,3,3,11,87.01923076923077,4.807692307692308,2.8846153846153846,1.9230769230769231,2.8846153846153846,1.4423076923076923,1.4423076923076923,5.288461538461538
E00087500,177,163,10,7,3,2,1,1,2,92.09039548022598,5.649717514124294,3.954802259887006,1.694915254237288,1.1299435028248588,0.5649717514124294,0.5649717514124294,1.1299435028248588
E00087501,331,308,13,9,4,5,3,2,5,93.05135951661632,3.927492447129909,2.719033232628399,1.2084592145015105,1.5105740181268883,0.906344410876133,0.6042296072507553,1.5105740181268883
E00087502,253,219,21,16,5,4,4,0,9,86.56126482213439,8.300395256916996,6.324110671936759,1.9762845849802373,1.5810276679841897,1.5810276679841897,0,3.557312252964427
E00087503,250,220,12,10,2,4,3,1,14,88,4.8,4,0.8,1.6,1.2,0.4,5.6000000000000005
E00087504,414,372,15,8,7,11,4,7,16,89.85507246376811,3.6231884057971016,1.932367149758454,1.6908212560386473,2.657004830917874,0.966183574879227,1.6908212560386473,3.864734299516908
E00087505,294,270,15,12,3,2,0,2,7,91.83673469387756,5.1020408163265305,4.081632653061225,1.0204081632653061,0.6802721088435374,0,0.6802721088435374,2.380952380952381
E00087506,274,244,13,9,4,8,3,5,9,89.05109489051095,4.744525547445255,3.2846715328467155,1.4598540145985401,2.9197080291970803,1.094890510948905,1.824817518248175,3.2846715328467155
E00087507,300,265,20,17,3,7,3,4,8,88.33333333333333,6.666666666666667,5.666666666666666,1,2.3333333333333335,1,1.3333333333333335,2.666666666666667
E00087508,245,229,6,2,4,4,2,2,6,93.46938775510203,2.4489795918367347,0.8163265306122449,1.6326530612244898,1.6326530612244898,0.8163265306122449,0.8163265306122449,2.4489795918367347
E00087509,295,271,13,10,3,5,1,4,6,91.86440677966101,4.406779661016949,3.389830508474576,1.0169491525423728,1.694915254237288,0.3389830508474576,1.3559322033898304,2.0338983050847457
E00087510,217,183,11,11,0,9,4,5,14,84.33179723502305,5.0691244239631335,5.0691244239631335,0,4.147465437788019,1.8433179723502304,2.3041474654377883,6.451612903225806
E00087511,241,213,14,10,4,7,5,2,7,88.38174273858921,5.809128630705394,4.149377593360995,1.6597510373443984,2.904564315352697,2.0746887966804977,0.8298755186721992,2.904564315352697
E00087512,248,216,17,12,5,3,2,1,12,87.09677419354838,6.854838709677419,4.838709677419355,2.0161290322580645,1.2096774193548387,0.8064516129032258,0.4032258064516129,4.838709677419355
E00087513,359,309,32,26,6,5,2,3,13,86.0724233983287,8.913649025069638,7.242339832869081,1.6713091922005572,1.392757660167131,0.5571030640668524,0.8356545961002786,3.6211699164345403
E00087514,281,241,18,12,6,8,3,5,14,85.76512455516014,6.405693950177936,4.270462633451958,2.135231316725979,2.8469750889679712,1.0676156583629894,1.7793594306049825,4.98220640569395
E00087515,285,256,13,11,2,5,1,4,11,89.82456140350877,4.56140350877193,3.8596491228070176,0.7017543859649122,1.7543859649122806,0.3508771929824561,1.4035087719298245,3.8596491228070176
E00087516,335,293,23,18,5,6,5,1,13,87.46268656716418,6.865671641791045,5.3731343283582085,1.4925373134328357,1.791044776119403,1.4925373134328357,0.2985074626865672,3.880597014925373
E00087517,286,266,11,8,3,2,1,1,7,93.00699300699301,3.8461538461538463,2.797202797202797,1.048951048951049,0.6993006993006993,0.34965034965034963,0.34965034965034963,2.4475524475524475
E00087518,424,380,28,23,5,5,5,0,11,89.62264150943396,6.60377358490566,5.4245283018867925,1.179245283018868,1.179245283018868,1.179245283018868,0,2.5943396226415096
E00087519,379,334,15,11,4,7,2,5,23,88.12664907651715,3.95778364116095,2.9023746701846966,1.0554089709762533,1.8469656992084433,0.5277044854881267,1.3192612137203166,6.068601583113456
E00087520,284,252,13,12,1,8,5,3,11,88.73239436619718,4.577464788732395,4.225352112676056,0.35211267605633806,2.8169014084507045,1.7605633802816902,1.056338028169014,3.873239436619718
E00087521,171,158,4,3,1,3,2,1,6,92.39766081871345,2.3391812865497075,1.7543859649122806,0.5847953216374269,1.7543859649122806,1.1695906432748537,0.5847953216374269,3.508771929824561
E00087522,351,309,13,8,5,8,5,3,21,88.03418803418803,3.7037037037037033,2.2792022792022792,1.4245014245014245,2.2792022792022792,1.4245014245014245,0.8547008547008548,5.982905982905983
E00087523,238,216,7,6,1,5,1,4,10,90.75630252100841,2.941176470588235,2.5210084033613445,0.42016806722689076,2.100840336134454,0.42016806722689076,1.680672268907563,4.201680672268908
E00087524,397,343,17,12,5,11,4,7,26,86.39798488664987,4.282115869017632,3.022670025188917,1.2594458438287155,2.770780856423174,1.0075566750629723,1.7632241813602016,6.54911838790932
E00087526,360,325,10,5,5,3,2,1,22,90.27777777777779,2.7777777777777777,1.3888888888888888,1.3888888888888888,0.8333333333333334,0.5555555555555556,0.2777777777777778,6.111111111111111
E00087527,286,246,16,9,7,8,1,7,16,86.01398601398601,5.594405594405594,3.146853146853147,2.4475524475524475,2.797202797202797,0.34965034965034963,2.4475524475524475,5.594405594405594
E00087528,308,277,12,11,1,3,1,2,16,89.93506493506493,3.896103896103896,3.571428571428571,0.3246753246753247,0.974025974025974,0.3246753246753247,0.6493506493506493,5.194805194805195
E00087530,283,257,9,8,1,6,1,5,11,90.81272084805654,3.180212014134275,2.8268551236749118,0.35335689045936397,2.1201413427561837,0.35335689045936397,1.76678445229682,3.8869257950530036
E00087531,276,239,12,9,3,7,3,4,18,86.59420289855072,4.3478260869565215,3.260869565217391,1.0869565217391304,2.536231884057971,1.0869565217391304,1.4492753623188406,6.521739130434782
E00087532,279,249,14,10,4,5,2,3,11,89.24731182795699,5.017921146953405,3.584229390681003,1.4336917562724014,1.7921146953405016,0.7168458781362007,1.0752688172043012,3.942652329749104
E00087534,227,203,8,5,3,6,5,1,10,89.42731277533039,3.524229074889868,2.2026431718061676,1.3215859030837005,2.643171806167401,2.2026431718061676,0.4405286343612335,4.405286343612335
E00087535,337,307,19,15,4,6,4,2,5,91.0979228486647,5.637982195845697,4.451038575667656,1.1869436201780417,1.7804154302670623,1.1869436201780417,0.5934718100890208,1.483679525222552
E00087537,326,299,10,7,3,6,0,6,11,91.71779141104295,3.067484662576687,2.147239263803681,0.9202453987730062,1.8404907975460123,0,1.8404907975460123,3.374233128834356
E00087538,310,276,18,14,4,6,3,3,10,89.03225806451613,5.806451612903226,4.516129032258064,1.2903225806451613,1.935483870967742,0.967741935483871,0.967741935483871,3.225806451612903
E00087539,276,255,6,5,1,3,2,1,12,92.3913043478261,2.1739130434782608,1.8115942028985508,0.36231884057971014,1.0869565217391304,0.7246376811594203,0.36231884057971014,4.3478260869565215
E00087541,277,255,16,9,7,3,1,2,3,92.05776173285199,5.776173285198556,3.2490974729241873,2.527075812274368,1.083032490974729,0.36101083032490977,0.7220216606498195,1.083032490974729
E00087543,347,314,17,11,6,5,1,4,11,90.48991354466858,4.899135446685879,3.170028818443804,1.729106628242075,1.440922190201729,0.2881844380403458,1.1527377521613833,3.170028818443804
E00087544,291,275,6,4,2,7,5,2,3,94.50171821305841,2.0618556701030926,1.3745704467353952,0.6872852233676976,2.405498281786942,1.718213058419244,0.6872852233676976,1.0309278350515463
E00087545,293,261,15,11,4,4,4,0,13,89.07849829351537,5.1194539249146755,3.754266211604096,1.3651877133105803,1.3651877133105803,1.3651877133105803,0,4.436860068259386
E00087546,262,241,9,6,3,3,2,1,9,91.98473282442748,3.435114503816794,2.2900763358778624,1.1450381679389312,1.1450381679389312,0.7633587786259541,0.38167938931297707,3.435114503816794
E00087547,248,220,16,12,4,5,2,3,7,88.70967741935483,6.451612903225806,4.838709677419355,1.6129032258064515,2.0161290322580645,0.8064516129032258,1.2096774193548387,2.82258064516129
E00087548,226,209,9,7,2,3,2,1,5,92.47787610619469,3.982300884955752,3.0973451327433628,0.8849557522123894,1.3274336283185841,0.8849557522123894,0.4424778761061947,2.2123893805309733
E00087549,259,230,15,12,3,7,2,5,7,88.8030888030888,5.7915057915057915,4.633204633204633,1.1583011583011582,2.7027027027027026,0.7722007722007722,1.9305019305019304,2.7027027027027026
E00087550,197,182,7,3,4,2,2,0,6,92.38578680203045,3.5532994923857872,1.5228426395939088,2.030456852791878,1.015228426395939,1.015228426395939,0,3.0456852791878175
E00087551,335,313,11,8,3,6,1,5,5,93.43283582089552,3.2835820895522385,2.3880597014925375,0.8955223880597015,1.791044776119403,0.2985074626865672,1.4925373134328357,1.4925373134328357
E00087552,232,205,11,8,3,5,2,3,11,88.36206896551724,4.741379310344827,3.4482758620689653,1.293103448275862,2.1551724137931036,0.8620689655172413,1.293103448275862,4.741379310344827
E00087553,211,195,8,6,2,3,1,2,5,92.41706161137441,3.7914691943127963,2.843601895734597,0.9478672985781991,1.4218009478672986,0.47393364928909953,0.9478672985781991,2.3696682464454977
E00087554,237,224,6,3,3,5,3,2,2,94.51476793248945,2.5316455696202533,1.2658227848101267,1.2658227848101267,2.109704641350211,1.2658227848101267,0.8438818565400843,0.8438818565400843
E00087555,190,175,8,6,2,2,0,2,5,92.10526315789474,4.2105263157894735,3.1578947368421053,1.0526315789473684,1.0526315789473684,0,1.0526315789473684,2.631578947368421
E00087556,241,213,14,10,4,6,3,3,8,88.38174273858921,5.809128630705394,4.149377593360995,1.6597510373443984,2.4896265560165975,1.2448132780082988,1.2448132780082988,3.319502074688797
E00087557,324,299,9,7,2,9,6,3,7,92.28395061728395,2.7777777777777777,2.1604938271604937,0.6172839506172839,2.7777777777777777,1.8518518518518516,0.9259259259259258,2.1604938271604937
E00087558,248,221,9,5,4,7,1,6,11,89.11290322580645,3.6290322580645165,2.0161290322580645,1.6129032258064515,2.82258064516129,0.4032258064516129,2.4193548387096775,4.435483870967742
E00087559,194,179,8,5,3,2,0,2,5,92.26804123711341,4.123711340206185,2.5773195876288657,1.5463917525773196,1.0309278350515463,0,1.0309278350515463,2.5773195876288657
E00087560,261,230,19,17,2,4,3,1,8,88.12260536398468,7.2796934865900385,6.513409961685824,0.7662835249042145,1.532567049808429,1.1494252873563218,0.38314176245210724,3.065134099616858
E00087561,291,264,11,7,4,11,7,4,5,90.72164948453609,3.7800687285223367,2.405498281786942,1.3745704467353952,3.7800687285223367,2.405498281786942,1.3745704467353952,1.718213058419244
E00087562,239,214,13,10,3,1,0,1,11,89.5397489539749,5.439330543933055,4.184100418410042,1.2552301255230125,0.41841004184100417,0,0.41841004184100417,4.602510460251046
E00087563,245,220,10,8,2,6,5,1,9,89.79591836734694,4.081632653061225,3.2653061224489797,0.8163265306122449,2.4489795918367347,2.0408163265306123,0.40816326530612246,3.6734693877551026
E00087564,356,320,24,18,6,5,4,1,7,89.8876404494382,6.741573033707865,5.056179775280898,1.6853932584269662,1.4044943820224718,1.1235955056179776,0.2808988764044944,1.9662921348314606
E00087565,276,237,20,15,5,7,5,2,12,85.86956521739131,7.246376811594203,5.434782608695652,1.8115942028985508,2.536231884057971,1.8115942028985508,0.7246376811594203,4.3478260869565215
E00087566,256,230,16,12,4,4,4,0,6,89.84375,6.25,4.6875,1.5625,1.5625,1.5625,0,2.34375
E00087567,332,315,9,8,1,0,0,0,8,94.87951807228916,2.710843373493976,2.4096385542168677,0.30120481927710846,0,0,0,2.4096385542168677
E00087568,334,295,12,9,3,10,3,7,17,88.32335329341318,3.592814371257485,2.694610778443114,0.8982035928143712,2.9940119760479043,0.8982035928143712,2.095808383233533,5.089820359281437
E00087569,307,278,15,13,2,2,0,2,12,90.55374592833876,4.88599348534202,4.234527687296417,0.6514657980456027,0.6514657980456027,0,0.6514657980456027,3.908794788273615
E00087570,265,239,10,8,2,2,1,1,14,90.18867924528303,3.7735849056603774,3.018867924528302,0.7547169811320755,0.7547169811320755,0.37735849056603776,0.37735849056603776,5.283018867924529
E00087571,304,274,12,9,3,8,4,4,10,90.13157894736842,3.9473684210526314,2.9605263157894735,0.9868421052631579,2.631578947368421,1.3157894736842104,1.3157894736842104,3.289473684210526
E00087572,223,188,11,6,5,9,7,2,15,84.30493273542601,4.932735426008969,2.690582959641256,2.242152466367713,4.0358744394618835,3.1390134529147984,0.8968609865470852,6.726457399103139
E00087573,303,268,16,11,5,7,2,5,12,88.44884488448845,5.2805280528052805,3.6303630363036308,1.65016501650165,2.31023102310231,0.6600660066006601,1.65016501650165,3.9603960396039604
E00087574,331,302,11,7,4,6,0,6,12,91.23867069486404,3.3232628398791544,2.1148036253776437,1.2084592145015105,1.812688821752266,0,1.812688821752266,3.625377643504532
E00087575,313,277,18,14,4,6,0,6,12,88.49840255591054,5.7507987220447285,4.472843450479233,1.2779552715654952,1.9169329073482428,0,1.9169329073482428,3.8338658146964857
E00087576,466,415,19,17,2,13,6,7,19,89.05579399141631,4.07725321888412,3.648068669527897,0.4291845493562232,2.7896995708154506,1.2875536480686696,1.502145922746781,4.07725321888412
E00087577,259,239,7,6,1,4,3,1,9,92.27799227799228,2.7027027027027026,2.3166023166023164,0.3861003861003861,1.5444015444015444,1.1583011583011582,0.3861003861003861,3.474903474903475
E00087578,295,260,14,10,4,8,4,4,13,88.13559322033898,4.745762711864407,3.389830508474576,1.3559322033898304,2.711864406779661,1.3559322033898304,1.3559322033898304,4.406779661016949
E00087579,369,338,10,4,6,8,1,7,13,91.59891598915989,2.710027100271003,1.084010840108401,1.6260162601626018,2.168021680216802,0.27100271002710025,1.8970189701897018,3.523035230352303
E00087580,351,316,16,11,5,11,6,5,8,90.02849002849003,4.5584045584045585,3.133903133903134,1.4245014245014245,3.133903133903134,1.7094017094017095,1.4245014245014245,2.2792022792022792
E00087581,393,346,22,18,4,11,5,6,14,88.04071246819338,5.597964376590331,4.580152671755725,1.0178117048346056,2.7989821882951653,1.2722646310432568,1.5267175572519083,3.5623409669211195
E00087582,235,212,13,11,2,1,0,1,9,90.2127659574468,5.531914893617021,4.680851063829787,0.851063829787234,0.425531914893617,0,0.425531914893617,3.829787234042553
E00087583,275,259,5,3,2,4,3,1,7,94.18181818181817,1.8181818181818181,1.090909090909091,0.7272727272727273,1.4545454545454546,1.090909090909091,0.36363636363636365,2.5454545454545454
E00087584,258,227,9,6,3,6,3,3,16,87.98449612403101,3.488372093023256,2.3255813953488373,1.1627906976744187,2.3255813953488373,1.1627906976744187,1.1627906976744187,6.2015503875969
E00087585,373,329,17,10,7,9,3,6,18,88.20375335120644,4.557640750670242,2.680965147453083,1.876675603217158,2.4128686327077746,0.8042895442359249,1.6085790884718498,4.825737265415549
E00087586,302,256,10,7,3,10,4,6,26,84.76821192052981,3.3112582781456954,2.3178807947019866,0.9933774834437087,3.3112582781456954,1.3245033112582782,1.9867549668874174,8.609271523178808
E00087587,237,201,19,14,5,10,6,4,7,84.81012658227847,8.016877637130802,5.9071729957805905,2.109704641350211,4.219409282700422,2.5316455696202533,1.6877637130801686,2.9535864978902953
E00087588,316,284,10,8,2,12,3,9,10,89.87341772151899,3.1645569620253164,2.5316455696202533,0.6329113924050633,3.79746835443038,0.949367088607595,2.848101265822785,3.1645569620253164
E00087589,484,437,19,12,7,14,10,4,14,90.28925619834712,3.925619834710744,2.479338842975207,1.4462809917355373,2.8925619834710745,2.066115702479339,0.8264462809917356,2.8925619834710745
E00087590,327,293,18,14,4,2,1,1,14,89.60244648318043,5.5045871559633035,4.281345565749235,1.2232415902140672,0.6116207951070336,0.3058103975535168,0.3058103975535168,4.281345565749235
E00087591,347,320,8,5,3,6,2,4,13,92.21902017291066,2.3054755043227666,1.440922190201729,0.8645533141210375,1.729106628242075,0.57636887608069165,1.1527377521613833,3.7463976945244957
E00087592,271,237,14,10,4,10,3,7,10,87.4538745387454,5.166051660516605,3.6900369003690034,1.4760147601476015,3.6900369003690034,1.107011070110701,2.5830258302583027,3.6900369003690034
E00087593,234,208,12,7,5,6,4,2,8,88.88888888888889,5.128205128205128,2.9914529914529915,2.1367521367521367,2.564102564102564,1.7094017094017095,0.8547008547008548,3.418803418803419
E00087594,294,254,21,16,5,9,7,2,10,86.39455782312925,7.142857142857142,5.442176870748299,1.7006802721088436,3.061224489795918,2.380952380952381,0.6802721088435374,3.4013605442176873
E00087595,287,262,11,11,0,3,1,2,11,91.28919860627178,3.8327526132404177,3.8327526132404177,0,1.0452961672473868,0.34843205574912894,0.6968641114982579,3.8327526132404177
E00087596,354,311,19,14,5,9,4,5,15,87.85310734463276,5.367231638418079,3.954802259887006,1.4124293785310735,2.5423728813559325,1.1299435028248588,1.4124293785310735,4.23728813559322
E00087597,331,310,5,2,3,8,2,6,8,93.65558912386706,1.5105740181268883,0.6042296072507553,0.906344410876133,2.416918429003021,0.6042296072507553,1.812688821752266,2.416918429003021
E00087599,252,225,15,9,6,2,2,0,10,89.28571428571429,5.952380952380952,3.571428571428571,2.380952380952381,0.7936507936507936,0.7936507936507936,0,3.968253968253968
E00087600,317,280,10,8,2,10,3,7,17,88.32807570977917,3.1545741324921135,2.5236593059936907,0.6309148264984227,3.1545741324921135,0.9463722397476341,2.2082018927444795,5.3627760252365935
E00087601,260,227,10,9,1,4,3,1,19,87.3076923076923,3.8461538461538463,3.4615384615384617,0.38461538461538464,1.5384615384615385,1.153846153846154,0.38461538461538464,7.307692307692308
E00087602,304,269,8,6,2,10,4,6,17,88.48684210526315,2.631578947368421,1.9736842105263157,0.6578947368421052,3.289473684210526,1.3157894736842104,1.9736842105263157,5.592105263157895
E00087603,297,259,24,15,9,3,2,1,11,87.20538720538721,8.080808080808081,5.05050505050505,3.0303030303030303,1.0101010101010102,0.6734006734006733,0.33670033670033667,3.7037037037037033
E00087604,248,227,13,10,3,3,2,1,5,91.53225806451613,5.241935483870968,4.032258064516129,1.2096774193548387,1.2096774193548387,0.8064516129032258,0.4032258064516129,2.0161290322580645
E00087605,210,190,12,10,2,4,2,2,4,90.47619047619048,5.714285714285714,4.761904761904762,0.9523809523809524,1.9047619047619049,0.9523809523809524,0.9523809523809524,1.9047619047619049
E00087606,313,279,17,12,5,1,1,0,16,89.1373801916933,5.431309904153355,3.8338658146964857,1.5974440894568689,0.3194888178913738,0.3194888178913738,0,5.111821086261981
E00087607,375,340,15,10,5,10,5,5,10,90.66666666666666,4,2.666666666666667,1.3333333333333335,2.666666666666667,1.3333333333333335,1.3333333333333335,2.666666666666667
E00087608,292,264,12,9,3,6,1,5,10,90.41095890410958,4.10958904109589,3.0821917808219177,1.0273972602739725,2.054794520547945,0.3424657534246575,1.7123287671232876,3.4246575342465753
E00087609,217,192,8,6,2,3,3,0,14,88.47926267281106,3.686635944700461,2.7649769585253456,0.9216589861751152,1.3824884792626728,1.3824884792626728,0,6.451612903225806
E00087610,274,252,7,4,3,6,2,4,9,91.970802919708035,2.5547445255474455,1.4598540145985401,1.094890510948905,2.18978102189781,0.7299270072992701,1.4598540145985401,3.2846715328467155
E00087611,319,295,12,6,6,7,4,3,5,92.47648902821317,3.761755485893417,1.8808777429467085,1.8808777429467085,2.19435736677116,1.2539184952978055,0.9404388714733543,1.5673981191222568
E00087612,372,344,9,7,2,3,1,2,16,92.47311827956989,2.4193548387096775,1.881720430107527,0.5376344086021506,0.8064516129032258,0.2688172043010753,0.5376344086021506,4.301075268817205
E00087613,414,370,18,8,10,11,6,5,15,89.3719806763285,4.3478260869565215,1.932367149758454,2.4154589371980677,2.657004830917874,1.4492753623188406,1.2077294685990339,3.6231884057971016
E00087614,260,235,14,9,5,4,2,2,7,90.38461538461539,5.384615384615385,3.4615384615384617,1.9230769230769231,1.5384615384615385,0.7692307692307693,0.7692307692307693,2.6923076923076925
E00087615,333,297,19,12,7,6,2,4,11,89.1891891891892,5.7057057057057055,3.6036036036036037,2.1021021021021022,1.8018018018018018,0.6006006006006006,1.2012012012012012,3.303303303303303
E00087616,225,193,16,16,0,5,3,2,11,85.77777777777777,7.111111111111111,7.111111111111111,0,2.2222222222222223,1.3333333333333335,0.8888888888888888,4.888888888888889
E00087617,346,304,20,13,7,6,3,3,16,87.861271676300575,5.780346820809249,3.7572254335260116,2.023121387283237,1.7341040462427744,0.8670520231213872,0.8670520231213872,4.624277456647398
E00087618,250,226,10,8,2,7,4,3,7,90.4,4,3.2,0.8,2.8000000000000003,1.6,1.2,2.8000000000000003
E00087619,343,305,18,11,7,6,2,4,14,88.92128279883383,5.247813411078718,3.206997084548105,2.0408163265306123,1.749271137026239,0.5830903790087464,1.1661807580174928,4.081632653061225
E00087620,303,266,17,13,4,7,3,4,13,87.78877887788778,5.6105610561056105,4.29042904290429,1.3201320132013201,2.31023102310231,0.9900990099009901,1.3201320132013201,4.29042904290429
E00087621,497,431,17,11,6,17,4,13,32,86.72032193158954,3.420523138832998,2.2132796780684103,1.2072434607645874,3.420523138832998,0.8048289738430584,2.61569416498994,6.438631790744467
E00087622,368,319,22,17,5,13,5,8,14,86.68478260869566,5.978260869565218,4.619565217391304,1.358695652173913,3.532608695652174,1.358695652173913,2.1739130434782608,3.804347826086957
E00087623,327,303,13,10,3,3,3,0,8,92.66055045871559,3.9755351681957185,3.058103975535168,0.9174311926605505,0.9174311926605505,0.9174311926605505,0,2.4464831804281344
E00087624,381,344,18,13,5,7,7,0,12,90.28871391076116,4.724409448818897,3.4120734908136483,1.3123359580052494,1.837270341207349,1.837270341207349,0,3.149606299212598
E00087625,281,250,12,10,2,8,2,6,11,88.96797153024912,4.270462633451958,3.558718861209965,0.7117437722419928,2.8469750889679712,0.7117437722419928,2.135231316725979,3.9145907473309607
E00087626,280,254,10,3,7,5,3,2,11,90.71428571428571,3.571428571428571,1.0714285714285714,2.5,1.7857142857142856,1.0714285714285714,0.7142857142857143,3.9285714285714284
E00087627,394,366,13,12,1,7,4,3,8,92.89340101522842,3.2994923857868024,3.0456852791878175,0.25380710659898476,1.7766497461928936,1.015228426395939,0.7614213197969544,2.030456852791878
E00087628,224,209,5,3,2,0,0,0,10,93.30357142857143,2.232142857142857,1.3392857142857142,0.8928571428571428,0,0,0,4.464285714285714
E00087629,156,140,10,8,2,3,3,0,3,89.74358974358975,6.41025641025641,5.128205128205128,1.282051282051282,1.9230769230769231,1.9230769230769231,0,1.9230769230769231
E00087630,221,196,9,7,2,5,3,2,11,88.68778280542986,4.072398190045249,3.167420814479638,0.904977375565611,2.262443438914027,1.3574660633484164,0.904977375565611,4.97737556561086
E00087631,167,141,16,12,4,1,1,0,9,84.4311377245509,9.580838323353294,7.18562874251497,2.3952095808383236,0.5988023952095809,0.5988023952095809,0,5.389221556886228
E00087632,244,210,19,15,4,3,2,1,12,86.0655737704918,7.786885245901639,6.147540983606557,1.639344262295082,1.2295081967213115,0.819672131147541,0.4098360655737705,4.918032786885246
E00087633,230,205,15,12,3,5,4,1,5,89.13043478260869,6.521739130434782,5.217391304347826,1.3043478260869565,2.1739130434782608,1.7391304347826086,0.43478260869565216,2.1739130434782608
E00087634,315,290,11,9,2,7,3,4,7,92.06349206349206,3.492063492063492,2.857142857142857,0.6349206349206349,2.2222222222222223,0.9523809523809524,1.2698412698412698,2.2222222222222223
E00087635,223,206,7,6,1,3,2,1,7,92.37668161434978,3.1390134529147984,2.690582959641256,0.4484304932735426,1.345291479820628,0.8968609865470852,0.4484304932735426,3.1390134529147984
E00087636,461,397,35,27,8,11,7,4,18,86.11713665943601,7.592190889370933,5.856832971800434,1.735357917570499,2.386117136659436,1.5184381778741864,0.8676789587852495,3.9045553145336225
E00087637,112,100,8,7,1,1,0,1,3,89.28571428571429,7.142857142857142,6.25,0.8928571428571428,0.8928571428571428,0,0.8928571428571428,2.6785714285714284
E00087638,116,107,4,4,0,1,0,1,4,92.24137931034483,3.4482758620689653,3.4482758620689653,0,0.8620689655172413,0,0.8620689655172413,3.4482758620689653
E00087639,357,318,17,11,6,5,3,2,17,89.07563025210085,4.761904761904762,3.081232492997199,1.680672268907563,1.400560224089636,0.8403361344537815,0.5602240896358543,4.761904761904762
E00087640,304,264,20,13,7,3,1,2,17,86.8421052631579,6.578947368421052,4.276315789473684,2.302631578947368,0.9868421052631579,0.3289473684210526,0.6578947368421052,5.592105263157895
E00087641,348,301,23,15,8,7,1,6,17,86.49425287356321,6.609195402298851,4.310344827586207,2.2988505747126435,2.0114942528735633,0.28735632183908044,1.7241379310344827,4.885057471264368
E00087642,290,257,23,15,8,4,2,2,6,88.62068965517241,7.931034482758621,5.172413793103448,2.7586206896551726,1.3793103448275863,0.6896551724137931,0.6896551724137931,2.0689655172413794
E00087643,285,245,16,10,6,5,2,3,19,85.96491228070175,5.614035087719298,3.508771929824561,2.1052631578947367,1.7543859649122806,0.7017543859649122,1.0526315789473684,6.666666666666667
E00087644,237,214,5,4,1,9,5,4,9,90.29535864978902,2.109704641350211,1.6877637130801686,0.42194092827004215,3.79746835443038,2.109704641350211,1.6877637130801686,3.79746835443038
E00087645,220,200,6,3,3,6,4,2,8,90.9090909090909,2.727272727272727,1.3636363636363635,1.3636363636363635,2.727272727272727,1.8181818181818181,0.9090909090909091,3.6363636363636362
E00087646,249,226,9,7,2,4,0,4,10,90.76305220883533,3.614457831325301,2.8112449799196786,0.8032128514056224,1.6064257028112447,0,1.6064257028112447,4.016064257028113
E00087647,293,268,17,13,4,2,0,2,6,91.46757679180887,5.802047781569966,4.436860068259386,1.3651877133105803,0.6825938566552902,0,0.6825938566552902,2.04778156996587
E00087648,433,387,24,16,8,4,1,3,18,89.37644341801386,5.542725173210162,3.695150115473441,1.8475750577367205,0.9237875288683602,0.23094688221709006,0.6928406466512702,4.157043879907621
E00087649,279,253,14,10,4,7,4,3,5,90.68100358422939,5.017921146953405,3.584229390681003,1.4336917562724014,2.5089605734767026,1.4336917562724014,1.0752688172043012,1.7921146953405016
E00087650,307,270,20,12,8,1,0,1,16,87.94788273615634,6.514657980456026,3.908794788273615,2.6058631921824107,0.32573289902280134,0,0.32573289902280134,5.211726384364821
E00087651,331,299,19,14,5,1,0,1,12,90.33232628398792,5.740181268882175,4.229607250755287,1.5105740181268883,0.3021148036253776,0,0.3021148036253776,3.625377643504532
E00087652,216,196,8,7,1,2,2,0,10,90.74074074074075,3.7037037037037033,3.2407407407407405,0.4629629629629629,0.9259259259259258,0.9259259259259258,0,4.62962962962963
E00087653,341,316,14,11,3,5,3,2,6,92.66862170087975,4.105571847507331,3.225806451612903,0.8797653958944283,1.466275659824047,0.8797653958944283,0.5865102639296188,1.7595307917888565
E00087654,243,224,7,7,0,4,1,3,8,92.18106995884774,2.880658436213992,2.880658436213992,0,1.646090534979424,0.411522633744856,1.2345679012345678,3.292181069958848
E00087655,302,283,5,4,1,4,2,2,10,93.70860927152319,1.6556291390728477,1.3245033112582782,0.33112582781456956,1.3245033112582782,0.6622516556291391,0.6622516556291391,3.3112582781456954
E00087656,245,228,9,4,5,3,1,2,5,93.06122448979592,3.6734693877551026,1.6326530612244898,2.0408163265306123,1.2244897959183674,0.40816326530612246,0.8163265306122449,2.0408163265306123
E00087657,258,222,18,12,6,5,1,4,13,86.04651162790698,6.976744186046512,4.651162790697675,2.3255813953488373,1.937984496124031,0.3875968992248062,1.550387596899225,5.038759689922481
E00087658,304,266,14,7,7,9,3,6,15,87.5,4.605263157894736,2.302631578947368,2.302631578947368,2.9605263157894735,0.9868421052631579,1.9736842105263157,4.934210526315789
E00087659,248,206,20,12,8,5,0,5,17,83.06451612903226,8.064516129032258,4.838709677419355,3.225806451612903,2.0161290322580645,0,2.0161290322580645,6.854838709677419
E00087660,283,248,21,9,12,6,2,4,8,87.63250883392226,7.420494699646643,3.180212014134275,4.240282685512367,2.1201413427561837,0.7067137809187279,1.4134275618374559,2.8268551236749118
E00087661,322,293,17,13,4,5,3,2,7,90.99378881987577,5.279503105590062,4.037267080745342,1.2422360248447204,1.5527950310559007,0.9316770186335404,0.6211180124223602,2.1739130434782608
E00087662,274,233,17,11,6,6,4,2,18,85.03649635036497,6.204379562043796,4.014598540145985,2.18978102189781,2.18978102189781,1.4598540145985401,0.7299270072992701,6.569343065693431
E00087663,228,200,13,11,2,3,1,2,12,87.71929824561403,5.701754385964912,4.824561403508771,0.8771929824561403,1.3157894736842104,0.43859649122807015,0.8771929824561403,5.263157894736842
E00087664,242,210,14,10,4,9,8,1,9,86.77685950413223,5.785123966942149,4.132231404958678,1.6528925619834711,3.71900826446281,3.3057851239669422,0.4132231404958678,3.71900826446281
E00087665,275,249,8,3,5,12,4,8,6,90.54545454545455,2.909090909090909,1.090909090909091,1.8181818181818181,4.363636363636364,1.4545454545454546,2.909090909090909,2.181818181818182
E00087666,239,210,16,8,8,3,2,1,10,87.86610878661088,6.694560669456067,3.3472803347280333,3.3472803347280333,1.2552301255230125,0.8368200836820083,0.41841004184100417,4.184100418410042
E00087667,305,281,9,5,4,5,4,1,10,92.1311475409836,2.9508196721311477,1.639344262295082,1.3114754098360655,1.639344262295082,1.3114754098360655,0.32786885245901637,3.278688524590164
E00087668,222,203,10,7,3,3,2,1,6,91.44144144144144,4.504504504504505,3.153153153153153,1.3513513513513513,1.3513513513513513,0.9009009009009009,0.45045045045045046,2.7027027027027026
E00087669,330,303,13,9,4,5,0,5,9,91.81818181818183,3.939393939393939,2.727272727272727,1.2121212121212122,1.5151515151515151,0,1.5151515151515151,2.727272727272727
E00087670,255,219,12,8,4,9,8,1,15,85.88235294117646,4.705882352941177,3.1372549019607843,1.5686274509803921,3.5294117647058822,3.1372549019607843,0.39215686274509803,5.88235294117647
E00087671,323,297,18,15,3,5,2,3,3,91.95046439628483,5.572755417956656,4.643962848297214,0.9287925696594427,1.5479876160990713,0.6191950464396285,0.9287925696594427,0.9287925696594427
E00087672,227,202,13,11,2,2,2,0,10,88.98678414096916,5.726872246696035,4.845814977973569,0.881057268722467,0.881057268722467,0.881057268722467,0,4.405286343612335
E00087673,209,186,13,9,4,2,2,0,8,88.99521531100478,6.220095693779904,4.30622009569378,1.9138755980861244,0.9569377990430622,0.9569377990430622,0,3.827751196172249
E00087674,339,312,12,6,6,5,3,2,10,92.03539823008849,3.5398230088495577,1.7699115044247788,1.7699115044247788,1.4749262536873156,0.8849557522123894,0.5899705014749262,2.949852507374631
E00087675,266,247,9,5,4,2,1,1,8,92.85714285714286,3.3834586466165413,1.8796992481203008,1.5037593984962405,0.7518796992481203,0.37593984962406013,0.37593984962406013,3.007518796992481
E00087676,353,327,10,5,5,8,4,4,8,92.63456090651559,2.8328611898017,1.41643059490085,1.41643059490085,2.26628895184136,1.13314447592068,1.13314447592068,2.26628895184136
E00087677,308,263,16,7,9,11,3,8,18,85.3896103896104,5.194805194805195,2.272727272727273,2.922077922077922,3.571428571428571,0.974025974025974,2.5974025974025974,5.844155844155844
E00087678,347,319,11,8,3,3,1,2,14,91.93083573487031,3.170028818443804,2.3054755043227666,0.8645533141210375,0.8645533141210375,0.2881844380403458,0.57636887608069165,4.034582132564841
E00087679,298,253,24,19,5,7,4,3,14,84.8993288590604,8.053691275167784,6.375838926174497,1.6778523489932886,2.348993288590604,1.342281879194631,1.006711409395973,4.697986577181208
E00087680,274,237,16,14,2,11,4,7,10,86.4963503649635,5.839416058394161,5.109489051094891,0.7299270072992701,4.014598540145985,1.4598540145985401,2.5547445255474455,3.64963503649635
E00087681,266,239,11,7,4,9,5,4,7,89.84962406015038,4.135338345864661,2.631578947368421,1.5037593984962405,3.3834586466165413,1.8796992481203008,1.5037593984962405,2.631578947368421
E00087682,257,220,22,19,3,6,3,3,9,85.60311284046692,8.560311284046692,7.392996108949417,1.1673151750972763,2.3346303501945527,1.1673151750972763,1.1673151750972763,3.501945525291829
E00087683,241,219,7,7,0,5,1,4,10,90.87136929460581,2.904564315352697,2.904564315352697,0,2.0746887966804977,0.4149377593360996,1.6597510373443984,4.149377593360995
E00087684,306,279,10,6,4,6,0,6,11,91.17647058823529,3.2679738562091507,1.9607843137254901,1.3071895424836601,1.9607843137254901,0,1.9607843137254901,3.594771241830065
E00087685,314,287,19,13,6,3,0,3,5,91.40127388535032,6.050955414012739,4.140127388535031,1.910828025477707,0.9554140127388535,0,0.9554140127388535,1.5923566878980893
E00087686,350,315,21,14,7,8,4,4,6,90,6,4,2,2.2857142857142856,1.1428571428571428,1.1428571428571428,1.7142857142857144
E00087687,216,190,13,6,7,5,4,1,8,87.96296296296296,6.018518518518518,2.7777777777777777,3.2407407407407405,2.314814814814815,1.8518518518518516,0.4629629629629629,3.7037037037037033
E00087688,204,178,15,10,5,3,1,2,8,87.25490196078431,7.352941176470589,4.901960784313726,2.450980392156863,1.4705882352941175,0.49019607843137253,0.9803921568627451,3.9215686274509802
E00087689,260,230,10,8,2,10,5,5,10,88.46153846153845,3.8461538461538463,3.076923076923077,0.7692307692307693,3.8461538461538463,1.9230769230769231,1.9230769230769231,3.8461538461538463
E00087690,213,185,11,7,4,6,1,5,11,86.85446009389672,5.164319248826291,3.286384976525822,1.8779342723004695,2.8169014084507045,0.4694835680751174,2.3474178403755865,5.164319248826291
E00087691,237,208,19,13,6,4,2,2,6,87.76371308016878,8.016877637130802,5.485232067510549,2.5316455696202533,1.6877637130801686,0.8438818565400843,0.8438818565400843,2.5316455696202533
E00087692,203,189,9,8,1,2,1,1,3,93.10344827586206,4.433497536945813,3.9408866995073892,0.49261083743842365,0.9852216748768473,0.49261083743842365,0.49261083743842365,1.477832512315271
E00087693,235,209,15,9,6,4,0,4,7,88.93617021276596,6.382978723404255,3.829787234042553,2.553191489361702,1.702127659574468,0,1.702127659574468,2.9787234042553195
E00087694,220,191,16,13,3,5,1,4,8,86.81818181818181,7.2727272727272725,5.909090909090909,1.3636363636363635,2.272727272727273,0.45454545454545453,1.8181818181818181,3.6363636363636362
E00087695,194,174,9,7,2,4,1,3,7,89.69072164948454,4.639175257731959,3.608247422680412,1.0309278350515463,2.0618556701030926,0.5154639175257731,1.5463917525773196,3.608247422680412
E00087696,249,223,12,9,3,8,3,5,6,89.5582329317269,4.819277108433735,3.614457831325301,1.2048192771084338,3.2128514056224895,1.2048192771084338,2.0080321285140563,2.4096385542168677
E00087697,241,219,12,9,3,2,1,1,8,90.87136929460581,4.979253112033195,3.7344398340248963,1.2448132780082988,0.8298755186721992,0.4149377593360996,0.4149377593360996,3.319502074688797
E00087698,229,209,10,6,4,6,2,4,4,91.26637554585153,4.366812227074235,2.6200873362445414,1.7467248908296942,2.6200873362445414,0.8733624454148471,1.7467248908296942,1.7467248908296942
E00087699,188,161,11,8,3,4,3,1,12,85.63829787234043,5.851063829787234,4.25531914893617,1.5957446808510638,2.127659574468085,1.5957446808510638,0.5319148936170213,6.382978723404255
E00087700,266,237,13,10,3,5,3,2,11,89.09774436090225,4.887218045112782,3.7593984962406015,1.1278195488721803,1.8796992481203008,1.1278195488721803,0.7518796992481203,4.135338345864661
E00087701,287,260,12,10,2,4,1,3,11,90.59233449477352,4.181184668989547,3.484320557491289,0.6968641114982579,1.3937282229965158,0.34843205574912894,1.0452961672473868,3.8327526132404177
E00087702,276,248,12,8,4,8,3,5,8,89.85507246376811,4.3478260869565215,2.898550724637681,1.4492753623188406,2.898550724637681,1.0869565217391304,1.8115942028985508,2.898550724637681
E00087703,253,223,7,4,3,7,3,4,16,88.14229249011858,2.766798418972332,1.5810276679841897,1.185770750988142,2.766798418972332,1.185770750988142,1.5810276679841897,6.324110671936759
E00087704,230,205,13,8,5,0,0,0,12,89.13043478260869,5.6521739130434785,3.4782608695652173,2.1739130434782608,0,0,0,5.217391304347826
E00087705,207,195,3,2,1,2,1,1,7,94.20289855072464,1.4492753623188406,0.966183574879227,0.4830917874396135,0.966183574879227,0.4830917874396135,0.4830917874396135,3.3816425120772946
E00087706,189,171,9,8,1,3,1,2,6,90.47619047619048,4.761904761904762,4.232804232804233,0.5291005291005291,1.5873015873015872,0.5291005291005291,1.0582010582010581,3.1746031746031744
E00087707,239,211,19,11,8,4,3,1,5,88.28451882845188,7.949790794979079,4.602510460251046,3.3472803347280333,1.6736401673640167,1.2552301255230125,0.41841004184100417,2.092050209205021
E00087708,220,201,6,5,1,7,5,2,6,91.36363636363637,2.727272727272727,2.272727272727273,0.45454545454545453,3.1818181818181817,2.272727272727273,0.9090909090909091,2.727272727272727
E00087709,227,200,9,4,5,7,4,3,11,88.10572687224669,3.9647577092511015,1.762114537444934,2.2026431718061676,3.0837004405286343,1.762114537444934,1.3215859030837005,4.845814977973569
E00087710,339,306,13,11,2,6,1,5,14,90.2654867256637,3.8348082595870205,3.2448377581120944,0.5899705014749262,1.7699115044247788,0.2949852507374631,1.4749262536873156,4.129793510324483
E00087711,234,205,17,8,9,3,3,0,9,87.6068376068376,7.264957264957266,3.418803418803419,3.8461538461538463,1.282051282051282,1.282051282051282,0,3.8461538461538463
E00087712,287,257,17,14,3,2,1,1,11,89.54703832752612,5.923344947735192,4.878048780487805,1.0452961672473868,0.6968641114982579,0.34843205574912894,0.34843205574912894,3.8327526132404177
E00087713,284,253,18,15,3,2,2,0,11,89.08450704225352,6.338028169014084,5.28169014084507,1.056338028169014,0.7042253521126761,0.7042253521126761,0,3.873239436619718
E00087714,263,224,15,9,6,7,3,4,17,85.17110266159695,5.7034220532319395,3.4220532319391634,2.2813688212927756,2.6615969581749046,1.1406844106463878,1.520912547528517,6.4638783269961975
E00087715,231,202,15,13,2,6,2,4,8,87.44588744588745,6.493506493506493,5.627705627705628,0.8658008658008658,2.5974025974025974,0.8658008658008658,1.7316017316017316,3.463203463203463
E00087716,236,204,14,11,3,5,3,2,13,86.4406779661017,5.932203389830509,4.661016949152542,1.2711864406779663,2.11864406779661,1.2711864406779663,0.847457627118644,5.508474576271186
E00087717,279,245,16,11,5,3,2,1,15,87.81362007168458,5.734767025089606,3.942652329749104,1.7921146953405016,1.0752688172043012,0.7168458781362007,0.35842293906810035,5.376344086021505
E00087718,277,246,18,13,5,5,1,4,8,88.8086642599278,6.4981949458483745,4.693140794223827,1.8050541516245486,1.8050541516245486,0.36101083032490977,1.444043321299639,2.888086642599278
E00087719,254,226,13,10,3,6,4,2,9,88.9763779527559,5.118110236220472,3.937007874015748,1.1811023622047243,2.3622047244094486,1.574803149606299,0.7874015748031495,3.543307086614173
E00087720,228,197,17,12,5,8,1,7,6,86.40350877192982,7.456140350877193,5.263157894736842,2.1929824561403506,3.508771929824561,0.43859649122807015,3.070175438596491,2.631578947368421
E00087721,229,206,11,10,1,4,1,3,8,89.95633187772926,4.8034934497816595,4.366812227074235,0.43668122270742354,1.7467248908296942,0.43668122270742354,1.3100436681222707,3.4934497816593884
E00087722,252,223,14,12,2,6,3,3,9,88.4920634920635,5.555555555555555,4.761904761904762,0.7936507936507936,2.380952380952381,1.1904761904761905,1.1904761904761905,3.571428571428571
E00087723,226,209,7,4,3,5,0,5,5,92.47787610619469,3.0973451327433628,1.7699115044247788,1.3274336283185841,2.2123893805309733,0,2.2123893805309733,2.2123893805309733
E00087724,245,211,12,9,3,10,4,6,12,86.12244897959184,4.8979591836734695,3.6734693877551026,1.2244897959183674,4.081632653061225,1.6326530612244898,2.4489795918367347,4.8979591836734695
E00087725,438,409,17,8,9,6,1,5,6,93.37899543378995,3.881278538812785,1.82648401826484,2.054794520547945,1.36986301369863,0.228310502283105,1.141552511415525,1.36986301369863
E00087726,214,191,7,4,3,5,0,5,11,89.25233644859813,3.2710280373831773,1.8691588785046727,1.4018691588785046,2.336448598130841,0,2.336448598130841,5.14018691588785
E00087727,295,263,17,12,5,7,3,4,8,89.15254237288136,5.762711864406779,4.067796610169491,1.694915254237288,2.3728813559322033,1.0169491525423728,1.3559322033898304,2.711864406779661
E00087728,239,212,12,4,8,4,3,1,11,88.70292887029288,5.02092050209205,1.6736401673640167,3.3472803347280333,1.6736401673640167,1.2552301255230125,0.41841004184100417,4.602510460251046
E00087729,287,237,24,17,7,9,5,4,17,82.57839721254355,8.362369337979095,5.923344947735192,2.4390243902439024,3.1358885017421603,1.7421602787456445,1.3937282229965158,5.923344947735192
E00087730,267,237,21,14,7,2,1,1,7,88.76404494382022,7.865168539325842,5.2434456928838955,2.6217228464419478,0.7490636704119851,0.37453183520599254,0.37453183520599254,2.6217228464419478
E00087731,301,271,11,10,1,7,4,3,12,90.03322259136213,3.6544850498338874,3.322259136212625,0.33222591362126247,2.3255813953488373,1.3289036544850499,0.9966777408637874,3.9867109634551494
E00087732,270,244,13,8,5,4,3,1,9,90.37037037037037,4.814814814814815,2.9629629629629632,1.8518518518518516,1.4814814814814816,1.1111111111111112,0.3703703703703704,3.3333333333333335
E00087733,273,249,7,4,3,4,1,3,13,91.20879120879121,2.564102564102564,1.465201465201465,1.098901098901099,1.465201465201465,0.3663003663003663,1.098901098901099,4.761904761904762
E00087734,277,251,12,8,4,7,4,3,7,90.61371841155234,4.332129963898916,2.888086642599278,1.444043321299639,2.527075812274368,1.444043321299639,1.083032490974729,2.527075812274368
E00172701,249,228,10,8,2,5,2,3,6,91.56626506024097,4.016064257028113,3.2128514056224895,0.8032128514056224,2.0080321285140563,0.8032128514056224,1.2048192771084338,2.4096385542168677
E00172702,282,255,12,6,6,7,6,1,8,90.42553191489363,4.25531914893617,2.127659574468085,2.127659574468085,2.4822695035460995,2.127659574468085,0.3546099290780142,2.8368794326241136
E00172707,217,193,13,11,2,4,4,0,7,88.94009216589862,5.990783410138248,5.0691244239631335,0.9216589861751152,1.8433179723502304,1.8433179723502304,0,3.225806451612903
E00172708,229,218,7,6,1,2,2,0,2,95.19650655021834,3.056768558951965,2.6200873362445414,0.43668122270742354,0.8733624454148471,0.8733624454148471,0,0.8733624454148471
E00172710,291,262,14,10,4,2,2,0,13,90.03436426116839,4.810996563573884,3.436426116838488,1.3745704467353952,0.6872852233676976,0.6872852233676976,0,4.4673539518900345
E00172711,329,293,19,17,2,1,0,1,16,89.05775075987842,5.775075987841945,5.167173252279635,0.60790273556231,0.303951367781155,0,0.303951367781155,4.86322188449848
E00172713,920,877,27,21,6,8,7,1,8,95.32608695652173,2.9347826086956523,2.282608695652174,0.6521739130434783,0.8695652173913043,0.7608695652173914,0.10869565217391304,0.8695652173913043
E00172715,289,265,11,6,5,5,3,2,8,91.6955017301038,3.8062283737024223,2.0761245674740483,1.7301038062283738,1.7301038062283738,1.0380622837370241,0.6920415224913495,2.768166089965398
E00172716,350,313,18,14,4,11,8,3,8,89.42857142857143,5.142857142857142,4,1.1428571428571428,3.1428571428571432,2.2857142857142856,0.8571428571428572,2.2857142857142856
E00172718,307,282,9,7,2,9,6,3,7,91.85667752442997,2.9315960912052117,2.2801302931596092,0.6514657980456027,2.9315960912052117,1.9543973941368076,0.9771986970684038,2.2801302931596092
E00172722,107,96,9,7,2,0,0,0,2,89.7196261682243,8.411214953271028,6.5420560747663545,1.8691588785046727,0,0,0,1.8691588785046727
E00172725,145,132,6,4,2,2,1,1,5,91.0344827586207,4.137931034482759,2.7586206896551726,1.3793103448275863,1.3793103448275863,0.6896551724137931,0.6896551724137931,3.4482758620689653
E00180402,556,511,19,14,5,8,4,4,18,91.90647482014388,3.41726618705036,2.5179856115107913,0.8992805755395683,1.4388489208633095,0.7194244604316548,0.7194244604316548,3.237410071942446
E00180407,237,215,7,7,0,6,3,3,9,90.71729957805907,2.9535864978902953,2.9535864978902953,0,2.5316455696202533,1.2658227848101267,1.2658227848101267,3.79746835443038
E00180410,162,153,2,1,1,4,4,0,3,94.44444444444444,1.2345679012345678,0.6172839506172839,0.6172839506172839,2.4691358024691357,2.4691358024691357,0,1.8518518518518516
E00180411,353,323,19,16,3,7,6,1,4,91.5014164305949,5.382436260623229,4.53257790368272,0.84985835694051,1.9830028328611897,1.69971671388102,0.28328611898017,1.13314447592068
E00180412,454,407,15,9,6,15,6,9,17,89.64757709251101,3.303964757709251,1.9823788546255507,1.3215859030837005,3.303964757709251,1.3215859030837005,1.9823788546255507,3.7444933920704844
E00180416,236,210,15,11,4,1,0,1,10,88.98305084745762,6.3559322033898304,4.661016949152542,1.694915254237288,0.423728813559322,0,0.423728813559322,4.23728813559322
E00180417,260,242,11,10,1,3,2,1,4,93.07692307692308,4.230769230769231,3.8461538461538463,0.38461538461538464,1.153846153846154,0.7692307692307693,0.38461538461538464,1.5384615384615385
E00180424,286,257,17,14,3,3,1,2,9,89.86013986013987,5.944055944055944,4.895104895104895,1.048951048951049,1.048951048951049,0.34965034965034963,0.6993006993006993,3.146853146853147
E00180425,365,343,13,8,5,3,1,2,6,93.97260273972603,3.5616438356164384,2.191780821917808,1.36986301369863,0.821917808219178,0.273972602739726,0.547945205479452,1.643835616438356
E00180427,122,107,3,2,1,6,1,5,6,87.70491803278688,2.459016393442623,1.639344262295082,0.819672131147541,4.918032786885246,0.819672131147541,4.098360655737705,4.918032786885246
E00180431,242,218,15,13,2,5,1,4,4,90.08264462809917,6.198347107438017,5.371900826446281,0.8264462809917356,2.066115702479339,0.4132231404958678,1.6528925619834711,1.6528925619834711
E00180436,303,275,14,7,7,7,5,2,7,90.75907590759076,4.62046204620462,2.31023102310231,2.31023102310231,2.31023102310231,1.65016501650165,0.6600660066006601,2.31023102310231
E00180438,259,234,10,6,4,8,3,5,7,90.34749034749035,3.861003861003861,2.3166023166023164,1.5444015444015444,3.088803088803089,1.1583011583011582,1.9305019305019304,2.7027027027027026
E00180439,151,129,5,1,4,10,3,7,7,85.43046357615894,3.3112582781456954,0.6622516556291391,2.6490066225165565,6.622516556291391,1.9867549668874174,4.635761589403973,4.635761589403973
E00180440,307,280,10,9,1,7,5,2,10,91.20521172638436,3.257328990228013,2.9315960912052117,0.32573289902280134,2.2801302931596092,1.6286644951140066,0.6514657980456027,3.257328990228013
E00180443,190,172,12,11,1,2,0,2,4,90.52631578947368,6.315789473684211,5.7894736842105265,0.5263157894736842,1.0526315789473684,0,1.0526315789473684,2.1052631578947367
E00180446,213,204,2,2,0,5,1,4,2,95.77464788732394,0.9389671361502347,0.9389671361502347,0,2.3474178403755865,0.4694835680751174,1.8779342723004695,0.9389671361502347
E00180450,441,398,20,15,5,10,2,8,13,90.24943310657596,4.535147392290249,3.4013605442176873,1.1337868480725624,2.2675736961451247,0.45351473922902497,1.8140589569160999,2.947845804988662
E00180452,144,125,14,13,1,4,3,1,1,86.80555555555556,9.722222222222223,9.027777777777777,0.6944444444444444,2.7777777777777777,2.083333333333333,0.6944444444444444,0.6944444444444444
E00180457,337,298,10,7,3,8,5,3,21,88.4272997032641,2.967359050445104,2.0771513353115725,0.8902077151335311,2.3738872403560833,1.483679525222552,0.8902077151335311,6.231454005934718
