OA,ts0540001,ts0540002,ts0540003,ts0540004,ts0540005,ts0540006,ts0540007,ts0540008,ts0540009,ts0540010,ts0540011,ts0540012,ts0540013,ts0540002_PCT,ts0540003_PCT,ts0540004_PCT,ts0540005_PCT,ts0540006_PCT,ts0540007_PCT,ts0540008_PCT,ts0540009_PCT,ts0540010_PCT,ts0540011_PCT,ts0540012_PCT,ts0540013_PCT
E00146108,133,95,46,49,1,1,3,1,2,34,31,3,0,71.42857142857143,34.58646616541353,36.84210526315789,0.7518796992481203,0.7518796992481203,2.2556390977443606,0.7518796992481203,1.5037593984962405,25.563909774436087,23.308270676691727,2.2556390977443606,0
E00146110,163,73,51,22,0,0,28,0,28,62,60,2,0,44.785276073619634,31.28834355828221,13.496932515337424,0,0,17.177914110429448,0,17.177914110429448,38.036809815950924,36.809815950920246,1.2269938650306749,0
E00146111,126,52,26,26,1,1,65,57,8,8,8,0,0,41.269841269841265,20.634920634920633,20.634920634920633,0.7936507936507936,0.7936507936507936,51.587301587301596,45.23809523809524,6.349206349206349,6.349206349206349,6.349206349206349,0,0
E00146112,136,76,31,45,3,3,21,15,6,35,34,1,1,55.88235294117647,22.794117647058822,33.088235294117645,2.2058823529411766,2.2058823529411766,15.441176470588236,11.029411764705882,4.411764705882353,25.735294117647058,25,0.7352941176470588,0.7352941176470588
E00146113,114,56,31,25,0,0,52,9,43,6,5,1,0,49.122807017543856,27.192982456140353,21.929824561403507,0,0,45.614035087719294,7.894736842105263,37.719298245614034,5.263157894736842,4.385964912280701,0.8771929824561403,0
E00146114,117,87,47,40,1,1,3,0,3,25,21,4,1,74.35897435897436,40.17094017094017,34.18803418803419,0.8547008547008548,0.8547008547008548,2.564102564102564,0,2.564102564102564,21.367521367521366,17.94871794871795,3.418803418803419,0.8547008547008548
E00146115,121,111,64,47,0,0,0,0,0,10,7,3,0,91.73553719008265,52.892561983471076,38.84297520661157,0,0,0,0,0,8.264462809917356,5.785123966942149,2.479338842975207,0
E00146117,135,64,24,40,1,1,15,10,5,55,54,1,0,47.40740740740741,17.77777777777778,29.629629629629626,0.7407407407407408,0.7407407407407408,11.11111111111111,7.4074074074074066,3.7037037037037033,40.74074074074074,40,0.7407407407407408,0
E00146118,129,117,74,43,0,0,2,1,1,10,10,0,0,90.69767441860465,57.36434108527132,33.33333333333333,0,0,1.550387596899225,0.7751937984496124,0.7751937984496124,7.751937984496124,7.751937984496124,0,0
E00146119,117,94,58,36,0,0,1,0,1,22,16,6,0,80.34188034188034,49.572649572649574,30.76923076923077,0,0,0.8547008547008548,0,0.8547008547008548,18.803418803418804,13.675213675213676,5.128205128205128,0
E00146120,127,99,43,56,0,0,9,3,6,19,18,1,0,77.95275590551181,33.85826771653544,44.09448818897638,0,0,7.086614173228346,2.3622047244094486,4.724409448818897,14.960629921259844,14.173228346456693,0.7874015748031495,0
E00146122,237,92,47,45,1,1,59,10,49,85,78,7,0,38.81856540084388,19.831223628691983,18.9873417721519,0.42194092827004215,0.42194092827004215,24.894514767932492,4.219409282700422,20.675105485232066,35.86497890295359,32.91139240506329,2.9535864978902953,0
E00146123,146,50,33,17,0,0,50,3,47,46,43,3,0,34.24657534246575,22.602739726027394,11.643835616438356,0,0,34.24657534246575,2.054794520547945,32.19178082191781,31.506849315068493,29.45205479452055,2.054794520547945,0
E00146124,125,68,41,27,0,0,42,10,32,15,13,2,0,54.400000000000006,32.800000000000004,21.6,0,0,33.6,8,25.6,12,10.4,1.6,0
E00146125,131,104,62,42,0,0,13,2,11,14,12,2,0,79.38931297709924,47.32824427480916,32.06106870229007,0,0,9.923664122137405,1.5267175572519083,8.396946564885496,10.687022900763358,9.16030534351145,1.5267175572519083,0
E00146127,203,125,88,37,0,0,8,1,7,70,66,4,0,61.57635467980296,43.34975369458128,18.226600985221676,0,0,3.9408866995073892,0.49261083743842365,3.4482758620689653,34.48275862068966,32.51231527093596,1.9704433497536946,0
E00146128,127,73,42,31,2,2,44,5,39,8,5,3,0,57.48031496062992,33.07086614173229,24.409448818897637,1.574803149606299,1.574803149606299,34.645669291338585,3.937007874015748,30.708661417322837,6.299212598425196,3.937007874015748,2.3622047244094486,0
E00146129,138,65,38,27,0,0,46,10,36,27,24,3,0,47.10144927536232,27.536231884057973,19.565217391304348,0,0,33.33333333333333,7.246376811594203,26.08695652173913,19.565217391304348,17.391304347826086,2.1739130434782608,0
E00146130,118,44,23,21,3,3,61,10,51,10,5,5,0,37.28813559322034,19.491525423728813,17.796610169491526,2.5423728813559325,2.5423728813559325,51.69491525423729,8.47457627118644,43.22033898305085,8.47457627118644,4.23728813559322,4.23728813559322,0
E00146131,124,63,34,29,1,1,46,5,41,13,11,2,1,50.806451612903224,27.419354838709676,23.387096774193548,0.8064516129032258,0.8064516129032258,37.096774193548384,4.032258064516129,33.064516129032256,10.483870967741936,8.870967741935484,1.6129032258064515,0.8064516129032258
E00146132,123,49,26,23,1,1,63,16,47,10,8,2,0,39.83739837398374,21.138211382113823,18.69918699186992,0.8130081300813009,0.8130081300813009,51.21951219512195,13.008130081300814,38.21138211382114,8.130081300813007,6.504065040650407,1.6260162601626018,0
E00146133,132,28,15,13,0,0,93,24,69,10,8,2,1,21.21212121212121,11.363636363636363,9.848484848484848,0,0,70.45454545454545,18.181818181818183,52.27272727272727,7.575757575757576,6.0606060606060606,1.5151515151515151,0.7575757575757576
E00146134,117,103,62,41,0,0,4,1,3,10,10,0,0,88.03418803418803,52.991452991452995,35.04273504273504,0,0,3.418803418803419,0.8547008547008548,2.564102564102564,8.547008547008547,8.547008547008547,0,0
E00146135,129,45,23,22,2,2,74,15,59,8,8,0,0,34.883720930232556,17.829457364341085,17.05426356589147,1.550387596899225,1.550387596899225,57.36434108527132,11.627906976744185,45.73643410852713,6.2015503875969,6.2015503875969,0,0
E00146136,143,74,33,41,0,0,57,10,47,12,8,4,0,51.74825174825175,23.076923076923077,28.671328671328673,0,0,39.86013986013986,6.993006993006993,32.86713286713287,8.391608391608392,5.594405594405594,2.797202797202797,0
E00146137,116,55,29,26,1,1,48,13,35,12,8,4,0,47.41379310344828,25,22.413793103448278,0.8620689655172413,0.8620689655172413,41.37931034482759,11.206896551724139,30.17241379310345,10.344827586206897,6.896551724137931,3.4482758620689653,0
E00146138,132,120,73,47,0,0,2,2,0,10,6,4,0,90.9090909090909,55.3030303030303,35.60606060606061,0,0,1.5151515151515151,1.5151515151515151,0,7.575757575757576,4.545454545454546,3.0303030303030303,0
E00146139,139,130,68,62,0,0,3,1,2,6,4,2,0,93.5251798561151,48.92086330935252,44.60431654676259,0,0,2.158273381294964,0.7194244604316548,1.4388489208633095,4.316546762589928,2.877697841726619,1.4388489208633095,0
E00146140,140,133,84,49,1,1,2,0,2,4,2,2,0,95,60,35,0.7142857142857143,0.7142857142857143,1.4285714285714286,0,1.4285714285714286,2.857142857142857,1.4285714285714286,1.4285714285714286,0
E00146141,123,104,53,51,0,0,4,1,3,15,13,2,0,84.5528455284553,43.08943089430895,41.46341463414634,0,0,3.2520325203252036,0.8130081300813009,2.4390243902439024,12.195121951219512,10.569105691056912,1.6260162601626018,0
E00146142,123,70,32,38,0,0,7,2,5,46,30,16,0,56.91056910569105,26.01626016260163,30.89430894308943,0,0,5.691056910569105,1.6260162601626018,4.0650406504065035,37.39837398373984,24.390243902439025,13.008130081300814,0
E00146143,129,120,66,54,0,0,0,0,0,9,8,1,0,93.02325581395348,51.162790697674424,41.86046511627907,0,0,0,0,0,6.976744186046512,6.2015503875969,0.7751937984496124,0
E00146144,126,97,47,50,0,0,3,0,3,26,26,0,0,76.98412698412699,37.301587301587304,39.682539682539684,0,0,2.380952380952381,0,2.380952380952381,20.634920634920633,20.634920634920633,0,0
E00146145,131,93,44,49,0,0,1,0,1,37,34,3,0,70.99236641221374,33.587786259541986,37.404580152671755,0,0,0.7633587786259541,0,0.7633587786259541,28.24427480916031,25.954198473282442,2.2900763358778624,0
E00146146,125,102,55,47,0,0,2,0,2,21,18,3,0,81.6,44,37.6,0,0,1.6,0,1.6,16.8,14.399999999999999,2.4,0
E00146147,137,82,36,46,1,1,4,0,4,50,47,3,0,59.854014598540154,26.277372262773724,33.57664233576642,0.7299270072992701,0.7299270072992701,2.9197080291970803,0,2.9197080291970803,36.496350364963504,34.306569343065696,2.18978102189781,0
E00146148,112,63,27,36,0,0,3,0,3,46,44,2,0,56.25,24.107142857142858,32.142857142857146,0,0,2.6785714285714284,0,2.6785714285714284,41.07142857142857,39.285714285714285,1.7857142857142856,0
E00146149,122,113,76,37,0,0,1,0,1,8,7,1,0,92.62295081967213,62.295081967213115,30.327868852459016,0,0,0.819672131147541,0,0.819672131147541,6.557377049180328,5.737704918032787,0.819672131147541,0
E00146150,118,102,65,37,0,0,2,0,2,14,10,4,0,86.4406779661017,55.08474576271186,31.35593220338983,0,0,1.694915254237288,0,1.694915254237288,11.864406779661017,8.47457627118644,3.389830508474576,0
E00146151,106,100,49,51,0,0,0,0,0,6,3,3,0,94.33962264150944,46.22641509433962,48.113207547169814,0,0,0,0,0,5.660377358490567,2.8301886792452833,2.8301886792452833,0
E00146152,92,88,54,34,0,0,1,0,1,3,2,1,0,95.65217391304348,58.69565217391305,36.95652173913043,0,0,1.0869565217391304,0,1.0869565217391304,3.260869565217391,2.1739130434782608,1.0869565217391304,0
E00146153,116,102,57,45,0,0,4,1,3,10,4,6,0,87.93103448275862,49.137931034482754,38.793103448275865,0,0,3.4482758620689653,0.8620689655172413,2.586206896551724,8.620689655172415,3.4482758620689653,5.172413793103448,0
E00146154,162,68,34,34,1,1,68,9,59,23,21,2,2,41.9753086419753,20.98765432098765,20.98765432098765,0.6172839506172839,0.6172839506172839,41.9753086419753,5.555555555555555,36.41975308641975,14.19753086419753,12.962962962962962,1.2345679012345678,1.2345679012345678
E00146155,140,129,84,45,0,0,1,0,1,10,8,2,0,92.14285714285714,60,32.142857142857146,0,0,0.7142857142857143,0,0.7142857142857143,7.142857142857142,5.714285714285714,1.4285714285714286,0
E00146156,148,117,82,35,1,1,6,0,6,24,10,14,0,79.05405405405406,55.4054054054054,23.64864864864865,0.6756756756756757,0.6756756756756757,4.054054054054054,0,4.054054054054054,16.216216216216218,6.756756756756757,9.45945945945946,0
E00146157,114,42,17,25,0,0,30,2,28,42,39,3,0,36.84210526315789,14.912280701754385,21.929824561403507,0,0,26.31578947368421,1.7543859649122806,24.561403508771928,36.84210526315789,34.21052631578947,2.631578947368421,0
E00146158,197,126,51,75,3,3,9,0,9,59,57,2,0,63.95939086294417,25.888324873096447,38.07106598984771,1.5228426395939088,1.5228426395939088,4.568527918781726,0,4.568527918781726,29.949238578680205,28.934010152284262,1.015228426395939,0
E00146159,121,86,38,48,1,1,1,0,1,33,29,4,0,71.07438016528926,31.40495867768595,39.66942148760331,0.8264462809917356,0.8264462809917356,0.8264462809917356,0,0.8264462809917356,27.27272727272727,23.96694214876033,3.3057851239669422,0
E00146160,112,74,40,34,0,0,16,0,16,22,19,3,0,66.07142857142857,35.714285714285715,30.357142857142854,0,0,14.285714285714285,0,14.285714285714285,19.642857142857142,16.964285714285715,2.6785714285714284,0
E00146161,113,68,35,33,2,2,19,5,14,24,23,1,0,60.17699115044248,30.973451327433626,29.20353982300885,1.7699115044247788,1.7699115044247788,16.8141592920354,4.424778761061947,12.389380530973451,21.238938053097346,20.353982300884958,0.8849557522123894,0
E00146162,135,86,36,50,1,1,19,1,18,29,26,3,0,63.70370370370371,26.666666666666668,37.03703703703704,0.7407407407407408,0.7407407407407408,14.074074074074074,0.7407407407407408,13.333333333333334,21.48148148148148,19.25925925925926,2.2222222222222223,0
E00146163,124,114,57,57,0,0,0,0,0,10,9,1,0,91.93548387096774,45.96774193548387,45.96774193548387,0,0,0,0,0,8.064516129032258,7.258064516129033,0.8064516129032258,0
E00146164,125,73,30,43,1,1,11,2,9,40,37,3,0,58.4,24,34.4,0.8,0.8,8.799999999999999,1.6,7.199999999999999,32,29.599999999999998,2.4,0
E00146165,156,47,23,24,0,0,86,15,71,20,18,2,3,30.128205128205128,14.743589743589745,15.384615384615385,0,0,55.12820512820513,9.615384615384617,45.51282051282051,12.82051282051282,11.538461538461538,1.282051282051282,1.9230769230769231
E00146166,124,114,75,39,0,0,6,0,6,4,2,2,0,91.93548387096774,60.483870967741936,31.451612903225808,0,0,4.838709677419355,0,4.838709677419355,3.225806451612903,1.6129032258064515,1.6129032258064515,0
E00146167,130,104,58,46,0,0,13,4,9,13,11,2,0,80,44.61538461538462,35.38461538461539,0,0,10,3.076923076923077,6.923076923076923,10,8.461538461538462,1.5384615384615385,0
E00146168,119,110,71,39,0,0,0,0,0,9,8,1,0,92.43697478991596,59.66386554621849,32.773109243697476,0,0,0,0,0,7.563025210084033,6.722689075630252,0.8403361344537815,0
E00146169,145,100,57,43,0,0,9,3,6,36,29,7,0,68.96551724137932,39.310344827586206,29.655172413793103,0,0,6.206896551724138,2.0689655172413794,4.137931034482759,24.82758620689655,20,4.827586206896552,0
E00146170,118,116,76,40,1,1,1,0,1,0,0,0,0,98.30508474576271,64.40677966101694,33.89830508474576,0.847457627118644,0.847457627118644,0.847457627118644,0,0.847457627118644,0,0,0,0
E00146171,127,55,26,29,0,0,68,5,63,4,4,0,0,43.30708661417323,20.47244094488189,22.83464566929134,0,0,53.54330708661418,3.937007874015748,49.60629921259843,3.149606299212598,3.149606299212598,0,0
E00146172,167,91,36,55,0,0,53,5,48,23,18,5,0,54.49101796407185,21.55688622754491,32.93413173652694,0,0,31.736526946107784,2.9940119760479043,28.74251497005988,13.77245508982036,10.778443113772456,2.9940119760479043,0
E00146173,135,115,63,52,0,0,2,0,2,18,16,2,0,85.18518518518519,46.666666666666664,38.51851851851852,0,0,1.4814814814814816,0,1.4814814814814816,13.333333333333334,11.851851851851853,1.4814814814814816,0
E00146174,128,57,33,24,0,0,64,9,55,7,5,2,0,44.53125,25.78125,18.75,0,0,50,7.03125,42.96875,5.46875,3.90625,1.5625,0
E00146175,156,83,39,44,0,0,43,5,38,30,29,1,0,53.205128205128204,25,28.205128205128204,0,0,27.564102564102566,3.205128205128205,24.358974358974358,19.230769230769234,18.58974358974359,0.641025641025641,0
E00146176,131,99,47,52,0,0,8,0,8,24,23,1,0,75.57251908396947,35.87786259541985,39.69465648854962,0,0,6.106870229007633,0,6.106870229007633,18.3206106870229,17.557251908396946,0.7633587786259541,0
E00146177,126,40,17,23,2,2,71,12,59,13,13,0,0,31.746031746031743,13.492063492063492,18.253968253968253,1.5873015873015872,1.5873015873015872,56.34920634920635,9.523809523809524,46.82539682539682,10.317460317460316,10.317460317460316,0,0
E00146178,124,89,51,38,0,0,2,0,2,33,29,4,0,71.7741935483871,41.12903225806452,30.64516129032258,0,0,1.6129032258064515,0,1.6129032258064515,26.61290322580645,23.387096774193548,3.225806451612903,0
E00146179,128,105,63,42,0,0,12,5,7,11,9,2,0,82.03125,49.21875,32.8125,0,0,9.375,3.90625,5.46875,8.59375,7.03125,1.5625,0
E00146180,124,67,27,40,1,1,48,7,41,8,7,1,0,54.03225806451613,21.774193548387096,32.25806451612903,0.8064516129032258,0.8064516129032258,38.70967741935484,5.64516129032258,33.064516129032256,6.451612903225806,5.64516129032258,0.8064516129032258,0
E00146181,131,95,48,47,3,3,21,4,17,12,12,0,0,72.51908396946564,36.6412213740458,35.87786259541985,2.2900763358778624,2.2900763358778624,16.030534351145036,3.0534351145038165,12.977099236641221,9.16030534351145,9.16030534351145,0,0
E00146182,213,119,62,57,10,10,42,7,35,42,37,5,0,55.86854460093896,29.107981220657276,26.76056338028169,4.694835680751173,4.694835680751173,19.718309859154928,3.286384976525822,16.431924882629108,19.718309859154928,17.370892018779344,2.3474178403755865,0
E00146183,167,75,32,43,11,11,57,9,48,24,19,5,0,44.91017964071856,19.16167664670659,25.748502994011975,6.58682634730539,6.58682634730539,34.13173652694611,5.389221556886228,28.74251497005988,14.37125748502994,11.377245508982035,2.9940119760479043,0
E00146184,242,155,120,35,0,0,36,8,28,50,39,11,1,64.0495867768595,49.586776859504134,14.46280991735537,0,0,14.87603305785124,3.3057851239669422,11.570247933884298,20.66115702479339,16.115702479338843,4.545454545454546,0.4132231404958678
E00146185,167,111,56,55,7,7,16,1,15,30,25,5,3,66.46706586826348,33.532934131736525,32.93413173652694,4.191616766467066,4.191616766467066,9.580838323353294,0.5988023952095809,8.982035928143713,17.964071856287426,14.97005988023952,2.9940119760479043,1.7964071856287425
E00146186,132,81,30,51,0,0,13,1,12,38,35,3,0,61.36363636363637,22.727272727272727,38.63636363636363,0,0,9.848484848484848,0.7575757575757576,9.090909090909092,28.78787878787879,26.515151515151516,2.272727272727273,0
E00146187,142,85,58,27,1,1,35,2,33,21,19,2,0,59.859154929577464,40.845070422535215,19.014084507042252,0.7042253521126761,0.7042253521126761,24.647887323943664,1.4084507042253522,23.239436619718308,14.788732394366196,13.380281690140844,1.4084507042253522,0
E00146188,115,102,63,39,0,0,3,1,2,10,9,1,0,88.69565217391305,54.78260869565217,33.91304347826087,0,0,2.608695652173913,0.8695652173913043,1.7391304347826086,8.695652173913043,7.82608695652174,0.8695652173913043,0
E00146189,122,97,57,40,0,0,15,3,12,10,8,2,0,79.50819672131148,46.72131147540984,32.78688524590164,0,0,12.295081967213115,2.459016393442623,9.836065573770492,8.19672131147541,6.557377049180328,1.639344262295082,0
E00146190,133,51,25,26,1,1,65,2,63,16,15,1,0,38.34586466165413,18.796992481203006,19.548872180451127,0.7518796992481203,0.7518796992481203,48.87218045112782,1.5037593984962405,47.368421052631575,12.030075187969924,11.278195488721805,0.7518796992481203,0
E00146191,119,111,54,57,0,0,3,0,3,5,4,1,0,93.27731092436974,45.378151260504204,47.89915966386555,0,0,2.5210084033613445,0,2.5210084033613445,4.201680672268908,3.361344537815126,0.8403361344537815,0
E00146192,133,100,61,39,0,0,22,2,20,11,8,3,0,75.18796992481202,45.86466165413533,29.32330827067669,0,0,16.541353383458645,1.5037593984962405,15.037593984962406,8.270676691729323,6.015037593984962,2.2556390977443606,0
E00146193,135,123,65,58,0,0,5,0,5,7,6,1,0,91.11111111111111,48.148148148148145,42.96296296296296,0,0,3.7037037037037033,0,3.7037037037037033,5.185185185185185,4.444444444444445,0.7407407407407408,0
E00146194,142,20,10,10,11,11,77,12,65,34,30,4,0,14.084507042253522,7.042253521126761,7.042253521126761,7.746478873239436,7.746478873239436,54.22535211267606,8.450704225352112,45.774647887323944,23.943661971830984,21.12676056338028,2.8169014084507045,0
E00146196,129,124,70,54,0,0,1,0,1,4,2,2,0,96.12403100775194,54.263565891472865,41.86046511627907,0,0,0.7751937984496124,0,0.7751937984496124,3.10077519379845,1.550387596899225,1.550387596899225,0
E00146197,124,108,60,48,0,0,2,0,2,14,12,2,0,87.09677419354838,48.38709677419355,38.70967741935484,0,0,1.6129032258064515,0,1.6129032258064515,11.29032258064516,9.67741935483871,1.6129032258064515,0
E00146198,120,113,65,48,0,0,1,0,1,6,6,0,0,94.16666666666667,54.166666666666664,40,0,0,0.8333333333333334,0,0.8333333333333334,5,5,0,0
E00146199,122,109,62,47,0,0,0,0,0,13,9,4,0,89.34426229508196,50.81967213114754,38.52459016393443,0,0,0,0,0,10.655737704918032,7.377049180327869,3.278688524590164,0
E00146200,122,115,62,53,0,0,0,0,0,7,6,1,0,94.26229508196722,50.81967213114754,43.44262295081967,0,0,0,0,0,5.737704918032787,4.918032786885246,0.819672131147541,0
E00146201,119,94,48,46,1,1,6,1,5,18,16,2,0,78.99159663865547,40.33613445378151,38.655462184873954,0.8403361344537815,0.8403361344537815,5.042016806722689,0.8403361344537815,4.201680672268908,15.126050420168067,13.445378151260504,1.680672268907563,0
E00146202,118,98,42,56,1,1,6,0,6,13,13,0,0,83.05084745762711,35.59322033898305,47.45762711864407,0.847457627118644,0.847457627118644,5.084745762711865,0,5.084745762711865,11.016949152542372,11.016949152542372,0,0
E00146203,119,112,74,38,0,0,0,0,0,7,7,0,0,94.11764705882352,62.18487394957983,31.932773109243694,0,0,0,0,0,5.88235294117647,5.88235294117647,0,0
E00146204,113,74,39,35,3,3,1,0,1,35,33,2,0,65.48672566371681,34.51327433628318,30.973451327433626,2.6548672566371683,2.6548672566371683,0.8849557522123894,0,0.8849557522123894,30.973451327433626,29.20353982300885,1.7699115044247788,0
E00146205,119,81,42,39,0,0,2,0,2,36,35,1,0,68.0672268907563,35.294117647058826,32.773109243697476,0,0,1.680672268907563,0,1.680672268907563,30.252100840336134,29.411764705882355,0.8403361344537815,0
E00146206,112,97,55,42,2,2,1,0,1,12,11,1,0,86.60714285714286,49.107142857142854,37.5,1.7857142857142856,1.7857142857142856,0.8928571428571428,0,0.8928571428571428,10.714285714285714,9.821428571428571,0.8928571428571428,0
E00146207,114,106,73,33,0,0,1,0,1,7,5,2,0,92.98245614035088,64.03508771929825,28.947368421052634,0,0,0.8771929824561403,0,0.8771929824561403,6.140350877192982,4.385964912280701,1.7543859649122806,0
E00146208,123,116,74,42,0,0,1,1,0,6,6,0,0,94.3089430894309,60.16260162601627,34.146341463414636,0,0,0.8130081300813009,0.8130081300813009,0,4.878048780487805,4.878048780487805,0,0
E00146209,128,111,58,53,2,2,0,0,0,15,12,3,0,86.71875,45.3125,41.40625,1.5625,1.5625,0,0,0,11.71875,9.375,2.34375,0
E00146210,149,117,83,34,0,0,7,0,7,25,20,5,0,78.52348993288591,55.70469798657718,22.818791946308725,0,0,4.697986577181208,0,4.697986577181208,16.778523489932887,13.422818791946309,3.3557046979865772,0
E00146211,81,70,40,30,1,1,2,0,2,8,6,2,0,86.41975308641975,49.382716049382715,37.03703703703704,1.2345679012345678,1.2345679012345678,2.4691358024691357,0,2.4691358024691357,9.876543209876543,7.4074074074074066,2.4691358024691357,0
E00146212,150,101,50,51,0,0,29,4,25,20,16,4,0,67.33333333333333,33.33333333333333,34,0,0,19.333333333333332,2.666666666666667,16.666666666666664,13.333333333333334,10.666666666666668,2.666666666666667,0
E00146213,109,90,66,24,2,2,4,1,3,13,6,7,0,82.56880733944955,60.550458715596335,22.018348623853214,1.834862385321101,1.834862385321101,3.669724770642202,0.9174311926605505,2.7522935779816518,11.926605504587156,5.5045871559633035,6.422018348623854,0
E00146214,100,44,25,19,0,0,42,5,37,14,13,1,0,44,25,19,0,0,42,5,37,14.000000000000002,13,1,0
E00146215,118,101,65,36,1,1,3,0,3,13,9,4,0,85.59322033898306,55.08474576271186,30.508474576271187,0.847457627118644,0.847457627118644,2.5423728813559325,0,2.5423728813559325,11.016949152542372,7.627118644067797,3.389830508474576,0
E00146216,67,49,26,23,0,0,4,1,3,14,13,1,0,73.13432835820896,38.80597014925373,34.32835820895522,0,0,5.970149253731343,1.4925373134328357,4.477611940298507,20.8955223880597,19.402985074626866,1.4925373134328357,0
E00146217,117,107,65,42,0,0,0,0,0,10,5,5,0,91.45299145299145,55.55555555555556,35.8974358974359,0,0,0,0,0,8.547008547008547,4.273504273504273,4.273504273504273,0
E00146218,100,88,59,29,0,0,0,0,0,12,11,1,0,88,59,28.999999999999996,0,0,0,0,0,12,11,1,0
E00146219,127,114,71,43,0,0,0,0,0,13,12,1,0,89.76377952755905,55.90551181102362,33.85826771653544,0,0,0,0,0,10.236220472440944,9.448818897637794,0.7874015748031495,0
E00146220,179,131,64,67,1,1,17,1,16,30,26,4,0,73.18435754189943,35.754189944134076,37.43016759776536,0.5586592178770949,0.5586592178770949,9.497206703910614,0.5586592178770949,8.938547486033519,16.75977653631285,14.52513966480447,2.2346368715083798,0
E00146221,135,116,78,38,0,0,1,0,1,18,15,3,0,85.92592592592592,57.77777777777777,28.14814814814815,0,0,0.7407407407407408,0,0.7407407407407408,13.333333333333334,11.11111111111111,2.2222222222222223,0
E00146222,154,98,48,50,1,1,13,2,11,42,41,1,0,63.63636363636363,31.16883116883117,32.467532467532465,0.6493506493506493,0.6493506493506493,8.441558441558442,1.2987012987012987,7.142857142857142,27.27272727272727,26.623376623376622,0.6493506493506493,0
E00146223,156,130,91,39,0,0,2,0,2,24,24,0,0,83.33333333333334,58.333333333333336,25,0,0,1.282051282051282,0,1.282051282051282,15.384615384615385,15.384615384615385,0,0
E00146224,114,95,62,33,0,0,0,0,0,19,12,7,0,83.33333333333334,54.385964912280706,28.947368421052634,0,0,0,0,0,16.666666666666664,10.526315789473683,6.140350877192982,0
E00146225,159,56,18,38,2,2,73,10,63,26,24,2,2,35.22012578616352,11.320754716981133,23.89937106918239,1.257861635220126,1.257861635220126,45.911949685534594,6.289308176100629,39.62264150943396,16.352201257861633,15.09433962264151,1.257861635220126,1.257861635220126
E00146226,191,141,91,50,0,0,3,0,3,47,42,5,0,73.82198952879581,47.64397905759162,26.17801047120419,0,0,1.5706806282722512,0,1.5706806282722512,24.60732984293194,21.98952879581152,2.6178010471204187,0
E00146227,137,107,65,42,0,0,0,0,0,29,25,4,1,78.1021897810219,47.44525547445255,30.656934306569344,0,0,0,0,0,21.16788321167883,18.248175182481752,2.9197080291970803,0.7299270072992701
E00146229,118,102,56,46,0,0,1,0,1,15,9,6,0,86.4406779661017,47.45762711864407,38.983050847457626,0,0,0.847457627118644,0,0.847457627118644,12.711864406779661,7.627118644067797,5.084745762711865,0
E00146230,137,126,75,51,0,0,1,0,1,10,6,4,0,91.970802919708035,54.74452554744526,37.22627737226277,0,0,0.7299270072992701,0,0.7299270072992701,7.2992700729927,4.37956204379562,2.9197080291970803,0
E00146231,128,110,73,37,0,0,0,0,0,18,15,3,0,85.9375,57.03125,28.90625,0,0,0,0,0,14.0625,11.71875,2.34375,0
E00146232,121,106,68,38,0,0,4,0,4,11,7,4,0,87.60330578512396,56.19834710743802,31.40495867768595,0,0,3.3057851239669422,0,3.3057851239669422,9.090909090909092,5.785123966942149,3.3057851239669422,0
E00146233,113,47,34,13,1,1,59,6,53,6,5,1,0,41.5929203539823,30.08849557522124,11.504424778761061,0.8849557522123894,0.8849557522123894,52.21238938053098,5.3097345132743365,46.902654867256636,5.3097345132743365,4.424778761061947,0.8849557522123894,0
E00146234,124,82,52,30,0,0,1,0,1,41,23,18,0,66.12903225806451,41.935483870967744,24.193548387096776,0,0,0.8064516129032258,0,0.8064516129032258,33.064516129032256,18.548387096774192,14.516129032258066,0
E00146235,138,102,57,45,6,6,19,1,18,11,10,1,0,73.91304347826086,41.30434782608695,32.608695652173914,4.3478260869565215,4.3478260869565215,13.768115942028986,0.7246376811594203,13.043478260869565,7.971014492753622,7.246376811594203,0.7246376811594203,0
E00146236,152,139,101,38,0,0,1,1,0,12,10,2,0,91.44736842105263,66.44736842105263,25,0,0,0.6578947368421052,0.6578947368421052,0,7.894736842105263,6.578947368421052,1.3157894736842104,0
E00146237,126,102,67,35,0,0,7,0,7,17,13,4,0,80.95238095238095,53.17460317460318,27.77777777777778,0,0,5.555555555555555,0,5.555555555555555,13.492063492063492,10.317460317460316,3.1746031746031744,0
E00146238,171,155,84,71,0,0,10,3,7,6,4,2,0,90.64327485380117,49.122807017543856,41.52046783625731,0,0,5.847953216374268,1.7543859649122806,4.093567251461988,3.508771929824561,2.3391812865497075,1.1695906432748537,0
E00146239,102,59,35,24,1,1,5,0,5,37,31,6,0,57.84313725490197,34.31372549019608,23.52941176470588,0.9803921568627451,0.9803921568627451,4.901960784313726,0,4.901960784313726,36.27450980392157,30.392156862745097,5.88235294117647,0
E00146240,149,98,54,44,0,0,34,3,31,17,13,4,0,65.77181208053692,36.241610738255034,29.53020134228188,0,0,22.818791946308725,2.013422818791946,20.80536912751678,11.409395973154362,8.724832214765101,2.684563758389262,0
E00146241,43,30,14,16,0,0,1,1,0,12,6,6,0,69.76744186046511,32.55813953488372,37.2093023255814,0,0,2.3255813953488373,2.3255813953488373,0,27.906976744186046,13.953488372093023,13.953488372093023,0
E00146242,102,73,37,36,0,0,12,0,12,17,14,3,0,71.56862745098039,36.27450980392157,35.294117647058826,0,0,11.76470588235294,0,11.76470588235294,16.666666666666664,13.725490196078432,2.941176470588235,0
E00146243,100,69,42,27,0,0,8,1,7,23,15,8,0,69,42,27,0,0,8,1,7.000000000000001,23,15,8,0
E00146244,129,95,47,48,0,0,12,1,11,22,18,4,0,73.64341085271317,36.434108527131784,37.2093023255814,0,0,9.30232558139535,0.7751937984496124,8.527131782945736,17.05426356589147,13.953488372093023,3.10077519379845,0
E00146245,175,128,71,57,6,6,11,3,8,30,25,5,0,73.14285714285714,40.57142857142857,32.57142857142858,3.428571428571429,3.428571428571429,6.2857142857142865,1.7142857142857144,4.571428571428571,17.142857142857142,14.285714285714285,2.857142857142857,0
E00146246,175,114,57,57,4,4,44,10,34,13,9,4,0,65.14285714285715,32.57142857142858,32.57142857142858,2.2857142857142856,2.2857142857142856,25.142857142857146,5.714285714285714,19.428571428571427,7.428571428571429,5.142857142857142,2.2857142857142856,0
E00146247,85,55,31,24,0,0,1,0,1,29,17,12,0,64.70588235294117,36.470588235294116,28.235294117647058,0,0,1.1764705882352942,0,1.1764705882352942,34.11764705882353,20,14.117647058823529,0
E00146248,244,180,89,91,5,5,39,7,32,20,17,3,0,73.77049180327869,36.47540983606557,37.295081967213115,2.0491803278688523,2.0491803278688523,15.983606557377051,2.8688524590163933,13.114754098360656,8.19672131147541,6.967213114754098,1.2295081967213115,0
E00146249,127,106,52,54,0,0,7,1,6,14,14,0,0,83.46456692913385,40.94488188976378,42.51968503937008,0,0,5.511811023622047,0.7874015748031495,4.724409448818897,11.023622047244094,11.023622047244094,0,0
E00146250,194,85,32,53,5,5,92,19,73,12,8,4,0,43.81443298969072,16.49484536082474,27.31958762886598,2.5773195876288657,2.5773195876288657,47.42268041237113,9.793814432989691,37.628865979381445,6.185567010309279,4.123711340206185,2.0618556701030926,0
E00146251,143,123,75,48,0,0,3,1,2,17,13,4,0,86.01398601398601,52.44755244755245,33.56643356643357,0,0,2.097902097902098,0.6993006993006993,1.3986013986013985,11.888111888111888,9.090909090909092,2.797202797202797,0
E00146252,139,109,52,57,1,1,16,0,16,13,12,1,0,78.41726618705036,37.410071942446045,41.007194244604314,0.7194244604316548,0.7194244604316548,11.510791366906476,0,11.510791366906476,9.352517985611511,8.633093525179856,0.7194244604316548,0
E00146254,137,123,74,49,0,0,3,0,3,11,8,3,0,89.78102189781022,54.01459854014598,35.76642335766424,0,0,2.18978102189781,0,2.18978102189781,8.02919708029197,5.839416058394161,2.18978102189781,0
E00146255,75,19,7,12,0,0,20,0,20,35,22,13,1,25.333333333333336,9.333333333333334,16,0,0,26.666666666666668,0,26.666666666666668,46.666666666666664,29.333333333333332,17.333333333333336,1.3333333333333335
E00146256,69,17,14,3,0,0,27,0,27,25,17,8,0,24.637681159420293,20.28985507246377,4.3478260869565215,0,0,39.130434782608695,0,39.130434782608695,36.231884057971016,24.637681159420293,11.594202898550725,0
E00146258,100,22,11,11,1,1,67,12,55,9,8,1,1,22,11,11,1,1,67,12,55.00000000000001,9,8,1,1
E00146259,136,71,28,43,0,0,42,8,34,23,20,3,0,52.20588235294118,20.588235294117645,31.61764705882353,0,0,30.88235294117647,5.88235294117647,25,16.911764705882355,14.705882352941178,2.2058823529411766,0
E00146261,130,118,75,43,2,2,0,0,0,10,10,0,0,90.76923076923077,57.692307692307686,33.07692307692307,1.5384615384615385,1.5384615384615385,0,0,0,7.6923076923076925,7.6923076923076925,0,0
E00146262,128,88,40,48,3,3,32,1,31,5,5,0,0,68.75,31.25,37.5,2.34375,2.34375,25,0.78125,24.21875,3.90625,3.90625,0,0
E00146263,112,44,19,25,1,1,50,4,46,17,12,5,0,39.285714285714285,16.964285714285715,22.321428571428573,0.8928571428571428,0.8928571428571428,44.642857142857146,3.571428571428571,41.07142857142857,15.178571428571427,10.714285714285714,4.464285714285714,0
E00146264,119,66,30,36,0,0,10,1,9,43,35,8,0,55.46218487394958,25.210084033613445,30.252100840336134,0,0,8.403361344537815,0.8403361344537815,7.563025210084033,36.134453781512605,29.411764705882355,6.722689075630252,0
E00146265,128,69,30,39,0,0,11,2,9,48,43,5,0,53.90625,23.4375,30.46875,0,0,8.59375,1.5625,7.03125,37.5,33.59375,3.90625,0
E00146266,141,63,24,39,0,0,41,11,30,37,35,2,0,44.680851063829785,17.02127659574468,27.659574468085108,0,0,29.078014184397162,7.801418439716312,21.27659574468085,26.24113475177305,24.822695035460992,1.4184397163120568,0
E00146267,122,60,30,30,2,2,41,8,33,19,16,3,0,49.18032786885246,24.59016393442623,24.59016393442623,1.639344262295082,1.639344262295082,33.60655737704918,6.557377049180328,27.049180327868854,15.573770491803279,13.114754098360656,2.459016393442623,0
E00146269,158,70,30,40,0,0,52,8,44,36,31,5,0,44.303797468354425,18.9873417721519,25.31645569620253,0,0,32.91139240506329,5.063291139240507,27.848101265822784,22.78481012658228,19.62025316455696,3.1645569620253164,0
E00146270,122,66,41,25,1,1,44,8,36,11,8,3,0,54.09836065573771,33.60655737704918,20.491803278688526,0.819672131147541,0.819672131147541,36.0655737704918,6.557377049180328,29.508196721311474,9.01639344262295,6.557377049180328,2.459016393442623,0
E00146271,135,125,90,35,1,1,0,0,0,9,8,1,0,92.5925925925926,66.66666666666666,25.925925925925924,0.7407407407407408,0.7407407407407408,0,0,0,6.666666666666667,5.9259259259259265,0.7407407407407408,0
E00146272,149,119,66,53,2,2,7,0,7,21,19,2,0,79.86577181208054,44.29530201342282,35.57046979865772,1.342281879194631,1.342281879194631,4.697986577181208,0,4.697986577181208,14.093959731543624,12.751677852348994,1.342281879194631,0
E00146273,197,141,100,41,10,10,3,0,3,43,32,11,0,71.57360406091371,50.76142131979695,20.812182741116754,5.0761421319796955,5.0761421319796955,1.5228426395939088,0,1.5228426395939088,21.82741116751269,16.243654822335024,5.583756345177665,0
E00146274,123,87,55,32,4,4,22,1,21,10,7,3,0,70.73170731707317,44.71544715447154,26.01626016260163,3.2520325203252036,3.2520325203252036,17.88617886178862,0.8130081300813009,17.073170731707318,8.130081300813007,5.691056910569105,2.4390243902439024,0
E00146275,125,93,50,43,1,1,16,2,14,15,14,1,0,74.4,40,34.4,0.8,0.8,12.8,1.6,11.200000000000001,12,11.200000000000001,0.8,0
E00146276,136,89,31,58,3,3,21,4,17,23,16,7,0,65.44117647058823,22.794117647058822,42.64705882352941,2.2058823529411766,2.2058823529411766,15.441176470588236,2.941176470588235,12.5,16.911764705882355,11.76470588235294,5.147058823529411,0
E00146277,217,157,69,88,4,4,38,1,37,18,8,10,0,72.35023041474655,31.797235023041477,40.55299539170507,1.8433179723502304,1.8433179723502304,17.51152073732719,0.4608294930875576,17.050691244239633,8.294930875576037,3.686635944700461,4.6082949308755765,0
E00146278,129,64,28,36,3,3,3,0,3,59,54,5,0,49.6124031007752,21.705426356589147,27.906976744186046,2.3255813953488373,2.3255813953488373,2.3255813953488373,0,2.3255813953488373,45.73643410852713,41.86046511627907,3.875968992248062,0
E00146279,69,44,28,16,0,0,1,0,1,24,19,5,0,63.76811594202898,40.57971014492754,23.18840579710145,0,0,1.4492753623188406,0,1.4492753623188406,34.78260869565217,27.536231884057973,7.246376811594203,0
E00146280,82,57,32,25,0,0,19,0,19,6,2,4,0,69.51219512195121,39.02439024390244,30.48780487804878,0,0,23.170731707317074,0,23.170731707317074,7.317073170731707,2.4390243902439024,4.878048780487805,0
E00146281,131,104,60,44,0,0,4,1,3,23,16,7,0,79.38931297709924,45.80152671755725,33.587786259541986,0,0,3.0534351145038165,0.7633587786259541,2.2900763358778624,17.557251908396946,12.213740458015266,5.343511450381679,0
E00146282,242,185,85,100,10,10,18,6,12,29,22,7,0,76.44628099173553,35.12396694214876,41.32231404958678,4.132231404958678,4.132231404958678,7.43801652892562,2.479338842975207,4.958677685950414,11.983471074380166,9.090909090909092,2.8925619834710745,0
E00146283,165,84,37,47,0,0,69,10,59,12,7,5,0,50.90909090909091,22.424242424242426,28.484848484848484,0,0,41.81818181818181,6.0606060606060606,35.75757575757576,7.2727272727272725,4.242424242424243,3.0303030303030303,0
E00146284,70,54,37,17,0,0,5,0,5,11,10,1,0,77.14285714285715,52.85714285714286,24.285714285714285,0,0,7.142857142857142,0,7.142857142857142,15.714285714285714,14.285714285714285,1.4285714285714286,0
E00146285,180,156,122,34,0,0,6,0,6,18,12,6,0,86.66666666666667,67.77777777777779,18.88888888888889,0,0,3.3333333333333335,0,3.3333333333333335,10,6.666666666666667,3.3333333333333335,0
E00146286,155,113,79,34,0,0,25,1,24,17,13,4,0,72.90322580645162,50.967741935483865,21.935483870967744,0,0,16.129032258064516,0.6451612903225806,15.483870967741936,10.967741935483872,8.38709677419355,2.5806451612903225,0
E00146287,88,63,38,25,0,0,11,0,11,14,11,3,0,71.5909090909091,43.18181818181818,28.40909090909091,0,0,12.5,0,12.5,15.909090909090908,12.5,3.4090909090909087,0
E00146288,124,100,51,49,0,0,13,2,11,11,9,2,0,80.64516129032258,41.12903225806452,39.516129032258064,0,0,10.483870967741936,1.6129032258064515,8.870967741935484,8.870967741935484,7.258064516129033,1.6129032258064515,0
E00146289,135,111,69,42,0,0,3,0,3,21,8,13,0,82.22222222222221,51.11111111111111,31.11111111111111,0,0,2.2222222222222223,0,2.2222222222222223,15.555555555555555,5.9259259259259265,9.62962962962963,0
E00146290,131,114,59,55,3,3,5,0,5,9,8,1,0,87.02290076335878,45.038167938931295,41.98473282442748,2.2900763358778624,2.2900763358778624,3.816793893129771,0,3.816793893129771,6.870229007633588,6.106870229007633,0.7633587786259541,0
E00146291,212,144,103,41,3,3,21,1,20,44,42,2,0,67.9245283018868,48.58490566037736,19.339622641509436,1.4150943396226416,1.4150943396226416,9.90566037735849,0.4716981132075472,9.433962264150944,20.754716981132077,19.81132075471698,0.9433962264150944,0
E00146293,123,46,25,21,1,1,61,8,53,15,15,0,0,37.39837398373984,20.32520325203252,17.073170731707318,0.8130081300813009,0.8130081300813009,49.59349593495935,6.504065040650407,43.08943089430895,12.195121951219512,12.195121951219512,0,0
E00146294,129,77,46,31,0,0,37,5,32,15,9,6,0,59.68992248062015,35.65891472868217,24.031007751937985,0,0,28.68217054263566,3.875968992248062,24.8062015503876,11.627906976744185,6.976744186046512,4.651162790697675,0
E00146295,124,83,46,37,0,0,5,0,5,36,23,13,0,66.93548387096774,37.096774193548384,29.838709677419356,0,0,4.032258064516129,0,4.032258064516129,29.03225806451613,18.548387096774192,10.483870967741936,0
E00146296,129,114,71,43,0,0,3,0,3,12,12,0,0,88.37209302325581,55.03875968992248,33.33333333333333,0,0,2.3255813953488373,0,2.3255813953488373,9.30232558139535,9.30232558139535,0,0
E00146297,127,117,79,38,0,0,2,1,1,8,5,3,0,92.1259842519685,62.20472440944882,29.92125984251969,0,0,1.574803149606299,0.7874015748031495,0.7874015748031495,6.299212598425196,3.937007874015748,2.3622047244094486,0
E00146299,136,106,44,62,1,1,5,1,4,24,22,2,0,77.94117647058823,32.35294117647059,45.588235294117645,0.7352941176470588,0.7352941176470588,3.6764705882352944,0.7352941176470588,2.941176470588235,17.647058823529413,16.176470588235293,1.4705882352941175,0
E00146300,128,113,49,64,1,1,1,0,1,13,10,3,0,88.28125,38.28125,50,0.78125,0.78125,0.78125,0,0.78125,10.15625,7.8125,2.34375,0
E00146301,123,119,72,47,0,0,2,0,2,2,1,1,0,96.7479674796748,58.536585365853654,38.21138211382114,0,0,1.6260162601626018,0,1.6260162601626018,1.6260162601626018,0.8130081300813009,0.8130081300813009,0
E00146302,110,90,61,29,0,0,11,3,8,9,8,1,0,81.81818181818183,55.45454545454545,26.36363636363636,0,0,10,2.727272727272727,7.2727272727272725,8.181818181818182,7.2727272727272725,0.9090909090909091,0
E00146303,128,113,62,51,3,3,0,0,0,12,9,3,0,88.28125,48.4375,39.84375,2.34375,2.34375,0,0,0,9.375,7.03125,2.34375,0
E00146304,124,93,36,57,3,3,8,1,7,20,19,1,0,75,29.03225806451613,45.96774193548387,2.4193548387096775,2.4193548387096775,6.451612903225806,0.8064516129032258,5.64516129032258,16.129032258064516,15.32258064516129,0.8064516129032258,0
E00146305,111,70,46,24,1,1,9,3,6,31,6,25,0,63.06306306306306,41.44144144144144,21.62162162162162,0.9009009009009009,0.9009009009009009,8.108108108108109,2.7027027027027026,5.405405405405405,27.927927927927925,5.405405405405405,22.52252252252252,0
E00146306,113,86,29,57,0,0,11,2,9,16,14,2,0,76.10619469026548,25.663716814159294,50.442477876106196,0,0,9.734513274336283,1.7699115044247788,7.964601769911504,14.15929203539823,12.389380530973451,1.7699115044247788,0
E00146307,119,112,87,25,0,0,3,0,3,4,3,1,0,94.11764705882352,73.10924369747899,21.008403361344538,0,0,2.5210084033613445,0,2.5210084033613445,3.361344537815126,2.5210084033613445,0.8403361344537815,0
E00146308,119,112,78,34,1,1,1,0,1,5,2,3,0,94.11764705882352,65.54621848739495,28.57142857142857,0.8403361344537815,0.8403361344537815,0.8403361344537815,0,0.8403361344537815,4.201680672268908,1.680672268907563,2.5210084033613445,0
E00146309,131,115,64,51,0,0,9,1,8,7,5,2,0,87.78625954198473,48.854961832061065,38.93129770992366,0,0,6.870229007633588,0.7633587786259541,6.106870229007633,5.343511450381679,3.816793893129771,1.5267175572519083,0
E00146310,128,93,41,52,3,3,13,3,10,19,18,1,0,72.65625,32.03125,40.625,2.34375,2.34375,10.15625,2.34375,7.8125,14.84375,14.0625,0.78125,0
E00146311,94,52,33,19,1,1,34,8,26,7,6,1,0,55.319148936170215,35.1063829787234,20.212765957446805,1.0638297872340425,1.0638297872340425,36.17021276595745,8.51063829787234,27.659574468085108,7.446808510638298,6.382978723404255,1.0638297872340425,0
E00146313,139,114,63,51,0,0,13,2,11,12,8,4,0,82.01438848920863,45.32374100719424,36.69064748201439,0,0,9.352517985611511,1.4388489208633095,7.913669064748201,8.633093525179856,5.755395683453238,2.877697841726619,0
E00146314,94,80,43,37,0,0,2,0,2,12,10,2,0,85.1063829787234,45.744680851063826,39.361702127659576,0,0,2.127659574468085,0,2.127659574468085,12.76595744680851,10.638297872340425,2.127659574468085,0
E00146315,114,98,54,44,1,1,0,0,0,15,10,5,0,85.96491228070175,47.368421052631575,38.59649122807017,0.8771929824561403,0.8771929824561403,0,0,0,13.157894736842104,8.771929824561402,4.385964912280701,0
E00146316,120,91,42,49,10,10,6,1,5,13,11,2,0,75.83333333333333,35,40.833333333333336,8.333333333333332,8.333333333333332,5,0.8333333333333334,4.166666666666666,10.833333333333334,9.166666666666666,1.6666666666666667,0
E00146317,90,66,30,36,0,0,5,1,4,19,13,6,0,73.33333333333333,33.33333333333333,40,0,0,5.555555555555555,1.1111111111111112,4.444444444444445,21.11111111111111,14.444444444444443,6.666666666666667,0
E00146318,153,130,79,51,4,4,5,0,5,14,11,3,0,84.9673202614379,51.633986928104584,33.33333333333333,2.6143790849673203,2.6143790849673203,3.2679738562091507,0,3.2679738562091507,9.15032679738562,7.18954248366013,1.9607843137254901,0
E00146319,93,68,37,31,0,0,12,2,10,13,9,4,0,73.11827956989248,39.784946236559136,33.33333333333333,0,0,12.903225806451612,2.1505376344086025,10.75268817204301,13.978494623655912,9.67741935483871,4.301075268817205,0
E00146321,127,110,66,44,1,1,3,0,3,13,11,2,0,86.61417322834646,51.96850393700787,34.645669291338585,0.7874015748031495,0.7874015748031495,2.3622047244094486,0,2.3622047244094486,10.236220472440944,8.661417322834646,1.574803149606299,0
E00146322,110,77,44,33,1,1,26,6,20,6,5,1,0,70,40,30,0.9090909090909091,0.9090909090909091,23.636363636363637,5.454545454545454,18.181818181818183,5.454545454545454,4.545454545454546,0.9090909090909091,0
E00146323,187,125,52,73,13,13,32,1,31,17,13,4,0,66.84491978609626,27.807486631016044,39.037433155080215,6.951871657754011,6.951871657754011,17.11229946524064,0.53475935828877,16.577540106951872,9.090909090909092,6.951871657754011,2.13903743315508,0
E00146325,190,150,65,85,7,7,19,2,17,14,12,2,0,78.94736842105263,34.21052631578947,44.73684210526316,3.684210526315789,3.684210526315789,10,1.0526315789473684,8.947368421052632,7.368421052631578,6.315789473684211,1.0526315789473684,0
E00146326,120,44,18,26,0,0,73,10,63,3,3,0,0,36.666666666666664,15,21.666666666666668,0,0,60.83333333333333,8.333333333333332,52.5,2.5,2.5,0,0
E00146327,121,83,34,49,0,0,15,6,9,23,19,4,0,68.59504132231406,28.09917355371901,40.49586776859504,0,0,12.396694214876034,4.958677685950414,7.43801652892562,19.00826446280992,15.702479338842975,3.3057851239669422,0
E00146328,212,153,87,66,8,8,27,4,23,24,11,13,0,72.16981132075472,41.0377358490566,31.132075471698112,3.7735849056603774,3.7735849056603774,12.735849056603774,1.8867924528301887,10.849056603773585,11.320754716981133,5.188679245283019,6.132075471698113,0
E00146329,107,69,42,27,0,0,31,3,28,7,5,2,0,64.48598130841121,39.25233644859813,25.233644859813083,0,0,28.971962616822427,2.803738317757009,26.168224299065418,6.5420560747663545,4.672897196261682,1.8691588785046727,0
E00146331,74,51,13,38,3,3,7,1,6,13,12,1,0,68.91891891891892,17.56756756756757,51.35135135135135,4.054054054054054,4.054054054054054,9.45945945945946,1.3513513513513513,8.108108108108109,17.56756756756757,16.216216216216218,1.3513513513513513,0
E00146332,179,114,48,66,5,5,23,5,18,37,32,5,0,63.687150837988824,26.81564245810056,36.87150837988827,2.793296089385475,2.793296089385475,12.849162011173185,2.793296089385475,10.05586592178771,20.670391061452513,17.877094972067038,2.793296089385475,0
E00146333,105,88,36,52,0,0,1,0,1,16,15,1,0,83.80952380952381,34.285714285714285,49.523809523809526,0,0,0.9523809523809524,0,0.9523809523809524,15.238095238095239,14.285714285714285,0.9523809523809524,0
E00146334,134,53,37,16,0,0,21,1,20,60,51,9,0,39.55223880597015,27.611940298507463,11.940298507462686,0,0,15.671641791044777,0.7462686567164178,14.925373134328357,44.776119402985074,38.059701492537314,6.7164179104477615,0
E00146335,152,101,64,37,0,0,1,0,1,50,43,7,0,66.44736842105263,42.10526315789473,24.342105263157894,0,0,0.6578947368421052,0,0.6578947368421052,32.89473684210527,28.289473684210524,4.605263157894736,0
E00146336,158,122,78,44,1,1,12,2,10,23,19,4,0,77.21518987341773,49.36708860759494,27.848101265822784,0.6329113924050633,0.6329113924050633,7.59493670886076,1.2658227848101267,6.329113924050633,14.556962025316455,12.025316455696203,2.5316455696202533,0
E00146337,235,128,50,78,10,10,80,7,73,17,12,5,0,54.46808510638298,21.27659574468085,33.191489361702125,4.25531914893617,4.25531914893617,34.04255319148936,2.9787234042553195,31.06382978723404,7.234042553191489,5.106382978723404,2.127659574468085,0
E00146338,79,36,26,10,0,0,5,0,5,38,30,8,0,45.56962025316456,32.91139240506329,12.658227848101266,0,0,6.329113924050633,0,6.329113924050633,48.10126582278481,37.9746835443038,10.126582278481013,0
E00146340,124,68,17,51,1,1,30,6,24,25,24,1,0,54.83870967741935,13.709677419354838,41.12903225806452,0.8064516129032258,0.8064516129032258,24.193548387096776,4.838709677419355,19.35483870967742,20.161290322580644,19.35483870967742,0.8064516129032258,0
E00146341,184,148,78,70,4,4,29,5,24,3,1,2,0,80.43478260869566,42.391304347826086,38.04347826086957,2.1739130434782608,2.1739130434782608,15.760869565217392,2.717391304347826,13.043478260869565,1.6304347826086956,0.5434782608695652,1.0869565217391304,0
E00146342,159,84,44,40,4,4,63,7,56,8,7,1,0,52.83018867924528,27.67295597484277,25.157232704402517,2.515723270440252,2.515723270440252,39.62264150943396,4.40251572327044,35.22012578616352,5.031446540880504,4.40251572327044,0.628930817610063,0
E00146343,157,130,89,41,1,1,10,3,7,16,13,3,0,82.80254777070064,56.68789808917197,26.11464968152866,0.6369426751592357,0.6369426751592357,6.369426751592357,1.910828025477707,4.45859872611465,10.191082802547772,8.280254777070063,1.910828025477707,0
E00146345,157,98,42,56,7,7,20,2,18,32,29,3,0,62.42038216560509,26.751592356687897,35.6687898089172,4.45859872611465,4.45859872611465,12.738853503184714,1.2738853503184715,11.464968152866243,20.382165605095544,18.471337579617835,1.910828025477707,0
E00146346,145,105,57,48,2,2,14,0,14,24,16,8,0,72.41379310344827,39.310344827586206,33.10344827586207,1.3793103448275863,1.3793103448275863,9.655172413793103,0,9.655172413793103,16.551724137931036,11.03448275862069,5.517241379310345,0
E00146347,132,115,75,40,2,2,0,0,0,15,14,1,0,87.12121212121212,56.81818181818182,30.303030303030305,1.5151515151515151,1.5151515151515151,0,0,0,11.363636363636363,10.606060606060606,0.7575757575757576,0
E00146348,147,123,81,42,0,0,0,0,0,24,19,5,0,83.6734693877551,55.10204081632652,28.57142857142857,0,0,0,0,0,16.3265306122449,12.925170068027212,3.4013605442176873,0
E00146349,136,124,74,50,0,0,1,0,1,11,4,7,0,91.17647058823529,54.41176470588235,36.76470588235294,0,0,0.7352941176470588,0,0.7352941176470588,8.088235294117647,2.941176470588235,5.147058823529411,0
E00146350,135,105,67,38,3,3,2,0,2,25,17,8,0,77.77777777777779,49.629629629629626,28.14814814814815,2.2222222222222223,2.2222222222222223,1.4814814814814816,0,1.4814814814814816,18.51851851851852,12.592592592592592,5.9259259259259265,0
E00146351,130,109,63,46,0,0,1,0,1,20,16,4,0,83.84615384615385,48.46153846153846,35.38461538461539,0,0,0.7692307692307693,0,0.7692307692307693,15.384615384615385,12.307692307692308,3.076923076923077,0
E00146352,152,117,75,42,0,0,3,0,3,32,24,8,0,76.97368421052632,49.34210526315789,27.631578947368425,0,0,1.9736842105263157,0,1.9736842105263157,21.052631578947366,15.789473684210526,5.263157894736842,0
E00146353,114,102,64,38,0,0,3,0,3,9,6,3,0,89.47368421052632,56.14035087719298,33.33333333333333,0,0,2.631578947368421,0,2.631578947368421,7.894736842105263,5.263157894736842,2.631578947368421,0
E00146354,132,110,75,35,1,1,1,1,0,20,15,5,0,83.33333333333334,56.81818181818182,26.515151515151516,0.7575757575757576,0.7575757575757576,0.7575757575757576,0.7575757575757576,0,15.151515151515152,11.363636363636363,3.787878787878788,0
E00146355,139,94,36,58,2,2,3,1,2,40,32,8,0,67.62589928057554,25.899280575539567,41.726618705035975,1.4388489208633095,1.4388489208633095,2.158273381294964,0.7194244604316548,1.4388489208633095,28.776978417266186,23.021582733812952,5.755395683453238,0
E00146356,106,68,39,29,0,0,34,0,34,4,3,1,0,64.15094339622641,36.79245283018868,27.358490566037734,0,0,32.075471698113205,0,32.075471698113205,3.7735849056603774,2.8301886792452833,0.9433962264150944,0
E00146357,124,79,36,43,0,0,30,3,27,15,14,1,0,63.70967741935484,29.03225806451613,34.67741935483871,0,0,24.193548387096776,2.4193548387096775,21.774193548387096,12.096774193548388,11.29032258064516,0.8064516129032258,0
E00146358,144,109,63,46,1,1,8,0,8,26,22,4,0,75.69444444444444,43.75,31.944444444444443,0.6944444444444444,0.6944444444444444,5.555555555555555,0,5.555555555555555,18.055555555555554,15.277777777777779,2.7777777777777777,0
E00146359,124,75,47,28,2,2,32,7,25,15,13,2,0,60.483870967741936,37.903225806451616,22.58064516129032,1.6129032258064515,1.6129032258064515,25.806451612903224,5.64516129032258,20.161290322580644,12.096774193548388,10.483870967741936,1.6129032258064515,0
E00146360,162,125,67,58,0,0,12,7,5,25,24,1,0,77.1604938271605,41.358024691358025,35.80246913580247,0,0,7.4074074074074066,4.320987654320987,3.0864197530864197,15.432098765432098,14.814814814814813,0.6172839506172839,0
E00146361,134,107,67,40,0,0,11,0,11,16,8,8,0,79.8507462686567,50,29.850746268656714,0,0,8.208955223880597,0,8.208955223880597,11.940298507462686,5.970149253731343,5.970149253731343,0
E00146362,164,140,77,63,0,0,0,0,0,24,16,8,0,85.36585365853658,46.95121951219512,38.41463414634146,0,0,0,0,0,14.634146341463413,9.75609756097561,4.878048780487805,0
E00146363,133,98,53,45,2,2,18,2,16,15,12,3,0,73.68421052631578,39.849624060150376,33.83458646616541,1.5037593984962405,1.5037593984962405,13.533834586466165,1.5037593984962405,12.030075187969924,11.278195488721805,9.022556390977442,2.2556390977443606,0
E00146364,120,112,64,48,0,0,0,0,0,8,4,4,0,93.33333333333333,53.333333333333336,40,0,0,0,0,0,6.666666666666667,3.3333333333333335,3.3333333333333335,0
E00146366,230,156,62,94,11,11,36,7,29,27,20,7,0,67.82608695652173,26.956521739130434,40.869565217391305,4.782608695652174,4.782608695652174,15.65217391304348,3.0434782608695654,12.608695652173912,11.73913043478261,8.695652173913043,3.0434782608695654,0
E00146368,99,85,46,39,1,1,3,1,2,10,8,2,0,85.85858585858585,46.464646464646464,39.39393939393939,1.0101010101010102,1.0101010101010102,3.0303030303030303,1.0101010101010102,2.0202020202020203,10.1010101010101,8.080808080808081,2.0202020202020203,0
E00146369,145,108,66,42,1,1,1,0,1,35,31,4,0,74.48275862068967,45.51724137931035,28.965517241379313,0.6896551724137931,0.6896551724137931,0.6896551724137931,0,0.6896551724137931,24.137931034482758,21.379310344827587,2.7586206896551726,0
E00146370,148,123,88,35,0,0,2,1,1,23,11,12,0,83.1081081081081,59.45945945945946,23.64864864864865,0,0,1.3513513513513513,0.6756756756756757,0.6756756756756757,15.54054054054054,7.4324324324324325,8.108108108108109,0
E00146371,78,61,39,22,0,0,8,1,7,9,7,2,0,78.2051282051282,50,28.205128205128204,0,0,10.256410256410255,1.282051282051282,8.974358974358974,11.538461538461538,8.974358974358974,2.564102564102564,0
E00146372,53,48,27,21,0,0,1,1,0,4,2,2,0,90.56603773584906,50.943396226415096,39.62264150943396,0,0,1.8867924528301887,1.8867924528301887,0,7.547169811320755,3.7735849056603774,3.7735849056603774,0
E00146373,145,96,55,41,2,2,17,4,13,30,28,2,0,66.20689655172414,37.93103448275862,28.27586206896552,1.3793103448275863,1.3793103448275863,11.724137931034482,2.7586206896551726,8.96551724137931,20.689655172413794,19.310344827586206,1.3793103448275863,0
E00146374,97,75,39,36,1,1,4,1,3,17,13,4,0,77.31958762886599,40.20618556701031,37.11340206185567,1.0309278350515463,1.0309278350515463,4.123711340206185,1.0309278350515463,3.0927835051546393,17.525773195876287,13.402061855670103,4.123711340206185,0
E00146375,119,80,40,40,0,0,21,4,17,18,14,4,0,67.22689075630252,33.61344537815126,33.61344537815126,0,0,17.647058823529413,3.361344537815126,14.285714285714285,15.126050420168067,11.76470588235294,3.361344537815126,0
E00146376,101,76,47,29,0,0,13,2,11,12,10,2,0,75.24752475247524,46.53465346534654,28.71287128712871,0,0,12.871287128712872,1.9801980198019802,10.891089108910892,11.881188118811881,9.900990099009901,1.9801980198019802,0
E00146377,225,158,88,70,6,6,27,4,23,34,29,5,0,70.22222222222221,39.111111111111114,31.11111111111111,2.666666666666667,2.666666666666667,12,1.7777777777777777,10.222222222222223,15.11111111111111,12.88888888888889,2.2222222222222223,0
E00146378,226,165,80,85,8,8,34,5,29,19,16,3,0,73.00884955752213,35.39823008849557,37.610619469026545,3.5398230088495577,3.5398230088495577,15.04424778761062,2.2123893805309733,12.831858407079647,8.4070796460177,7.079646017699115,1.3274336283185841,0
E00146379,128,95,60,35,1,1,14,3,11,18,15,3,0,74.21875,46.875,27.34375,0.78125,0.78125,10.9375,2.34375,8.59375,14.0625,11.71875,2.34375,0
E00146381,57,44,24,20,0,0,1,0,1,12,7,5,0,77.19298245614034,42.10526315789473,35.08771929824561,0,0,1.7543859649122806,0,1.7543859649122806,21.052631578947366,12.280701754385964,8.771929824561402,0
E00146382,94,41,29,12,0,0,46,10,36,7,4,3,0,43.61702127659575,30.851063829787233,12.76595744680851,0,0,48.93617021276596,10.638297872340425,38.297872340425535,7.446808510638298,4.25531914893617,3.1914893617021276,0
E00146384,121,97,54,43,0,0,6,0,6,18,12,6,0,80.16528925619835,44.62809917355372,35.53719008264463,0,0,4.958677685950414,0,4.958677685950414,14.87603305785124,9.917355371900827,4.958677685950414,0
E00146385,131,38,21,17,0,0,12,4,8,81,16,65,0,29.00763358778626,16.030534351145036,12.977099236641221,0,0,9.16030534351145,3.0534351145038165,6.106870229007633,61.832061068702295,12.213740458015266,49.61832061068702,0
E00146386,104,7,3,4,0,0,16,1,15,81,8,73,0,6.730769230769231,2.8846153846153846,3.8461538461538463,0,0,15.384615384615385,0.9615384615384616,14.423076923076922,77.88461538461539,7.6923076923076925,70.1923076923077,0
E00146387,138,102,44,58,0,0,1,0,1,35,30,5,0,73.91304347826086,31.88405797101449,42.028985507246375,0,0,0.7246376811594203,0,0.7246376811594203,25.36231884057971,21.73913043478261,3.6231884057971016,0
E00146388,151,120,66,54,0,0,1,1,0,30,25,5,0,79.47019867549669,43.70860927152318,35.76158940397351,0,0,0.6622516556291391,0.6622516556291391,0,19.867549668874172,16.55629139072848,3.3112582781456954,0
E00146389,161,97,51,46,0,0,7,0,7,57,48,9,0,60.24844720496895,31.67701863354037,28.57142857142857,0,0,4.3478260869565215,0,4.3478260869565215,35.40372670807454,29.81366459627329,5.590062111801243,0
E00146390,142,55,31,24,1,1,56,7,49,30,28,2,0,38.732394366197184,21.830985915492956,16.901408450704224,0.7042253521126761,0.7042253521126761,39.436619718309856,4.929577464788732,34.50704225352113,21.12676056338028,19.718309859154928,1.4084507042253522,0
E00146391,176,82,40,42,3,3,13,2,11,78,74,4,0,46.590909090909086,22.727272727272727,23.863636363636363,1.7045454545454544,1.7045454545454544,7.386363636363637,1.1363636363636365,6.25,44.31818181818182,42.04545454545455,2.272727272727273,0
E00146392,137,97,48,49,0,0,2,0,2,38,29,9,0,70.8029197080292,35.03649635036496,35.76642335766424,0,0,1.4598540145985401,0,1.4598540145985401,27.73722627737226,21.16788321167883,6.569343065693431,0
E00146393,162,129,80,49,0,0,1,0,1,32,30,2,0,79.62962962962963,49.382716049382715,30.246913580246915,0,0,0.6172839506172839,0,0.6172839506172839,19.753086419753085,18.51851851851852,1.2345679012345678,0
E00146394,110,98,45,53,0,0,0,0,0,12,9,3,0,89.0909090909091,40.909090909090914,48.18181818181818,0,0,0,0,0,10.909090909090908,8.181818181818182,2.727272727272727,0
E00146395,118,100,47,53,0,0,0,0,0,18,18,0,0,84.7457627118644,39.83050847457627,44.91525423728814,0,0,0,0,0,15.254237288135593,15.254237288135593,0,0
E00146396,150,106,58,48,0,0,9,0,9,35,33,2,0,70.66666666666667,38.666666666666664,32,0,0,6,0,6,23.333333333333332,22,1.3333333333333335,0
E00146397,128,92,46,46,1,1,1,0,1,34,33,1,0,71.875,35.9375,35.9375,0.78125,0.78125,0.78125,0,0.78125,26.5625,25.78125,0.78125,0
E00146398,126,106,59,47,0,0,2,0,2,18,15,3,0,84.12698412698413,46.82539682539682,37.301587301587304,0,0,1.5873015873015872,0,1.5873015873015872,14.285714285714285,11.904761904761903,2.380952380952381,0
E00146400,203,91,39,52,13,13,78,14,64,21,21,0,0,44.827586206896555,19.21182266009852,25.615763546798032,6.403940886699508,6.403940886699508,38.42364532019704,6.896551724137931,31.527093596059114,10.344827586206897,10.344827586206897,0,0
E00146401,64,17,7,10,0,0,2,1,1,45,36,9,0,26.5625,10.9375,15.625,0,0,3.125,1.5625,1.5625,70.3125,56.25,14.0625,0
E00146402,174,148,135,13,3,3,6,2,4,15,3,12,2,85.0574712643678,77.58620689655173,7.471264367816093,1.7241379310344827,1.7241379310344827,3.4482758620689653,1.1494252873563218,2.2988505747126435,8.620689655172415,1.7241379310344827,6.896551724137931,1.1494252873563218
E00146404,181,143,76,67,0,0,4,0,4,34,24,10,0,79.00552486187846,41.988950276243095,37.01657458563536,0,0,2.209944751381215,0,2.209944751381215,18.784530386740332,13.259668508287293,5.524861878453039,0
E00146405,143,123,83,40,0,0,0,0,0,20,8,12,0,86.01398601398601,58.04195804195804,27.972027972027973,0,0,0,0,0,13.986013986013987,5.594405594405594,8.391608391608392,0
E00146406,141,126,90,36,1,1,2,1,1,12,11,1,0,89.36170212765957,63.829787234042556,25.53191489361702,0.7092198581560284,0.7092198581560284,1.4184397163120568,0.7092198581560284,0.7092198581560284,8.51063829787234,7.801418439716312,0.7092198581560284,0
E00146407,142,106,62,44,0,0,31,9,22,5,4,1,0,74.64788732394366,43.66197183098591,30.985915492957744,0,0,21.830985915492956,6.338028169014084,15.492957746478872,3.5211267605633805,2.8169014084507045,0.7042253521126761,0
E00146408,76,70,69,1,1,1,2,0,2,3,2,1,0,92.10526315789474,90.78947368421053,1.3157894736842104,1.3157894736842104,1.3157894736842104,2.631578947368421,0,2.631578947368421,3.9473684210526314,2.631578947368421,1.3157894736842104,0
E00146409,129,88,49,39,0,0,26,2,24,15,9,6,0,68.21705426356588,37.98449612403101,30.23255813953488,0,0,20.155038759689923,1.550387596899225,18.6046511627907,11.627906976744185,6.976744186046512,4.651162790697675,0
E00146410,118,70,41,29,0,0,1,0,1,47,21,26,0,59.32203389830508,34.74576271186441,24.576271186440678,0,0,0.847457627118644,0,0.847457627118644,39.83050847457627,17.796610169491526,22.033898305084744,0
E00146411,128,94,49,45,0,0,22,2,20,12,7,5,0,73.4375,38.28125,35.15625,0,0,17.1875,1.5625,15.625,9.375,5.46875,3.90625,0
E00146412,116,42,24,18,1,1,2,0,2,71,15,56,0,36.206896551724135,20.689655172413794,15.517241379310345,0.8620689655172413,0.8620689655172413,1.7241379310344827,0,1.7241379310344827,61.206896551724135,12.931034482758621,48.275862068965516,0
E00146413,240,172,95,77,10,10,42,5,37,16,14,2,0,71.66666666666667,39.58333333333333,32.083333333333336,4.166666666666666,4.166666666666666,17.5,2.083333333333333,15.416666666666668,6.666666666666667,5.833333333333333,0.8333333333333334,0
E00146414,202,142,91,51,12,12,20,2,18,28,17,11,0,70.29702970297029,45.04950495049505,25.247524752475247,5.9405940594059405,5.9405940594059405,9.900990099009901,0.9900990099009901,8.91089108910891,13.861386138613863,8.415841584158416,5.445544554455446,0
E00146415,139,101,65,36,2,2,27,6,21,9,8,1,0,72.66187050359713,46.76258992805755,25.899280575539567,1.4388489208633095,1.4388489208633095,19.424460431654676,4.316546762589928,15.107913669064748,6.474820143884892,5.755395683453238,0.7194244604316548,0
E00146416,149,120,82,38,0,0,4,0,4,25,20,5,0,80.53691275167785,55.033557046979865,25.503355704697988,0,0,2.684563758389262,0,2.684563758389262,16.778523489932887,13.422818791946309,3.3557046979865772,0
E00146417,146,120,75,45,4,4,12,1,11,10,9,1,0,82.1917808219178,51.369863013698634,30.82191780821918,2.73972602739726,2.73972602739726,8.21917808219178,0.684931506849315,7.534246575342466,6.8493150684931505,6.164383561643835,0.684931506849315,0
E00146419,142,61,31,30,0,0,48,5,43,33,29,4,0,42.95774647887324,21.830985915492956,21.12676056338028,0,0,33.80281690140845,3.5211267605633805,30.28169014084507,23.239436619718308,20.422535211267608,2.8169014084507045,0
E00146420,81,19,5,14,0,0,2,0,2,60,4,56,0,23.456790123456788,6.172839506172839,17.28395061728395,0,0,2.4691358024691357,0,2.4691358024691357,74.07407407407408,4.938271604938271,69.1358024691358,0
E00146421,59,9,2,7,0,0,2,0,2,48,11,37,0,15.254237288135593,3.389830508474576,11.864406779661017,0,0,3.389830508474576,0,3.389830508474576,81.35593220338984,18.64406779661017,62.71186440677966,0
E00146423,115,28,13,15,0,0,25,3,22,62,11,51,0,24.347826086956523,11.304347826086957,13.043478260869565,0,0,21.73913043478261,2.608695652173913,19.130434782608695,53.91304347826087,9.565217391304348,44.34782608695652,0
E00146425,84,51,33,18,0,0,3,1,2,30,19,11,0,60.71428571428571,39.285714285714285,21.428571428571427,0,0,3.571428571428571,1.1904761904761905,2.380952380952381,35.714285714285715,22.61904761904762,13.095238095238097,0
E00146426,68,48,25,23,0,0,4,1,3,16,11,5,0,70.58823529411765,36.76470588235294,33.82352941176471,0,0,5.88235294117647,1.4705882352941175,4.411764705882353,23.52941176470588,16.176470588235293,7.352941176470589,0
E00146427,197,162,85,77,6,6,17,3,14,12,8,4,0,82.23350253807106,43.14720812182741,39.08629441624365,3.0456852791878175,3.0456852791878175,8.629441624365482,1.5228426395939088,7.1065989847715745,6.091370558375635,4.060913705583756,2.030456852791878,0
E00146428,129,54,28,26,1,1,68,8,60,6,5,1,0,41.86046511627907,21.705426356589147,20.155038759689923,0.7751937984496124,0.7751937984496124,52.71317829457365,6.2015503875969,46.51162790697674,4.651162790697675,3.875968992248062,0.7751937984496124,0
E00146429,193,138,75,63,7,7,24,4,20,23,18,5,1,71.50259067357513,38.860103626943,32.64248704663213,3.6269430051813467,3.6269430051813467,12.435233160621761,2.072538860103627,10.362694300518134,11.917098445595855,9.32642487046632,2.5906735751295336,0.5181347150259068
E00146430,134,103,55,48,0,0,12,2,10,19,15,4,0,76.86567164179104,41.04477611940299,35.82089552238806,0,0,8.955223880597014,1.4925373134328357,7.462686567164178,14.17910447761194,11.194029850746269,2.9850746268656714,0
E00146431,150,112,44,68,3,3,16,1,15,19,14,5,0,74.66666666666667,29.333333333333332,45.33333333333333,2,2,10.666666666666668,0.6666666666666667,10,12.666666666666668,9.333333333333334,3.3333333333333335,0
E00146432,162,143,88,55,2,2,1,0,1,16,13,3,0,88.27160493827161,54.32098765432099,33.95061728395062,1.2345679012345678,1.2345679012345678,0.6172839506172839,0,0.6172839506172839,9.876543209876543,8.024691358024691,1.8518518518518516,0
E00146433,71,58,35,23,0,0,3,0,3,10,8,2,0,81.69014084507043,49.29577464788733,32.3943661971831,0,0,4.225352112676056,0,4.225352112676056,14.084507042253522,11.267605633802818,2.8169014084507045,0
E00146434,109,97,63,34,0,0,1,1,0,11,11,0,0,88.9908256880734,57.798165137614674,31.19266055045872,0,0,0.9174311926605505,0.9174311926605505,0,10.091743119266056,10.091743119266056,0,0
E00146435,102,95,60,35,0,0,2,1,1,5,4,1,0,93.13725490196079,58.82352941176471,34.31372549019608,0,0,1.9607843137254901,0.9803921568627451,0.9803921568627451,4.901960784313726,3.9215686274509802,0.9803921568627451,0
E00146436,112,92,60,32,0,0,5,1,4,15,14,1,0,82.14285714285714,53.57142857142857,28.57142857142857,0,0,4.464285714285714,0.8928571428571428,3.571428571428571,13.392857142857142,12.5,0.8928571428571428,0
E00146437,89,63,40,23,1,1,19,3,16,6,6,0,0,70.78651685393258,44.9438202247191,25.842696629213485,1.1235955056179776,1.1235955056179776,21.34831460674157,3.3707865168539324,17.97752808988764,6.741573033707865,6.741573033707865,0,0
E00146438,43,40,28,12,0,0,1,0,1,2,2,0,0,93.02325581395348,65.11627906976744,27.906976744186046,0,0,2.3255813953488373,0,2.3255813953488373,4.651162790697675,4.651162790697675,0,0
E00146439,114,103,72,31,0,0,0,0,0,11,9,2,0,90.35087719298247,63.1578947368421,27.192982456140353,0,0,0,0,0,9.649122807017543,7.894736842105263,1.7543859649122806,0
E00146440,116,46,23,23,0,0,53,14,39,17,14,3,0,39.6551724137931,19.82758620689655,19.82758620689655,0,0,45.689655172413794,12.068965517241379,33.62068965517241,14.655172413793101,12.068965517241379,2.586206896551724,0
E00146441,102,84,53,31,1,1,2,0,2,15,12,3,0,82.35294117647058,51.9607843137255,30.392156862745097,0.9803921568627451,0.9803921568627451,1.9607843137254901,0,1.9607843137254901,14.705882352941178,11.76470588235294,2.941176470588235,0
E00146443,120,42,24,18,1,1,71,10,61,6,2,4,0,35,20,15,0.8333333333333334,0.8333333333333334,59.166666666666664,8.333333333333332,50.83333333333333,5,1.6666666666666667,3.3333333333333335,0
E00146444,147,122,76,46,0,0,8,1,7,17,15,2,0,82.99319727891157,51.70068027210885,31.292517006802722,0,0,5.442176870748299,0.6802721088435374,4.761904761904762,11.564625850340136,10.204081632653061,1.3605442176870748,0
E00146445,120,71,42,29,1,1,35,9,26,13,12,1,0,59.166666666666664,35,24.166666666666668,0.8333333333333334,0.8333333333333334,29.166666666666668,7.5,21.666666666666668,10.833333333333334,10,0.8333333333333334,0
E00146446,115,104,60,44,0,0,1,0,1,10,10,0,0,90.43478260869566,52.17391304347826,38.26086956521739,0,0,0.8695652173913043,0,0.8695652173913043,8.695652173913043,8.695652173913043,0,0
E00146447,96,58,29,29,0,0,9,6,3,29,3,26,0,60.416666666666664,30.208333333333332,30.208333333333332,0,0,9.375,6.25,3.125,30.208333333333332,3.125,27.083333333333332,0
E00146448,126,110,77,33,1,1,2,0,2,13,9,4,0,87.3015873015873,61.111111111111114,26.190476190476193,0.7936507936507936,0.7936507936507936,1.5873015873015872,0,1.5873015873015872,10.317460317460316,7.142857142857142,3.1746031746031744,0
E00146449,142,127,76,51,0,0,2,0,2,13,11,2,0,89.43661971830986,53.52112676056338,35.91549295774648,0,0,1.4084507042253522,0,1.4084507042253522,9.15492957746479,7.746478873239436,1.4084507042253522,0
E00146450,159,63,27,36,1,1,81,12,69,14,13,1,0,39.62264150943396,16.9811320754717,22.641509433962266,0.628930817610063,0.628930817610063,50.943396226415096,7.547169811320755,43.39622641509434,8.80503144654088,8.176100628930817,0.628930817610063,0
E00146451,242,183,81,102,6,6,32,3,29,21,16,5,0,75.6198347107438,33.47107438016529,42.14876033057851,2.479338842975207,2.479338842975207,13.223140495867769,1.2396694214876034,11.983471074380166,8.677685950413224,6.6115702479338845,2.066115702479339,0
E00146452,165,138,79,59,0,0,10,0,10,17,15,2,0,83.63636363636363,47.878787878787875,35.75757575757576,0,0,6.0606060606060606,0,6.0606060606060606,10.303030303030303,9.090909090909092,1.2121212121212122,0
E00146453,143,71,40,31,0,0,62,14,48,10,9,1,0,49.65034965034965,27.972027972027973,21.678321678321677,0,0,43.35664335664335,9.79020979020979,33.56643356643357,6.993006993006993,6.293706293706294,0.6993006993006993,0
E00146454,228,162,72,90,13,13,32,4,28,21,18,3,0,71.05263157894737,31.57894736842105,39.473684210526315,5.701754385964912,5.701754385964912,14.035087719298245,1.7543859649122806,12.280701754385964,9.210526315789473,7.894736842105263,1.3157894736842104,0
E00146455,125,112,58,54,0,0,2,0,2,11,9,2,0,89.60000000000001,46.400000000000006,43.2,0,0,1.6,0,1.6,8.799999999999999,7.199999999999999,1.6,0
E00146456,162,124,61,63,0,0,19,2,17,19,18,1,0,76.5432098765432,37.65432098765432,38.88888888888889,0,0,11.728395061728394,1.2345679012345678,10.493827160493826,11.728395061728394,11.11111111111111,0.6172839506172839,0
E00146457,198,157,72,85,1,1,32,2,30,8,8,0,0,79.29292929292929,36.36363636363637,42.92929292929293,0.5050505050505051,0.5050505050505051,16.161616161616163,1.0101010101010102,15.151515151515152,4.040404040404041,4.040404040404041,0,0
E00146458,155,111,65,46,4,4,34,7,27,6,3,3,0,71.61290322580646,41.935483870967744,29.677419354838708,2.5806451612903225,2.5806451612903225,21.935483870967744,4.516129032258064,17.419354838709676,3.870967741935484,1.935483870967742,1.935483870967742,0
E00146459,173,120,74,46,1,1,7,1,6,45,40,5,0,69.36416184971098,42.77456647398844,26.589595375722542,0.5780346820809248,0.5780346820809248,4.046242774566474,0.5780346820809248,3.4682080924855487,26.011560693641616,23.121387283236995,2.8901734104046244,0
E00146460,192,123,53,70,6,6,48,6,42,15,13,2,0,64.0625,27.604166666666668,36.45833333333333,3.125,3.125,25,3.125,21.875,7.8125,6.770833333333333,1.0416666666666665,0
E00146461,131,123,80,43,0,0,1,0,1,7,5,2,0,93.89312977099237,61.06870229007634,32.82442748091603,0,0,0.7633587786259541,0,0.7633587786259541,5.343511450381679,3.816793893129771,1.5267175572519083,0
E00146462,118,109,60,49,0,0,3,0,3,6,6,0,0,92.37288135593221,50.847457627118644,41.52542372881356,0,0,2.5423728813559325,0,2.5423728813559325,5.084745762711865,5.084745762711865,0,0
E00146463,119,104,49,55,0,0,4,1,3,11,11,0,0,87.39495798319328,41.17647058823529,46.21848739495798,0,0,3.361344537815126,0.8403361344537815,2.5210084033613445,9.243697478991598,9.243697478991598,0,0
E00146464,128,115,80,35,1,1,2,0,2,10,7,3,0,89.84375,62.5,27.34375,0.78125,0.78125,1.5625,0,1.5625,7.8125,5.46875,2.34375,0
E00146465,138,79,39,40,4,4,46,9,37,9,7,2,0,57.2463768115942,28.26086956521739,28.985507246376812,2.898550724637681,2.898550724637681,33.33333333333333,6.521739130434782,26.811594202898554,6.521739130434782,5.072463768115942,1.4492753623188406,0
E00146466,209,165,62,103,0,0,28,5,23,15,11,4,1,78.94736842105263,29.665071770334926,49.282296650717704,0,0,13.397129186602871,2.3923444976076556,11.004784688995215,7.177033492822966,5.263157894736842,1.9138755980861244,0.4784688995215311
E00146468,127,98,56,42,2,2,18,2,16,9,6,3,0,77.16535433070865,44.09448818897638,33.07086614173229,1.574803149606299,1.574803149606299,14.173228346456693,1.574803149606299,12.598425196850393,7.086614173228346,4.724409448818897,2.3622047244094486,0
E00146469,183,114,63,51,8,8,32,6,26,29,26,3,0,62.295081967213115,34.42622950819672,27.86885245901639,4.371584699453552,4.371584699453552,17.48633879781421,3.278688524590164,14.207650273224044,15.846994535519126,14.207650273224044,1.639344262295082,0
E00146470,155,130,78,52,0,0,11,3,8,14,10,4,0,83.87096774193549,50.32258064516129,33.5483870967742,0,0,7.096774193548387,1.935483870967742,5.161290322580645,9.032258064516128,6.451612903225806,2.5806451612903225,0
E00146471,216,40,23,17,29,29,129,22,107,17,15,2,1,18.51851851851852,10.648148148148149,7.87037037037037,13.425925925925927,13.425925925925927,59.72222222222222,10.185185185185185,49.53703703703704,7.87037037037037,6.944444444444445,0.9259259259259258,0.4629629629629629
E00146472,158,107,46,61,0,0,44,6,38,7,7,0,0,67.72151898734177,29.11392405063291,38.607594936708864,0,0,27.848101265822784,3.79746835443038,24.050632911392405,4.430379746835443,4.430379746835443,0,0
E00146474,161,137,104,33,4,4,2,0,2,18,12,6,0,85.09316770186336,64.59627329192547,20.496894409937887,2.484472049689441,2.484472049689441,1.2422360248447204,0,1.2422360248447204,11.180124223602485,7.453416149068323,3.7267080745341614,0
E00146475,141,104,59,45,5,5,8,0,8,24,22,2,0,73.75886524822694,41.843971631205676,31.914893617021278,3.546099290780142,3.546099290780142,5.673758865248227,0,5.673758865248227,17.02127659574468,15.602836879432624,1.4184397163120568,0
E00146477,123,106,54,52,0,0,1,0,1,16,12,4,0,86.1788617886179,43.90243902439025,42.27642276422765,0,0,0.8130081300813009,0,0.8130081300813009,13.008130081300814,9.75609756097561,3.2520325203252036,0
E00146478,143,112,65,47,8,8,17,0,17,6,4,2,0,78.32167832167832,45.45454545454545,32.86713286713287,5.594405594405594,5.594405594405594,11.888111888111888,0,11.888111888111888,4.195804195804196,2.797202797202797,1.3986013986013985,0
E00146479,128,90,47,43,0,0,34,1,33,4,4,0,0,70.3125,36.71875,33.59375,0,0,26.5625,0.78125,25.78125,3.125,3.125,0,0
E00146480,113,61,31,30,1,1,35,2,33,16,15,1,0,53.98230088495575,27.43362831858407,26.548672566371685,0.8849557522123894,0.8849557522123894,30.973451327433626,1.7699115044247788,29.20353982300885,14.15929203539823,13.274336283185843,0.8849557522123894,0
E00146481,127,99,65,34,1,1,3,0,3,24,15,9,0,77.95275590551181,51.181102362204726,26.77165354330709,0.7874015748031495,0.7874015748031495,2.3622047244094486,0,2.3622047244094486,18.89763779527559,11.811023622047244,7.086614173228346,0
E00146482,123,104,67,37,1,1,5,1,4,13,8,5,0,84.5528455284553,54.47154471544715,30.081300813008134,0.8130081300813009,0.8130081300813009,4.0650406504065035,0.8130081300813009,3.2520325203252036,10.569105691056912,6.504065040650407,4.0650406504065035,0
E00146483,202,120,45,75,10,10,61,5,56,11,6,5,0,59.4059405940594,22.277227722772277,37.12871287128713,4.9504950495049505,4.9504950495049505,30.198019801980198,2.4752475247524752,27.722772277227726,5.445544554455446,2.9702970297029703,2.4752475247524752,0
E00146484,134,97,58,39,0,0,28,4,24,9,7,2,0,72.38805970149254,43.28358208955223,29.1044776119403,0,0,20.8955223880597,2.9850746268656714,17.91044776119403,6.7164179104477615,5.223880597014925,1.4925373134328357,0
E00146485,123,89,57,32,1,1,19,1,18,14,9,5,0,72.35772357723577,46.34146341463415,26.01626016260163,0.8130081300813009,0.8130081300813009,15.447154471544716,0.8130081300813009,14.634146341463413,11.38211382113821,7.317073170731707,4.0650406504065035,0
E00146486,123,72,37,35,0,0,36,6,30,15,12,3,0,58.536585365853654,30.081300813008134,28.455284552845526,0,0,29.268292682926827,4.878048780487805,24.390243902439025,12.195121951219512,9.75609756097561,2.4390243902439024,0
E00146487,123,89,42,47,3,3,6,1,5,25,20,5,0,72.35772357723577,34.146341463414636,38.21138211382114,2.4390243902439024,2.4390243902439024,4.878048780487805,0.8130081300813009,4.0650406504065035,20.32520325203252,16.260162601626014,4.0650406504065035,0
E00146488,120,94,54,40,0,0,14,4,10,12,10,2,0,78.33333333333333,45,33.33333333333333,0,0,11.666666666666666,3.3333333333333335,8.333333333333332,10,8.333333333333332,1.6666666666666667,0
E00146489,151,67,31,36,4,4,64,7,57,16,16,0,0,44.370860927152314,20.52980132450331,23.841059602649008,2.6490066225165565,2.6490066225165565,42.384105960264904,4.635761589403973,37.74834437086093,10.596026490066226,10.596026490066226,0,0
E00173190,173,99,61,38,1,1,13,0,13,60,51,9,0,57.22543352601156,35.26011560693642,21.965317919075144,0.5780346820809248,0.5780346820809248,7.514450867052023,0,7.514450867052023,34.68208092485549,29.47976878612717,5.202312138728324,0
E00173191,50,5,1,4,0,0,7,2,5,38,3,35,0,10,2,8,0,0,14.000000000000002,4,10,76,6,70,0
E00173192,46,6,1,5,0,0,5,0,5,35,8,27,0,13.043478260869565,2.1739130434782608,10.869565217391305,0,0,10.869565217391305,0,10.869565217391305,76.08695652173914,17.391304347826086,58.69565217391305,0
E00173193,109,34,16,18,1,1,10,1,9,64,59,5,0,31.19266055045872,14.678899082568808,16.51376146788991,0.9174311926605505,0.9174311926605505,9.174311926605505,0.9174311926605505,8.256880733944955,58.71559633027523,54.12844036697248,4.587155963302752,0
E00173194,120,38,14,24,17,17,24,2,22,41,37,4,0,31.666666666666664,11.666666666666666,20,14.166666666666666,14.166666666666666,20,1.6666666666666667,18.333333333333332,34.166666666666664,30.833333333333336,3.3333333333333335,0
E00173195,182,63,25,38,1,1,49,10,39,69,66,3,0,34.61538461538461,13.736263736263737,20.87912087912088,0.5494505494505495,0.5494505494505495,26.923076923076923,5.4945054945054945,21.428571428571427,37.91208791208791,36.26373626373626,1.6483516483516485,0
E00173196,82,36,16,20,1,1,1,0,1,44,41,3,0,43.90243902439025,19.51219512195122,24.390243902439025,1.2195121951219512,1.2195121951219512,1.2195121951219512,0,1.2195121951219512,53.65853658536586,50,3.6585365853658534,0
E00173198,185,122,50,72,3,3,38,8,30,22,19,3,0,65.94594594594595,27.027027027027028,38.91891891891892,1.6216216216216217,1.6216216216216217,20.54054054054054,4.324324324324325,16.216216216216218,11.891891891891893,10.27027027027027,1.6216216216216217,0
E00173200,111,63,46,17,5,5,10,3,7,33,32,1,0,56.75675675675676,41.44144144144144,15.315315315315313,4.504504504504505,4.504504504504505,9.00900900900901,2.7027027027027026,6.306306306306306,29.72972972972973,28.82882882882883,0.9009009009009009,0
E00173201,105,50,23,27,3,3,7,2,5,45,41,4,0,47.61904761904761,21.904761904761905,25.71428571428571,2.857142857142857,2.857142857142857,6.666666666666667,1.9047619047619049,4.761904761904762,42.857142857142854,39.04761904761905,3.8095238095238098,0
E00173202,125,31,10,21,3,3,32,5,27,59,51,8,0,24.8,8,16.8,2.4,2.4,25.6,4,21.6,47.199999999999996,40.8,6.4,0
E00173203,107,46,18,28,5,5,15,2,13,41,36,5,0,42.99065420560748,16.822429906542055,26.168224299065418,4.672897196261682,4.672897196261682,14.018691588785046,1.8691588785046727,12.149532710280374,38.31775700934579,33.64485981308411,4.672897196261682,0
E00173204,220,102,53,49,0,0,2,1,1,116,109,7,0,46.36363636363636,24.09090909090909,22.272727272727273,0,0,0.9090909090909091,0.45454545454545453,0.45454545454545453,52.72727272727272,49.54545454545455,3.1818181818181817,0
E00173205,112,83,50,33,0,0,10,1,9,19,18,1,0,74.10714285714286,44.642857142857146,29.464285714285715,0,0,8.928571428571429,0.8928571428571428,8.035714285714286,16.964285714285715,16.071428571428573,0.8928571428571428,0
E00173206,70,35,20,15,0,0,11,5,6,24,10,14,0,50,28.57142857142857,21.428571428571427,0,0,15.714285714285714,7.142857142857142,8.571428571428571,34.285714285714285,14.285714285714285,20,0
E00173207,48,8,2,6,0,0,0,0,0,40,4,36,0,16.666666666666664,4.166666666666666,12.5,0,0,0,0,0,83.33333333333334,8.333333333333332,75,0
E00173209,129,75,26,49,3,3,36,8,28,15,11,4,0,58.139534883720934,20.155038759689923,37.98449612403101,2.3255813953488373,2.3255813953488373,27.906976744186046,6.2015503875969,21.705426356589147,11.627906976744185,8.527131782945736,3.10077519379845,0
E00173211,70,7,2,5,14,14,44,6,38,5,5,0,0,10,2.857142857142857,7.142857142857142,20,20,62.857142857142854,8.571428571428571,54.285714285714285,7.142857142857142,7.142857142857142,0,0
E00185850,230,132,47,85,7,7,59,10,49,32,19,13,0,57.391304347826086,20.434782608695652,36.95652173913043,3.0434782608695654,3.0434782608695654,25.65217391304348,4.3478260869565215,21.304347826086957,13.91304347826087,8.26086956521739,5.6521739130434785,0
E00185859,55,18,8,10,6,6,23,0,23,8,8,0,0,32.72727272727273,14.545454545454545,18.181818181818183,10.909090909090908,10.909090909090908,41.81818181818181,0,41.81818181818181,14.545454545454545,14.545454545454545,0,0
E00185861,45,41,16,25,0,0,3,0,3,1,0,1,0,91.11111111111111,35.55555555555556,55.55555555555556,0,0,6.666666666666667,0,6.666666666666667,2.2222222222222223,0,2.2222222222222223,0
E00185862,153,88,21,67,7,7,29,3,26,29,25,4,0,57.51633986928104,13.725490196078432,43.790849673202615,4.57516339869281,4.57516339869281,18.954248366013072,1.9607843137254901,16.99346405228758,18.954248366013072,16.33986928104575,2.6143790849673203,0
E00185864,46,33,10,23,4,4,1,0,1,8,4,4,0,71.73913043478261,21.73913043478261,50,8.695652173913043,8.695652173913043,2.1739130434782608,0,2.1739130434782608,17.391304347826086,8.695652173913043,8.695652173913043,0
E00185870,213,184,76,108,3,3,0,0,0,26,21,5,0,86.3849765258216,35.68075117370892,50.70422535211267,1.4084507042253522,1.4084507042253522,0,0,0,12.206572769953052,9.859154929577464,2.3474178403755865,0
E00185876,176,110,8,102,22,22,26,4,22,18,17,1,0,62.5,4.545454545454546,57.95454545454546,12.5,12.5,14.772727272727273,2.272727272727273,12.5,10.227272727272728,9.659090909090908,0.5681818181818182,0
E00185877,120,86,51,35,0,0,14,2,12,20,16,4,0,71.66666666666667,42.5,29.166666666666668,0,0,11.666666666666666,1.6666666666666667,10,16.666666666666664,13.333333333333334,3.3333333333333335,0
E00185880,155,92,42,50,7,7,43,5,38,13,12,1,0,59.354838709677416,27.09677419354839,32.25806451612903,4.516129032258064,4.516129032258064,27.741935483870968,3.225806451612903,24.516129032258064,8.38709677419355,7.741935483870968,0.6451612903225806,0
E00185881,121,77,7,70,11,11,25,4,21,8,5,3,0,63.63636363636363,5.785123966942149,57.85123966942148,9.090909090909092,9.090909090909092,20.66115702479339,3.3057851239669422,17.355371900826448,6.6115702479338845,4.132231404958678,2.479338842975207,0
E00185897,89,79,42,37,0,0,1,0,1,9,7,2,0,88.76404494382022,47.19101123595505,41.57303370786517,0,0,1.1235955056179776,0,1.1235955056179776,10.112359550561797,7.865168539325842,2.247191011235955,0
E00185898,93,57,42,15,2,2,23,12,11,11,10,1,0,61.29032258064516,45.16129032258064,16.129032258064516,2.1505376344086025,2.1505376344086025,24.731182795698924,12.903225806451612,11.827956989247312,11.827956989247312,10.75268817204301,1.0752688172043012,0
E00185900,47,40,19,21,0,0,0,0,0,7,6,1,0,85.1063829787234,40.42553191489361,44.680851063829785,0,0,0,0,0,14.893617021276595,12.76595744680851,2.127659574468085,0
E00185901,85,37,30,7,1,1,38,6,32,9,7,2,0,43.529411764705884,35.294117647058826,8.235294117647058,1.1764705882352942,1.1764705882352942,44.70588235294118,7.0588235294117645,37.64705882352941,10.588235294117647,8.235294117647058,2.3529411764705883,0
E00185911,116,102,55,47,0,0,0,0,0,14,11,3,0,87.93103448275862,47.41379310344828,40.51724137931034,0,0,0,0,0,12.068965517241379,9.482758620689655,2.586206896551724,0
E00185915,144,59,33,26,3,3,44,2,42,38,32,6,0,40.97222222222222,22.916666666666664,18.055555555555554,2.083333333333333,2.083333333333333,30.555555555555557,1.3888888888888888,29.166666666666668,26.38888888888889,22.22222222222222,4.166666666666666,0
E00185916,141,62,17,45,9,9,38,6,32,32,32,0,0,43.97163120567376,12.056737588652481,31.914893617021278,6.382978723404255,6.382978723404255,26.95035460992908,4.25531914893617,22.69503546099291,22.69503546099291,22.69503546099291,0,0
E00185920,136,80,17,63,9,9,38,4,34,9,7,2,0,58.82352941176471,12.5,46.32352941176471,6.61764705882353,6.61764705882353,27.941176470588236,2.941176470588235,25,6.61764705882353,5.147058823529411,1.4705882352941175,0
E00185927,171,118,42,76,14,14,24,6,18,15,9,6,0,69.00584795321637,24.561403508771928,44.44444444444444,8.187134502923977,8.187134502923977,14.035087719298245,3.508771929824561,10.526315789473683,8.771929824561402,5.263157894736842,3.508771929824561,0
E00185930,151,142,84,58,0,0,0,0,0,9,9,0,0,94.03973509933775,55.62913907284768,38.41059602649007,0,0,0,0,0,5.960264900662252,5.960264900662252,0,0
E00185933,201,127,44,83,5,5,42,5,37,27,22,5,0,63.18407960199005,21.890547263681594,41.29353233830846,2.4875621890547266,2.4875621890547266,20.8955223880597,2.4875621890547266,18.407960199004975,13.432835820895523,10.945273631840797,2.4875621890547266,0
E00185934,157,90,17,73,13,13,44,2,42,9,9,0,1,57.324840764331206,10.828025477707007,46.496815286624205,8.280254777070063,8.280254777070063,28.02547770700637,1.2738853503184715,26.751592356687897,5.7324840764331215,5.7324840764331215,0,0.6369426751592357
E00185937,70,62,13,49,2,2,2,0,2,4,2,2,0,88.57142857142857,18.571428571428573,70,2.857142857142857,2.857142857142857,2.857142857142857,0,2.857142857142857,5.714285714285714,2.857142857142857,2.857142857142857,0
E00185938,105,84,47,37,0,0,12,2,10,9,8,1,0,80,44.761904761904766,35.23809523809524,0,0,11.428571428571429,1.9047619047619049,9.523809523809524,8.571428571428571,7.6190476190476195,0.9523809523809524,0
E00185940,46,20,6,14,0,0,21,5,16,5,1,4,0,43.47826086956522,13.043478260869565,30.434782608695656,0,0,45.65217391304348,10.869565217391305,34.78260869565217,10.869565217391305,2.1739130434782608,8.695652173913043,0
E00185944,43,37,27,10,0,0,2,0,2,4,1,3,0,86.04651162790698,62.7906976744186,23.25581395348837,0,0,4.651162790697675,0,4.651162790697675,9.30232558139535,2.3255813953488373,6.976744186046512,0
E00185948,58,16,5,11,3,3,32,6,26,7,7,0,0,27.586206896551722,8.620689655172415,18.96551724137931,5.172413793103448,5.172413793103448,55.172413793103445,10.344827586206897,44.827586206896555,12.068965517241379,12.068965517241379,0,0
E00185949,163,48,7,41,13,13,43,6,37,59,9,50,0,29.447852760736197,4.294478527607362,25.153374233128833,7.975460122699387,7.975460122699387,26.380368098159508,3.6809815950920246,22.699386503067483,36.19631901840491,5.521472392638037,30.67484662576687,0
E00185951,118,89,8,81,14,14,7,1,6,8,6,2,0,75.42372881355932,6.779661016949152,68.64406779661016,11.864406779661017,11.864406779661017,5.932203389830509,0.847457627118644,5.084745762711865,6.779661016949152,5.084745762711865,1.694915254237288,0
E00185952,70,64,22,42,0,0,0,0,0,6,6,0,0,91.42857142857143,31.428571428571427,60,0,0,0,0,0,8.571428571428571,8.571428571428571,0,0
E00185955,89,56,29,27,3,3,9,1,8,21,20,1,0,62.92134831460674,32.58426966292135,30.337078651685395,3.3707865168539324,3.3707865168539324,10.112359550561797,1.1235955056179776,8.98876404494382,23.595505617977526,22.47191011235955,1.1235955056179776,0
E00185957,113,104,64,40,0,0,4,0,4,5,4,1,0,92.03539823008849,56.63716814159292,35.39823008849557,0,0,3.5398230088495577,0,3.5398230088495577,4.424778761061947,3.5398230088495577,0.8849557522123894,0
E00185958,145,29,9,20,0,0,3,0,3,113,104,9,0,20,6.206896551724138,13.793103448275861,0,0,2.0689655172413794,0,2.0689655172413794,77.93103448275862,71.72413793103448,6.206896551724138,0
E00185965,126,103,68,35,0,0,5,0,5,18,16,2,0,81.74603174603175,53.96825396825397,27.77777777777778,0,0,3.968253968253968,0,3.968253968253968,14.285714285714285,12.698412698412698,1.5873015873015872,0
E00185971,153,110,56,54,1,1,4,0,4,38,30,8,0,71.89542483660131,36.60130718954248,35.294117647058826,0.6535947712418301,0.6535947712418301,2.6143790849673203,0,2.6143790849673203,24.836601307189543,19.607843137254903,5.228758169934641,0
E00185987,216,166,37,129,19,19,29,4,25,2,2,0,0,76.85185185185185,17.12962962962963,59.72222222222222,8.796296296296296,8.796296296296296,13.425925925925927,1.8518518518518516,11.574074074074074,0.9259259259259258,0.9259259259259258,0,0
E00185991,133,106,17,89,3,3,7,1,6,17,13,4,0,79.69924812030075,12.781954887218044,66.9172932330827,2.2556390977443606,2.2556390977443606,5.263157894736842,0.7518796992481203,4.511278195488721,12.781954887218044,9.774436090225564,3.007518796992481,0
E00185992,128,51,23,28,6,6,20,3,17,51,49,2,0,39.84375,17.96875,21.875,4.6875,4.6875,15.625,2.34375,13.28125,39.84375,38.28125,1.5625,0
E00185993,213,113,11,102,26,26,72,8,64,2,2,0,0,53.051643192488264,5.164319248826291,47.88732394366197,12.206572769953052,12.206572769953052,33.80281690140845,3.755868544600939,30.046948356807512,0.9389671361502347,0.9389671361502347,0,0
E00185994,235,149,12,137,41,41,32,4,28,13,13,0,0,63.40425531914894,5.106382978723404,58.29787234042553,17.4468085106383,17.4468085106383,13.617021276595745,1.702127659574468,11.914893617021278,5.531914893617021,5.531914893617021,0,0
E00185996,154,122,4,118,1,1,21,4,17,10,4,6,0,79.22077922077922,2.5974025974025974,76.62337662337663,0.6493506493506493,0.6493506493506493,13.636363636363635,2.5974025974025974,11.03896103896104,6.493506493506493,2.5974025974025974,3.896103896103896,0
E00185998,169,109,28,81,15,15,30,4,26,15,13,2,0,64.49704142011834,16.56804733727811,47.928994082840234,8.875739644970414,8.875739644970414,17.75147928994083,2.366863905325444,15.384615384615385,8.875739644970414,7.6923076923076925,1.183431952662722,0
E00186008,59,29,5,24,7,7,15,1,14,8,5,3,0,49.152542372881356,8.47457627118644,40.67796610169492,11.864406779661017,11.864406779661017,25.423728813559322,1.694915254237288,23.728813559322035,13.559322033898304,8.47457627118644,5.084745762711865,0
E00186009,189,85,42,43,43,43,34,4,30,27,26,1,0,44.97354497354497,22.22222222222222,22.75132275132275,22.75132275132275,22.75132275132275,17.989417989417987,2.1164021164021163,15.873015873015872,14.285714285714285,13.756613756613756,0.5291005291005291,0
E00186013,140,98,3,95,27,27,2,0,2,13,10,3,0,70,2.142857142857143,67.85714285714286,19.28571428571429,19.28571428571429,1.4285714285714286,0,1.4285714285714286,9.285714285714286,7.142857142857142,2.142857142857143,0
E00186015,93,82,57,25,0,0,3,0,3,8,7,1,0,88.17204301075269,61.29032258064516,26.881720430107524,0,0,3.225806451612903,0,3.225806451612903,8.60215053763441,7.526881720430108,1.0752688172043012,0
E00186016,72,38,9,29,7,7,17,5,12,10,8,2,0,52.77777777777778,12.5,40.27777777777778,9.722222222222223,9.722222222222223,23.61111111111111,6.944444444444445,16.666666666666664,13.88888888888889,11.11111111111111,2.7777777777777777,0
E00186024,96,61,3,58,1,1,29,4,25,5,4,1,0,63.541666666666664,3.125,60.416666666666664,1.0416666666666665,1.0416666666666665,30.208333333333332,4.166666666666666,26.041666666666668,5.208333333333334,4.166666666666666,1.0416666666666665,0
E00186030,172,80,8,72,18,18,70,4,66,4,4,0,0,46.51162790697674,4.651162790697675,41.86046511627907,10.465116279069768,10.465116279069768,40.69767441860465,2.3255813953488373,38.372093023255815,2.3255813953488373,2.3255813953488373,0,0
E00186037,182,102,28,74,20,20,54,6,48,6,5,1,0,56.043956043956044,15.384615384615385,40.65934065934066,10.989010989010989,10.989010989010989,29.67032967032967,3.296703296703297,26.373626373626376,3.296703296703297,2.7472527472527473,0.5494505494505495,0
E00186041,152,38,10,28,13,13,53,5,48,48,17,31,0,25,6.578947368421052,18.421052631578945,8.552631578947368,8.552631578947368,34.868421052631575,3.289473684210526,31.57894736842105,31.57894736842105,11.18421052631579,20.394736842105264,0
E00186042,225,148,23,125,26,26,42,5,37,9,7,2,0,65.77777777777779,10.222222222222223,55.55555555555556,11.555555555555555,11.555555555555555,18.666666666666668,2.2222222222222223,16.444444444444446,4,3.111111111111111,0.8888888888888888,0
E00186043,82,37,4,33,4,4,29,6,23,12,11,1,0,45.1219512195122,4.878048780487805,40.243902439024396,4.878048780487805,4.878048780487805,35.36585365853659,7.317073170731707,28.04878048780488,14.634146341463413,13.414634146341465,1.2195121951219512,0
E00186044,63,38,16,22,0,0,9,1,8,16,13,3,0,60.317460317460316,25.396825396825395,34.92063492063492,0,0,14.285714285714285,1.5873015873015872,12.698412698412698,25.396825396825395,20.634920634920633,4.761904761904762,0
E00186050,138,67,37,30,2,2,14,4,10,55,55,0,0,48.55072463768116,26.811594202898554,21.73913043478261,1.4492753623188406,1.4492753623188406,10.144927536231885,2.898550724637681,7.246376811594203,39.85507246376812,39.85507246376812,0,0
E00186052,168,82,30,52,20,20,43,4,39,21,20,1,2,48.80952380952381,17.857142857142858,30.952380952380953,11.904761904761903,11.904761904761903,25.595238095238095,2.380952380952381,23.214285714285715,12.5,11.904761904761903,0.5952380952380952,1.1904761904761905
E00186059,137,101,62,39,0,0,14,0,14,22,15,7,0,73.72262773722628,45.25547445255474,28.467153284671532,0,0,10.218978102189782,0,10.218978102189782,16.05839416058394,10.948905109489052,5.109489051094891,0
E00186060,205,104,49,55,15,15,43,5,38,43,25,18,0,50.73170731707317,23.902439024390244,26.82926829268293,7.317073170731707,7.317073170731707,20.975609756097562,2.4390243902439024,18.536585365853657,20.975609756097562,12.195121951219512,8.780487804878048,0
E00186069,137,71,35,36,0,0,53,7,46,13,12,1,0,51.82481751824818,25.547445255474454,26.277372262773724,0,0,38.68613138686132,5.109489051094891,33.57664233576642,9.48905109489051,8.75912408759124,0.7299270072992701,0
E00186070,191,170,68,102,1,1,0,0,0,20,16,4,0,89.00523560209425,35.602094240837694,53.403141361256544,0.5235602094240838,0.5235602094240838,0,0,0,10.471204188481675,8.37696335078534,2.094240837696335,0
E00186072,139,90,21,69,10,10,31,1,30,8,6,2,0,64.74820143884892,15.107913669064748,49.64028776978417,7.1942446043165464,7.1942446043165464,22.302158273381295,0.7194244604316548,21.58273381294964,5.755395683453238,4.316546762589928,1.4388489208633095,0
E00186075,199,135,77,58,3,3,38,6,32,23,18,5,0,67.8391959798995,38.69346733668342,29.145728643216078,1.507537688442211,1.507537688442211,19.09547738693467,3.015075376884422,16.08040201005025,11.557788944723619,9.045226130653267,2.512562814070352,0
