OA,ts0540001,ts0540002,ts0540003,ts0540004,ts0540005,ts0540006,ts0540007,ts0540008,ts0540009,ts0540010,ts0540011,ts0540012,ts0540013,ts0540002_PCT,ts0540003_PCT,ts0540004_PCT,ts0540005_PCT,ts0540006_PCT,ts0540007_PCT,ts0540008_PCT,ts0540009_PCT,ts0540010_PCT,ts0540011_PCT,ts0540012_PCT,ts0540013_PCT
E00019685,152,66,27,39,0,0,39,18,21,47,44,3,0,43.42105263157895,17.763157894736842,25.657894736842106,0,0,25.657894736842106,11.842105263157894,13.815789473684212,30.92105263157895,28.947368421052634,1.9736842105263157,0
E00019686,163,64,31,33,1,1,63,27,36,35,32,3,0,39.263803680981596,19.018404907975462,20.245398773006134,0.6134969325153374,0.6134969325153374,38.65030674846626,16.56441717791411,22.085889570552148,21.472392638036812,19.631901840490798,1.8404907975460123,0
E00019687,120,50,31,19,2,2,22,9,13,46,42,4,0,41.66666666666667,25.833333333333336,15.833333333333332,1.6666666666666667,1.6666666666666667,18.333333333333332,7.5,10.833333333333334,38.333333333333336,35,3.3333333333333335,0
E00019688,124,17,1,16,0,0,87,85,2,20,13,7,0,13.709677419354838,0.8064516129032258,12.903225806451612,0,0,70.16129032258065,68.54838709677419,1.6129032258064515,16.129032258064516,10.483870967741936,5.64516129032258,0
E00019689,144,55,21,34,1,1,42,22,20,46,45,1,0,38.19444444444444,14.583333333333334,23.61111111111111,0.6944444444444444,0.6944444444444444,29.166666666666668,15.277777777777779,13.88888888888889,31.944444444444443,31.25,0.6944444444444444,0
E00019690,139,74,30,44,0,0,27,19,8,38,36,2,0,53.23741007194245,21.58273381294964,31.654676258992804,0,0,19.424460431654676,13.66906474820144,5.755395683453238,27.33812949640288,25.899280575539567,1.4388489208633095,0
E00019691,177,62,20,42,4,4,56,13,43,55,50,5,0,35.02824858757062,11.299435028248588,23.728813559322035,2.2598870056497176,2.2598870056497176,31.63841807909605,7.344632768361582,24.293785310734464,31.07344632768362,28.24858757062147,2.824858757062147,0
E00019692,165,81,41,40,0,0,37,13,24,47,44,3,0,49.09090909090909,24.848484848484848,24.242424242424242,0,0,22.424242424242426,7.878787878787878,14.545454545454545,28.484848484848484,26.666666666666668,1.8181818181818181,0
E00019694,205,52,16,36,7,7,39,22,17,92,86,6,15,25.365853658536587,7.804878048780488,17.560975609756095,3.414634146341464,3.414634146341464,19.024390243902438,10.731707317073171,8.292682926829269,44.87804878048781,41.951219512195124,2.9268292682926833,7.317073170731707
E00019695,194,107,46,61,8,8,1,1,0,68,61,7,10,55.154639175257735,23.711340206185564,31.443298969072163,4.123711340206185,4.123711340206185,0.5154639175257731,0.5154639175257731,0,35.051546391752574,31.443298969072163,3.608247422680412,5.154639175257731
E00019696,140,46,20,26,1,1,59,40,19,34,29,5,0,32.857142857142854,14.285714285714285,18.571428571428573,0.7142857142857143,0.7142857142857143,42.142857142857146,28.57142857142857,13.571428571428571,24.285714285714285,20.714285714285715,3.571428571428571,0
E00019697,125,60,25,35,0,0,24,11,13,41,34,7,0,48,20,28.000000000000004,0,0,19.2,8.799999999999999,10.4,32.800000000000004,27.200000000000003,5.6000000000000005,0
E00019698,154,89,39,50,0,0,14,12,2,46,39,7,5,57.7922077922078,25.324675324675322,32.467532467532465,0,0,9.090909090909092,7.792207792207792,1.2987012987012987,29.87012987012987,25.324675324675322,4.545454545454546,3.2467532467532463
E00019699,100,51,19,32,0,0,31,20,11,18,17,1,0,51,19,32,0,0,31,20,11,18,17,1,0
E00019700,141,79,29,50,0,0,25,15,10,37,33,4,0,56.02836879432624,20.56737588652482,35.46099290780142,0,0,17.73049645390071,10.638297872340425,7.092198581560284,26.24113475177305,23.404255319148938,2.8368794326241136,0
E00019701,120,54,16,38,0,0,33,18,15,33,28,5,0,45,13.333333333333334,31.666666666666664,0,0,27.500000000000004,15,12.5,27.500000000000004,23.333333333333332,4.166666666666666,0
E00019702,162,36,10,26,0,0,73,70,3,52,27,25,1,22.22222222222222,6.172839506172839,16.049382716049383,0,0,45.06172839506173,43.20987654320987,1.8518518518518516,32.098765432098766,16.666666666666664,15.432098765432098,0.6172839506172839
E00019703,167,31,11,20,0,0,66,0,66,62,49,13,8,18.562874251497004,6.58682634730539,11.976047904191617,0,0,39.52095808383233,0,39.52095808383233,37.12574850299401,29.34131736526946,7.784431137724551,4.790419161676647
E00019704,146,25,5,20,0,0,95,93,2,26,20,6,0,17.123287671232877,3.4246575342465753,13.698630136986301,0,0,65.06849315068493,63.6986301369863,1.36986301369863,17.80821917808219,13.698630136986301,4.10958904109589,0
E00019705,186,83,20,63,20,20,32,18,14,50,42,8,1,44.623655913978496,10.75268817204301,33.87096774193548,10.75268817204301,10.75268817204301,17.20430107526882,9.67741935483871,7.526881720430108,26.881720430107524,22.58064516129032,4.301075268817205,0.5376344086021506
E00019706,176,48,12,36,7,7,60,49,11,59,55,4,2,27.27272727272727,6.8181818181818175,20.454545454545457,3.977272727272727,3.977272727272727,34.090909090909086,27.84090909090909,6.25,33.52272727272727,31.25,2.272727272727273,1.1363636363636365
E00019707,151,47,10,37,11,11,65,62,3,28,23,5,0,31.125827814569533,6.622516556291391,24.503311258278146,7.28476821192053,7.28476821192053,43.04635761589404,41.05960264900662,1.9867549668874174,18.543046357615893,15.2317880794702,3.3112582781456954,0
E00019709,111,23,5,18,2,2,69,59,10,17,14,3,0,20.72072072072072,4.504504504504505,16.216216216216218,1.8018018018018018,1.8018018018018018,62.16216216216216,53.153153153153156,9.00900900900901,15.315315315315313,12.612612612612612,2.7027027027027026,0
E00019710,160,11,8,3,1,1,119,118,1,27,24,3,2,6.875000000000001,5,1.875,0.625,0.625,74.375,73.75,0.625,16.875,15,1.875,1.25
E00019711,122,36,9,27,0,0,62,61,1,22,20,2,2,29.508196721311474,7.377049180327869,22.131147540983605,0,0,50.81967213114754,50,0.819672131147541,18.0327868852459,16.39344262295082,1.639344262295082,1.639344262295082
E00019712,114,38,13,25,2,2,33,24,9,41,38,3,0,33.33333333333333,11.403508771929824,21.929824561403507,1.7543859649122806,1.7543859649122806,28.947368421052634,21.052631578947366,7.894736842105263,35.96491228070175,33.33333333333333,2.631578947368421,0
E00019713,160,15,7,8,0,0,128,114,14,16,10,6,1,9.375,4.375,5,0,0,80,71.25,8.75,10,6.25,3.75,0.625
E00019714,95,4,2,2,0,0,81,81,0,9,7,2,1,4.2105263157894735,2.1052631578947367,2.1052631578947367,0,0,85.26315789473684,85.26315789473684,0,9.473684210526317,7.368421052631578,2.1052631578947367,1.0526315789473684
E00019716,175,52,16,36,1,1,73,62,11,48,43,5,1,29.714285714285715,9.142857142857142,20.57142857142857,0.5714285714285714,0.5714285714285714,41.714285714285715,35.42857142857142,6.2857142857142865,27.42857142857143,24.571428571428573,2.857142857142857,0.5714285714285714
E00019717,172,14,2,12,1,1,134,80,54,22,19,3,1,8.13953488372093,1.1627906976744187,6.976744186046512,0.5813953488372093,0.5813953488372093,77.90697674418605,46.51162790697674,31.3953488372093,12.790697674418606,11.046511627906977,1.744186046511628,0.5813953488372093
E00019718,144,24,6,18,1,1,97,95,2,16,16,0,6,16.666666666666664,4.166666666666666,12.5,0.6944444444444444,0.6944444444444444,67.36111111111111,65.97222222222221,1.3888888888888888,11.11111111111111,11.11111111111111,0,4.166666666666666
E00019719,159,23,2,21,1,1,100,97,3,35,32,3,0,14.465408805031446,1.257861635220126,13.20754716981132,0.628930817610063,0.628930817610063,62.893081761006286,61.0062893081761,1.8867924528301887,22.0125786163522,20.125786163522015,1.8867924528301887,0
E00019720,128,24,5,19,1,1,79,71,8,24,23,1,0,18.75,3.90625,14.84375,0.78125,0.78125,61.71875,55.46875,6.25,18.75,17.96875,0.78125,0
E00019721,116,40,8,32,1,1,52,48,4,21,19,2,2,34.48275862068966,6.896551724137931,27.586206896551722,0.8620689655172413,0.8620689655172413,44.827586206896555,41.37931034482759,3.4482758620689653,18.103448275862068,16.379310344827587,1.7241379310344827,1.7241379310344827
E00019722,123,36,14,22,0,0,62,61,1,25,21,4,0,29.268292682926827,11.38211382113821,17.88617886178862,0,0,50.40650406504065,49.59349593495935,0.8130081300813009,20.32520325203252,17.073170731707318,3.2520325203252036,0
E00019723,122,19,4,15,0,0,90,79,11,12,11,1,1,15.573770491803279,3.278688524590164,12.295081967213115,0,0,73.77049180327869,64.75409836065575,9.01639344262295,9.836065573770492,9.01639344262295,0.819672131147541,0.819672131147541
E00019724,100,18,11,7,9,9,37,13,24,36,33,3,0,18,11,7.000000000000001,9,9,37,13,24,36,33,3,0
E00019725,227,30,6,24,25,25,132,94,38,40,35,5,0,13.215859030837004,2.643171806167401,10.572687224669604,11.013215859030836,11.013215859030836,58.14977973568281,41.409691629955944,16.740088105726873,17.62114537444934,15.418502202643172,2.2026431718061676,0
E00019726,127,17,1,16,0,0,94,92,2,14,14,0,2,13.385826771653544,0.7874015748031495,12.598425196850393,0,0,74.01574803149606,72.44094488188976,1.574803149606299,11.023622047244094,11.023622047244094,0,1.574803149606299
E00019727,200,61,10,51,7,7,104,88,16,28,25,3,0,30.5,5,25.5,3.5000000000000004,3.5000000000000004,52,44,8,14.000000000000002,12.5,1.5,0
E00019728,129,9,4,5,2,2,97,97,0,20,17,3,1,6.976744186046512,3.10077519379845,3.875968992248062,1.550387596899225,1.550387596899225,75.1937984496124,75.1937984496124,0,15.503875968992247,13.178294573643413,2.3255813953488373,0.7751937984496124
E00019729,139,13,7,6,0,0,123,121,2,3,3,0,0,9.352517985611511,5.0359712230215825,4.316546762589928,0,0,88.48920863309353,87.05035971223022,1.4388489208633095,2.158273381294964,2.158273381294964,0,0
E00019730,98,8,1,7,1,1,77,76,1,9,7,2,3,8.16326530612245,1.0204081632653061,7.142857142857142,1.0204081632653061,1.0204081632653061,78.57142857142857,77.55102040816327,1.0204081632653061,9.183673469387756,7.142857142857142,2.0408163265306123,3.061224489795918
E00019731,149,20,8,12,0,0,110,108,2,18,18,0,1,13.422818791946309,5.369127516778524,8.053691275167784,0,0,73.8255033557047,72.48322147651007,1.342281879194631,12.080536912751679,12.080536912751679,0,0.6711409395973155
E00019732,134,26,5,21,0,0,85,84,1,22,21,1,1,19.402985074626866,3.731343283582089,15.671641791044777,0,0,63.43283582089553,62.68656716417911,0.7462686567164178,16.417910447761194,15.671641791044777,0.7462686567164178,0.7462686567164178
E00019733,122,2,1,1,0,0,113,34,79,7,4,3,0,1.639344262295082,0.819672131147541,0.819672131147541,0,0,92.62295081967213,27.86885245901639,64.75409836065575,5.737704918032787,3.278688524590164,2.459016393442623,0
E00019734,200,55,4,51,5,5,118,64,54,22,19,3,0,27.500000000000004,2,25.5,2.5,2.5,59,32,27,11,9.5,1.5,0
E00019735,192,19,8,11,0,0,164,163,1,9,7,2,0,9.895833333333332,4.166666666666666,5.729166666666666,0,0,85.41666666666666,84.89583333333334,0.5208333333333333,4.6875,3.6458333333333335,1.0416666666666665,0
E00019736,169,87,3,84,19,19,33,8,25,30,27,3,0,51.4792899408284,1.7751479289940828,49.70414201183432,11.242603550295858,11.242603550295858,19.526627218934912,4.733727810650888,14.792899408284024,17.75147928994083,15.976331360946746,1.7751479289940828,0
E00019737,124,23,5,18,0,0,74,45,29,25,25,0,2,18.548387096774192,4.032258064516129,14.516129032258066,0,0,59.67741935483871,36.29032258064516,23.387096774193548,20.161290322580644,20.161290322580644,0,1.6129032258064515
E00019739,151,34,18,16,1,1,98,9,89,18,16,2,0,22.516556291390728,11.920529801324504,10.596026490066226,0.6622516556291391,0.6622516556291391,64.90066225165563,5.960264900662252,58.94039735099338,11.920529801324504,10.596026490066226,1.3245033112582782,0
E00019741,176,15,6,9,1,1,86,9,77,74,72,2,0,8.522727272727272,3.4090909090909087,5.113636363636364,0.5681818181818182,0.5681818181818182,48.86363636363637,5.113636363636364,43.75,42.04545454545455,40.909090909090914,1.1363636363636365,0
E00019742,115,23,3,20,0,0,76,3,73,16,15,1,0,20,2.608695652173913,17.391304347826086,0,0,66.08695652173913,2.608695652173913,63.47826086956522,13.91304347826087,13.043478260869565,0.8695652173913043,0
E00019743,175,43,15,28,0,0,72,6,66,60,60,0,0,24.571428571428573,8.571428571428571,16,0,0,41.14285714285714,3.428571428571429,37.714285714285715,34.285714285714285,34.285714285714285,0,0
E00019744,158,62,26,36,3,3,19,5,14,67,65,2,7,39.24050632911392,16.455696202531644,22.78481012658228,1.89873417721519,1.89873417721519,12.025316455696203,3.1645569620253164,8.860759493670885,42.405063291139236,41.139240506329116,1.2658227848101267,4.430379746835443
E00019745,202,34,4,30,4,4,115,9,106,49,46,3,0,16.831683168316832,1.9801980198019802,14.85148514851485,1.9801980198019802,1.9801980198019802,56.930693069306926,4.455445544554455,52.475247524752476,24.257425742574256,22.772277227722775,1.4851485148514851,0
E00019746,90,9,0,9,0,0,81,1,80,0,0,0,0,10,0,10,0,0,90,1.1111111111111112,88.88888888888889,0,0,0,0
E00019747,142,13,4,9,0,0,110,10,100,18,17,1,1,9.15492957746479,2.8169014084507045,6.338028169014084,0,0,77.46478873239437,7.042253521126761,70.4225352112676,12.676056338028168,11.971830985915492,0.7042253521126761,0.7042253521126761
E00019748,157,42,13,29,7,7,59,53,6,49,46,3,0,26.751592356687897,8.280254777070063,18.471337579617835,4.45859872611465,4.45859872611465,37.57961783439491,33.75796178343949,3.821656050955414,31.210191082802545,29.29936305732484,1.910828025477707,0
E00019749,129,24,6,18,0,0,80,75,5,22,20,2,3,18.6046511627907,4.651162790697675,13.953488372093023,0,0,62.01550387596899,58.139534883720934,3.875968992248062,17.05426356589147,15.503875968992247,1.550387596899225,2.3255813953488373
E00019750,231,39,11,28,25,25,133,77,56,33,26,7,1,16.883116883116884,4.761904761904762,12.121212121212121,10.822510822510822,10.822510822510822,57.57575757575758,33.33333333333333,24.242424242424242,14.285714285714285,11.255411255411255,3.0303030303030303,0.4329004329004329
E00019751,144,35,21,14,0,0,95,61,34,13,12,1,1,24.305555555555554,14.583333333333334,9.722222222222223,0,0,65.97222222222221,42.36111111111111,23.61111111111111,9.027777777777777,8.333333333333332,0.6944444444444444,0.6944444444444444
E00019752,168,56,25,31,18,18,42,25,17,52,44,8,0,33.33333333333333,14.880952380952381,18.452380952380953,10.714285714285714,10.714285714285714,25,14.880952380952381,10.119047619047619,30.952380952380953,26.190476190476193,4.761904761904762,0
E00019753,104,26,10,16,0,0,52,31,21,26,23,3,0,25,9.615384615384617,15.384615384615385,0,0,50,29.807692307692307,20.192307692307693,25,22.115384615384613,2.8846153846153846,0
E00019754,224,41,12,29,0,0,87,68,19,96,90,6,0,18.303571428571427,5.357142857142857,12.946428571428573,0,0,38.839285714285715,30.357142857142854,8.482142857142858,42.857142857142854,40.17857142857143,2.6785714285714284,0
E00019755,109,28,5,23,0,0,66,65,1,15,15,0,0,25.688073394495415,4.587155963302752,21.100917431192663,0,0,60.550458715596335,59.63302752293578,0.9174311926605505,13.761467889908257,13.761467889908257,0,0
E00019756,226,29,11,18,2,2,97,92,5,98,97,1,0,12.831858407079647,4.867256637168142,7.964601769911504,0.8849557522123894,0.8849557522123894,42.92035398230089,40.707964601769916,2.2123893805309733,43.36283185840708,42.92035398230089,0.4424778761061947,0
E00019757,153,29,11,18,2,2,93,89,4,29,27,2,0,18.954248366013072,7.18954248366013,11.76470588235294,1.3071895424836601,1.3071895424836601,60.78431372549019,58.16993464052288,2.6143790849673203,18.954248366013072,17.647058823529413,1.3071895424836601,0
E00019758,195,68,4,64,7,7,80,16,64,39,33,6,1,34.87179487179487,2.051282051282051,32.82051282051282,3.5897435897435894,3.5897435897435894,41.02564102564102,8.205128205128204,32.82051282051282,20,16.923076923076923,3.076923076923077,0.5128205128205128
E00019759,150,14,6,8,1,1,106,106,0,28,24,4,1,9.333333333333334,4,5.333333333333334,0.6666666666666667,0.6666666666666667,70.66666666666667,70.66666666666667,0,18.666666666666668,16,2.666666666666667,0.6666666666666667
E00019760,204,16,11,5,1,1,167,167,0,20,17,3,0,7.8431372549019605,5.392156862745098,2.450980392156863,0.49019607843137253,0.49019607843137253,81.86274509803921,81.86274509803921,0,9.803921568627452,8.333333333333332,1.4705882352941175,0
E00019761,144,19,11,8,1,1,112,79,33,12,11,1,0,13.194444444444445,7.638888888888889,5.555555555555555,0.6944444444444444,0.6944444444444444,77.77777777777779,54.861111111111114,22.916666666666664,8.333333333333332,7.638888888888889,0.6944444444444444,0
E00019762,153,38,13,25,2,2,42,37,5,71,58,13,0,24.836601307189543,8.49673202614379,16.33986928104575,1.3071895424836601,1.3071895424836601,27.450980392156865,24.183006535947712,3.2679738562091507,46.40522875816993,37.908496732026144,8.49673202614379,0
E00019763,177,15,4,11,47,47,95,71,24,19,18,1,1,8.47457627118644,2.2598870056497176,6.214689265536723,26.55367231638418,26.55367231638418,53.672316384180796,40.11299435028249,13.559322033898304,10.734463276836157,10.16949152542373,0.5649717514124294,0.5649717514124294
E00019764,195,30,5,25,25,25,97,57,40,43,40,3,0,15.384615384615385,2.564102564102564,12.82051282051282,12.82051282051282,12.82051282051282,49.743589743589745,29.230769230769234,20.51282051282051,22.05128205128205,20.51282051282051,1.5384615384615385,0
E00019765,144,38,15,23,1,1,72,69,3,32,30,2,1,26.38888888888889,10.416666666666668,15.972222222222221,0.6944444444444444,0.6944444444444444,50,47.91666666666667,2.083333333333333,22.22222222222222,20.833333333333336,1.3888888888888888,0.6944444444444444
E00019766,122,28,7,21,2,2,73,63,10,19,17,2,0,22.950819672131146,5.737704918032787,17.21311475409836,1.639344262295082,1.639344262295082,59.83606557377049,51.63934426229508,8.19672131147541,15.573770491803279,13.934426229508196,1.639344262295082,0
E00019767,125,18,7,11,3,3,89,56,33,15,14,1,0,14.399999999999999,5.6000000000000005,8.799999999999999,2.4,2.4,71.2,44.800000000000004,26.400000000000002,12,11.200000000000001,0.8,0
E00019768,97,66,37,29,0,0,8,5,3,23,16,7,0,68.04123711340206,38.144329896907216,29.896907216494846,0,0,8.24742268041237,5.154639175257731,3.0927835051546393,23.711340206185564,16.49484536082474,7.216494845360824,0
E00019769,132,26,10,16,0,0,70,66,4,36,33,3,0,19.696969696969695,7.575757575757576,12.121212121212121,0,0,53.03030303030303,50,3.0303030303030303,27.27272727272727,25,2.272727272727273,0
E00019770,104,28,7,21,1,1,54,53,1,20,20,0,1,26.923076923076923,6.730769230769231,20.192307692307693,0.9615384615384616,0.9615384615384616,51.92307692307693,50.96153846153846,0.9615384615384616,19.230769230769234,19.230769230769234,0,0.9615384615384616
E00019772,113,32,10,22,0,0,66,38,28,15,10,5,0,28.31858407079646,8.849557522123893,19.469026548672566,0,0,58.4070796460177,33.6283185840708,24.778761061946902,13.274336283185843,8.849557522123893,4.424778761061947,0
E00019773,238,64,39,25,0,0,61,32,29,113,105,8,0,26.89075630252101,16.386554621848738,10.504201680672269,0,0,25.630252100840334,13.445378151260504,12.184873949579831,47.47899159663865,44.11764705882353,3.361344537815126,0
E00019774,241,56,39,17,1,1,73,0,73,111,103,8,0,23.236514522821576,16.182572614107883,7.053941908713693,0.4149377593360996,0.4149377593360996,30.29045643153527,0,30.29045643153527,46.058091286307054,42.738589211618255,3.319502074688797,0
E00019778,77,39,21,18,0,0,0,0,0,37,35,2,1,50.649350649350644,27.27272727272727,23.376623376623375,0,0,0,0,0,48.05194805194805,45.45454545454545,2.5974025974025974,1.2987012987012987
E00019779,199,54,27,27,1,1,12,5,7,132,116,16,0,27.1356783919598,13.5678391959799,13.5678391959799,0.5025125628140703,0.5025125628140703,6.030150753768844,2.512562814070352,3.5175879396984926,66.33165829145729,58.291457286432156,8.040201005025125,0
E00019780,130,9,3,6,0,0,105,88,17,16,14,2,0,6.923076923076923,2.307692307692308,4.615384615384616,0,0,80.76923076923077,67.6923076923077,13.076923076923078,12.307692307692308,10.76923076923077,1.5384615384615385,0
E00019781,172,29,12,17,5,5,61,24,37,77,69,8,0,16.86046511627907,6.976744186046512,9.883720930232558,2.9069767441860463,2.9069767441860463,35.46511627906977,13.953488372093023,21.511627906976745,44.76744186046512,40.116279069767444,4.651162790697675,0
E00019782,117,2,1,1,2,2,110,13,97,3,3,0,0,1.7094017094017095,0.8547008547008548,0.8547008547008548,1.7094017094017095,1.7094017094017095,94.01709401709401,11.11111111111111,82.90598290598291,2.564102564102564,2.564102564102564,0,0
E00019783,142,13,4,9,0,0,71,7,64,58,55,3,0,9.15492957746479,2.8169014084507045,6.338028169014084,0,0,50,4.929577464788732,45.07042253521127,40.845070422535215,38.732394366197184,2.112676056338028,0
E00019784,203,26,12,14,4,4,53,5,48,120,105,15,0,12.807881773399016,5.911330049261084,6.896551724137931,1.9704433497536946,1.9704433497536946,26.108374384236456,2.4630541871921183,23.645320197044335,59.11330049261084,51.724137931034484,7.389162561576355,0
E00019785,131,32,13,19,6,6,66,58,8,27,24,3,0,24.427480916030532,9.923664122137405,14.50381679389313,4.580152671755725,4.580152671755725,50.38167938931297,44.274809160305345,6.106870229007633,20.610687022900763,18.3206106870229,2.2900763358778624,0
E00019787,186,36,12,24,9,9,87,56,31,53,41,12,1,19.35483870967742,6.451612903225806,12.903225806451612,4.838709677419355,4.838709677419355,46.774193548387096,30.107526881720432,16.666666666666664,28.49462365591398,22.043010752688172,6.451612903225806,0.5376344086021506
E00019788,142,42,23,19,0,0,65,54,11,35,32,3,0,29.577464788732392,16.19718309859155,13.380281690140844,0,0,45.774647887323944,38.028169014084504,7.746478873239436,24.647887323943664,22.535211267605636,2.112676056338028,0
E00019789,167,15,2,13,4,4,115,6,109,33,31,2,0,8.982035928143713,1.1976047904191618,7.784431137724551,2.3952095808383236,2.3952095808383236,68.8622754491018,3.592814371257485,65.26946107784431,19.760479041916167,18.562874251497004,1.1976047904191618,0
E00019791,206,43,8,35,4,4,76,54,22,80,72,8,3,20.87378640776699,3.8834951456310676,16.990291262135923,1.9417475728155338,1.9417475728155338,36.89320388349515,26.21359223300971,10.679611650485436,38.83495145631068,34.95145631067961,3.8834951456310676,1.4563106796116505
E00019793,133,23,8,15,0,0,35,34,1,75,69,6,0,17.293233082706767,6.015037593984962,11.278195488721805,0,0,26.31578947368421,25.563909774436087,0.7518796992481203,56.390977443609025,51.8796992481203,4.511278195488721,0
E00019794,110,22,15,7,0,0,64,39,25,23,22,1,1,20,13.636363636363635,6.363636363636363,0,0,58.18181818181818,35.45454545454545,22.727272727272727,20.909090909090907,20,0.9090909090909091,0.9090909090909091
E00019796,108,11,5,6,1,1,70,63,7,24,20,4,2,10.185185185185185,4.62962962962963,5.555555555555555,0.9259259259259258,0.9259259259259258,64.81481481481481,58.333333333333336,6.481481481481481,22.22222222222222,18.51851851851852,3.7037037037037033,1.8518518518518516
E00019797,100,18,5,13,1,1,59,59,0,22,19,3,0,18,5,13,1,1,59,59,0,22,19,3,0
E00019800,122,41,21,20,0,0,33,19,14,48,48,0,0,33.60655737704918,17.21311475409836,16.39344262295082,0,0,27.049180327868854,15.573770491803279,11.475409836065573,39.34426229508197,39.34426229508197,0,0
E00019801,196,29,5,24,6,6,116,51,65,44,38,6,1,14.795918367346939,2.5510204081632653,12.244897959183673,3.061224489795918,3.061224489795918,59.183673469387756,26.02040816326531,33.16326530612245,22.448979591836736,19.387755102040817,3.061224489795918,0.5102040816326531
E00019802,112,13,5,8,0,0,76,42,34,23,23,0,0,11.607142857142858,4.464285714285714,7.142857142857142,0,0,67.85714285714286,37.5,30.357142857142854,20.535714285714285,20.535714285714285,0,0
E00019804,103,11,4,7,0,0,66,62,4,26,24,2,0,10.679611650485436,3.8834951456310676,6.796116504854369,0,0,64.07766990291263,60.19417475728155,3.8834951456310676,25.24271844660194,23.300970873786408,1.9417475728155338,0
E00019805,108,42,16,26,0,0,22,20,2,44,39,5,0,38.88888888888889,14.814814814814813,24.074074074074073,0,0,20.37037037037037,18.51851851851852,1.8518518518518516,40.74074074074074,36.11111111111111,4.62962962962963,0
E00019806,131,35,14,21,11,11,49,36,13,36,35,1,0,26.717557251908396,10.687022900763358,16.030534351145036,8.396946564885496,8.396946564885496,37.404580152671755,27.480916030534353,9.923664122137405,27.480916030534353,26.717557251908396,0.7633587786259541,0
E00019807,122,57,26,31,0,0,2,1,1,63,61,2,0,46.72131147540984,21.311475409836063,25.40983606557377,0,0,1.639344262295082,0.819672131147541,0.819672131147541,51.63934426229508,50,1.639344262295082,0
E00019810,137,42,21,21,4,4,26,2,24,65,60,5,0,30.656934306569344,15.328467153284672,15.328467153284672,2.9197080291970803,2.9197080291970803,18.97810218978102,1.4598540145985401,17.51824817518248,47.44525547445255,43.79562043795621,3.64963503649635,0
E00019811,127,25,8,17,5,5,57,57,0,40,40,0,0,19.68503937007874,6.299212598425196,13.385826771653544,3.937007874015748,3.937007874015748,44.881889763779526,44.881889763779526,0,31.496062992125985,31.496062992125985,0,0
E00019812,123,11,4,7,0,0,56,2,54,56,52,4,0,8.94308943089431,3.2520325203252036,5.691056910569105,0,0,45.52845528455284,1.6260162601626018,43.90243902439025,45.52845528455284,42.27642276422765,3.2520325203252036,0
E00019813,170,29,8,21,6,6,68,67,1,67,62,5,0,17.058823529411764,4.705882352941177,12.352941176470589,3.5294117647058822,3.5294117647058822,40,39.411764705882355,0.5882352941176471,39.411764705882355,36.470588235294116,2.941176470588235,0
E00019814,101,13,3,10,0,0,68,55,13,20,19,1,0,12.871287128712872,2.9702970297029703,9.900990099009901,0,0,67.32673267326733,54.45544554455446,12.871287128712872,19.801980198019802,18.81188118811881,0.9900990099009901,0
E00019815,90,12,7,5,0,0,58,52,6,20,20,0,0,13.333333333333334,7.777777777777778,5.555555555555555,0,0,64.44444444444444,57.77777777777777,6.666666666666667,22.22222222222222,22.22222222222222,0,0
E00019816,112,10,1,9,2,2,83,68,15,16,16,0,1,8.928571428571429,0.8928571428571428,8.035714285714286,1.7857142857142856,1.7857142857142856,74.10714285714286,60.71428571428571,13.392857142857142,14.285714285714285,14.285714285714285,0,0.8928571428571428
E00019817,162,33,4,29,1,1,99,98,1,28,24,4,1,20.37037037037037,2.4691358024691357,17.901234567901234,0.6172839506172839,0.6172839506172839,61.111111111111114,60.49382716049383,0.6172839506172839,17.28395061728395,14.814814814814813,2.4691358024691357,0.6172839506172839
E00019818,165,56,22,34,0,0,30,18,12,79,71,8,0,33.939393939393945,13.333333333333334,20.606060606060606,0,0,18.181818181818183,10.909090909090908,7.2727272727272725,47.878787878787875,43.03030303030303,4.848484848484849,0
E00019819,112,34,13,21,1,1,25,25,0,52,50,2,0,30.357142857142854,11.607142857142858,18.75,0.8928571428571428,0.8928571428571428,22.321428571428573,22.321428571428573,0,46.42857142857143,44.642857142857146,1.7857142857142856,0
E00019820,123,10,5,5,0,0,85,82,3,26,23,3,2,8.130081300813007,4.0650406504065035,4.0650406504065035,0,0,69.10569105691057,66.66666666666666,2.4390243902439024,21.138211382113823,18.69918699186992,2.4390243902439024,1.6260162601626018
E00019822,184,17,8,9,2,2,49,27,22,116,105,11,0,9.239130434782608,4.3478260869565215,4.891304347826087,1.0869565217391304,1.0869565217391304,26.6304347826087,14.673913043478262,11.956521739130435,63.04347826086957,57.065217391304344,5.978260869565218,0
E00019823,114,23,10,13,1,1,34,6,28,56,52,4,0,20.175438596491226,8.771929824561402,11.403508771929824,0.8771929824561403,0.8771929824561403,29.82456140350877,5.263157894736842,24.561403508771928,49.122807017543856,45.614035087719294,3.508771929824561,0
E00019824,169,24,10,14,1,1,108,101,7,36,32,4,0,14.201183431952662,5.9171597633136095,8.284023668639055,0.591715976331361,0.591715976331361,63.905325443786985,59.76331360946746,4.142011834319527,21.301775147928996,18.93491124260355,2.366863905325444,0
E00019825,87,20,4,16,0,0,44,30,14,23,21,2,0,22.988505747126435,4.597701149425287,18.39080459770115,0,0,50.57471264367817,34.48275862068966,16.091954022988507,26.436781609195403,24.137931034482758,2.2988505747126435,0
E00019826,149,20,6,14,1,1,91,86,5,36,34,2,1,13.422818791946309,4.026845637583892,9.395973154362416,0.6711409395973155,0.6711409395973155,61.07382550335571,57.71812080536913,3.3557046979865772,24.161073825503358,22.818791946308725,1.342281879194631,0.6711409395973155
E00019827,113,13,5,8,0,0,64,61,3,36,27,9,0,11.504424778761061,4.424778761061947,7.079646017699115,0,0,56.63716814159292,53.98230088495575,2.6548672566371683,31.858407079646017,23.893805309734514,7.964601769911504,0
E00019828,185,25,12,13,17,17,134,61,73,9,6,3,0,13.513513513513514,6.486486486486487,7.027027027027027,9.18918918918919,9.18918918918919,72.43243243243244,32.972972972972975,39.45945945945946,4.864864864864865,3.2432432432432434,1.6216216216216217,0
E00019829,110,17,5,12,1,1,70,69,1,20,18,2,2,15.454545454545453,4.545454545454546,10.909090909090908,0.9090909090909091,0.9090909090909091,63.63636363636363,62.727272727272734,0.9090909090909091,18.181818181818183,16.363636363636363,1.8181818181818181,1.8181818181818181
E00019830,143,42,16,26,0,0,72,57,15,28,27,1,1,29.37062937062937,11.188811188811188,18.181818181818183,0,0,50.349650349650354,39.86013986013986,10.48951048951049,19.58041958041958,18.88111888111888,0.6993006993006993,0.6993006993006993
E00019831,60,10,3,7,0,0,29,28,1,21,16,5,0,16.666666666666664,5,11.666666666666666,0,0,48.333333333333336,46.666666666666664,1.6666666666666667,35,26.666666666666668,8.333333333333332,0
E00019833,121,24,8,16,0,0,70,51,19,27,26,1,0,19.834710743801654,6.6115702479338845,13.223140495867769,0,0,57.85123966942148,42.14876033057851,15.702479338842975,22.31404958677686,21.487603305785125,0.8264462809917356,0
E00019834,104,6,0,6,0,0,66,66,0,30,26,4,2,5.769230769230769,0,5.769230769230769,0,0,63.46153846153846,63.46153846153846,0,28.846153846153843,25,3.8461538461538463,1.9230769230769231
E00019836,199,33,9,24,4,4,89,86,3,73,64,9,0,16.582914572864322,4.522613065326634,12.060301507537687,2.0100502512562812,2.0100502512562812,44.72361809045226,43.21608040201005,1.507537688442211,36.68341708542713,32.1608040201005,4.522613065326634,0
E00019838,137,16,3,13,2,2,86,79,7,32,28,4,1,11.678832116788321,2.18978102189781,9.48905109489051,1.4598540145985401,1.4598540145985401,62.77372262773723,57.66423357664233,5.109489051094891,23.357664233576642,20.437956204379564,2.9197080291970803,0.7299270072992701
E00019841,156,21,4,17,1,1,99,94,5,35,32,3,0,13.461538461538462,2.564102564102564,10.897435897435898,0.641025641025641,0.641025641025641,63.46153846153846,60.256410256410255,3.205128205128205,22.435897435897438,20.51282051282051,1.9230769230769231,0
E00019842,102,25,16,9,1,1,5,2,3,71,65,6,0,24.509803921568626,15.686274509803921,8.823529411764707,0.9803921568627451,0.9803921568627451,4.901960784313726,1.9607843137254901,2.941176470588235,69.6078431372549,63.725490196078425,5.88235294117647,0
E00019843,222,45,22,23,1,1,45,2,43,131,128,3,0,20.27027027027027,9.90990990990991,10.36036036036036,0.45045045045045046,0.45045045045045046,20.27027027027027,0.9009009009009009,19.36936936936937,59.009009009009006,57.65765765765766,1.3513513513513513,0
E00019844,86,11,3,8,0,0,55,51,4,20,19,1,0,12.790697674418606,3.488372093023256,9.30232558139535,0,0,63.95348837209303,59.30232558139535,4.651162790697675,23.25581395348837,22.093023255813954,1.1627906976744187,0
E00019845,104,13,3,10,0,0,70,59,11,21,18,3,0,12.5,2.8846153846153846,9.615384615384617,0,0,67.3076923076923,56.730769230769226,10.576923076923077,20.192307692307693,17.307692307692307,2.8846153846153846,0
E00019847,142,24,7,17,0,0,81,68,13,37,35,2,0,16.901408450704224,4.929577464788732,11.971830985915492,0,0,57.04225352112676,47.88732394366197,9.15492957746479,26.056338028169012,24.647887323943664,1.4084507042253522,0
E00019848,83,19,3,16,1,1,43,41,2,20,18,2,0,22.89156626506024,3.614457831325301,19.27710843373494,1.2048192771084338,1.2048192771084338,51.80722891566265,49.39759036144578,2.4096385542168677,24.096385542168676,21.686746987951807,2.4096385542168677,0
E00019849,143,74,29,45,2,2,27,5,22,40,34,6,0,51.74825174825175,20.27972027972028,31.46853146853147,1.3986013986013985,1.3986013986013985,18.88111888111888,3.4965034965034967,15.384615384615385,27.972027972027973,23.776223776223777,4.195804195804196,0
E00019850,145,99,35,64,2,2,8,3,5,36,31,5,0,68.27586206896552,24.137931034482758,44.13793103448276,1.3793103448275863,1.3793103448275863,5.517241379310345,2.0689655172413794,3.4482758620689653,24.82758620689655,21.379310344827587,3.4482758620689653,0
E00019851,152,62,18,44,7,7,35,12,23,48,45,3,0,40.78947368421053,11.842105263157894,28.947368421052634,4.605263157894736,4.605263157894736,23.026315789473685,7.894736842105263,15.131578947368421,31.57894736842105,29.605263157894733,1.9736842105263157,0
E00019852,111,50,13,37,1,1,41,38,3,19,15,4,0,45.04504504504504,11.711711711711711,33.33333333333333,0.9009009009009009,0.9009009009009009,36.93693693693694,34.234234234234236,2.7027027027027026,17.117117117117118,13.513513513513514,3.6036036036036037,0
E00019853,111,99,57,42,0,0,6,3,3,6,6,0,0,89.1891891891892,51.35135135135135,37.83783783783784,0,0,5.405405405405405,2.7027027027027026,2.7027027027027026,5.405405405405405,5.405405405405405,0,0
E00019854,141,102,50,52,1,1,1,1,0,37,30,7,0,72.3404255319149,35.46099290780142,36.87943262411347,0.7092198581560284,0.7092198581560284,0.7092198581560284,0.7092198581560284,0,26.24113475177305,21.27659574468085,4.964539007092199,0
E00019855,131,37,17,20,0,0,73,68,5,21,21,0,0,28.24427480916031,12.977099236641221,15.267175572519085,0,0,55.72519083969466,51.908396946564885,3.816793893129771,16.030534351145036,16.030534351145036,0,0
E00019856,116,79,35,44,1,1,13,4,9,23,21,2,0,68.10344827586206,30.17241379310345,37.93103448275862,0.8620689655172413,0.8620689655172413,11.206896551724139,3.4482758620689653,7.758620689655173,19.82758620689655,18.103448275862068,1.7241379310344827,0
E00019857,123,87,58,29,0,0,9,0,9,27,26,1,0,70.73170731707317,47.15447154471545,23.577235772357724,0,0,7.317073170731707,0,7.317073170731707,21.951219512195124,21.138211382113823,0.8130081300813009,0
E00019858,145,87,40,47,0,0,18,18,0,40,36,4,0,60,27.586206896551722,32.41379310344827,0,0,12.413793103448276,12.413793103448276,0,27.586206896551722,24.82758620689655,2.7586206896551726,0
E00019859,123,69,33,36,2,2,3,3,0,49,49,0,0,56.09756097560976,26.82926829268293,29.268292682926827,1.6260162601626018,1.6260162601626018,2.4390243902439024,2.4390243902439024,0,39.83739837398374,39.83739837398374,0,0
E00019860,137,79,21,58,0,0,11,7,4,47,44,3,0,57.66423357664233,15.328467153284672,42.33576642335766,0,0,8.02919708029197,5.109489051094891,2.9197080291970803,34.306569343065696,32.11678832116788,2.18978102189781,0
E00019861,92,51,13,38,0,0,2,2,0,39,37,2,0,55.434782608695656,14.130434782608695,41.30434782608695,0,0,2.1739130434782608,2.1739130434782608,0,42.391304347826086,40.21739130434783,2.1739130434782608,0
E00019862,165,63,25,38,0,0,56,35,21,46,45,1,0,38.18181818181819,15.151515151515152,23.03030303030303,0,0,33.939393939393945,21.21212121212121,12.727272727272727,27.878787878787882,27.27272727272727,0.6060606060606061,0
E00019863,134,77,29,48,13,13,10,8,2,34,29,5,0,57.46268656716418,21.641791044776117,35.82089552238806,9.701492537313433,9.701492537313433,7.462686567164178,5.970149253731343,1.4925373134328357,25.37313432835821,21.641791044776117,3.731343283582089,0
E00019864,141,30,8,22,0,0,86,10,76,24,11,13,1,21.27659574468085,5.673758865248227,15.602836879432624,0,0,60.99290780141844,7.092198581560284,53.90070921985816,17.02127659574468,7.801418439716312,9.219858156028367,0.7092198581560284
E00019865,180,57,19,38,0,0,88,21,67,34,28,6,1,31.666666666666664,10.555555555555555,21.11111111111111,0,0,48.888888888888886,11.666666666666666,37.22222222222222,18.88888888888889,15.555555555555555,3.3333333333333335,0.5555555555555556
E00019866,152,77,29,48,0,0,19,2,17,56,54,2,0,50.6578947368421,19.078947368421055,31.57894736842105,0,0,12.5,1.3157894736842104,11.18421052631579,36.84210526315789,35.526315789473685,1.3157894736842104,0
E00019867,210,83,27,56,1,1,55,10,45,71,68,3,0,39.523809523809526,12.857142857142856,26.666666666666668,0.4761904761904762,0.4761904761904762,26.190476190476193,4.761904761904762,21.428571428571427,33.80952380952381,32.38095238095238,1.4285714285714286,0
E00019869,93,24,11,13,4,4,49,46,3,16,15,1,0,25.806451612903224,11.827956989247312,13.978494623655912,4.301075268817205,4.301075268817205,52.68817204301075,49.46236559139785,3.225806451612903,17.20430107526882,16.129032258064516,1.0752688172043012,0
E00019870,184,37,13,24,0,0,114,114,0,32,31,1,1,20.108695652173914,7.065217391304348,13.043478260869565,0,0,61.95652173913043,61.95652173913043,0,17.391304347826086,16.847826086956523,0.5434782608695652,0.5434782608695652
E00019871,121,84,46,38,0,0,17,16,1,19,19,0,1,69.42148760330579,38.01652892561984,31.40495867768595,0,0,14.049586776859504,13.223140495867769,0.8264462809917356,15.702479338842975,15.702479338842975,0,0.8264462809917356
E00019872,207,76,21,55,21,21,53,53,0,56,52,4,1,36.71497584541063,10.144927536231885,26.570048309178745,10.144927536231885,10.144927536231885,25.60386473429952,25.60386473429952,0,27.053140096618357,25.120772946859905,1.932367149758454,0.4830917874396135
E00019873,102,74,46,28,0,0,4,2,2,24,17,7,0,72.54901960784314,45.09803921568628,27.450980392156865,0,0,3.9215686274509802,1.9607843137254901,1.9607843137254901,23.52941176470588,16.666666666666664,6.862745098039216,0
E00019874,102,30,9,21,0,0,42,42,0,30,24,6,0,29.411764705882355,8.823529411764707,20.588235294117645,0,0,41.17647058823529,41.17647058823529,0,29.411764705882355,23.52941176470588,5.88235294117647,0
E00019875,104,68,42,26,0,0,12,2,10,24,21,3,0,65.38461538461539,40.38461538461539,25,0,0,11.538461538461538,1.9230769230769231,9.615384615384617,23.076923076923077,20.192307692307693,2.8846153846153846,0
E00019876,138,61,32,29,2,2,30,28,2,45,34,11,0,44.20289855072464,23.18840579710145,21.014492753623188,1.4492753623188406,1.4492753623188406,21.73913043478261,20.28985507246377,1.4492753623188406,32.608695652173914,24.637681159420293,7.971014492753622,0
E00019877,119,99,59,40,0,0,5,2,3,15,9,6,0,83.19327731092437,49.57983193277311,33.61344537815126,0,0,4.201680672268908,1.680672268907563,2.5210084033613445,12.605042016806722,7.563025210084033,5.042016806722689,0
E00019878,155,112,65,47,0,0,22,19,3,21,20,1,0,72.25806451612902,41.935483870967744,30.32258064516129,0,0,14.193548387096774,12.258064516129032,1.935483870967742,13.548387096774196,12.903225806451612,0.6451612903225806,0
E00019879,128,102,48,54,7,7,10,8,2,9,6,3,0,79.6875,37.5,42.1875,5.46875,5.46875,7.8125,6.25,1.5625,7.03125,4.6875,2.34375,0
E00019880,117,32,9,23,1,1,66,64,2,18,17,1,0,27.350427350427353,7.6923076923076925,19.65811965811966,0.8547008547008548,0.8547008547008548,56.41025641025641,54.700854700854705,1.7094017094017095,15.384615384615385,14.529914529914532,0.8547008547008548,0
E00019881,87,31,8,23,0,0,40,37,3,16,13,3,0,35.63218390804598,9.195402298850574,26.436781609195403,0,0,45.97701149425287,42.5287356321839,3.4482758620689653,18.39080459770115,14.942528735632186,3.4482758620689653,0
E00019882,172,23,5,18,1,1,123,122,1,24,24,0,1,13.372093023255813,2.9069767441860463,10.465116279069768,0.5813953488372093,0.5813953488372093,71.51162790697676,70.93023255813954,0.5813953488372093,13.953488372093023,13.953488372093023,0,0.5813953488372093
E00019883,105,11,4,7,1,1,77,76,1,16,14,2,0,10.476190476190476,3.8095238095238098,6.666666666666667,0.9523809523809524,0.9523809523809524,73.33333333333333,72.38095238095238,0.9523809523809524,15.238095238095239,13.333333333333334,1.9047619047619049,0
E00019884,126,28,9,19,1,1,83,80,3,12,8,4,2,22.22222222222222,7.142857142857142,15.079365079365079,0.7936507936507936,0.7936507936507936,65.87301587301587,63.49206349206349,2.380952380952381,9.523809523809524,6.349206349206349,3.1746031746031744,1.5873015873015872
E00019885,117,79,46,33,1,1,3,1,2,34,26,8,0,67.52136752136752,39.31623931623932,28.205128205128204,0.8547008547008548,0.8547008547008548,2.564102564102564,0.8547008547008548,1.7094017094017095,29.059829059829063,22.22222222222222,6.837606837606838,0
E00019886,155,83,19,64,1,1,39,27,12,31,30,1,1,53.5483870967742,12.258064516129032,41.29032258064516,0.6451612903225806,0.6451612903225806,25.161290322580644,17.419354838709676,7.741935483870968,20,19.35483870967742,0.6451612903225806,0.6451612903225806
E00019887,139,86,28,58,0,0,18,6,12,35,35,0,0,61.87050359712231,20.14388489208633,41.726618705035975,0,0,12.949640287769784,4.316546762589928,8.633093525179856,25.179856115107913,25.179856115107913,0,0
E00019888,113,27,11,16,1,1,8,7,1,77,73,4,0,23.893805309734514,9.734513274336283,14.15929203539823,0.8849557522123894,0.8849557522123894,7.079646017699115,6.1946902654867255,0.8849557522123894,68.14159292035397,64.60176991150442,3.5398230088495577,0
E00019889,137,84,27,57,0,0,17,10,7,35,33,2,1,61.31386861313869,19.708029197080293,41.605839416058394,0,0,12.408759124087592,7.2992700729927,5.109489051094891,25.547445255474454,24.087591240875913,1.4598540145985401,0.7299270072992701
E00019890,148,96,31,65,4,4,12,7,5,36,32,4,0,64.86486486486487,20.945945945945947,43.91891891891892,2.7027027027027026,2.7027027027027026,8.108108108108109,4.72972972972973,3.3783783783783785,24.324324324324326,21.62162162162162,2.7027027027027026,0
E00019891,134,78,17,61,1,1,25,12,13,30,28,2,0,58.2089552238806,12.686567164179104,45.52238805970149,0.7462686567164178,0.7462686567164178,18.65671641791045,8.955223880597014,9.701492537313433,22.388059701492537,20.8955223880597,1.4925373134328357,0
E00019892,160,80,32,48,1,1,20,7,13,58,50,8,1,50,20,30,0.625,0.625,12.5,4.375,8.125,36.25,31.25,5,0.625
E00019893,162,109,40,69,0,0,14,5,9,39,35,4,0,67.28395061728395,24.691358024691358,42.592592592592595,0,0,8.641975308641975,3.0864197530864197,5.555555555555555,24.074074074074073,21.604938271604937,2.4691358024691357,0
E00019894,153,102,42,60,3,3,17,7,10,31,25,6,0,66.66666666666666,27.450980392156865,39.21568627450981,1.9607843137254901,1.9607843137254901,11.11111111111111,4.57516339869281,6.535947712418301,20.26143790849673,16.33986928104575,3.9215686274509802,0
E00019895,156,38,20,18,0,0,73,72,1,45,45,0,0,24.358974358974358,12.82051282051282,11.538461538461538,0,0,46.794871794871796,46.15384615384615,0.641025641025641,28.846153846153843,28.846153846153843,0,0
E00019896,148,97,42,55,0,0,23,10,13,27,24,3,1,65.54054054054053,28.37837837837838,37.16216216216216,0,0,15.54054054054054,6.756756756756757,8.783783783783784,18.243243243243242,16.216216216216218,2.027027027027027,0.6756756756756757
E00019897,158,89,40,49,2,2,17,12,5,50,47,3,0,56.32911392405063,25.31645569620253,31.0126582278481,1.2658227848101267,1.2658227848101267,10.759493670886076,7.59493670886076,3.1645569620253164,31.645569620253166,29.746835443037973,1.89873417721519,0
E00019898,186,81,23,58,0,0,43,10,33,61,59,2,1,43.54838709677419,12.365591397849462,31.182795698924732,0,0,23.118279569892472,5.376344086021505,17.741935483870968,32.795698924731184,31.72043010752688,1.0752688172043012,0.5376344086021506
E00019900,148,53,20,33,0,0,39,16,23,56,50,6,0,35.810810810810814,13.513513513513514,22.2972972972973,0,0,26.351351351351347,10.81081081081081,15.54054054054054,37.83783783783784,33.78378378378378,4.054054054054054,0
E00019901,162,81,19,62,1,1,17,6,11,63,58,5,0,50,11.728395061728394,38.2716049382716,0.6172839506172839,0.6172839506172839,10.493827160493826,3.7037037037037033,6.790123456790123,38.88888888888889,35.80246913580247,3.0864197530864197,0
E00019902,155,71,26,45,0,0,29,10,19,55,54,1,0,45.806451612903224,16.7741935483871,29.03225806451613,0,0,18.70967741935484,6.451612903225806,12.258064516129032,35.483870967741936,34.83870967741935,0.6451612903225806,0
E00019903,152,98,42,56,1,1,20,8,12,33,32,1,0,64.47368421052632,27.631578947368425,36.84210526315789,0.6578947368421052,0.6578947368421052,13.157894736842104,5.263157894736842,7.894736842105263,21.710526315789476,21.052631578947366,0.6578947368421052,0
E00019904,120,72,26,46,0,0,17,5,12,31,28,3,0,60,21.666666666666668,38.333333333333336,0,0,14.166666666666666,4.166666666666666,10,25.833333333333336,23.333333333333332,2.5,0
E00019905,109,76,38,38,0,0,19,9,10,14,12,2,0,69.72477064220183,34.862385321100916,34.862385321100916,0,0,17.431192660550458,8.256880733944955,9.174311926605505,12.844036697247708,11.009174311926607,1.834862385321101,0
E00019906,115,66,27,39,0,0,19,3,16,30,28,2,0,57.391304347826086,23.47826086956522,33.91304347826087,0,0,16.52173913043478,2.608695652173913,13.91304347826087,26.08695652173913,24.347826086956523,1.7391304347826086,0
E00019907,127,83,32,51,0,0,11,9,2,33,31,2,0,65.35433070866141,25.196850393700785,40.15748031496063,0,0,8.661417322834646,7.086614173228346,1.574803149606299,25.984251968503933,24.409448818897637,1.574803149606299,0
E00019908,144,78,24,54,1,1,33,20,13,32,30,2,0,54.166666666666664,16.666666666666664,37.5,0.6944444444444444,0.6944444444444444,22.916666666666664,13.88888888888889,9.027777777777777,22.22222222222222,20.833333333333336,1.3888888888888888,0
E00019909,137,94,31,63,0,0,14,9,5,29,27,2,0,68.61313868613139,22.62773722627737,45.98540145985402,0,0,10.218978102189782,6.569343065693431,3.64963503649635,21.16788321167883,19.708029197080293,1.4598540145985401,0
E00019910,127,80,35,45,1,1,15,8,7,31,28,3,0,62.99212598425197,27.559055118110237,35.43307086614173,0.7874015748031495,0.7874015748031495,11.811023622047244,6.299212598425196,5.511811023622047,24.409448818897637,22.04724409448819,2.3622047244094486,0
E00019911,120,53,17,36,3,3,31,25,6,33,30,3,0,44.166666666666664,14.166666666666666,30,2.5,2.5,25.833333333333336,20.833333333333336,5,27.500000000000004,25,2.5,0
E00019912,176,111,37,74,3,3,36,19,17,26,24,2,0,63.06818181818182,21.022727272727273,42.04545454545455,1.7045454545454544,1.7045454545454544,20.454545454545457,10.795454545454545,9.659090909090908,14.772727272727273,13.636363636363635,1.1363636363636365,0
E00019913,159,94,33,61,0,0,19,10,9,46,46,0,0,59.11949685534591,20.754716981132077,38.36477987421384,0,0,11.949685534591195,6.289308176100629,5.660377358490567,28.930817610062892,28.930817610062892,0,0
E00019914,134,60,21,39,0,0,27,6,21,46,43,3,1,44.776119402985074,15.671641791044777,29.1044776119403,0,0,20.149253731343283,4.477611940298507,15.671641791044777,34.32835820895522,32.08955223880597,2.2388059701492535,0.7462686567164178
E00019915,84,22,8,14,0,0,56,31,25,6,6,0,0,26.190476190476193,9.523809523809524,16.666666666666664,0,0,66.66666666666666,36.904761904761905,29.761904761904763,7.142857142857142,7.142857142857142,0,0
E00019916,132,78,34,44,0,0,31,11,20,23,22,1,0,59.09090909090909,25.757575757575758,33.33333333333333,0,0,23.484848484848484,8.333333333333332,15.151515151515152,17.424242424242426,16.666666666666664,0.7575757575757576,0
E00019917,146,95,25,70,0,0,11,5,6,40,37,3,0,65.06849315068493,17.123287671232877,47.94520547945205,0,0,7.534246575342466,3.4246575342465753,4.10958904109589,27.397260273972602,25.34246575342466,2.054794520547945,0
E00019918,154,82,25,57,1,1,15,5,10,56,53,3,0,53.246753246753244,16.233766233766232,37.01298701298701,0.6493506493506493,0.6493506493506493,9.740259740259742,3.2467532467532463,6.493506493506493,36.36363636363637,34.41558441558442,1.948051948051948,0
E00019919,140,65,23,42,0,0,28,12,16,47,42,5,0,46.42857142857143,16.428571428571427,30,0,0,20,8.571428571428571,11.428571428571429,33.57142857142857,30,3.571428571428571,0
E00019920,135,83,28,55,1,1,15,6,9,36,32,4,0,61.48148148148148,20.74074074074074,40.74074074074074,0.7407407407407408,0.7407407407407408,11.11111111111111,4.444444444444445,6.666666666666667,26.666666666666668,23.703703703703706,2.9629629629629632,0
E00019921,98,60,21,39,0,0,17,10,7,21,20,1,0,61.224489795918366,21.428571428571427,39.795918367346935,0,0,17.346938775510203,10.204081632653061,7.142857142857142,21.428571428571427,20.408163265306122,1.0204081632653061,0
E00019922,158,97,33,64,0,0,28,14,14,33,31,2,0,61.39240506329114,20.88607594936709,40.50632911392405,0,0,17.72151898734177,8.860759493670885,8.860759493670885,20.88607594936709,19.62025316455696,1.2658227848101267,0
E00019924,113,24,8,16,1,1,62,60,2,26,24,2,0,21.238938053097346,7.079646017699115,14.15929203539823,0.8849557522123894,0.8849557522123894,54.86725663716814,53.09734513274337,1.7699115044247788,23.008849557522122,21.238938053097346,1.7699115044247788,0
E00019926,128,38,10,28,0,0,51,51,0,39,34,5,0,29.6875,7.8125,21.875,0,0,39.84375,39.84375,0,30.46875,26.5625,3.90625,0
E00019927,156,27,9,18,0,0,90,84,6,39,37,2,0,17.307692307692307,5.769230769230769,11.538461538461538,0,0,57.692307692307686,53.84615384615385,3.8461538461538463,25,23.717948717948715,1.282051282051282,0
E00019928,118,21,7,14,1,1,78,76,2,18,16,2,0,17.796610169491526,5.932203389830509,11.864406779661017,0.847457627118644,0.847457627118644,66.10169491525424,64.40677966101694,1.694915254237288,15.254237288135593,13.559322033898304,1.694915254237288,0
E00019929,124,5,0,5,0,0,97,36,61,22,21,1,0,4.032258064516129,0,4.032258064516129,0,0,78.2258064516129,29.03225806451613,49.193548387096776,17.741935483870968,16.93548387096774,0.8064516129032258,0
E00019930,131,13,3,10,2,2,101,101,0,15,12,3,0,9.923664122137405,2.2900763358778624,7.633587786259542,1.5267175572519083,1.5267175572519083,77.09923664122137,77.09923664122137,0,11.450381679389313,9.16030534351145,2.2900763358778624,0
E00019931,183,34,12,22,1,1,69,67,2,79,75,4,0,18.579234972677597,6.557377049180328,12.021857923497267,0.546448087431694,0.546448087431694,37.704918032786885,36.6120218579235,1.092896174863388,43.169398907103826,40.98360655737705,2.185792349726776,0
E00019933,160,46,19,27,0,0,74,17,57,40,38,2,0,28.749999999999996,11.875,16.875,0,0,46.25,10.625,35.625,25,23.75,1.25,0
E00019934,148,46,16,30,0,0,38,19,19,64,56,8,0,31.08108108108108,10.81081081081081,20.27027027027027,0,0,25.675675675675674,12.837837837837837,12.837837837837837,43.24324324324324,37.83783783783784,5.405405405405405,0
E00019935,198,35,15,20,45,45,59,15,44,58,54,4,1,17.67676767676768,7.575757575757576,10.1010101010101,22.727272727272727,22.727272727272727,29.797979797979796,7.575757575757576,22.22222222222222,29.292929292929294,27.27272727272727,2.0202020202020203,0.5050505050505051
E00019937,97,46,21,25,2,2,9,2,7,40,38,2,0,47.42268041237113,21.649484536082475,25.773195876288657,2.0618556701030926,2.0618556701030926,9.278350515463918,2.0618556701030926,7.216494845360824,41.23711340206185,39.175257731958766,2.0618556701030926,0
E00019938,193,35,4,31,8,8,61,21,40,89,83,6,0,18.134715025906736,2.072538860103627,16.06217616580311,4.145077720207254,4.145077720207254,31.606217616580313,10.880829015544041,20.72538860103627,46.1139896373057,43.005181347150256,3.1088082901554404,0
E00019942,76,26,13,13,0,0,6,5,1,44,42,2,0,34.21052631578947,17.105263157894736,17.105263157894736,0,0,7.894736842105263,6.578947368421052,1.3157894736842104,57.89473684210527,55.26315789473685,2.631578947368421,0
E00019943,96,32,18,14,0,0,3,1,2,61,57,4,0,33.33333333333333,18.75,14.583333333333334,0,0,3.125,1.0416666666666665,2.083333333333333,63.541666666666664,59.375,4.166666666666666,0
E00019944,136,11,4,7,18,18,83,10,73,24,21,3,0,8.088235294117647,2.941176470588235,5.147058823529411,13.23529411764706,13.23529411764706,61.029411764705884,7.352941176470589,53.67647058823529,17.647058823529413,15.441176470588236,2.2058823529411766,0
E00019945,130,29,12,17,0,0,67,66,1,32,32,0,2,22.30769230769231,9.230769230769232,13.076923076923078,0,0,51.53846153846153,50.76923076923077,0.7692307692307693,24.615384615384617,24.615384615384617,0,1.5384615384615385
E00019947,138,20,3,17,1,1,88,87,1,29,29,0,0,14.492753623188406,2.1739130434782608,12.318840579710146,0.7246376811594203,0.7246376811594203,63.76811594202898,63.04347826086957,0.7246376811594203,21.014492753623188,21.014492753623188,0,0
E00019948,131,17,5,12,0,0,32,5,27,82,82,0,0,12.977099236641221,3.816793893129771,9.16030534351145,0,0,24.427480916030532,3.816793893129771,20.610687022900763,62.59541984732825,62.59541984732825,0,0
E00019949,185,21,6,15,0,0,138,72,66,24,22,2,2,11.351351351351353,3.2432432432432434,8.108108108108109,0,0,74.5945945945946,38.91891891891892,35.67567567567568,12.972972972972974,11.891891891891893,1.0810810810810811,1.0810810810810811
E00019950,161,14,5,9,2,2,114,86,28,23,19,4,8,8.695652173913043,3.1055900621118013,5.590062111801243,1.2422360248447204,1.2422360248447204,70.80745341614907,53.41614906832298,17.391304347826086,14.285714285714285,11.801242236024844,2.484472049689441,4.968944099378882
E00019953,136,24,5,19,3,3,83,80,3,23,21,2,3,17.647058823529413,3.6764705882352944,13.970588235294118,2.2058823529411766,2.2058823529411766,61.029411764705884,58.82352941176471,2.2058823529411766,16.911764705882355,15.441176470588236,1.4705882352941175,2.2058823529411766
E00019955,102,13,3,10,1,1,70,69,1,14,12,2,4,12.745098039215685,2.941176470588235,9.803921568627452,0.9803921568627451,0.9803921568627451,68.62745098039215,67.64705882352942,0.9803921568627451,13.725490196078432,11.76470588235294,1.9607843137254901,3.9215686274509802
E00019956,142,21,8,13,2,2,97,96,1,22,18,4,0,14.788732394366196,5.633802816901409,9.15492957746479,1.4084507042253522,1.4084507042253522,68.30985915492957,67.6056338028169,0.7042253521126761,15.492957746478872,12.676056338028168,2.8169014084507045,0
E00019957,169,26,13,13,2,2,81,51,30,57,50,7,3,15.384615384615385,7.6923076923076925,7.6923076923076925,1.183431952662722,1.183431952662722,47.928994082840234,30.17751479289941,17.75147928994083,33.72781065088758,29.585798816568047,4.142011834319527,1.7751479289940828
E00019958,167,22,5,17,3,3,112,111,1,28,24,4,2,13.17365269461078,2.9940119760479043,10.179640718562874,1.7964071856287425,1.7964071856287425,67.06586826347305,66.46706586826348,0.5988023952095809,16.766467065868262,14.37125748502994,2.3952095808383236,1.1976047904191618
E00019959,110,17,5,12,1,1,18,13,5,74,72,2,0,15.454545454545453,4.545454545454546,10.909090909090908,0.9090909090909091,0.9090909090909091,16.363636363636363,11.818181818181818,4.545454545454546,67.27272727272727,65.45454545454545,1.8181818181818181,0
E00019960,189,32,10,22,0,0,122,52,70,35,34,1,0,16.93121693121693,5.291005291005291,11.64021164021164,0,0,64.55026455026454,27.513227513227513,37.03703703703704,18.51851851851852,17.989417989417987,0.5291005291005291,0
E00019961,125,14,6,8,0,0,76,66,10,35,31,4,0,11.200000000000001,4.8,6.4,0,0,60.8,52.800000000000004,8,28.000000000000004,24.8,3.2,0
E00019962,117,15,7,8,1,1,83,50,33,18,17,1,0,12.82051282051282,5.982905982905983,6.837606837606838,0.8547008547008548,0.8547008547008548,70.94017094017094,42.73504273504273,28.205128205128204,15.384615384615385,14.529914529914532,0.8547008547008548,0
E00019963,154,13,5,8,6,6,23,15,8,112,102,10,0,8.441558441558442,3.2467532467532463,5.194805194805195,3.896103896103896,3.896103896103896,14.935064935064934,9.740259740259742,5.194805194805195,72.72727272727273,66.23376623376623,6.493506493506493,0
E00019965,114,10,8,2,1,1,90,56,34,13,12,1,0,8.771929824561402,7.017543859649122,1.7543859649122806,0.8771929824561403,0.8771929824561403,78.94736842105263,49.122807017543856,29.82456140350877,11.403508771929824,10.526315789473683,0.8771929824561403,0
E00019968,124,30,13,17,1,1,84,82,2,9,8,1,0,24.193548387096776,10.483870967741936,13.709677419354838,0.8064516129032258,0.8064516129032258,67.74193548387096,66.12903225806451,1.6129032258064515,7.258064516129033,6.451612903225806,0.8064516129032258,0
E00019971,107,21,5,16,0,0,21,9,12,65,64,1,0,19.626168224299064,4.672897196261682,14.953271028037381,0,0,19.626168224299064,8.411214953271028,11.214953271028037,60.747663551401864,59.813084112149525,0.9345794392523363,0
E00019972,82,6,2,4,2,2,13,4,9,61,61,0,0,7.317073170731707,2.4390243902439024,4.878048780487805,2.4390243902439024,2.4390243902439024,15.853658536585366,4.878048780487805,10.975609756097562,74.39024390243902,74.39024390243902,0,0
E00019973,85,4,1,3,0,0,71,70,1,10,10,0,0,4.705882352941177,1.1764705882352942,3.5294117647058822,0,0,83.52941176470588,82.35294117647058,1.1764705882352942,11.76470588235294,11.76470588235294,0,0
E00019974,119,3,1,2,0,0,15,2,13,101,101,0,0,2.5210084033613445,0.8403361344537815,1.680672268907563,0,0,12.605042016806722,1.680672268907563,10.92436974789916,84.87394957983193,84.87394957983193,0,0
E00019975,82,2,0,2,1,1,18,3,15,61,59,2,0,2.4390243902439024,0,2.4390243902439024,1.2195121951219512,1.2195121951219512,21.951219512195124,3.6585365853658534,18.29268292682927,74.39024390243902,71.95121951219512,2.4390243902439024,0
E00019976,107,4,1,3,0,0,94,94,0,9,9,0,0,3.7383177570093453,0.9345794392523363,2.803738317757009,0,0,87.85046728971963,87.85046728971963,0,8.411214953271028,8.411214953271028,0,0
E00019977,58,3,1,2,0,0,51,48,3,4,3,1,0,5.172413793103448,1.7241379310344827,3.4482758620689653,0,0,87.93103448275862,82.75862068965517,5.172413793103448,6.896551724137931,5.172413793103448,1.7241379310344827,0
E00019978,109,30,11,19,0,0,29,22,7,50,46,4,0,27.522935779816514,10.091743119266056,17.431192660550458,0,0,26.605504587155966,20.18348623853211,6.422018348623854,45.87155963302752,42.201834862385326,3.669724770642202,0
E00019979,99,1,0,1,0,0,23,2,21,75,73,2,0,1.0101010101010102,0,1.0101010101010102,0,0,23.232323232323232,2.0202020202020203,21.21212121212121,75.75757575757575,73.73737373737373,2.0202020202020203,0
E00019980,106,8,4,4,0,0,78,73,5,18,16,2,2,7.547169811320755,3.7735849056603774,3.7735849056603774,0,0,73.58490566037736,68.86792452830188,4.716981132075472,16.9811320754717,15.09433962264151,1.8867924528301887,1.8867924528301887
E00019981,100,10,9,1,2,2,81,80,1,6,5,1,1,10,9,1,2,2,81,80,1,6,5,1,1
E00019982,122,1,0,1,0,0,115,106,9,6,6,0,0,0.819672131147541,0,0.819672131147541,0,0,94.26229508196722,86.88524590163934,7.377049180327869,4.918032786885246,4.918032786885246,0,0
E00019983,113,15,6,9,3,3,24,12,12,71,67,4,0,13.274336283185843,5.3097345132743365,7.964601769911504,2.6548672566371683,2.6548672566371683,21.238938053097346,10.619469026548673,10.619469026548673,62.83185840707964,59.29203539823009,3.5398230088495577,0
E00019984,108,7,3,4,1,1,83,82,1,17,14,3,0,6.481481481481481,2.7777777777777777,3.7037037037037033,0.9259259259259258,0.9259259259259258,76.85185185185185,75.92592592592592,0.9259259259259258,15.74074074074074,12.962962962962962,2.7777777777777777,0
E00019985,153,27,5,22,0,0,88,38,50,37,33,4,1,17.647058823529413,3.2679738562091507,14.37908496732026,0,0,57.51633986928104,24.836601307189543,32.6797385620915,24.183006535947712,21.568627450980394,2.6143790849673203,0.6535947712418301
E00019987,123,54,25,29,0,0,41,37,4,28,25,3,0,43.90243902439025,20.32520325203252,23.577235772357724,0,0,33.33333333333333,30.081300813008134,3.2520325203252036,22.76422764227642,20.32520325203252,2.4390243902439024,0
E00019988,99,15,6,9,0,0,72,68,4,12,11,1,0,15.151515151515152,6.0606060606060606,9.090909090909092,0,0,72.72727272727273,68.68686868686868,4.040404040404041,12.121212121212121,11.11111111111111,1.0101010101010102,0
E00019989,75,11,2,9,0,0,52,51,1,12,12,0,0,14.666666666666666,2.666666666666667,12,0,0,69.33333333333334,68,1.3333333333333335,16,16,0,0
E00019990,100,9,5,4,1,1,82,78,4,8,7,1,0,9,5,4,1,1,82,78,4,8,7.000000000000001,1,0
E00019992,155,20,8,12,0,0,73,72,1,62,60,2,0,12.903225806451612,5.161290322580645,7.741935483870968,0,0,47.096774193548384,46.45161290322581,0.6451612903225806,40,38.70967741935484,1.2903225806451613,0
E00019995,71,34,14,20,0,0,13,8,5,24,22,2,0,47.88732394366197,19.718309859154928,28.169014084507044,0,0,18.30985915492958,11.267605633802818,7.042253521126761,33.80281690140845,30.985915492957744,2.8169014084507045,0
E00019997,135,44,26,18,3,3,24,20,4,64,60,4,0,32.592592592592595,19.25925925925926,13.333333333333334,2.2222222222222223,2.2222222222222223,17.77777777777778,14.814814814814813,2.9629629629629632,47.40740740740741,44.44444444444444,2.9629629629629632,0
E00019998,128,23,5,18,0,0,70,66,4,35,32,3,0,17.96875,3.90625,14.0625,0,0,54.6875,51.5625,3.125,27.34375,25,2.34375,0
E00019999,68,4,2,2,0,0,60,60,0,2,2,0,2,5.88235294117647,2.941176470588235,2.941176470588235,0,0,88.23529411764706,88.23529411764706,0,2.941176470588235,2.941176470588235,0,2.941176470588235
E00020000,136,2,1,1,1,1,124,120,4,9,8,1,0,1.4705882352941175,0.7352941176470588,0.7352941176470588,0.7352941176470588,0.7352941176470588,91.17647058823529,88.23529411764706,2.941176470588235,6.61764705882353,5.88235294117647,0.7352941176470588,0
E00020001,119,4,1,3,0,0,85,85,0,29,20,9,1,3.361344537815126,0.8403361344537815,2.5210084033613445,0,0,71.42857142857143,71.42857142857143,0,24.369747899159663,16.80672268907563,7.563025210084033,0.8403361344537815
E00020002,184,24,5,19,53,53,87,31,56,19,9,10,1,13.043478260869565,2.717391304347826,10.326086956521738,28.804347826086957,28.804347826086957,47.28260869565217,16.847826086956523,30.434782608695656,10.326086956521738,4.891304347826087,5.434782608695652,0.5434782608695652
E00020003,130,14,5,9,0,0,101,100,1,15,15,0,0,10.76923076923077,3.8461538461538463,6.923076923076923,0,0,77.6923076923077,76.92307692307693,0.7692307692307693,11.538461538461538,11.538461538461538,0,0
E00020004,133,9,5,4,0,0,116,116,0,7,7,0,1,6.7669172932330826,3.7593984962406015,3.007518796992481,0,0,87.21804511278195,87.21804511278195,0,5.263157894736842,5.263157894736842,0,0.7518796992481203
E00020005,149,13,4,9,3,3,74,67,7,59,53,6,0,8.724832214765101,2.684563758389262,6.0402684563758395,2.013422818791946,2.013422818791946,49.664429530201346,44.966442953020135,4.697986577181208,39.59731543624161,35.57046979865772,4.026845637583892,0
E00020006,121,47,14,33,0,0,13,7,6,61,60,1,0,38.84297520661157,11.570247933884298,27.27272727272727,0,0,10.743801652892563,5.785123966942149,4.958677685950414,50.413223140495866,49.586776859504134,0.8264462809917356,0
E00020007,58,7,2,5,0,0,47,44,3,4,4,0,0,12.068965517241379,3.4482758620689653,8.620689655172415,0,0,81.03448275862068,75.86206896551724,5.172413793103448,6.896551724137931,6.896551724137931,0,0
E00020008,136,27,15,12,1,1,59,4,55,49,46,3,0,19.852941176470587,11.029411764705882,8.823529411764707,0.7352941176470588,0.7352941176470588,43.38235294117647,2.941176470588235,40.44117647058824,36.029411764705884,33.82352941176471,2.2058823529411766,0
E00020009,175,27,13,14,0,0,106,17,89,42,42,0,0,15.428571428571427,7.428571428571429,8,0,0,60.57142857142858,9.714285714285714,50.857142857142854,24,24,0,0
E00020010,159,42,21,21,4,4,1,1,0,112,102,10,0,26.41509433962264,13.20754716981132,13.20754716981132,2.515723270440252,2.515723270440252,0.628930817610063,0.628930817610063,0,70.44025157232704,64.15094339622641,6.289308176100629,0
E00020011,159,46,22,24,0,0,57,16,41,56,54,2,0,28.930817610062892,13.836477987421384,15.09433962264151,0,0,35.84905660377358,10.062893081761008,25.78616352201258,35.22012578616352,33.9622641509434,1.257861635220126,0
E00020013,195,25,5,20,3,3,95,45,50,72,66,6,0,12.82051282051282,2.564102564102564,10.256410256410255,1.5384615384615385,1.5384615384615385,48.717948717948715,23.076923076923077,25.64102564102564,36.92307692307693,33.84615384615385,3.076923076923077,0
E00020014,248,57,14,43,4,4,38,4,34,148,139,9,1,22.983870967741936,5.64516129032258,17.338709677419356,1.6129032258064515,1.6129032258064515,15.32258064516129,1.6129032258064515,13.709677419354838,59.67741935483871,56.048387096774185,3.6290322580645165,0.4032258064516129
E00020015,125,17,2,15,0,0,96,80,16,12,10,2,0,13.600000000000001,1.6,12,0,0,76.8,64,12.8,9.6,8,1.6,0
E00020016,122,23,10,13,0,0,75,74,1,23,22,1,1,18.852459016393443,8.19672131147541,10.655737704918032,0,0,61.47540983606557,60.65573770491803,0.819672131147541,18.852459016393443,18.0327868852459,0.819672131147541,0.819672131147541
E00020017,242,59,20,39,12,12,89,32,57,82,76,6,0,24.380165289256198,8.264462809917356,16.115702479338843,4.958677685950414,4.958677685950414,36.77685950413223,13.223140495867769,23.553719008264462,33.88429752066116,31.40495867768595,2.479338842975207,0
E00020018,120,22,11,11,0,0,55,11,44,43,38,5,0,18.333333333333332,9.166666666666666,9.166666666666666,0,0,45.83333333333333,9.166666666666666,36.666666666666664,35.833333333333336,31.666666666666664,4.166666666666666,0
E00020019,128,19,3,16,0,0,85,82,3,24,19,5,0,14.84375,2.34375,12.5,0,0,66.40625,64.0625,2.34375,18.75,14.84375,3.90625,0
E00020020,199,72,18,54,4,4,22,15,7,101,95,6,0,36.18090452261307,9.045226130653267,27.1356783919598,2.0100502512562812,2.0100502512562812,11.055276381909549,7.537688442211055,3.5175879396984926,50.753768844221106,47.73869346733669,3.015075376884422,0
E00020021,142,20,6,14,1,1,85,35,50,36,35,1,0,14.084507042253522,4.225352112676056,9.859154929577464,0.7042253521126761,0.7042253521126761,59.859154929577464,24.647887323943664,35.2112676056338,25.352112676056336,24.647887323943664,0.7042253521126761,0
E00020022,109,19,1,18,0,0,79,78,1,11,10,1,0,17.431192660550458,0.9174311926605505,16.51376146788991,0,0,72.47706422018348,71.55963302752293,0.9174311926605505,10.091743119266056,9.174311926605505,0.9174311926605505,0
E00020023,123,15,9,6,0,0,89,72,17,19,13,6,0,12.195121951219512,7.317073170731707,4.878048780487805,0,0,72.35772357723577,58.536585365853654,13.821138211382115,15.447154471544716,10.569105691056912,4.878048780487805,0
E00020024,132,5,2,3,0,0,116,15,101,11,10,1,0,3.787878787878788,1.5151515151515151,2.272727272727273,0,0,87.87878787878788,11.363636363636363,76.51515151515152,8.333333333333332,7.575757575757576,0.7575757575757576,0
E00020025,124,31,10,21,0,0,60,54,6,33,30,3,0,25,8.064516129032258,16.93548387096774,0,0,48.38709677419355,43.54838709677419,4.838709677419355,26.61290322580645,24.193548387096776,2.4193548387096775,0
E00020026,140,26,6,20,0,0,95,85,10,19,16,3,0,18.571428571428573,4.285714285714286,14.285714285714285,0,0,67.85714285714286,60.71428571428571,7.142857142857142,13.571428571428571,11.428571428571429,2.142857142857143,0
E00020027,117,61,29,32,0,0,4,2,2,52,45,7,0,52.13675213675214,24.786324786324787,27.350427350427353,0,0,3.418803418803419,1.7094017094017095,1.7094017094017095,44.44444444444444,38.46153846153847,5.982905982905983,0
E00020028,227,63,25,38,9,9,83,2,81,72,68,4,0,27.75330396475771,11.013215859030836,16.740088105726873,3.9647577092511015,3.9647577092511015,36.56387665198238,0.881057268722467,35.68281938325991,31.718061674008812,29.955947136563875,1.762114537444934,0
E00020029,132,24,11,13,0,0,81,80,1,27,22,5,0,18.181818181818183,8.333333333333332,9.848484848484848,0,0,61.36363636363637,60.60606060606061,0.7575757575757576,20.454545454545457,16.666666666666664,3.787878787878788,0
E00020030,144,11,1,10,0,0,115,77,38,18,17,1,0,7.638888888888889,0.6944444444444444,6.944444444444445,0,0,79.86111111111111,53.47222222222222,26.38888888888889,12.5,11.805555555555555,0.6944444444444444,0
E00020031,154,10,1,9,0,0,99,17,82,45,42,3,0,6.493506493506493,0.6493506493506493,5.844155844155844,0,0,64.28571428571429,11.03896103896104,53.246753246753244,29.22077922077922,27.27272727272727,1.948051948051948,0
E00020032,117,10,1,9,1,1,82,11,71,23,22,1,1,8.547008547008547,0.8547008547008548,7.6923076923076925,0.8547008547008548,0.8547008547008548,70.08547008547008,9.401709401709402,60.68376068376068,19.65811965811966,18.803418803418804,0.8547008547008548,0.8547008547008548
E00020034,119,14,7,7,0,0,78,55,23,27,26,1,0,11.76470588235294,5.88235294117647,5.88235294117647,0,0,65.54621848739495,46.21848739495798,19.327731092436977,22.689075630252102,21.84873949579832,0.8403361344537815,0
E00020035,134,36,19,17,0,0,41,32,9,57,48,9,0,26.865671641791046,14.17910447761194,12.686567164179104,0,0,30.597014925373134,23.88059701492537,6.7164179104477615,42.53731343283582,35.82089552238806,6.7164179104477615,0
E00020036,105,15,8,7,1,1,52,32,20,37,34,3,0,14.285714285714285,7.6190476190476195,6.666666666666667,0.9523809523809524,0.9523809523809524,49.523809523809526,30.476190476190478,19.047619047619047,35.23809523809524,32.38095238095238,2.857142857142857,0
E00020037,196,45,5,40,18,18,57,57,0,76,66,10,0,22.95918367346939,2.5510204081632653,20.408163265306122,9.183673469387756,9.183673469387756,29.081632653061224,29.081632653061224,0,38.775510204081634,33.6734693877551,5.1020408163265305,0
E00020039,106,16,7,9,1,1,76,58,18,13,11,2,0,15.09433962264151,6.60377358490566,8.49056603773585,0.9433962264150944,0.9433962264150944,71.69811320754717,54.71698113207547,16.9811320754717,12.264150943396226,10.377358490566039,1.8867924528301887,0
E00020040,142,23,4,19,1,1,67,52,15,50,44,6,1,16.19718309859155,2.8169014084507045,13.380281690140844,0.7042253521126761,0.7042253521126761,47.183098591549296,36.61971830985916,10.56338028169014,35.2112676056338,30.985915492957744,4.225352112676056,0.7042253521126761
E00020041,138,20,9,11,0,0,90,75,15,28,25,3,0,14.492753623188406,6.521739130434782,7.971014492753622,0,0,65.21739130434783,54.347826086956516,10.869565217391305,20.28985507246377,18.115942028985508,2.1739130434782608,0
E00020043,127,26,4,22,0,0,63,63,0,37,33,4,1,20.47244094488189,3.149606299212598,17.322834645669293,0,0,49.60629921259843,49.60629921259843,0,29.133858267716533,25.984251968503933,3.149606299212598,0.7874015748031495
E00020045,125,14,1,13,0,0,80,80,0,31,30,1,0,11.200000000000001,0.8,10.4,0,0,64,64,0,24.8,24,0.8,0
E00020046,152,31,5,26,7,7,89,78,11,25,23,2,0,20.394736842105264,3.289473684210526,17.105263157894736,4.605263157894736,4.605263157894736,58.55263157894737,51.31578947368421,7.236842105263158,16.447368421052634,15.131578947368421,1.3157894736842104,0
E00020047,121,17,5,12,3,3,79,49,30,22,21,1,0,14.049586776859504,4.132231404958678,9.917355371900827,2.479338842975207,2.479338842975207,65.28925619834712,40.49586776859504,24.793388429752067,18.181818181818183,17.355371900826448,0.8264462809917356,0
E00020048,131,22,5,17,0,0,83,32,51,26,23,3,0,16.793893129770993,3.816793893129771,12.977099236641221,0,0,63.358778625954194,24.427480916030532,38.93129770992366,19.84732824427481,17.557251908396946,2.2900763358778624,0
E00020049,130,22,9,13,8,8,73,24,49,27,24,3,0,16.923076923076923,6.923076923076923,10,6.153846153846154,6.153846153846154,56.15384615384615,18.461538461538463,37.69230769230769,20.76923076923077,18.461538461538463,2.307692307692308,0
E00020050,121,15,2,13,0,0,89,81,8,16,14,2,1,12.396694214876034,1.6528925619834711,10.743801652892563,0,0,73.55371900826447,66.94214876033058,6.6115702479338845,13.223140495867769,11.570247933884298,1.6528925619834711,0.8264462809917356
E00020052,238,39,12,27,26,26,113,73,40,59,49,10,1,16.386554621848738,5.042016806722689,11.344537815126051,10.92436974789916,10.92436974789916,47.47899159663865,30.672268907563026,16.80672268907563,24.789915966386555,20.588235294117645,4.201680672268908,0.42016806722689076
E00020053,123,26,13,13,0,0,61,50,11,29,27,2,7,21.138211382113823,10.569105691056912,10.569105691056912,0,0,49.59349593495935,40.65040650406504,8.94308943089431,23.577235772357724,21.951219512195124,1.6260162601626018,5.691056910569105
E00020054,167,18,8,10,1,1,121,121,0,20,18,2,7,10.778443113772456,4.790419161676647,5.9880239520958085,0.5988023952095809,0.5988023952095809,72.45508982035929,72.45508982035929,0,11.976047904191617,10.778443113772456,1.1976047904191618,4.191616766467066
E00020055,153,65,22,43,4,4,31,25,6,51,50,1,2,42.48366013071895,14.37908496732026,28.104575163398692,2.6143790849673203,2.6143790849673203,20.26143790849673,16.33986928104575,3.9215686274509802,33.33333333333333,32.6797385620915,0.6535947712418301,1.3071895424836601
E00020056,99,15,3,12,0,0,76,74,2,8,6,2,0,15.151515151515152,3.0303030303030303,12.121212121212121,0,0,76.76767676767676,74.74747474747475,2.0202020202020203,8.080808080808081,6.0606060606060606,2.0202020202020203,0
E00020057,123,10,4,6,0,0,94,37,57,18,16,2,1,8.130081300813007,3.2520325203252036,4.878048780487805,0,0,76.42276422764228,30.081300813008134,46.34146341463415,14.634146341463413,13.008130081300814,1.6260162601626018,0.8130081300813009
E00020059,177,22,15,7,2,2,111,38,73,39,34,5,3,12.429378531073446,8.47457627118644,3.954802259887006,1.1299435028248588,1.1299435028248588,62.71186440677966,21.468926553672315,41.24293785310734,22.033898305084744,19.2090395480226,2.824858757062147,1.694915254237288
E00020060,236,71,7,64,10,10,70,41,29,85,83,2,0,30.08474576271186,2.9661016949152543,27.11864406779661,4.23728813559322,4.23728813559322,29.66101694915254,17.372881355932204,12.288135593220339,36.016949152542374,35.16949152542373,0.847457627118644,0
E00020061,188,31,14,17,4,4,91,84,7,62,55,7,0,16.48936170212766,7.446808510638298,9.042553191489363,2.127659574468085,2.127659574468085,48.40425531914894,44.680851063829785,3.723404255319149,32.97872340425532,29.25531914893617,3.723404255319149,0
E00020062,175,27,14,13,3,3,101,36,65,44,40,4,0,15.428571428571427,8,7.428571428571429,1.7142857142857144,1.7142857142857144,57.714285714285715,20.57142857142857,37.142857142857146,25.142857142857146,22.857142857142858,2.2857142857142856,0
E00020063,166,33,8,25,0,0,108,108,0,24,20,4,1,19.879518072289155,4.819277108433735,15.060240963855422,0,0,65.06024096385542,65.06024096385542,0,14.457831325301203,12.048192771084338,2.4096385542168677,0.6024096385542169
E00020064,151,45,19,26,5,5,42,34,8,58,57,1,1,29.80132450331126,12.582781456953644,17.218543046357617,3.3112582781456954,3.3112582781456954,27.81456953642384,22.516556291390728,5.298013245033113,38.41059602649007,37.74834437086093,0.6622516556291391,0.6622516556291391
E00020065,164,13,11,2,0,0,123,120,3,21,18,3,7,7.926829268292683,6.707317073170732,1.2195121951219512,0,0,75,73.17073170731707,1.8292682926829267,12.804878048780488,10.975609756097562,1.8292682926829267,4.2682926829268295
E00020066,141,15,6,9,0,0,119,119,0,5,5,0,2,10.638297872340425,4.25531914893617,6.382978723404255,0,0,84.39716312056737,84.39716312056737,0,3.546099290780142,3.546099290780142,0,1.4184397163120568
E00020067,119,19,6,13,0,0,83,83,0,17,14,3,0,15.966386554621847,5.042016806722689,10.92436974789916,0,0,69.74789915966386,69.74789915966386,0,14.285714285714285,11.76470588235294,2.5210084033613445,0
E00020068,133,23,5,18,1,1,91,90,1,16,15,1,2,17.293233082706767,3.7593984962406015,13.533834586466165,0.7518796992481203,0.7518796992481203,68.42105263157895,67.66917293233082,0.7518796992481203,12.030075187969924,11.278195488721805,0.7518796992481203,1.5037593984962405
E00020069,107,8,3,5,0,0,83,48,35,16,14,2,0,7.476635514018691,2.803738317757009,4.672897196261682,0,0,77.57009345794393,44.85981308411215,32.71028037383177,14.953271028037381,13.084112149532709,1.8691588785046727,0
E00020070,145,13,0,13,1,1,117,90,27,12,11,1,2,8.96551724137931,0,8.96551724137931,0.6896551724137931,0.6896551724137931,80.6896551724138,62.06896551724138,18.620689655172416,8.275862068965518,7.586206896551724,0.6896551724137931,1.3793103448275863
E00020071,154,34,11,23,2,2,92,71,21,25,19,6,1,22.07792207792208,7.142857142857142,14.935064935064934,1.2987012987012987,1.2987012987012987,59.74025974025974,46.103896103896105,13.636363636363635,16.233766233766232,12.337662337662337,3.896103896103896,0.6493506493506493
E00020072,151,48,25,23,0,0,64,39,25,36,31,5,3,31.788079470198678,16.55629139072848,15.2317880794702,0,0,42.384105960264904,25.82781456953642,16.55629139072848,23.841059602649008,20.52980132450331,3.3112582781456954,1.9867549668874174
E00020073,161,29,6,23,0,0,106,105,1,25,22,3,1,18.012422360248447,3.7267080745341614,14.285714285714285,0,0,65.83850931677019,65.21739130434783,0.6211180124223602,15.527950310559005,13.664596273291925,1.8633540372670807,0.6211180124223602
E00020074,155,12,5,7,1,1,126,124,2,15,15,0,1,7.741935483870968,3.225806451612903,4.516129032258064,0.6451612903225806,0.6451612903225806,81.29032258064515,80,1.2903225806451613,9.67741935483871,9.67741935483871,0,0.6451612903225806
E00020075,82,16,5,11,2,2,46,30,16,18,16,2,0,19.51219512195122,6.097560975609756,13.414634146341465,2.4390243902439024,2.4390243902439024,56.09756097560976,36.58536585365854,19.51219512195122,21.951219512195124,19.51219512195122,2.4390243902439024,0
E00020076,176,10,3,7,0,0,155,145,10,10,10,0,1,5.681818181818182,1.7045454545454544,3.977272727272727,0,0,88.06818181818183,82.38636363636364,5.681818181818182,5.681818181818182,5.681818181818182,0,0.5681818181818182
E00020077,138,14,4,10,1,1,109,105,4,14,13,1,0,10.144927536231885,2.898550724637681,7.246376811594203,0.7246376811594203,0.7246376811594203,78.98550724637681,76.08695652173914,2.898550724637681,10.144927536231885,9.420289855072465,0.7246376811594203,0
E00020078,226,50,8,42,2,2,123,91,32,51,48,3,0,22.123893805309734,3.5398230088495577,18.58407079646018,0.8849557522123894,0.8849557522123894,54.424778761061944,40.26548672566372,14.15929203539823,22.566371681415927,21.238938053097346,1.3274336283185841,0
E00020079,131,16,6,10,0,0,102,89,13,11,9,2,2,12.213740458015266,4.580152671755725,7.633587786259542,0,0,77.86259541984732,67.93893129770993,9.923664122137405,8.396946564885496,6.870229007633588,1.5267175572519083,1.5267175572519083
E00020080,129,36,17,19,0,0,65,41,24,28,26,2,0,27.906976744186046,13.178294573643413,14.728682170542637,0,0,50.3875968992248,31.782945736434108,18.6046511627907,21.705426356589147,20.155038759689923,1.550387596899225,0
E00020081,146,18,5,13,2,2,109,109,0,16,12,4,1,12.32876712328767,3.4246575342465753,8.904109589041095,1.36986301369863,1.36986301369863,74.65753424657534,74.65753424657534,0,10.95890410958904,8.21917808219178,2.73972602739726,0.684931506849315
E00020082,200,80,33,47,2,2,62,30,32,56,54,2,0,40,16.5,23.5,1,1,31,15,16,28.000000000000004,27,1,0
E00020083,87,14,3,11,1,1,70,70,0,2,2,0,0,16.091954022988507,3.4482758620689653,12.643678160919542,1.1494252873563218,1.1494252873563218,80.45977011494253,80.45977011494253,0,2.2988505747126435,2.2988505747126435,0,0
E00020084,248,95,23,72,6,6,76,34,42,71,68,3,0,38.306451612903224,9.274193548387096,29.03225806451613,2.4193548387096775,2.4193548387096775,30.64516129032258,13.709677419354838,16.93548387096774,28.62903225806452,27.419354838709676,1.2096774193548387,0
E00020087,144,19,3,16,8,8,93,51,42,23,19,4,1,13.194444444444445,2.083333333333333,11.11111111111111,5.555555555555555,5.555555555555555,64.58333333333334,35.41666666666667,29.166666666666668,15.972222222222221,13.194444444444445,2.7777777777777777,0.6944444444444444
E00020088,114,17,6,11,6,6,82,49,33,9,8,1,0,14.912280701754385,5.263157894736842,9.649122807017543,5.263157894736842,5.263157894736842,71.9298245614035,42.98245614035088,28.947368421052634,7.894736842105263,7.017543859649122,0.8771929824561403,0
E00020089,120,19,9,10,0,0,82,81,1,17,17,0,2,15.833333333333332,7.5,8.333333333333332,0,0,68.33333333333333,67.5,0.8333333333333334,14.166666666666666,14.166666666666666,0,1.6666666666666667
E00020090,146,40,9,31,5,5,62,43,19,39,36,3,0,27.397260273972602,6.164383561643835,21.232876712328768,3.4246575342465753,3.4246575342465753,42.465753424657535,29.45205479452055,13.013698630136986,26.71232876712329,24.65753424657534,2.054794520547945,0
E00020091,90,15,8,7,1,1,69,35,34,5,2,3,0,16.666666666666664,8.88888888888889,7.777777777777778,1.1111111111111112,1.1111111111111112,76.66666666666667,38.88888888888889,37.77777777777778,5.555555555555555,2.2222222222222223,3.3333333333333335,0
E00020092,109,11,0,11,0,0,89,87,2,9,9,0,0,10.091743119266056,0,10.091743119266056,0,0,81.65137614678899,79.81651376146789,1.834862385321101,8.256880733944955,8.256880733944955,0,0
E00020093,102,18,0,18,0,0,76,73,3,7,7,0,1,17.647058823529413,0,17.647058823529413,0,0,74.50980392156863,71.56862745098039,2.941176470588235,6.862745098039216,6.862745098039216,0,0.9803921568627451
E00020094,117,25,12,13,0,0,74,72,2,15,14,1,3,21.367521367521366,10.256410256410255,11.11111111111111,0,0,63.24786324786324,61.53846153846154,1.7094017094017095,12.82051282051282,11.965811965811966,0.8547008547008548,2.564102564102564
E00020095,122,32,14,18,0,0,62,61,1,28,26,2,0,26.229508196721312,11.475409836065573,14.754098360655737,0,0,50.81967213114754,50,0.819672131147541,22.950819672131146,21.311475409836063,1.639344262295082,0
E00020096,113,13,5,8,1,1,89,87,2,9,8,1,1,11.504424778761061,4.424778761061947,7.079646017699115,0.8849557522123894,0.8849557522123894,78.76106194690266,76.99115044247787,1.7699115044247788,7.964601769911504,7.079646017699115,0.8849557522123894,0.8849557522123894
E00020097,144,24,12,12,0,0,91,88,3,29,28,1,0,16.666666666666664,8.333333333333332,8.333333333333332,0,0,63.19444444444444,61.111111111111114,2.083333333333333,20.13888888888889,19.444444444444446,0.6944444444444444,0
E00020098,165,20,10,10,20,20,94,94,0,27,23,4,4,12.121212121212121,6.0606060606060606,6.0606060606060606,12.121212121212121,12.121212121212121,56.96969696969697,56.96969696969697,0,16.363636363636363,13.939393939393941,2.4242424242424243,2.4242424242424243
E00020099,123,34,13,21,2,2,60,60,0,27,25,2,0,27.64227642276423,10.569105691056912,17.073170731707318,1.6260162601626018,1.6260162601626018,48.78048780487805,48.78048780487805,0,21.951219512195124,20.32520325203252,1.6260162601626018,0
E00020100,123,26,12,14,0,0,67,63,4,30,27,3,0,21.138211382113823,9.75609756097561,11.38211382113821,0,0,54.47154471544715,51.21951219512195,3.2520325203252036,24.390243902439025,21.951219512195124,2.4390243902439024,0
E00020102,116,21,10,11,0,0,82,80,2,13,12,1,0,18.103448275862068,8.620689655172415,9.482758620689655,0,0,70.6896551724138,68.96551724137932,1.7241379310344827,11.206896551724139,10.344827586206897,0.8620689655172413,0
E00020103,63,8,7,1,1,1,49,33,16,5,5,0,0,12.698412698412698,11.11111111111111,1.5873015873015872,1.5873015873015872,1.5873015873015872,77.77777777777779,52.38095238095239,25.396825396825395,7.936507936507936,7.936507936507936,0,0
E00020104,99,22,9,13,3,3,45,45,0,28,25,3,1,22.22222222222222,9.090909090909092,13.131313131313133,3.0303030303030303,3.0303030303030303,45.45454545454545,45.45454545454545,0,28.28282828282828,25.252525252525253,3.0303030303030303,1.0101010101010102
E00020105,100,30,13,17,1,1,49,49,0,18,17,1,2,30,13,17,1,1,49,49,0,18,17,1,2
E00020107,119,45,21,24,1,1,42,40,2,31,25,6,0,37.81512605042017,17.647058823529413,20.168067226890756,0.8403361344537815,0.8403361344537815,35.294117647058826,33.61344537815126,1.680672268907563,26.05042016806723,21.008403361344538,5.042016806722689,0
E00020108,112,19,5,14,0,0,61,30,31,32,31,1,0,16.964285714285715,4.464285714285714,12.5,0,0,54.46428571428571,26.785714285714285,27.67857142857143,28.57142857142857,27.67857142857143,0.8928571428571428,0
E00020109,124,39,14,25,2,2,61,61,0,21,17,4,1,31.451612903225808,11.29032258064516,20.161290322580644,1.6129032258064515,1.6129032258064515,49.193548387096776,49.193548387096776,0,16.93548387096774,13.709677419354838,3.225806451612903,0.8064516129032258
E00020110,95,32,16,16,0,0,41,38,3,21,18,3,1,33.68421052631579,16.842105263157894,16.842105263157894,0,0,43.15789473684211,40,3.1578947368421053,22.105263157894736,18.947368421052634,3.1578947368421053,1.0526315789473684
E00020111,131,36,14,22,0,0,61,51,10,33,26,7,1,27.480916030534353,10.687022900763358,16.793893129770993,0,0,46.56488549618321,38.93129770992366,7.633587786259542,25.190839694656486,19.84732824427481,5.343511450381679,0.7633587786259541
E00020112,110,47,14,33,0,0,6,3,3,57,48,9,0,42.72727272727273,12.727272727272727,30,0,0,5.454545454545454,2.727272727272727,2.727272727272727,51.81818181818182,43.63636363636363,8.181818181818182,0
E00020113,196,33,3,30,41,41,47,7,40,74,68,6,1,16.83673469387755,1.530612244897959,15.306122448979592,20.918367346938776,20.918367346938776,23.97959183673469,3.571428571428571,20.408163265306122,37.755102040816325,34.69387755102041,3.061224489795918,0.5102040816326531
E00020114,181,32,11,21,0,0,112,21,91,37,28,9,0,17.67955801104972,6.077348066298343,11.602209944751381,0,0,61.87845303867403,11.602209944751381,50.27624309392266,20.441988950276244,15.469613259668508,4.972375690607735,0
E00020115,131,20,2,18,0,0,83,81,2,27,25,2,1,15.267175572519085,1.5267175572519083,13.740458015267176,0,0,63.358778625954194,61.832061068702295,1.5267175572519083,20.610687022900763,19.083969465648856,1.5267175572519083,0.7633587786259541
E00020116,95,17,4,13,0,0,71,69,2,7,6,1,0,17.894736842105264,4.2105263157894735,13.684210526315791,0,0,74.73684210526315,72.63157894736842,2.1052631578947367,7.368421052631578,6.315789473684211,1.0526315789473684,0
E00020117,118,38,15,23,2,2,50,40,10,27,23,4,1,32.20338983050847,12.711864406779661,19.491525423728813,1.694915254237288,1.694915254237288,42.3728813559322,33.89830508474576,8.47457627118644,22.88135593220339,19.491525423728813,3.389830508474576,0.847457627118644
E00020118,132,60,34,26,0,0,8,7,1,64,58,6,0,45.45454545454545,25.757575757575758,19.696969696969695,0,0,6.0606060606060606,5.303030303030303,0.7575757575757576,48.484848484848484,43.93939393939394,4.545454545454546,0
E00020119,107,57,27,30,0,0,9,8,1,41,33,8,0,53.271028037383175,25.233644859813083,28.037383177570092,0,0,8.411214953271028,7.476635514018691,0.9345794392523363,38.31775700934579,30.8411214953271,7.476635514018691,0
E00020120,110,29,15,14,0,0,35,32,3,45,43,2,1,26.36363636363636,13.636363636363635,12.727272727272727,0,0,31.818181818181817,29.09090909090909,2.727272727272727,40.909090909090914,39.09090909090909,1.8181818181818181,0.9090909090909091
E00020121,123,38,17,21,0,0,63,62,1,22,20,2,0,30.89430894308943,13.821138211382115,17.073170731707318,0,0,51.21951219512195,50.40650406504065,0.8130081300813009,17.88617886178862,16.260162601626014,1.6260162601626018,0
E00020122,108,16,5,11,1,1,67,66,1,23,21,2,1,14.814814814814813,4.62962962962963,10.185185185185185,0.9259259259259258,0.9259259259259258,62.03703703703704,61.111111111111114,0.9259259259259258,21.296296296296298,19.444444444444446,1.8518518518518516,0.9259259259259258
E00020123,161,21,7,14,0,0,112,111,1,27,23,4,1,13.043478260869565,4.3478260869565215,8.695652173913043,0,0,69.56521739130434,68.94409937888199,0.6211180124223602,16.77018633540373,14.285714285714285,2.484472049689441,0.6211180124223602
E00020124,177,26,8,18,7,7,130,62,68,13,9,4,1,14.689265536723164,4.519774011299435,10.16949152542373,3.954802259887006,3.954802259887006,73.44632768361582,35.02824858757062,38.4180790960452,7.344632768361582,5.084745762711865,2.2598870056497176,0.5649717514124294
E00020125,109,15,3,12,0,0,80,80,0,14,14,0,0,13.761467889908257,2.7522935779816518,11.009174311926607,0,0,73.39449541284404,73.39449541284404,0,12.844036697247708,12.844036697247708,0,0
E00020126,129,38,15,23,3,3,57,57,0,30,27,3,1,29.457364341085274,11.627906976744185,17.829457364341085,2.3255813953488373,2.3255813953488373,44.18604651162791,44.18604651162791,0,23.25581395348837,20.930232558139537,2.3255813953488373,0.7751937984496124
E00020127,142,29,10,19,0,0,76,69,7,37,35,2,0,20.422535211267608,7.042253521126761,13.380281690140844,0,0,53.52112676056338,48.59154929577465,4.929577464788732,26.056338028169012,24.647887323943664,1.4084507042253522,0
E00020128,134,12,4,8,0,0,106,90,16,16,16,0,0,8.955223880597014,2.9850746268656714,5.970149253731343,0,0,79.1044776119403,67.16417910447761,11.940298507462686,11.940298507462686,11.940298507462686,0,0
E00020129,105,16,10,6,0,0,71,71,0,17,16,1,1,15.238095238095239,9.523809523809524,5.714285714285714,0,0,67.61904761904762,67.61904761904762,0,16.19047619047619,15.238095238095239,0.9523809523809524,0.9523809523809524
E00020130,105,15,5,10,0,0,71,68,3,19,17,2,0,14.285714285714285,4.761904761904762,9.523809523809524,0,0,67.61904761904762,64.76190476190476,2.857142857142857,18.095238095238095,16.19047619047619,1.9047619047619049,0
E00020131,125,21,5,16,0,0,69,69,0,35,32,3,0,16.8,4,12.8,0,0,55.2,55.2,0,28.000000000000004,25.6,2.4,0
E00020132,129,14,10,4,0,0,96,95,1,19,15,4,0,10.852713178294573,7.751937984496124,3.10077519379845,0,0,74.4186046511628,73.64341085271317,0.7751937984496124,14.728682170542637,11.627906976744185,3.10077519379845,0
E00020133,125,12,5,7,0,0,104,101,3,9,8,1,0,9.6,4,5.6000000000000005,0,0,83.2,80.80000000000001,2.4,7.199999999999999,6.4,0.8,0
E00020134,236,30,9,21,7,7,171,94,77,27,22,5,1,12.711864406779661,3.8135593220338984,8.898305084745763,2.9661016949152543,2.9661016949152543,72.45762711864407,39.83050847457627,32.6271186440678,11.440677966101696,9.322033898305085,2.11864406779661,0.423728813559322
E00020137,136,23,7,16,0,0,90,88,2,23,21,2,0,16.911764705882355,5.147058823529411,11.76470588235294,0,0,66.17647058823529,64.70588235294117,1.4705882352941175,16.911764705882355,15.441176470588236,1.4705882352941175,0
E00020138,127,1,0,1,1,1,121,7,114,4,2,2,0,0.7874015748031495,0,0.7874015748031495,0.7874015748031495,0.7874015748031495,95.2755905511811,5.511811023622047,89.76377952755905,3.149606299212598,1.574803149606299,1.574803149606299,0
E00020139,111,25,9,16,0,0,60,57,3,26,24,2,0,22.52252252252252,8.108108108108109,14.414414414414415,0,0,54.054054054054056,51.35135135135135,2.7027027027027026,23.423423423423422,21.62162162162162,1.8018018018018018,0
E00020140,140,50,16,34,0,0,69,47,22,20,18,2,1,35.714285714285715,11.428571428571429,24.285714285714285,0,0,49.28571428571429,33.57142857142857,15.714285714285714,14.285714285714285,12.857142857142856,1.4285714285714286,0.7142857142857143
E00020141,145,29,7,22,0,0,94,91,3,21,17,4,1,20,4.827586206896552,15.172413793103448,0,0,64.82758620689654,62.758620689655174,2.0689655172413794,14.482758620689657,11.724137931034482,2.7586206896551726,0.6896551724137931
E00020142,139,66,25,41,1,1,30,17,13,42,40,2,0,47.482014388489205,17.985611510791365,29.496402877697843,0.7194244604316548,0.7194244604316548,21.58273381294964,12.23021582733813,9.352517985611511,30.215827338129497,28.776978417266186,1.4388489208633095,0
E00020144,152,55,20,35,1,1,69,61,8,27,24,3,0,36.18421052631579,13.157894736842104,23.026315789473685,0.6578947368421052,0.6578947368421052,45.39473684210527,40.131578947368425,5.263157894736842,17.763157894736842,15.789473684210526,1.9736842105263157,0
E00020145,175,75,35,40,3,3,65,36,29,32,29,3,0,42.857142857142854,20,22.857142857142858,1.7142857142857144,1.7142857142857144,37.142857142857146,20.57142857142857,16.57142857142857,18.285714285714285,16.57142857142857,1.7142857142857144,0
E00020146,128,20,6,14,0,0,90,48,42,18,17,1,0,15.625,4.6875,10.9375,0,0,70.3125,37.5,32.8125,14.0625,13.28125,0.78125,0
E00020147,125,92,38,54,0,0,20,8,12,13,11,2,0,73.6,30.4,43.2,0,0,16,6.4,9.6,10.4,8.799999999999999,1.6,0
E00020148,226,39,15,24,2,2,168,71,97,17,16,1,0,17.25663716814159,6.637168141592921,10.619469026548673,0.8849557522123894,0.8849557522123894,74.33628318584071,31.41592920353982,42.92035398230089,7.52212389380531,7.079646017699115,0.4424778761061947,0
E00020149,176,100,33,67,3,3,29,13,16,44,43,1,0,56.81818181818182,18.75,38.06818181818182,1.7045454545454544,1.7045454545454544,16.477272727272727,7.386363636363637,9.090909090909092,25,24.431818181818183,0.5681818181818182,0
E00020150,124,82,31,51,1,1,14,9,5,27,24,3,0,66.12903225806451,25,41.12903225806452,0.8064516129032258,0.8064516129032258,11.29032258064516,7.258064516129033,4.032258064516129,21.774193548387096,19.35483870967742,2.4193548387096775,0
E00020151,87,55,23,32,0,0,26,17,9,6,5,1,0,63.2183908045977,26.436781609195403,36.7816091954023,0,0,29.88505747126437,19.54022988505747,10.344827586206897,6.896551724137931,5.747126436781609,1.1494252873563218,0
E00020152,146,91,28,63,1,1,17,9,8,37,32,5,0,62.328767123287676,19.17808219178082,43.15068493150685,0.684931506849315,0.684931506849315,11.643835616438356,6.164383561643835,5.47945205479452,25.34246575342466,21.91780821917808,3.4246575342465753,0
E00020153,153,27,8,19,2,2,90,87,3,34,34,0,0,17.647058823529413,5.228758169934641,12.418300653594772,1.3071895424836601,1.3071895424836601,58.82352941176471,56.86274509803921,1.9607843137254901,22.22222222222222,22.22222222222222,0,0
E00020154,192,30,13,17,1,1,129,88,41,31,27,4,1,15.625,6.770833333333333,8.854166666666668,0.5208333333333333,0.5208333333333333,67.1875,45.83333333333333,21.354166666666664,16.145833333333336,14.0625,2.083333333333333,0.5208333333333333
E00020155,151,25,7,18,0,0,110,107,3,15,14,1,1,16.55629139072848,4.635761589403973,11.920529801324504,0,0,72.84768211920529,70.86092715231787,1.9867549668874174,9.933774834437086,9.271523178807946,0.6622516556291391,0.6622516556291391
E00020156,148,52,18,34,0,0,66,60,6,29,28,1,1,35.13513513513514,12.162162162162163,22.972972972972975,0,0,44.5945945945946,40.54054054054054,4.054054054054054,19.594594594594593,18.91891891891892,0.6756756756756757,0.6756756756756757
E00020157,167,46,13,33,1,1,82,64,18,38,35,3,0,27.54491017964072,7.784431137724551,19.760479041916167,0.5988023952095809,0.5988023952095809,49.101796407185624,38.32335329341318,10.778443113772456,22.75449101796407,20.958083832335326,1.7964071856287425,0
E00020158,188,41,5,36,1,1,106,105,1,40,38,2,0,21.808510638297875,2.6595744680851063,19.148936170212767,0.5319148936170213,0.5319148936170213,56.38297872340425,55.85106382978723,0.5319148936170213,21.27659574468085,20.212765957446805,1.0638297872340425,0
E00020161,124,20,11,9,0,0,90,84,6,13,11,2,1,16.129032258064516,8.870967741935484,7.258064516129033,0,0,72.58064516129032,67.74193548387096,4.838709677419355,10.483870967741936,8.870967741935484,1.6129032258064515,0.8064516129032258
E00020164,173,45,14,31,0,0,67,27,40,59,43,16,2,26.011560693641616,8.092485549132949,17.91907514450867,0,0,38.72832369942196,15.606936416184972,23.121387283236995,34.104046242774565,24.85549132947977,9.248554913294797,1.1560693641618496
E00020165,160,82,28,54,0,0,45,31,14,33,32,1,0,51.24999999999999,17.5,33.75,0,0,28.125,19.375,8.75,20.625,20,0.625,0
E00020166,130,39,10,29,1,1,66,55,11,23,19,4,1,30,7.6923076923076925,22.30769230769231,0.7692307692307693,0.7692307692307693,50.76923076923077,42.30769230769231,8.461538461538462,17.692307692307693,14.615384615384617,3.076923076923077,0.7692307692307693
E00020167,150,29,8,21,0,0,111,18,93,9,6,3,1,19.333333333333332,5.333333333333334,14.000000000000002,0,0,74,12,62,6,4,2,0.6666666666666667
E00020168,174,95,31,64,0,0,40,29,11,38,35,3,1,54.59770114942529,17.81609195402299,36.7816091954023,0,0,22.988505747126435,16.666666666666664,6.321839080459771,21.839080459770116,20.114942528735632,1.7241379310344827,0.5747126436781609
E00020169,117,26,14,12,1,1,57,22,35,33,23,10,0,22.22222222222222,11.965811965811966,10.256410256410255,0.8547008547008548,0.8547008547008548,48.717948717948715,18.803418803418804,29.914529914529915,28.205128205128204,19.65811965811966,8.547008547008547,0
E00020170,151,72,23,49,2,2,34,16,18,43,38,5,0,47.682119205298015,15.2317880794702,32.450331125827816,1.3245033112582782,1.3245033112582782,22.516556291390728,10.596026490066226,11.920529801324504,28.47682119205298,25.165562913907287,3.3112582781456954,0
E00020171,152,63,27,36,0,0,32,18,14,57,50,7,0,41.44736842105263,17.763157894736842,23.684210526315788,0,0,21.052631578947366,11.842105263157894,9.210526315789473,37.5,32.89473684210527,4.605263157894736,0
E00020172,138,37,8,29,0,0,77,44,33,24,23,1,0,26.811594202898554,5.797101449275362,21.014492753623188,0,0,55.79710144927537,31.88405797101449,23.91304347826087,17.391304347826086,16.666666666666664,0.7246376811594203,0
E00020173,155,42,14,28,2,2,99,95,4,12,11,1,0,27.09677419354839,9.032258064516128,18.064516129032256,1.2903225806451613,1.2903225806451613,63.87096774193548,61.29032258064516,2.5806451612903225,7.741935483870968,7.096774193548387,0.6451612903225806,0
E00020174,128,74,30,44,1,1,22,17,5,31,23,8,0,57.8125,23.4375,34.375,0.78125,0.78125,17.1875,13.28125,3.90625,24.21875,17.96875,6.25,0
E00020175,121,17,3,14,0,0,100,75,25,4,4,0,0,14.049586776859504,2.479338842975207,11.570247933884298,0,0,82.64462809917356,61.98347107438017,20.66115702479339,3.3057851239669422,3.3057851239669422,0,0
E00020176,118,34,14,20,0,0,40,17,23,44,41,3,0,28.8135593220339,11.864406779661017,16.94915254237288,0,0,33.89830508474576,14.40677966101695,19.491525423728813,37.28813559322034,34.74576271186441,2.5423728813559325,0
E00020177,113,12,2,10,0,0,94,43,51,7,7,0,0,10.619469026548673,1.7699115044247788,8.849557522123893,0,0,83.1858407079646,38.05309734513274,45.13274336283185,6.1946902654867255,6.1946902654867255,0,0
E00020179,111,32,18,14,1,1,36,22,14,42,38,4,0,28.82882882882883,16.216216216216218,12.612612612612612,0.9009009009009009,0.9009009009009009,32.432432432432435,19.81981981981982,12.612612612612612,37.83783783783784,34.234234234234236,3.6036036036036037,0
E00020180,144,14,3,11,1,1,113,84,29,15,12,3,1,9.722222222222223,2.083333333333333,7.638888888888889,0.6944444444444444,0.6944444444444444,78.47222222222221,58.333333333333336,20.13888888888889,10.416666666666668,8.333333333333332,2.083333333333333,0.6944444444444444
E00020181,139,16,4,12,1,1,96,90,6,26,25,1,0,11.510791366906476,2.877697841726619,8.633093525179856,0.7194244604316548,0.7194244604316548,69.06474820143885,64.74820143884892,4.316546762589928,18.705035971223023,17.985611510791365,0.7194244604316548,0
E00020182,118,20,2,18,0,0,89,75,14,9,6,3,0,16.94915254237288,1.694915254237288,15.254237288135593,0,0,75.42372881355932,63.559322033898304,11.864406779661017,7.627118644067797,5.084745762711865,2.5423728813559325,0
E00020183,143,33,14,19,5,5,64,42,22,40,39,1,1,23.076923076923077,9.79020979020979,13.286713286713287,3.4965034965034967,3.4965034965034967,44.75524475524475,29.37062937062937,15.384615384615385,27.972027972027973,27.27272727272727,0.6993006993006993,0.6993006993006993
E00020184,182,22,3,19,18,18,116,30,86,26,23,3,0,12.087912087912088,1.6483516483516485,10.43956043956044,9.89010989010989,9.89010989010989,63.73626373626373,16.483516483516482,47.25274725274725,14.285714285714285,12.637362637362637,1.6483516483516485,0
E00020185,163,58,27,31,0,0,36,24,12,69,68,1,0,35.58282208588957,16.56441717791411,19.018404907975462,0,0,22.085889570552148,14.723926380368098,7.361963190184049,42.331288343558285,41.717791411042946,0.6134969325153374,0
E00020186,138,25,5,20,2,2,84,77,7,24,22,2,3,18.115942028985508,3.6231884057971016,14.492753623188406,1.4492753623188406,1.4492753623188406,60.86956521739131,55.79710144927537,5.072463768115942,17.391304347826086,15.942028985507244,1.4492753623188406,2.1739130434782608
E00020188,97,14,2,12,0,0,70,69,1,12,12,0,1,14.432989690721648,2.0618556701030926,12.371134020618557,0,0,72.16494845360825,71.1340206185567,1.0309278350515463,12.371134020618557,12.371134020618557,0,1.0309278350515463
E00020190,131,19,4,15,2,2,75,69,6,35,30,5,0,14.50381679389313,3.0534351145038165,11.450381679389313,1.5267175572519083,1.5267175572519083,57.25190839694656,52.67175572519084,4.580152671755725,26.717557251908396,22.900763358778626,3.816793893129771,0
E00020192,126,75,29,46,6,6,1,1,0,44,41,3,0,59.523809523809526,23.015873015873016,36.507936507936506,4.761904761904762,4.761904761904762,0.7936507936507936,0.7936507936507936,0,34.92063492063492,32.53968253968254,2.380952380952381,0
E00020193,129,16,3,13,1,1,96,74,22,15,13,2,1,12.4031007751938,2.3255813953488373,10.077519379844961,0.7751937984496124,0.7751937984496124,74.4186046511628,57.36434108527132,17.05426356589147,11.627906976744185,10.077519379844961,1.550387596899225,0.7751937984496124
E00020194,234,21,5,16,2,2,197,194,3,14,14,0,0,8.974358974358974,2.1367521367521367,6.837606837606838,0.8547008547008548,0.8547008547008548,84.1880341880342,82.90598290598291,1.282051282051282,5.982905982905983,5.982905982905983,0,0
E00020195,101,10,0,10,1,1,81,39,42,8,7,1,1,9.900990099009901,0,9.900990099009901,0.9900990099009901,0.9900990099009901,80.19801980198021,38.613861386138616,41.584158415841586,7.920792079207921,6.9306930693069315,0.9900990099009901,0.9900990099009901
E00020196,122,20,5,15,1,1,89,57,32,12,11,1,0,16.39344262295082,4.098360655737705,12.295081967213115,0.819672131147541,0.819672131147541,72.95081967213115,46.72131147540984,26.229508196721312,9.836065573770492,9.01639344262295,0.819672131147541,0
E00020197,104,21,6,15,1,1,68,67,1,14,12,2,0,20.192307692307693,5.769230769230769,14.423076923076922,0.9615384615384616,0.9615384615384616,65.38461538461539,64.42307692307693,0.9615384615384616,13.461538461538462,11.538461538461538,1.9230769230769231,0
E00020199,192,44,1,43,15,15,118,80,38,14,13,1,1,22.916666666666664,0.5208333333333333,22.395833333333336,7.8125,7.8125,61.458333333333336,41.66666666666667,19.791666666666664,7.291666666666667,6.770833333333333,0.5208333333333333,0.5208333333333333
E00020200,129,42,11,31,15,15,43,27,16,28,27,1,1,32.55813953488372,8.527131782945736,24.031007751937985,11.627906976744185,11.627906976744185,33.33333333333333,20.930232558139537,12.4031007751938,21.705426356589147,20.930232558139537,0.7751937984496124,0.7751937984496124
E00020201,205,34,6,28,15,15,111,103,8,42,38,4,3,16.585365853658537,2.9268292682926833,13.658536585365855,7.317073170731707,7.317073170731707,54.146341463414636,50.24390243902439,3.902439024390244,20.48780487804878,18.536585365853657,1.951219512195122,1.4634146341463417
E00020202,229,65,11,54,1,1,110,75,35,53,49,4,0,28.38427947598253,4.8034934497816595,23.580786026200872,0.43668122270742354,0.43668122270742354,48.03493449781659,32.751091703056765,15.283842794759824,23.144104803493452,21.397379912663755,1.7467248908296942,0
E00020203,199,22,5,17,0,0,168,163,5,9,8,1,0,11.055276381909549,2.512562814070352,8.542713567839195,0,0,84.42211055276381,81.90954773869346,2.512562814070352,4.522613065326634,4.0201005025125625,0.5025125628140703,0
E00020204,156,16,1,15,0,0,120,116,4,17,15,2,3,10.256410256410255,0.641025641025641,9.615384615384617,0,0,76.92307692307693,74.35897435897436,2.564102564102564,10.897435897435898,9.615384615384617,1.282051282051282,1.9230769230769231
E00020206,63,15,2,13,3,3,25,21,4,20,19,1,0,23.809523809523807,3.1746031746031744,20.634920634920633,4.761904761904762,4.761904761904762,39.682539682539684,33.33333333333333,6.349206349206349,31.746031746031743,30.158730158730158,1.5873015873015872,0
E00020207,187,23,3,20,17,17,118,99,19,29,27,2,0,12.299465240641712,1.6042780748663104,10.695187165775401,9.090909090909092,9.090909090909092,63.101604278074866,52.94117647058824,10.16042780748663,15.508021390374333,14.43850267379679,1.06951871657754,0
E00020208,98,16,1,15,1,1,72,72,0,8,6,2,1,16.3265306122449,1.0204081632653061,15.306122448979592,1.0204081632653061,1.0204081632653061,73.46938775510205,73.46938775510205,0,8.16326530612245,6.122448979591836,2.0408163265306123,1.0204081632653061
E00020209,172,44,13,31,6,6,93,74,19,25,19,6,4,25.581395348837212,7.55813953488372,18.023255813953487,3.488372093023256,3.488372093023256,54.06976744186046,43.02325581395349,11.046511627906977,14.534883720930234,11.046511627906977,3.488372093023256,2.3255813953488373
E00020210,177,62,25,37,10,10,74,17,57,31,31,0,0,35.02824858757062,14.124293785310735,20.903954802259886,5.649717514124294,5.649717514124294,41.80790960451977,9.6045197740113,32.20338983050847,17.51412429378531,17.51412429378531,0,0
E00020211,137,78,26,52,0,0,35,29,6,24,22,2,0,56.934306569343065,18.97810218978102,37.95620437956204,0,0,25.547445255474454,21.16788321167883,4.37956204379562,17.51824817518248,16.05839416058394,1.4598540145985401,0
E00020212,98,50,15,35,0,0,17,10,7,30,28,2,1,51.02040816326531,15.306122448979592,35.714285714285715,0,0,17.346938775510203,10.204081632653061,7.142857142857142,30.612244897959183,28.57142857142857,2.0408163265306123,1.0204081632653061
E00020213,130,73,25,48,2,2,17,13,4,38,35,3,0,56.15384615384615,19.230769230769234,36.92307692307693,1.5384615384615385,1.5384615384615385,13.076923076923078,10,3.076923076923077,29.230769230769234,26.923076923076923,2.307692307692308,0
E00020214,122,65,22,43,3,3,35,7,28,19,14,5,0,53.278688524590166,18.0327868852459,35.24590163934426,2.459016393442623,2.459016393442623,28.688524590163933,5.737704918032787,22.950819672131146,15.573770491803279,11.475409836065573,4.098360655737705,0
E00020215,132,73,24,49,1,1,26,14,12,32,28,4,0,55.3030303030303,18.181818181818183,37.121212121212125,0.7575757575757576,0.7575757575757576,19.696969696969695,10.606060606060606,9.090909090909092,24.242424242424242,21.21212121212121,3.0303030303030303,0
E00020216,136,68,20,48,1,1,19,12,7,48,47,1,0,50,14.705882352941178,35.294117647058826,0.7352941176470588,0.7352941176470588,13.970588235294118,8.823529411764707,5.147058823529411,35.294117647058826,34.55882352941176,0.7352941176470588,0
E00020217,165,49,13,36,0,0,38,32,6,76,72,4,2,29.6969696969697,7.878787878787878,21.818181818181817,0,0,23.03030303030303,19.393939393939394,3.6363636363636362,46.06060606060606,43.63636363636363,2.4242424242424243,1.2121212121212122
E00020218,127,83,28,55,0,0,33,15,18,11,11,0,0,65.35433070866141,22.04724409448819,43.30708661417323,0,0,25.984251968503933,11.811023622047244,14.173228346456693,8.661417322834646,8.661417322834646,0,0
E00020219,150,68,20,48,2,2,58,50,8,20,20,0,2,45.33333333333333,13.333333333333334,32,1.3333333333333335,1.3333333333333335,38.666666666666664,33.33333333333333,5.333333333333334,13.333333333333334,13.333333333333334,0,1.3333333333333335
E00020220,177,93,40,53,1,1,22,10,12,60,59,1,1,52.54237288135594,22.598870056497177,29.943502824858758,0.5649717514124294,0.5649717514124294,12.429378531073446,5.649717514124294,6.779661016949152,33.89830508474576,33.33333333333333,0.5649717514124294,0.5649717514124294
E00020221,142,53,21,32,2,2,32,17,15,55,47,8,0,37.32394366197183,14.788732394366196,22.535211267605636,1.4084507042253522,1.4084507042253522,22.535211267605636,11.971830985915492,10.56338028169014,38.732394366197184,33.098591549295776,5.633802816901409,0
E00020222,99,87,40,47,0,0,1,1,0,11,8,3,0,87.87878787878788,40.4040404040404,47.474747474747474,0,0,1.0101010101010102,1.0101010101010102,0,11.11111111111111,8.080808080808081,3.0303030303030303,0
E00020223,129,98,36,62,0,0,3,0,3,28,23,5,0,75.96899224806202,27.906976744186046,48.06201550387597,0,0,2.3255813953488373,0,2.3255813953488373,21.705426356589147,17.829457364341085,3.875968992248062,0
E00020224,137,90,35,55,3,3,16,14,2,28,27,1,0,65.69343065693431,25.547445255474454,40.14598540145985,2.18978102189781,2.18978102189781,11.678832116788321,10.218978102189782,1.4598540145985401,20.437956204379564,19.708029197080293,0.7299270072992701,0
E00020225,122,67,25,42,1,1,16,8,8,38,36,2,0,54.91803278688525,20.491803278688526,34.42622950819672,0.819672131147541,0.819672131147541,13.114754098360656,6.557377049180328,6.557377049180328,31.147540983606557,29.508196721311474,1.639344262295082,0
E00020226,124,64,26,38,1,1,36,8,28,23,22,1,0,51.61290322580645,20.967741935483872,30.64516129032258,0.8064516129032258,0.8064516129032258,29.03225806451613,6.451612903225806,22.58064516129032,18.548387096774192,17.741935483870968,0.8064516129032258,0
E00020227,106,46,11,35,0,0,33,15,18,27,26,1,0,43.39622641509434,10.377358490566039,33.0188679245283,0,0,31.132075471698112,14.150943396226415,16.9811320754717,25.471698113207548,24.528301886792452,0.9433962264150944,0
E00020228,148,95,29,66,1,1,6,5,1,45,42,3,1,64.1891891891892,19.594594594594593,44.5945945945946,0.6756756756756757,0.6756756756756757,4.054054054054054,3.3783783783783785,0.6756756756756757,30.405405405405407,28.37837837837838,2.027027027027027,0.6756756756756757
E00020229,178,93,31,62,0,0,19,9,10,66,63,3,0,52.24719101123596,17.415730337078653,34.831460674157306,0,0,10.674157303370785,5.056179775280898,5.617977528089887,37.07865168539326,35.39325842696629,1.6853932584269662,0
E00020230,120,72,17,55,1,1,13,2,11,34,32,2,0,60,14.166666666666666,45.83333333333333,0.8333333333333334,0.8333333333333334,10.833333333333334,1.6666666666666667,9.166666666666666,28.333333333333332,26.666666666666668,1.6666666666666667,0
E00020231,119,76,24,52,0,0,9,5,4,34,31,3,0,63.86554621848739,20.168067226890756,43.69747899159664,0,0,7.563025210084033,4.201680672268908,3.361344537815126,28.57142857142857,26.05042016806723,2.5210084033613445,0
E00020232,140,93,24,69,2,2,15,10,5,30,27,3,0,66.42857142857143,17.142857142857142,49.28571428571429,1.4285714285714286,1.4285714285714286,10.714285714285714,7.142857142857142,3.571428571428571,21.428571428571427,19.28571428571429,2.142857142857143,0
E00020233,131,73,25,48,0,0,21,15,6,37,37,0,0,55.72519083969466,19.083969465648856,36.6412213740458,0,0,16.030534351145036,11.450381679389313,4.580152671755725,28.24427480916031,28.24427480916031,0,0
E00020234,143,66,23,43,0,0,25,15,10,52,49,3,0,46.15384615384615,16.083916083916083,30.069930069930066,0,0,17.482517482517483,10.48951048951049,6.993006993006993,36.36363636363637,34.26573426573427,2.097902097902098,0
E00020235,138,53,25,28,1,1,54,46,8,28,26,2,2,38.405797101449274,18.115942028985508,20.28985507246377,0.7246376811594203,0.7246376811594203,39.130434782608695,33.33333333333333,5.797101449275362,20.28985507246377,18.84057971014493,1.4492753623188406,1.4492753623188406
E00020236,130,49,16,33,0,0,61,19,42,20,16,4,0,37.69230769230769,12.307692307692308,25.384615384615383,0,0,46.92307692307692,14.615384615384617,32.30769230769231,15.384615384615385,12.307692307692308,3.076923076923077,0
E00020238,183,48,11,37,0,0,115,89,26,18,16,2,2,26.229508196721312,6.0109289617486334,20.21857923497268,0,0,62.841530054644814,48.63387978142077,14.207650273224044,9.836065573770492,8.743169398907105,1.092896174863388,1.092896174863388
E00020239,141,58,21,37,1,1,19,13,6,63,62,1,0,41.13475177304964,14.893617021276595,26.24113475177305,0.7092198581560284,0.7092198581560284,13.47517730496454,9.219858156028367,4.25531914893617,44.680851063829785,43.97163120567376,0.7092198581560284,0
E00020240,138,55,22,33,1,1,12,4,8,70,67,3,0,39.85507246376812,15.942028985507244,23.91304347826087,0.7246376811594203,0.7246376811594203,8.695652173913043,2.898550724637681,5.797101449275362,50.72463768115942,48.55072463768116,2.1739130434782608,0
E00020241,246,112,43,69,6,6,42,5,37,86,81,5,0,45.52845528455284,17.479674796747968,28.04878048780488,2.4390243902439024,2.4390243902439024,17.073170731707318,2.0325203252032518,15.040650406504067,34.959349593495936,32.926829268292686,2.0325203252032518,0
E00020242,172,51,8,43,0,0,70,36,34,50,44,6,1,29.651162790697676,4.651162790697675,25,0,0,40.69767441860465,20.930232558139537,19.767441860465116,29.069767441860467,25.581395348837212,3.488372093023256,0.5813953488372093
E00020243,184,75,22,53,0,0,55,6,49,54,52,2,0,40.76086956521739,11.956521739130435,28.804347826086957,0,0,29.891304347826086,3.260869565217391,26.6304347826087,29.347826086956523,28.26086956521739,1.0869565217391304,0
E00020244,153,25,13,12,1,1,116,116,0,9,8,1,2,16.33986928104575,8.49673202614379,7.8431372549019605,0.6535947712418301,0.6535947712418301,75.81699346405229,75.81699346405229,0,5.88235294117647,5.228758169934641,0.6535947712418301,1.3071895424836601
E00020245,158,16,2,14,0,0,118,117,1,23,23,0,1,10.126582278481013,1.2658227848101267,8.860759493670885,0,0,74.68354430379746,74.0506329113924,0.6329113924050633,14.556962025316455,14.556962025316455,0,0.6329113924050633
E00020246,196,125,39,86,1,1,23,13,10,47,46,1,0,63.775510204081634,19.897959183673468,43.87755102040816,0.5102040816326531,0.5102040816326531,11.73469387755102,6.63265306122449,5.1020408163265305,23.97959183673469,23.46938775510204,0.5102040816326531,0
E00020247,152,10,1,9,0,0,8,1,7,134,132,2,0,6.578947368421052,0.6578947368421052,5.921052631578947,0,0,5.263157894736842,0.6578947368421052,4.605263157894736,88.1578947368421,86.8421052631579,1.3157894736842104,0
E00020248,121,56,17,39,0,0,46,43,3,19,17,2,0,46.28099173553719,14.049586776859504,32.231404958677686,0,0,38.01652892561984,35.53719008264463,2.479338842975207,15.702479338842975,14.049586776859504,1.6528925619834711,0
E00020249,141,18,7,11,0,0,91,80,11,32,32,0,0,12.76595744680851,4.964539007092199,7.801418439716312,0,0,64.53900709219859,56.73758865248227,7.801418439716312,22.69503546099291,22.69503546099291,0,0
E00020250,167,38,14,24,7,7,98,60,38,24,23,1,0,22.75449101796407,8.383233532934131,14.37125748502994,4.191616766467066,4.191616766467066,58.68263473053892,35.92814371257485,22.75449101796407,14.37125748502994,13.77245508982036,0.5988023952095809,0
E00020251,175,25,11,14,1,1,102,100,2,47,44,3,0,14.285714285714285,6.2857142857142865,8,0.5714285714285714,0.5714285714285714,58.285714285714285,57.14285714285714,1.1428571428571428,26.857142857142858,25.142857142857146,1.7142857142857144,0
E00020252,175,20,8,12,0,0,121,120,1,34,33,1,0,11.428571428571429,4.571428571428571,6.857142857142858,0,0,69.14285714285714,68.57142857142857,0.5714285714285714,19.428571428571427,18.857142857142858,0.5714285714285714,0
E00020253,154,16,8,8,0,0,110,109,1,28,27,1,0,10.38961038961039,5.194805194805195,5.194805194805195,0,0,71.42857142857143,70.77922077922078,0.6493506493506493,18.181818181818183,17.532467532467532,0.6493506493506493,0
E00020254,110,15,1,14,1,1,69,69,0,24,24,0,1,13.636363636363635,0.9090909090909091,12.727272727272727,0.9090909090909091,0.9090909090909091,62.727272727272734,62.727272727272734,0,21.818181818181817,21.818181818181817,0,0.9090909090909091
E00020257,130,48,22,26,0,0,39,39,0,43,43,0,0,36.92307692307693,16.923076923076923,20,0,0,30,30,0,33.07692307692307,33.07692307692307,0,0
E00020259,153,46,32,14,0,0,1,0,1,106,97,9,0,30.065359477124183,20.915032679738562,9.15032679738562,0,0,0.6535947712418301,0,0.6535947712418301,69.28104575163398,63.39869281045751,5.88235294117647,0
E00020260,120,44,23,21,0,0,2,2,0,74,71,3,0,36.666666666666664,19.166666666666668,17.5,0,0,1.6666666666666667,1.6666666666666667,0,61.66666666666667,59.166666666666664,2.5,0
E00020261,161,65,36,29,1,1,3,2,1,92,83,9,0,40.37267080745342,22.36024844720497,18.012422360248447,0.6211180124223602,0.6211180124223602,1.8633540372670807,1.2422360248447204,0.6211180124223602,57.14285714285714,51.5527950310559,5.590062111801243,0
E00020262,112,45,24,21,0,0,1,1,0,66,59,7,0,40.17857142857143,21.428571428571427,18.75,0,0,0.8928571428571428,0.8928571428571428,0,58.92857142857143,52.67857142857143,6.25,0
E00020263,106,17,4,13,0,0,61,53,8,28,27,1,0,16.037735849056602,3.7735849056603774,12.264150943396226,0,0,57.54716981132076,50,7.547169811320755,26.41509433962264,25.471698113207548,0.9433962264150944,0
E00020264,175,32,11,21,0,0,88,75,13,53,50,3,2,18.285714285714285,6.2857142857142865,12,0,0,50.28571428571429,42.857142857142854,7.428571428571429,30.28571428571429,28.57142857142857,1.7142857142857144,1.1428571428571428
E00020266,153,23,10,13,0,0,73,70,3,57,56,1,0,15.032679738562091,6.535947712418301,8.49673202614379,0,0,47.712418300653596,45.751633986928105,1.9607843137254901,37.254901960784316,36.60130718954248,0.6535947712418301,0
E00020267,119,33,17,16,2,2,3,1,2,81,79,2,0,27.73109243697479,14.285714285714285,13.445378151260504,1.680672268907563,1.680672268907563,2.5210084033613445,0.8403361344537815,1.680672268907563,68.0672268907563,66.38655462184873,1.680672268907563,0
E00020268,85,36,17,19,1,1,1,0,1,47,40,7,0,42.35294117647059,20,22.35294117647059,1.1764705882352942,1.1764705882352942,1.1764705882352942,0,1.1764705882352942,55.294117647058826,47.05882352941176,8.235294117647058,0
E00020269,197,81,43,38,3,3,6,2,4,107,91,16,0,41.11675126903553,21.82741116751269,19.289340101522843,1.5228426395939088,1.5228426395939088,3.0456852791878175,1.015228426395939,2.030456852791878,54.314720812182735,46.192893401015226,8.121827411167512,0
E00020270,193,74,33,41,1,1,10,7,3,107,99,8,1,38.34196891191709,17.098445595854923,21.243523316062177,0.5181347150259068,0.5181347150259068,5.181347150259067,3.6269430051813467,1.5544041450777202,55.44041450777202,51.29533678756477,4.145077720207254,0.5181347150259068
E00020271,111,41,23,18,1,1,7,2,5,62,57,5,0,36.93693693693694,20.72072072072072,16.216216216216218,0.9009009009009009,0.9009009009009009,6.306306306306306,1.8018018018018018,4.504504504504505,55.85585585585585,51.35135135135135,4.504504504504505,0
E00020273,105,29,11,18,0,0,46,45,1,30,27,3,0,27.61904761904762,10.476190476190476,17.142857142857142,0,0,43.80952380952381,42.857142857142854,0.9523809523809524,28.57142857142857,25.71428571428571,2.857142857142857,0
E00020274,158,20,2,18,8,8,92,91,1,37,31,6,1,12.658227848101266,1.2658227848101267,11.39240506329114,5.063291139240507,5.063291139240507,58.22784810126582,57.59493670886076,0.6329113924050633,23.417721518987342,19.62025316455696,3.79746835443038,0.6329113924050633
E00020275,156,22,7,15,0,0,82,68,14,50,44,6,2,14.102564102564102,4.487179487179487,9.615384615384617,0,0,52.56410256410257,43.58974358974359,8.974358974358974,32.05128205128205,28.205128205128204,3.8461538461538463,1.282051282051282
E00020276,122,25,15,10,0,0,66,66,0,31,31,0,0,20.491803278688526,12.295081967213115,8.19672131147541,0,0,54.09836065573771,54.09836065573771,0,25.40983606557377,25.40983606557377,0,0
E00020277,125,40,18,22,0,0,47,47,0,38,37,1,0,32,14.399999999999999,17.599999999999998,0,0,37.6,37.6,0,30.4,29.599999999999998,0.8,0
E00020278,144,26,6,20,0,0,65,55,10,53,50,3,0,18.055555555555554,4.166666666666666,13.88888888888889,0,0,45.13888888888889,38.19444444444444,6.944444444444445,36.80555555555556,34.72222222222222,2.083333333333333,0
E00020280,116,19,3,16,0,0,82,82,0,15,14,1,0,16.379310344827587,2.586206896551724,13.793103448275861,0,0,70.6896551724138,70.6896551724138,0,12.931034482758621,12.068965517241379,0.8620689655172413,0
E00020281,155,12,3,9,0,0,115,110,5,28,27,1,0,7.741935483870968,1.935483870967742,5.806451612903226,0,0,74.19354838709677,70.96774193548387,3.225806451612903,18.064516129032256,17.419354838709676,0.6451612903225806,0
E00020282,122,26,13,13,0,0,65,65,0,31,27,4,0,21.311475409836063,10.655737704918032,10.655737704918032,0,0,53.278688524590166,53.278688524590166,0,25.40983606557377,22.131147540983605,3.278688524590164,0
E00020286,147,34,18,16,1,1,63,46,17,49,45,4,0,23.12925170068027,12.244897959183673,10.884353741496598,0.6802721088435374,0.6802721088435374,42.857142857142854,31.292517006802722,11.564625850340136,33.33333333333333,30.612244897959183,2.7210884353741496,0
E00020287,109,7,1,6,0,0,74,73,1,28,28,0,0,6.422018348623854,0.9174311926605505,5.5045871559633035,0,0,67.88990825688074,66.97247706422019,0.9174311926605505,25.688073394495415,25.688073394495415,0,0
E00020289,119,15,6,9,0,0,69,69,0,35,35,0,0,12.605042016806722,5.042016806722689,7.563025210084033,0,0,57.98319327731093,57.98319327731093,0,29.411764705882355,29.411764705882355,0,0
E00020290,148,43,19,24,0,0,39,16,23,66,60,6,0,29.054054054054053,12.837837837837837,16.216216216216218,0,0,26.351351351351347,10.81081081081081,15.54054054054054,44.5945945945946,40.54054054054054,4.054054054054054,0
E00020291,54,19,12,7,0,0,18,2,16,17,16,1,0,35.18518518518518,22.22222222222222,12.962962962962962,0,0,33.33333333333333,3.7037037037037033,29.629629629629626,31.48148148148148,29.629629629629626,1.8518518518518516,0
E00020292,187,54,25,29,0,0,97,7,90,36,32,4,0,28.87700534759358,13.368983957219251,15.508021390374333,0,0,51.87165775401069,3.7433155080213902,48.1283422459893,19.25133689839572,17.11229946524064,2.13903743315508,0
E00020293,166,69,28,41,0,0,40,32,8,57,55,2,0,41.566265060240966,16.867469879518072,24.69879518072289,0,0,24.096385542168676,19.27710843373494,4.819277108433735,34.33734939759036,33.13253012048193,1.2048192771084338,0
E00020294,126,15,2,13,0,0,92,91,1,19,18,1,0,11.904761904761903,1.5873015873015872,10.317460317460316,0,0,73.01587301587301,72.22222222222221,0.7936507936507936,15.079365079365079,14.285714285714285,0.7936507936507936,0
E00020295,141,30,11,19,0,0,60,34,26,51,49,2,0,21.27659574468085,7.801418439716312,13.47517730496454,0,0,42.5531914893617,24.113475177304963,18.439716312056735,36.17021276595745,34.751773049645394,1.4184397163120568,0
E00020296,112,18,8,10,1,1,60,60,0,33,31,2,0,16.071428571428573,7.142857142857142,8.928571428571429,0.8928571428571428,0.8928571428571428,53.57142857142857,53.57142857142857,0,29.464285714285715,27.67857142857143,1.7857142857142856,0
E00020298,125,59,27,32,2,2,5,3,2,59,55,4,0,47.199999999999996,21.6,25.6,1.6,1.6,4,2.4,1.6,47.199999999999996,44,3.2,0
E00020299,108,43,16,27,3,3,11,0,11,51,46,5,0,39.81481481481482,14.814814814814813,25,2.7777777777777777,2.7777777777777777,10.185185185185185,0,10.185185185185185,47.22222222222222,42.592592592592595,4.62962962962963,0
E00020300,147,7,2,5,3,3,118,11,107,19,16,3,0,4.761904761904762,1.3605442176870748,3.4013605442176873,2.0408163265306123,2.0408163265306123,80.27210884353741,7.482993197278912,72.78911564625851,12.925170068027212,10.884353741496598,2.0408163265306123,0
E00020301,129,23,10,13,1,1,70,33,37,35,25,10,0,17.829457364341085,7.751937984496124,10.077519379844961,0.7751937984496124,0.7751937984496124,54.263565891472865,25.581395348837212,28.68217054263566,27.131782945736433,19.379844961240313,7.751937984496124,0
E00020302,124,28,6,22,4,4,52,46,6,40,34,6,0,22.58064516129032,4.838709677419355,17.741935483870968,3.225806451612903,3.225806451612903,41.935483870967744,37.096774193548384,4.838709677419355,32.25806451612903,27.419354838709676,4.838709677419355,0
E00020303,109,66,34,32,1,1,0,0,0,42,38,4,0,60.550458715596335,31.19266055045872,29.357798165137616,0.9174311926605505,0.9174311926605505,0,0,0,38.53211009174312,34.862385321100916,3.669724770642202,0
E00020304,137,26,6,20,2,2,85,79,6,23,20,3,1,18.97810218978102,4.37956204379562,14.5985401459854,1.4598540145985401,1.4598540145985401,62.04379562043796,57.66423357664233,4.37956204379562,16.78832116788321,14.5985401459854,2.18978102189781,0.7299270072992701
E00020305,138,33,13,20,34,34,16,2,14,55,48,7,0,23.91304347826087,9.420289855072465,14.492753623188406,24.637681159420293,24.637681159420293,11.594202898550725,1.4492753623188406,10.144927536231885,39.85507246376812,34.78260869565217,5.072463768115942,0
E00020307,224,91,38,53,10,10,1,0,1,122,111,11,0,40.625,16.964285714285715,23.660714285714285,4.464285714285714,4.464285714285714,0.4464285714285714,0,0.4464285714285714,54.46428571428571,49.55357142857143,4.910714285714286,0
E00020309,150,51,15,36,6,6,50,50,0,43,39,4,0,34,10,24,4,4,33.33333333333333,33.33333333333333,0,28.666666666666668,26,2.666666666666667,0
E00020310,90,27,9,18,13,13,2,2,0,48,45,3,0,30,10,20,14.444444444444443,14.444444444444443,2.2222222222222223,2.2222222222222223,0,53.333333333333336,50,3.3333333333333335,0
E00020311,134,26,9,17,0,0,59,59,0,45,39,6,4,19.402985074626866,6.7164179104477615,12.686567164179104,0,0,44.02985074626866,44.02985074626866,0,33.582089552238806,29.1044776119403,4.477611940298507,2.9850746268656714
E00020312,148,20,7,13,0,0,87,42,45,41,37,4,0,13.513513513513514,4.72972972972973,8.783783783783784,0,0,58.78378378378378,28.37837837837838,30.405405405405407,27.7027027027027,25,2.7027027027027026,0
E00020313,124,24,7,17,1,1,84,82,2,14,11,3,1,19.35483870967742,5.64516129032258,13.709677419354838,0.8064516129032258,0.8064516129032258,67.74193548387096,66.12903225806451,1.6129032258064515,11.29032258064516,8.870967741935484,2.4193548387096775,0.8064516129032258
E00020314,119,24,5,19,0,0,52,46,6,43,41,2,0,20.168067226890756,4.201680672268908,15.966386554621847,0,0,43.69747899159664,38.655462184873954,5.042016806722689,36.134453781512605,34.45378151260504,1.680672268907563,0
E00020315,146,11,5,6,1,1,114,112,2,18,13,5,2,7.534246575342466,3.4246575342465753,4.10958904109589,0.684931506849315,0.684931506849315,78.08219178082192,76.71232876712328,1.36986301369863,12.32876712328767,8.904109589041095,3.4246575342465753,1.36986301369863
E00020317,134,17,8,9,0,0,89,89,0,27,25,2,1,12.686567164179104,5.970149253731343,6.7164179104477615,0,0,66.4179104477612,66.4179104477612,0,20.149253731343283,18.65671641791045,1.4925373134328357,0.7462686567164178
E00020318,154,47,20,27,18,18,33,11,22,56,51,5,0,30.519480519480517,12.987012987012985,17.532467532467532,11.688311688311687,11.688311688311687,21.428571428571427,7.142857142857142,14.285714285714285,36.36363636363637,33.116883116883116,3.2467532467532463,0
E00020319,110,16,10,6,0,0,60,60,0,34,32,2,0,14.545454545454545,9.090909090909092,5.454545454545454,0,0,54.54545454545454,54.54545454545454,0,30.909090909090907,29.09090909090909,1.8181818181818181,0
E00020320,147,38,19,19,4,4,64,54,10,41,41,0,0,25.850340136054424,12.925170068027212,12.925170068027212,2.7210884353741496,2.7210884353741496,43.53741496598639,36.734693877551024,6.802721088435375,27.89115646258503,27.89115646258503,0,0
E00020321,128,7,4,3,1,1,107,104,3,13,13,0,0,5.46875,3.125,2.34375,0.78125,0.78125,83.59375,81.25,2.34375,10.15625,10.15625,0,0
E00020323,230,50,15,35,3,3,30,8,22,147,144,3,0,21.73913043478261,6.521739130434782,15.217391304347828,1.3043478260869565,1.3043478260869565,13.043478260869565,3.4782608695652173,9.565217391304348,63.91304347826087,62.60869565217392,1.3043478260869565,0
E00020324,144,16,9,7,0,0,101,69,32,27,27,0,0,11.11111111111111,6.25,4.861111111111112,0,0,70.13888888888889,47.91666666666667,22.22222222222222,18.75,18.75,0,0
E00020325,148,7,7,0,0,0,115,112,3,26,26,0,0,4.72972972972973,4.72972972972973,0,0,0,77.7027027027027,75.67567567567568,2.027027027027027,17.56756756756757,17.56756756756757,0,0
E00020326,146,23,4,19,1,1,91,90,1,30,27,3,1,15.753424657534246,2.73972602739726,13.013698630136986,0.684931506849315,0.684931506849315,62.328767123287676,61.64383561643836,0.684931506849315,20.54794520547945,18.493150684931507,2.054794520547945,0.684931506849315
E00020327,113,19,7,12,0,0,70,69,1,24,24,0,0,16.8141592920354,6.1946902654867255,10.619469026548673,0,0,61.94690265486725,61.06194690265486,0.8849557522123894,21.238938053097346,21.238938053097346,0,0
E00020328,108,9,5,4,0,0,83,82,1,16,15,1,0,8.333333333333332,4.62962962962963,3.7037037037037033,0,0,76.85185185185185,75.92592592592592,0.9259259259259258,14.814814814814813,13.88888888888889,0.9259259259259258,0
E00020329,134,16,7,9,0,0,94,94,0,23,21,2,1,11.940298507462686,5.223880597014925,6.7164179104477615,0,0,70.1492537313433,70.1492537313433,0,17.16417910447761,15.671641791044777,1.4925373134328357,0.7462686567164178
E00020330,163,67,22,45,0,0,1,1,0,95,88,7,0,41.104294478527606,13.496932515337424,27.607361963190186,0,0,0.6134969325153374,0.6134969325153374,0,58.282208588957054,53.987730061349694,4.294478527607362,0
E00020331,143,64,26,38,1,1,3,1,2,75,68,7,0,44.75524475524475,18.181818181818183,26.573426573426573,0.6993006993006993,0.6993006993006993,2.097902097902098,0.6993006993006993,1.3986013986013985,52.44755244755245,47.55244755244755,4.895104895104895,0
E00020332,106,24,12,12,0,0,64,46,18,18,17,1,0,22.641509433962266,11.320754716981133,11.320754716981133,0,0,60.37735849056604,43.39622641509434,16.9811320754717,16.9811320754717,16.037735849056602,0.9433962264150944,0
E00020333,128,18,8,10,0,0,93,93,0,17,15,2,0,14.0625,6.25,7.8125,0,0,72.65625,72.65625,0,13.28125,11.71875,1.5625,0
E00020334,140,75,39,36,2,2,31,13,18,32,30,2,0,53.57142857142857,27.857142857142858,25.71428571428571,1.4285714285714286,1.4285714285714286,22.142857142857142,9.285714285714286,12.857142857142856,22.857142857142858,21.428571428571427,1.4285714285714286,0
E00020335,186,13,1,12,23,23,115,43,72,34,32,2,1,6.989247311827956,0.5376344086021506,6.451612903225806,12.365591397849462,12.365591397849462,61.82795698924731,23.118279569892472,38.70967741935484,18.27956989247312,17.20430107526882,1.0752688172043012,0.5376344086021506
E00020336,157,44,22,22,0,0,47,47,0,66,63,3,0,28.02547770700637,14.012738853503185,14.012738853503185,0,0,29.936305732484076,29.936305732484076,0,42.038216560509554,40.12738853503185,1.910828025477707,0
E00020337,120,47,23,24,1,1,7,7,0,65,62,3,0,39.166666666666664,19.166666666666668,20,0.8333333333333334,0.8333333333333334,5.833333333333333,5.833333333333333,0,54.166666666666664,51.66666666666667,2.5,0
E00020338,164,11,1,10,1,1,43,2,41,109,109,0,0,6.707317073170732,0.6097560975609756,6.097560975609756,0.6097560975609756,0.6097560975609756,26.21951219512195,1.2195121951219512,25,66.46341463414635,66.46341463414635,0,0
E00020339,169,19,4,15,1,1,115,113,2,34,32,2,0,11.242603550295858,2.366863905325444,8.875739644970414,0.591715976331361,0.591715976331361,68.04733727810651,66.86390532544378,1.183431952662722,20.118343195266274,18.93491124260355,1.183431952662722,0
E00020340,138,23,7,16,0,0,97,49,48,16,13,3,2,16.666666666666664,5.072463768115942,11.594202898550725,0,0,70.28985507246377,35.507246376811594,34.78260869565217,11.594202898550725,9.420289855072465,2.1739130434782608,1.4492753623188406
E00020341,101,11,7,4,0,0,62,15,47,28,28,0,0,10.891089108910892,6.9306930693069315,3.9603960396039604,0,0,61.386138613861384,14.85148514851485,46.53465346534654,27.722772277227726,27.722772277227726,0,0
E00020342,118,44,12,32,0,0,0,0,0,74,74,0,0,37.28813559322034,10.16949152542373,27.11864406779661,0,0,0,0,0,62.71186440677966,62.71186440677966,0,0
E00020344,176,3,1,2,7,7,146,3,143,19,16,3,1,1.7045454545454544,0.5681818181818182,1.1363636363636365,3.977272727272727,3.977272727272727,82.95454545454545,1.7045454545454544,81.25,10.795454545454545,9.090909090909092,1.7045454545454544,0.5681818181818182
E00020345,148,44,18,26,3,3,3,0,3,98,96,2,0,29.72972972972973,12.162162162162163,17.56756756756757,2.027027027027027,2.027027027027027,2.027027027027027,0,2.027027027027027,66.21621621621621,64.86486486486487,1.3513513513513513,0
E00020346,108,32,12,20,0,0,25,1,24,50,47,3,1,29.629629629629626,11.11111111111111,18.51851851851852,0,0,23.14814814814815,0.9259259259259258,22.22222222222222,46.2962962962963,43.51851851851852,2.7777777777777777,0.9259259259259258
E00020347,144,34,11,23,0,0,25,23,2,85,80,5,0,23.61111111111111,7.638888888888889,15.972222222222221,0,0,17.36111111111111,15.972222222222221,1.3888888888888888,59.02777777777778,55.55555555555556,3.4722222222222223,0
E00020348,115,45,12,33,6,6,5,1,4,59,55,4,0,39.130434782608695,10.434782608695652,28.695652173913043,5.217391304347826,5.217391304347826,4.3478260869565215,0.8695652173913043,3.4782608695652173,51.30434782608696,47.82608695652174,3.4782608695652173,0
E00020349,103,4,1,3,0,0,88,52,36,11,10,1,0,3.8834951456310676,0.9708737864077669,2.912621359223301,0,0,85.43689320388349,50.48543689320388,34.95145631067961,10.679611650485436,9.70873786407767,0.9708737864077669,0
E00020350,114,10,5,5,3,3,87,43,44,14,11,3,0,8.771929824561402,4.385964912280701,4.385964912280701,2.631578947368421,2.631578947368421,76.31578947368422,37.719298245614034,38.59649122807017,12.280701754385964,9.649122807017543,2.631578947368421,0
E00020351,101,11,2,9,0,0,58,57,1,32,28,4,0,10.891089108910892,1.9801980198019802,8.91089108910891,0,0,57.42574257425742,56.43564356435643,0.9900990099009901,31.683168316831683,27.722772277227726,3.9603960396039604,0
E00020352,185,23,10,13,0,0,134,126,8,27,22,5,1,12.432432432432433,5.405405405405405,7.027027027027027,0,0,72.43243243243244,68.10810810810811,4.324324324324325,14.594594594594595,11.891891891891893,2.7027027027027026,0.5405405405405406
E00020353,218,11,0,11,47,47,146,40,106,14,12,2,0,5.045871559633028,0,5.045871559633028,21.55963302752294,21.55963302752294,66.97247706422019,18.34862385321101,48.62385321100918,6.422018348623854,5.5045871559633035,0.9174311926605505,0
E00020354,126,4,4,0,0,0,115,46,69,7,5,2,0,3.1746031746031744,3.1746031746031744,0,0,0,91.26984126984127,36.507936507936506,54.761904761904766,5.555555555555555,3.968253968253968,1.5873015873015872,0
E00020355,109,45,11,34,29,29,2,2,0,33,33,0,0,41.284403669724774,10.091743119266056,31.19266055045872,26.605504587155966,26.605504587155966,1.834862385321101,1.834862385321101,0,30.275229357798167,30.275229357798167,0,0
E00020357,144,8,1,7,1,1,115,78,37,20,17,3,0,5.555555555555555,0.6944444444444444,4.861111111111112,0.6944444444444444,0.6944444444444444,79.86111111111111,54.166666666666664,25.694444444444443,13.88888888888889,11.805555555555555,2.083333333333333,0
E00020358,109,12,4,8,7,7,73,52,21,14,13,1,3,11.009174311926607,3.669724770642202,7.339449541284404,6.422018348623854,6.422018348623854,66.97247706422019,47.706422018348626,19.26605504587156,12.844036697247708,11.926605504587156,0.9174311926605505,2.7522935779816518
E00020359,124,20,10,10,0,0,93,48,45,10,9,1,1,16.129032258064516,8.064516129032258,8.064516129032258,0,0,75,38.70967741935484,36.29032258064516,8.064516129032258,7.258064516129033,0.8064516129032258,0.8064516129032258
E00020360,141,11,5,6,1,1,111,46,65,18,14,4,0,7.801418439716312,3.546099290780142,4.25531914893617,0.7092198581560284,0.7092198581560284,78.72340425531915,32.62411347517731,46.09929078014184,12.76595744680851,9.929078014184398,2.8368794326241136,0
E00020361,163,24,9,15,0,0,99,98,1,40,36,4,0,14.723926380368098,5.521472392638037,9.202453987730062,0,0,60.73619631901841,60.122699386503065,0.6134969325153374,24.539877300613497,22.085889570552148,2.4539877300613497,0
E00020362,110,20,7,13,0,0,72,70,2,17,16,1,1,18.181818181818183,6.363636363636363,11.818181818181818,0,0,65.45454545454545,63.63636363636363,1.8181818181818181,15.454545454545453,14.545454545454545,0.9090909090909091,0.9090909090909091
E00020363,91,37,19,18,1,1,38,34,4,15,13,2,0,40.65934065934066,20.87912087912088,19.78021978021978,1.098901098901099,1.098901098901099,41.75824175824176,37.362637362637365,4.395604395604396,16.483516483516482,14.285714285714285,2.197802197802198,0
E00020364,105,52,21,31,1,1,34,18,16,18,17,1,0,49.523809523809526,20,29.523809523809526,0.9523809523809524,0.9523809523809524,32.38095238095238,17.142857142857142,15.238095238095239,17.142857142857142,16.19047619047619,0.9523809523809524,0
E00020365,241,48,17,31,19,19,84,57,27,90,86,4,0,19.91701244813278,7.053941908713693,12.863070539419086,7.883817427385892,7.883817427385892,34.85477178423236,23.651452282157674,11.20331950207469,37.344398340248965,35.684647302904565,1.6597510373443984,0
E00020366,122,39,18,21,0,0,58,58,0,25,21,4,0,31.967213114754102,14.754098360655737,17.21311475409836,0,0,47.540983606557376,47.540983606557376,0,20.491803278688526,17.21311475409836,3.278688524590164,0
E00020367,122,42,22,20,0,0,36,16,20,43,39,4,1,34.42622950819672,18.0327868852459,16.39344262295082,0,0,29.508196721311474,13.114754098360656,16.39344262295082,35.24590163934426,31.967213114754102,3.278688524590164,0.819672131147541
E00020368,142,22,7,15,1,1,95,82,13,24,21,3,0,15.492957746478872,4.929577464788732,10.56338028169014,0.7042253521126761,0.7042253521126761,66.90140845070422,57.74647887323944,9.15492957746479,16.901408450704224,14.788732394366196,2.112676056338028,0
E00020369,114,48,19,29,0,0,3,2,1,63,58,5,0,42.10526315789473,16.666666666666664,25.438596491228072,0,0,2.631578947368421,1.7543859649122806,0.8771929824561403,55.26315789473685,50.877192982456144,4.385964912280701,0
E00020370,157,16,9,7,1,1,104,94,10,33,31,2,3,10.191082802547772,5.7324840764331215,4.45859872611465,0.6369426751592357,0.6369426751592357,66.2420382165605,59.87261146496815,6.369426751592357,21.019108280254777,19.745222929936308,1.2738853503184715,1.910828025477707
E00020371,95,36,15,21,0,0,43,43,0,15,15,0,1,37.89473684210527,15.789473684210526,22.105263157894736,0,0,45.26315789473684,45.26315789473684,0,15.789473684210526,15.789473684210526,0,1.0526315789473684
E00020372,104,8,1,7,0,0,83,83,0,12,9,3,1,7.6923076923076925,0.9615384615384616,6.730769230769231,0,0,79.8076923076923,79.8076923076923,0,11.538461538461538,8.653846153846153,2.8846153846153846,0.9615384615384616
E00020373,109,30,13,17,1,1,55,55,0,23,22,1,0,27.522935779816514,11.926605504587156,15.59633027522936,0.9174311926605505,0.9174311926605505,50.45871559633027,50.45871559633027,0,21.100917431192663,20.18348623853211,0.9174311926605505,0
E00020374,138,14,4,10,3,3,95,95,0,26,24,2,0,10.144927536231885,2.898550724637681,7.246376811594203,2.1739130434782608,2.1739130434782608,68.84057971014492,68.84057971014492,0,18.84057971014493,17.391304347826086,1.4492753623188406,0
E00020375,139,40,11,29,0,0,67,66,1,32,32,0,0,28.776978417266186,7.913669064748201,20.863309352517987,0,0,48.201438848920866,47.482014388489205,0.7194244604316548,23.021582733812952,23.021582733812952,0,0
E00020376,206,75,28,47,0,0,81,2,79,50,46,4,0,36.407766990291265,13.592233009708737,22.815533980582526,0,0,39.32038834951456,0.9708737864077669,38.349514563106794,24.271844660194176,22.330097087378643,1.9417475728155338,0
E00020377,125,73,31,42,0,0,25,19,6,26,25,1,1,58.4,24.8,33.6,0,0,20,15.2,4.8,20.8,20,0.8,0.8
E00020379,110,39,15,24,1,1,25,4,21,45,42,3,0,35.45454545454545,13.636363636363635,21.818181818181817,0.9090909090909091,0.9090909090909091,22.727272727272727,3.6363636363636362,19.090909090909093,40.909090909090914,38.18181818181819,2.727272727272727,0
E00020380,125,68,17,51,1,1,1,0,1,55,50,5,0,54.400000000000006,13.600000000000001,40.8,0.8,0.8,0.8,0,0.8,44,40,4,0
E00020381,152,68,27,41,1,1,25,12,13,58,57,1,0,44.73684210526316,17.763157894736842,26.973684210526315,0.6578947368421052,0.6578947368421052,16.447368421052634,7.894736842105263,8.552631578947368,38.15789473684211,37.5,0.6578947368421052,0
E00020382,118,76,34,42,1,1,20,12,8,21,20,1,0,64.40677966101694,28.8135593220339,35.59322033898305,0.847457627118644,0.847457627118644,16.94915254237288,10.16949152542373,6.779661016949152,17.796610169491526,16.94915254237288,0.847457627118644,0
E00020383,95,34,9,25,0,0,30,29,1,31,25,6,0,35.78947368421053,9.473684210526317,26.31578947368421,0,0,31.57894736842105,30.526315789473685,1.0526315789473684,32.631578947368425,26.31578947368421,6.315789473684211,0
E00020384,153,84,36,48,0,0,32,21,11,37,34,3,0,54.90196078431373,23.52941176470588,31.372549019607842,0,0,20.915032679738562,13.725490196078432,7.18954248366013,24.183006535947712,22.22222222222222,1.9607843137254901,0
E00020385,123,75,33,42,0,0,3,2,1,45,42,3,0,60.97560975609756,26.82926829268293,34.146341463414636,0,0,2.4390243902439024,1.6260162601626018,0.8130081300813009,36.58536585365854,34.146341463414636,2.4390243902439024,0
E00020386,129,65,31,34,0,0,33,29,4,31,27,4,0,50.3875968992248,24.031007751937985,26.356589147286826,0,0,25.581395348837212,22.48062015503876,3.10077519379845,24.031007751937985,20.930232558139537,3.10077519379845,0
E00020387,115,105,37,68,0,0,0,0,0,10,4,6,0,91.30434782608695,32.17391304347826,59.130434782608695,0,0,0,0,0,8.695652173913043,3.4782608695652173,5.217391304347826,0
E00020388,122,44,20,24,0,0,53,47,6,25,22,3,0,36.0655737704918,16.39344262295082,19.672131147540984,0,0,43.44262295081967,38.52459016393443,4.918032786885246,20.491803278688526,18.0327868852459,2.459016393442623,0
E00020389,127,76,46,30,1,1,8,1,7,42,37,5,0,59.84251968503938,36.22047244094488,23.62204724409449,0.7874015748031495,0.7874015748031495,6.299212598425196,0.7874015748031495,5.511811023622047,33.07086614173229,29.133858267716533,3.937007874015748,0
E00020390,148,69,16,53,1,1,36,20,16,41,38,3,1,46.62162162162162,10.81081081081081,35.810810810810814,0.6756756756756757,0.6756756756756757,24.324324324324326,13.513513513513514,10.81081081081081,27.7027027027027,25.675675675675674,2.027027027027027,0.6756756756756757
E00020391,136,46,15,31,0,0,67,58,9,22,22,0,1,33.82352941176471,11.029411764705882,22.794117647058822,0,0,49.26470588235294,42.64705882352941,6.61764705882353,16.176470588235293,16.176470588235293,0,0.7352941176470588
E00020392,117,65,20,45,1,1,30,8,22,21,20,1,0,55.55555555555556,17.094017094017094,38.46153846153847,0.8547008547008548,0.8547008547008548,25.64102564102564,6.837606837606838,18.803418803418804,17.94871794871795,17.094017094017094,0.8547008547008548,0
E00020393,116,65,27,38,0,0,22,14,8,28,26,2,1,56.03448275862068,23.275862068965516,32.758620689655174,0,0,18.96551724137931,12.068965517241379,6.896551724137931,24.137931034482758,22.413793103448278,1.7241379310344827,0.8620689655172413
E00020394,151,38,11,27,11,11,84,75,9,18,17,1,0,25.165562913907287,7.28476821192053,17.880794701986755,7.28476821192053,7.28476821192053,55.62913907284768,49.668874172185426,5.960264900662252,11.920529801324504,11.258278145695364,0.6622516556291391,0
E00020395,135,16,0,16,1,1,101,99,2,17,17,0,0,11.851851851851853,0,11.851851851851853,0.7407407407407408,0.7407407407407408,74.81481481481481,73.33333333333333,1.4814814814814816,12.592592592592592,12.592592592592592,0,0
E00020396,119,100,40,60,0,0,2,2,0,17,13,4,0,84.03361344537815,33.61344537815126,50.42016806722689,0,0,1.680672268907563,1.680672268907563,0,14.285714285714285,10.92436974789916,3.361344537815126,0
E00020397,144,64,29,35,1,1,35,14,21,44,41,3,0,44.44444444444444,20.13888888888889,24.305555555555554,0.6944444444444444,0.6944444444444444,24.305555555555554,9.722222222222223,14.583333333333334,30.555555555555557,28.47222222222222,2.083333333333333,0
E00020398,129,27,3,24,0,0,88,88,0,14,11,3,0,20.930232558139537,2.3255813953488373,18.6046511627907,0,0,68.21705426356588,68.21705426356588,0,10.852713178294573,8.527131782945736,2.3255813953488373,0
E00020399,107,14,1,13,0,0,86,84,2,7,7,0,0,13.084112149532709,0.9345794392523363,12.149532710280374,0,0,80.37383177570094,78.50467289719626,1.8691588785046727,6.5420560747663545,6.5420560747663545,0,0
E00020400,118,16,1,15,0,0,91,89,2,10,9,1,1,13.559322033898304,0.847457627118644,12.711864406779661,0,0,77.11864406779661,75.42372881355932,1.694915254237288,8.47457627118644,7.627118644067797,0.847457627118644,0.847457627118644
E00020401,137,33,12,21,2,2,86,80,6,15,14,1,1,24.087591240875913,8.75912408759124,15.328467153284672,1.4598540145985401,1.4598540145985401,62.77372262773723,58.3941605839416,4.37956204379562,10.948905109489052,10.218978102189782,0.7299270072992701,0.7299270072992701
E00020402,108,66,35,31,0,0,18,9,9,23,21,2,1,61.111111111111114,32.407407407407405,28.703703703703702,0,0,16.666666666666664,8.333333333333332,8.333333333333332,21.296296296296298,19.444444444444446,1.8518518518518516,0.9259259259259258
E00020403,140,42,10,32,1,1,69,66,3,27,25,2,1,30,7.142857142857142,22.857142857142858,0.7142857142857143,0.7142857142857143,49.28571428571429,47.14285714285714,2.142857142857143,19.28571428571429,17.857142857142858,1.4285714285714286,0.7142857142857143
E00020404,121,14,1,13,7,7,85,85,0,15,14,1,0,11.570247933884298,0.8264462809917356,10.743801652892563,5.785123966942149,5.785123966942149,70.24793388429752,70.24793388429752,0,12.396694214876034,11.570247933884298,0.8264462809917356,0
E00020405,112,23,7,16,0,0,67,67,0,22,17,5,0,20.535714285714285,6.25,14.285714285714285,0,0,59.82142857142857,59.82142857142857,0,19.642857142857142,15.178571428571427,4.464285714285714,0
E00020406,114,77,23,54,0,0,8,7,1,29,29,0,0,67.54385964912281,20.175438596491226,47.368421052631575,0,0,7.017543859649122,6.140350877192982,0.8771929824561403,25.438596491228072,25.438596491228072,0,0
E00020407,150,62,25,37,1,1,32,2,30,55,50,5,0,41.333333333333336,16.666666666666664,24.666666666666668,0.6666666666666667,0.6666666666666667,21.333333333333336,1.3333333333333335,20,36.666666666666664,33.33333333333333,3.3333333333333335,0
E00020408,226,77,27,50,13,13,49,44,5,87,80,7,0,34.070796460176986,11.946902654867257,22.123893805309734,5.752212389380531,5.752212389380531,21.68141592920354,19.469026548672566,2.2123893805309733,38.49557522123894,35.39823008849557,3.0973451327433628,0
E00020409,118,39,8,31,1,1,62,59,3,15,14,1,1,33.05084745762712,6.779661016949152,26.27118644067797,0.847457627118644,0.847457627118644,52.54237288135594,50,2.5423728813559325,12.711864406779661,11.864406779661017,0.847457627118644,0.847457627118644
E00020410,141,24,6,18,4,4,69,67,2,43,36,7,1,17.02127659574468,4.25531914893617,12.76595744680851,2.8368794326241136,2.8368794326241136,48.93617021276596,47.5177304964539,1.4184397163120568,30.49645390070922,25.53191489361702,4.964539007092199,0.7092198581560284
E00020411,114,21,0,21,0,0,73,70,3,20,20,0,0,18.421052631578945,0,18.421052631578945,0,0,64.03508771929825,61.40350877192983,2.631578947368421,17.543859649122805,17.543859649122805,0,0
E00020412,113,33,9,24,0,0,56,56,0,24,23,1,0,29.20353982300885,7.964601769911504,21.238938053097346,0,0,49.557522123893804,49.557522123893804,0,21.238938053097346,20.353982300884958,0.8849557522123894,0
E00020413,111,58,23,35,0,0,40,38,2,13,11,2,0,52.25225225225225,20.72072072072072,31.53153153153153,0,0,36.03603603603604,34.234234234234236,1.8018018018018018,11.711711711711711,9.90990990990991,1.8018018018018018,0
E00020415,160,45,11,34,0,0,0,0,0,115,111,4,0,28.125,6.875000000000001,21.25,0,0,0,0,0,71.875,69.375,2.5,0
E00020416,147,75,22,53,0,0,3,1,2,68,68,0,1,51.02040816326531,14.965986394557824,36.054421768707485,0,0,2.0408163265306123,0.6802721088435374,1.3605442176870748,46.25850340136054,46.25850340136054,0,0.6802721088435374
E00020417,148,62,17,45,3,3,18,6,12,65,64,1,0,41.891891891891895,11.486486486486488,30.405405405405407,2.027027027027027,2.027027027027027,12.162162162162163,4.054054054054054,8.108108108108109,43.91891891891892,43.24324324324324,0.6756756756756757,0
E00020418,126,29,11,18,1,1,80,8,72,16,15,1,0,23.015873015873016,8.73015873015873,14.285714285714285,0.7936507936507936,0.7936507936507936,63.49206349206349,6.349206349206349,57.14285714285714,12.698412698412698,11.904761904761903,0.7936507936507936,0
E00020419,198,70,30,40,11,11,36,15,21,80,73,7,1,35.35353535353536,15.151515151515152,20.2020202020202,5.555555555555555,5.555555555555555,18.181818181818183,7.575757575757576,10.606060606060606,40.4040404040404,36.868686868686865,3.535353535353535,0.5050505050505051
E00020420,129,69,41,28,1,1,32,1,31,27,25,2,0,53.48837209302325,31.782945736434108,21.705426356589147,0.7751937984496124,0.7751937984496124,24.8062015503876,0.7751937984496124,24.031007751937985,20.930232558139537,19.379844961240313,1.550387596899225,0
E00020421,152,39,14,25,2,2,84,81,3,27,24,3,0,25.657894736842106,9.210526315789473,16.447368421052634,1.3157894736842104,1.3157894736842104,55.26315789473685,53.289473684210535,1.9736842105263157,17.763157894736842,15.789473684210526,1.9736842105263157,0
E00020422,127,77,37,40,0,0,4,2,2,46,40,6,0,60.629921259842526,29.133858267716533,31.496062992125985,0,0,3.149606299212598,1.574803149606299,1.574803149606299,36.22047244094488,31.496062992125985,4.724409448818897,0
E00020423,106,27,15,12,0,0,56,4,52,23,22,1,0,25.471698113207548,14.150943396226415,11.320754716981133,0,0,52.83018867924528,3.7735849056603774,49.056603773584904,21.69811320754717,20.754716981132077,0.9433962264150944,0
E00020424,113,55,15,40,0,0,3,0,3,55,49,6,0,48.67256637168141,13.274336283185843,35.39823008849557,0,0,2.6548672566371683,0,2.6548672566371683,48.67256637168141,43.36283185840708,5.3097345132743365,0
E00020425,152,41,13,28,1,1,8,0,8,102,97,5,0,26.973684210526315,8.552631578947368,18.421052631578945,0.6578947368421052,0.6578947368421052,5.263157894736842,0,5.263157894736842,67.10526315789474,63.81578947368421,3.289473684210526,0
E00020426,121,54,23,31,0,0,3,0,3,64,61,3,0,44.62809917355372,19.00826446280992,25.6198347107438,0,0,2.479338842975207,0,2.479338842975207,52.892561983471076,50.413223140495866,2.479338842975207,0
E00020427,206,119,77,42,2,2,2,1,1,82,77,5,1,57.76699029126213,37.37864077669903,20.388349514563107,0.9708737864077669,0.9708737864077669,0.9708737864077669,0.48543689320388345,0.48543689320388345,39.80582524271845,37.37864077669903,2.4271844660194173,0.48543689320388345
E00020428,114,37,16,21,1,1,2,1,1,74,72,2,0,32.45614035087719,14.035087719298245,18.421052631578945,0.8771929824561403,0.8771929824561403,1.7543859649122806,0.8771929824561403,0.8771929824561403,64.91228070175438,63.1578947368421,1.7543859649122806,0
E00020429,120,54,22,32,2,2,3,2,1,61,57,4,0,45,18.333333333333332,26.666666666666668,1.6666666666666667,1.6666666666666667,2.5,1.6666666666666667,0.8333333333333334,50.83333333333333,47.5,3.3333333333333335,0
E00020430,141,13,6,7,0,0,96,95,1,32,32,0,0,9.219858156028367,4.25531914893617,4.964539007092199,0,0,68.08510638297872,67.37588652482269,0.7092198581560284,22.69503546099291,22.69503546099291,0,0
E00020431,121,15,3,12,0,0,84,39,45,22,21,1,0,12.396694214876034,2.479338842975207,9.917355371900827,0,0,69.42148760330579,32.231404958677686,37.1900826446281,18.181818181818183,17.355371900826448,0.8264462809917356,0
E00020432,144,36,13,23,0,0,63,41,22,45,43,2,0,25,9.027777777777777,15.972222222222221,0,0,43.75,28.47222222222222,15.277777777777779,31.25,29.86111111111111,1.3888888888888888,0
E00020433,107,4,0,4,6,6,84,4,80,12,12,0,1,3.7383177570093453,0,3.7383177570093453,5.607476635514018,5.607476635514018,78.50467289719626,3.7383177570093453,74.76635514018692,11.214953271028037,11.214953271028037,0,0.9345794392523363
E00020434,119,55,22,33,2,2,3,1,2,59,57,2,0,46.21848739495798,18.487394957983195,27.73109243697479,1.680672268907563,1.680672268907563,2.5210084033613445,0.8403361344537815,1.680672268907563,49.57983193277311,47.89915966386555,1.680672268907563,0
E00020435,135,71,29,42,2,2,7,4,3,55,51,4,0,52.59259259259259,21.48148148148148,31.11111111111111,1.4814814814814816,1.4814814814814816,5.185185185185185,2.9629629629629632,2.2222222222222223,40.74074074074074,37.77777777777778,2.9629629629629632,0
E00020436,94,28,14,14,3,3,15,3,12,48,46,2,0,29.78723404255319,14.893617021276595,14.893617021276595,3.1914893617021276,3.1914893617021276,15.957446808510639,3.1914893617021276,12.76595744680851,51.06382978723404,48.93617021276596,2.127659574468085,0
E00020437,149,71,26,45,2,2,7,0,7,69,62,7,0,47.651006711409394,17.449664429530202,30.201342281879196,1.342281879194631,1.342281879194631,4.697986577181208,0,4.697986577181208,46.308724832214764,41.61073825503356,4.697986577181208,0
E00020438,121,54,22,32,1,1,1,1,0,65,60,5,0,44.62809917355372,18.181818181818183,26.446280991735538,0.8264462809917356,0.8264462809917356,0.8264462809917356,0.8264462809917356,0,53.71900826446281,49.586776859504134,4.132231404958678,0
E00020439,142,1,0,1,2,2,137,6,131,2,2,0,0,0.7042253521126761,0,0.7042253521126761,1.4084507042253522,1.4084507042253522,96.47887323943662,4.225352112676056,92.25352112676056,1.4084507042253522,1.4084507042253522,0,0
E00020440,146,50,19,31,2,2,36,0,36,58,53,5,0,34.24657534246575,13.013698630136986,21.232876712328768,1.36986301369863,1.36986301369863,24.65753424657534,0,24.65753424657534,39.726027397260275,36.3013698630137,3.4246575342465753,0
E00020441,229,98,42,56,0,0,7,1,6,124,116,8,0,42.79475982532751,18.340611353711793,24.45414847161572,0,0,3.056768558951965,0.43668122270742354,2.6200873362445414,54.14847161572053,50.65502183406113,3.4934497816593884,0
E00020442,108,28,10,18,0,0,70,67,3,10,10,0,0,25.925925925925924,9.25925925925926,16.666666666666664,0,0,64.81481481481481,62.03703703703704,2.7777777777777777,9.25925925925926,9.25925925925926,0,0
E00020443,229,81,29,52,0,0,3,0,3,145,142,3,0,35.37117903930131,12.663755458515283,22.707423580786028,0,0,1.3100436681222707,0,1.3100436681222707,63.31877729257642,62.00873362445415,1.3100436681222707,0
E00020444,212,67,16,51,1,1,42,3,39,101,96,5,1,31.60377358490566,7.547169811320755,24.056603773584907,0.4716981132075472,0.4716981132075472,19.81132075471698,1.4150943396226416,18.39622641509434,47.64150943396226,45.28301886792453,2.358490566037736,0.4716981132075472
E00020445,129,23,9,14,1,1,79,16,63,26,25,1,0,17.829457364341085,6.976744186046512,10.852713178294573,0.7751937984496124,0.7751937984496124,61.240310077519375,12.4031007751938,48.837209302325576,20.155038759689923,19.379844961240313,0.7751937984496124,0
E00020447,167,30,4,26,4,4,102,3,99,30,26,4,1,17.964071856287426,2.3952095808383236,15.568862275449103,2.3952095808383236,2.3952095808383236,61.07784431137725,1.7964071856287425,59.281437125748504,17.964071856287426,15.568862275449103,2.3952095808383236,0.5988023952095809
E00020448,166,41,6,35,0,0,97,24,73,28,24,4,0,24.69879518072289,3.614457831325301,21.084337349397593,0,0,58.43373493975904,14.457831325301203,43.97590361445783,16.867469879518072,14.457831325301203,2.4096385542168677,0
E00020449,120,50,18,32,9,9,5,4,1,55,49,6,1,41.66666666666667,15,26.666666666666668,7.5,7.5,4.166666666666666,3.3333333333333335,0.8333333333333334,45.83333333333333,40.833333333333336,5,0.8333333333333334
E00020451,132,73,31,42,0,0,2,2,0,57,50,7,0,55.3030303030303,23.484848484848484,31.818181818181817,0,0,1.5151515151515151,1.5151515151515151,0,43.18181818181818,37.878787878787875,5.303030303030303,0
E00020452,102,42,14,28,17,17,5,2,3,38,36,2,0,41.17647058823529,13.725490196078432,27.450980392156865,16.666666666666664,16.666666666666664,4.901960784313726,1.9607843137254901,2.941176470588235,37.254901960784316,35.294117647058826,1.9607843137254901,0
E00020453,138,58,25,33,0,0,6,1,5,74,71,3,0,42.028985507246375,18.115942028985508,23.91304347826087,0,0,4.3478260869565215,0.7246376811594203,3.6231884057971016,53.62318840579711,51.449275362318836,2.1739130434782608,0
E00020454,101,44,22,22,0,0,1,0,1,56,53,3,0,43.56435643564357,21.782178217821784,21.782178217821784,0,0,0.9900990099009901,0,0.9900990099009901,55.44554455445545,52.475247524752476,2.9702970297029703,0
E00020455,151,1,1,0,0,0,141,7,134,9,8,1,0,0.6622516556291391,0.6622516556291391,0,0,0,93.37748344370861,4.635761589403973,88.74172185430463,5.960264900662252,5.298013245033113,0.6622516556291391,0
E00020457,155,73,33,40,1,1,31,19,12,50,46,4,0,47.096774193548384,21.29032258064516,25.806451612903224,0.6451612903225806,0.6451612903225806,20,12.258064516129032,7.741935483870968,32.25806451612903,29.677419354838708,2.5806451612903225,0
E00020458,168,77,28,49,1,1,27,14,13,63,61,2,0,45.83333333333333,16.666666666666664,29.166666666666668,0.5952380952380952,0.5952380952380952,16.071428571428573,8.333333333333332,7.738095238095238,37.5,36.30952380952381,1.1904761904761905,0
E00020459,203,23,7,16,0,0,161,155,6,17,16,1,2,11.330049261083744,3.4482758620689653,7.8817733990147785,0,0,79.3103448275862,76.35467980295566,2.955665024630542,8.374384236453201,7.8817733990147785,0.49261083743842365,0.9852216748768473
E00020460,142,47,12,35,1,1,74,72,2,20,18,2,0,33.098591549295776,8.450704225352112,24.647887323943664,0.7042253521126761,0.7042253521126761,52.112676056338024,50.70422535211267,1.4084507042253522,14.084507042253522,12.676056338028168,1.4084507042253522,0
E00020461,150,71,35,36,3,3,39,24,15,37,36,1,0,47.333333333333336,23.333333333333332,24,2,2,26,16,10,24.666666666666668,24,0.6666666666666667,0
E00020462,118,58,24,34,1,1,28,14,14,31,30,1,0,49.152542372881356,20.33898305084746,28.8135593220339,0.847457627118644,0.847457627118644,23.728813559322035,11.864406779661017,11.864406779661017,26.27118644067797,25.423728813559322,0.847457627118644,0
E00020463,172,34,14,20,3,3,86,54,32,48,46,2,1,19.767441860465116,8.13953488372093,11.627906976744185,1.744186046511628,1.744186046511628,50,31.3953488372093,18.6046511627907,27.906976744186046,26.744186046511626,1.1627906976744187,0.5813953488372093
E00020464,127,76,21,55,0,0,18,9,9,33,32,1,0,59.84251968503938,16.535433070866144,43.30708661417323,0,0,14.173228346456693,7.086614173228346,7.086614173228346,25.984251968503933,25.196850393700785,0.7874015748031495,0
E00020465,121,29,8,21,1,1,72,71,1,19,19,0,0,23.96694214876033,6.6115702479338845,17.355371900826448,0.8264462809917356,0.8264462809917356,59.50413223140496,58.67768595041323,0.8264462809917356,15.702479338842975,15.702479338842975,0,0
E00020466,132,43,15,28,1,1,46,44,2,41,39,2,1,32.57575757575758,11.363636363636363,21.21212121212121,0.7575757575757576,0.7575757575757576,34.84848484848485,33.33333333333333,1.5151515151515151,31.060606060606062,29.545454545454547,1.5151515151515151,0.7575757575757576
E00020468,120,43,14,29,0,0,58,54,4,19,18,1,0,35.833333333333336,11.666666666666666,24.166666666666668,0,0,48.333333333333336,45,3.3333333333333335,15.833333333333332,15,0.8333333333333334,0
E00020469,134,49,20,29,0,0,28,10,18,57,57,0,0,36.56716417910448,14.925373134328357,21.641791044776117,0,0,20.8955223880597,7.462686567164178,13.432835820895523,42.53731343283582,42.53731343283582,0,0
E00020470,119,49,17,32,0,0,19,9,10,51,51,0,0,41.17647058823529,14.285714285714285,26.89075630252101,0,0,15.966386554621847,7.563025210084033,8.403361344537815,42.857142857142854,42.857142857142854,0,0
E00020471,126,64,22,42,0,0,24,10,14,38,35,3,0,50.79365079365079,17.46031746031746,33.33333333333333,0,0,19.047619047619047,7.936507936507936,11.11111111111111,30.158730158730158,27.77777777777778,2.380952380952381,0
E00020472,149,50,12,38,0,0,52,38,14,44,42,2,3,33.557046979865774,8.053691275167784,25.503355704697988,0,0,34.899328859060404,25.503355704697988,9.395973154362416,29.53020134228188,28.187919463087248,1.342281879194631,2.013422818791946
E00020473,229,29,8,21,27,27,152,86,66,21,18,3,0,12.663755458515283,3.4934497816593884,9.170305676855897,11.790393013100436,11.790393013100436,66.37554585152839,37.55458515283843,28.82096069868996,9.170305676855897,7.860262008733625,1.3100436681222707,0
E00020474,179,8,2,6,3,3,142,138,4,26,24,2,0,4.4692737430167595,1.1173184357541899,3.35195530726257,1.675977653631285,1.675977653631285,79.3296089385475,77.09497206703911,2.2346368715083798,14.52513966480447,13.40782122905028,1.1173184357541899,0
E00020475,130,64,25,39,0,0,23,16,7,43,36,7,0,49.23076923076923,19.230769230769234,30,0,0,17.692307692307693,12.307692307692308,5.384615384615385,33.07692307692307,27.692307692307693,5.384615384615385,0
E00020476,117,35,18,17,1,1,58,57,1,23,19,4,0,29.914529914529915,15.384615384615385,14.529914529914532,0.8547008547008548,0.8547008547008548,49.572649572649574,48.717948717948715,0.8547008547008548,19.65811965811966,16.23931623931624,3.418803418803419,0
E00020478,173,46,17,29,0,0,108,81,27,19,18,1,0,26.589595375722542,9.826589595375722,16.76300578034682,0,0,62.42774566473989,46.82080924855491,15.606936416184972,10.982658959537572,10.404624277456648,0.5780346820809248,0
E00020479,149,38,19,19,0,0,76,68,8,35,29,6,0,25.503355704697988,12.751677852348994,12.751677852348994,0,0,51.006711409395976,45.63758389261745,5.369127516778524,23.48993288590604,19.463087248322147,4.026845637583892,0
E00020480,125,40,13,27,3,3,51,44,7,31,31,0,0,32,10.4,21.6,2.4,2.4,40.8,35.199999999999996,5.6000000000000005,24.8,24.8,0,0
E00020481,170,85,30,55,0,0,37,18,19,48,43,5,0,50,17.647058823529413,32.35294117647059,0,0,21.764705882352942,10.588235294117647,11.176470588235295,28.235294117647058,25.294117647058822,2.941176470588235,0
E00020482,184,37,11,26,31,31,86,55,31,29,24,5,1,20.108695652173914,5.978260869565218,14.130434782608695,16.847826086956523,16.847826086956523,46.73913043478261,29.891304347826086,16.847826086956523,15.760869565217392,13.043478260869565,2.717391304347826,0.5434782608695652
E00020483,140,84,36,48,2,2,15,7,8,38,38,0,1,60,25.71428571428571,34.285714285714285,1.4285714285714286,1.4285714285714286,10.714285714285714,5,5.714285714285714,27.142857142857142,27.142857142857142,0,0.7142857142857143
E00020484,161,87,32,55,0,0,20,11,9,54,49,5,0,54.037267080745345,19.875776397515526,34.161490683229815,0,0,12.422360248447205,6.832298136645963,5.590062111801243,33.54037267080746,30.434782608695656,3.1055900621118013,0
E00020485,169,75,29,46,1,1,57,10,47,36,35,1,0,44.37869822485207,17.159763313609467,27.218934911242602,0.591715976331361,0.591715976331361,33.72781065088758,5.9171597633136095,27.810650887573964,21.301775147928996,20.710059171597635,0.591715976331361,0
E00020487,151,73,20,53,0,0,53,33,20,25,23,2,0,48.34437086092716,13.245033112582782,35.099337748344375,0,0,35.099337748344375,21.85430463576159,13.245033112582782,16.55629139072848,15.2317880794702,1.3245033112582782,0
E00020488,127,46,9,37,0,0,65,39,26,16,16,0,0,36.22047244094488,7.086614173228346,29.133858267716533,0,0,51.181102362204726,30.708661417322837,20.47244094488189,12.598425196850393,12.598425196850393,0,0
E00020489,149,49,22,27,7,7,56,31,25,36,30,6,1,32.88590604026846,14.76510067114094,18.120805369127517,4.697986577181208,4.697986577181208,37.58389261744966,20.80536912751678,16.778523489932887,24.161073825503358,20.13422818791946,4.026845637583892,0.6711409395973155
E00020490,140,66,30,36,1,1,29,13,16,44,43,1,0,47.14285714285714,21.428571428571427,25.71428571428571,0.7142857142857143,0.7142857142857143,20.714285714285715,9.285714285714286,11.428571428571429,31.428571428571427,30.714285714285715,0.7142857142857143,0
E00020491,118,52,21,31,0,0,40,13,27,26,24,2,0,44.06779661016949,17.796610169491526,26.27118644067797,0,0,33.89830508474576,11.016949152542372,22.88135593220339,22.033898305084744,20.33898305084746,1.694915254237288,0
E00020492,128,25,6,19,0,0,86,76,10,17,12,5,0,19.53125,4.6875,14.84375,0,0,67.1875,59.375,7.8125,13.28125,9.375,3.90625,0
E00020493,171,77,27,50,0,0,47,9,38,46,43,3,1,45.02923976608187,15.789473684210526,29.239766081871345,0,0,27.485380116959064,5.263157894736842,22.22222222222222,26.900584795321635,25.146198830409354,1.7543859649122806,0.5847953216374269
E00020494,134,45,14,31,0,0,40,35,5,49,43,6,0,33.582089552238806,10.44776119402985,23.134328358208954,0,0,29.850746268656714,26.119402985074625,3.731343283582089,36.56716417910448,32.08955223880597,4.477611940298507,0
E00020495,111,32,11,21,0,0,52,25,27,27,26,1,0,28.82882882882883,9.90990990990991,18.91891891891892,0,0,46.846846846846844,22.52252252252252,24.324324324324326,24.324324324324326,23.423423423423422,0.9009009009009009,0
E00020496,118,71,31,40,2,2,28,14,14,16,15,1,1,60.16949152542372,26.27118644067797,33.89830508474576,1.694915254237288,1.694915254237288,23.728813559322035,11.864406779661017,11.864406779661017,13.559322033898304,12.711864406779661,0.847457627118644,0.847457627118644
E00020497,111,41,14,27,0,0,56,15,41,14,14,0,0,36.93693693693694,12.612612612612612,24.324324324324326,0,0,50.45045045045045,13.513513513513514,36.93693693693694,12.612612612612612,12.612612612612612,0,0
E00020498,107,95,62,33,0,0,4,2,2,8,6,2,0,88.78504672897196,57.943925233644855,30.8411214953271,0,0,3.7383177570093453,1.8691588785046727,1.8691588785046727,7.476635514018691,5.607476635514018,1.8691588785046727,0
E00020499,112,85,47,38,0,0,13,2,11,13,12,1,1,75.89285714285714,41.964285714285715,33.92857142857143,0,0,11.607142857142858,1.7857142857142856,9.821428571428571,11.607142857142858,10.714285714285714,0.8928571428571428,0.8928571428571428
E00020500,118,37,17,20,0,0,42,6,36,39,36,3,0,31.35593220338983,14.40677966101695,16.94915254237288,0,0,35.59322033898305,5.084745762711865,30.508474576271187,33.05084745762712,30.508474576271187,2.5423728813559325,0
E00020501,141,89,33,56,1,1,8,4,4,43,37,6,0,63.12056737588653,23.404255319148938,39.71631205673759,0.7092198581560284,0.7092198581560284,5.673758865248227,2.8368794326241136,2.8368794326241136,30.49645390070922,26.24113475177305,4.25531914893617,0
E00020502,118,105,52,53,1,1,2,2,0,10,9,1,0,88.98305084745762,44.06779661016949,44.91525423728814,0.847457627118644,0.847457627118644,1.694915254237288,1.694915254237288,0,8.47457627118644,7.627118644067797,0.847457627118644,0
E00020503,121,105,65,40,0,0,4,2,2,12,6,6,0,86.77685950413223,53.71900826446281,33.057851239669425,0,0,3.3057851239669422,1.6528925619834711,1.6528925619834711,9.917355371900827,4.958677685950414,4.958677685950414,0
E00020504,125,64,19,45,0,0,29,25,4,31,28,3,1,51.2,15.2,36,0,0,23.200000000000003,20,3.2,24.8,22.400000000000002,2.4,0.8
E00020505,171,82,32,50,1,1,64,60,4,24,22,2,0,47.953216374269005,18.71345029239766,29.239766081871345,0.5847953216374269,0.5847953216374269,37.42690058479532,35.08771929824561,2.3391812865497075,14.035087719298245,12.865497076023392,1.1695906432748537,0
E00020506,163,81,28,53,0,0,30,5,25,52,46,6,0,49.693251533742334,17.177914110429448,32.515337423312886,0,0,18.404907975460123,3.067484662576687,15.337423312883436,31.901840490797547,28.22085889570552,3.6809815950920246,0
E00020507,156,85,28,57,0,0,46,44,2,25,22,3,0,54.48717948717948,17.94871794871795,36.53846153846153,0,0,29.48717948717949,28.205128205128204,1.282051282051282,16.025641025641026,14.102564102564102,1.9230769230769231,0
E00020508,109,41,14,27,1,1,47,33,14,20,16,4,0,37.61467889908257,12.844036697247708,24.770642201834864,0.9174311926605505,0.9174311926605505,43.11926605504588,30.275229357798167,12.844036697247708,18.34862385321101,14.678899082568808,3.669724770642202,0
E00020509,120,54,16,38,0,0,40,9,31,26,22,4,0,45,13.333333333333334,31.666666666666664,0,0,33.33333333333333,7.5,25.833333333333336,21.666666666666668,18.333333333333332,3.3333333333333335,0
E00020510,116,77,33,44,1,1,5,2,3,33,31,2,0,66.37931034482759,28.448275862068968,37.93103448275862,0.8620689655172413,0.8620689655172413,4.310344827586207,1.7241379310344827,2.586206896551724,28.448275862068968,26.72413793103448,1.7241379310344827,0
E00020511,124,40,24,16,2,2,60,60,0,21,21,0,1,32.25806451612903,19.35483870967742,12.903225806451612,1.6129032258064515,1.6129032258064515,48.38709677419355,48.38709677419355,0,16.93548387096774,16.93548387096774,0,0.8064516129032258
E00020512,115,71,26,45,2,2,11,1,10,31,28,3,0,61.73913043478261,22.608695652173914,39.130434782608695,1.7391304347826086,1.7391304347826086,9.565217391304348,0.8695652173913043,8.695652173913043,26.956521739130434,24.347826086956523,2.608695652173913,0
E00020513,137,108,48,60,0,0,5,3,2,24,20,4,0,78.83211678832117,35.03649635036496,43.79562043795621,0,0,3.64963503649635,2.18978102189781,1.4598540145985401,17.51824817518248,14.5985401459854,2.9197080291970803,0
E00020514,143,89,36,53,1,1,14,9,5,39,36,3,0,62.23776223776224,25.174825174825177,37.06293706293706,0.6993006993006993,0.6993006993006993,9.79020979020979,6.293706293706294,3.4965034965034967,27.27272727272727,25.174825174825177,2.097902097902098,0
E00020515,133,91,39,52,0,0,11,10,1,31,30,1,0,68.42105263157895,29.32330827067669,39.097744360902254,0,0,8.270676691729323,7.518796992481203,0.7518796992481203,23.308270676691727,22.55639097744361,0.7518796992481203,0
E00020516,134,85,47,38,0,0,4,1,3,45,43,2,0,63.43283582089553,35.07462686567165,28.35820895522388,0,0,2.9850746268656714,0.7462686567164178,2.2388059701492535,33.582089552238806,32.08955223880597,1.4925373134328357,0
E00020517,163,100,40,60,0,0,28,27,1,35,30,5,0,61.34969325153374,24.539877300613497,36.809815950920246,0,0,17.177914110429448,16.56441717791411,0.6134969325153374,21.472392638036812,18.404907975460123,3.067484662576687,0
E00020518,149,120,58,62,2,2,4,2,2,23,21,2,0,80.53691275167785,38.92617449664429,41.61073825503356,1.342281879194631,1.342281879194631,2.684563758389262,1.342281879194631,1.342281879194631,15.436241610738255,14.093959731543624,1.342281879194631,0
E00020519,109,86,48,38,2,2,9,5,4,11,10,1,1,78.89908256880734,44.03669724770643,34.862385321100916,1.834862385321101,1.834862385321101,8.256880733944955,4.587155963302752,3.669724770642202,10.091743119266056,9.174311926605505,0.9174311926605505,0.9174311926605505
E00020520,170,82,39,43,1,1,47,42,5,40,37,3,0,48.23529411764706,22.941176470588236,25.294117647058822,0.5882352941176471,0.5882352941176471,27.647058823529413,24.705882352941178,2.941176470588235,23.52941176470588,21.764705882352942,1.7647058823529411,0
E00020521,121,72,30,42,1,1,15,2,13,33,33,0,0,59.50413223140496,24.793388429752067,34.710743801652896,0.8264462809917356,0.8264462809917356,12.396694214876034,1.6528925619834711,10.743801652892563,27.27272727272727,27.27272727272727,0,0
E00020522,124,104,56,48,0,0,9,5,4,11,4,7,0,83.87096774193549,45.16129032258064,38.70967741935484,0,0,7.258064516129033,4.032258064516129,3.225806451612903,8.870967741935484,3.225806451612903,5.64516129032258,0
E00020523,148,87,63,24,0,0,30,25,5,31,28,3,0,58.78378378378378,42.567567567567565,16.216216216216218,0,0,20.27027027027027,16.89189189189189,3.3783783783783785,20.945945945945947,18.91891891891892,2.027027027027027,0
E00020524,180,139,69,70,0,0,11,7,4,30,26,4,0,77.22222222222223,38.333333333333336,38.88888888888889,0,0,6.111111111111111,3.888888888888889,2.2222222222222223,16.666666666666664,14.444444444444443,2.2222222222222223,0
E00020525,111,91,45,46,0,0,6,6,0,14,12,2,0,81.98198198198197,40.54054054054054,41.44144144144144,0,0,5.405405405405405,5.405405405405405,0,12.612612612612612,10.81081081081081,1.8018018018018018,0
E00020526,134,73,28,45,1,1,18,13,5,42,35,7,0,54.47761194029851,20.8955223880597,33.582089552238806,0.7462686567164178,0.7462686567164178,13.432835820895523,9.701492537313433,3.731343283582089,31.343283582089555,26.119402985074625,5.223880597014925,0
E00020527,130,112,49,63,0,0,5,4,1,13,9,4,0,86.15384615384616,37.69230769230769,48.46153846153846,0,0,3.8461538461538463,3.076923076923077,0.7692307692307693,10,6.923076923076923,3.076923076923077,0
E00020528,133,123,74,49,0,0,2,1,1,8,8,0,0,92.4812030075188,55.639097744360896,36.84210526315789,0,0,1.5037593984962405,0.7518796992481203,0.7518796992481203,6.015037593984962,6.015037593984962,0,0
E00020529,140,102,60,42,0,0,9,6,3,29,21,8,0,72.85714285714285,42.857142857142854,30,0,0,6.428571428571428,4.285714285714286,2.142857142857143,20.714285714285715,15,5.714285714285714,0
E00020530,142,95,50,45,1,1,14,1,13,32,29,3,0,66.90140845070422,35.2112676056338,31.690140845070424,0.7042253521126761,0.7042253521126761,9.859154929577464,0.7042253521126761,9.15492957746479,22.535211267605636,20.422535211267608,2.112676056338028,0
E00165808,116,17,5,12,0,0,82,38,44,17,16,1,0,14.655172413793101,4.310344827586207,10.344827586206897,0,0,70.6896551724138,32.758620689655174,37.93103448275862,14.655172413793101,13.793103448275861,0.8620689655172413,0
E00165809,183,37,18,19,4,4,104,26,78,38,34,4,0,20.21857923497268,9.836065573770492,10.382513661202186,2.185792349726776,2.185792349726776,56.830601092896174,14.207650273224044,42.62295081967213,20.76502732240437,18.579234972677597,2.185792349726776,0
E00166629,90,35,18,17,0,0,2,2,0,53,47,6,0,38.88888888888889,20,18.88888888888889,0,0,2.2222222222222223,2.2222222222222223,0,58.88888888888889,52.22222222222223,6.666666666666667,0
E00166630,43,14,8,6,0,0,1,0,1,28,25,3,0,32.55813953488372,18.6046511627907,13.953488372093023,0,0,2.3255813953488373,0,2.3255813953488373,65.11627906976744,58.139534883720934,6.976744186046512,0
E00166632,83,34,20,14,0,0,1,0,1,48,44,4,0,40.963855421686745,24.096385542168676,16.867469879518072,0,0,1.2048192771084338,0,1.2048192771084338,57.831325301204814,53.01204819277109,4.819277108433735,0
E00166633,66,15,6,9,9,9,13,3,10,29,29,0,0,22.727272727272727,9.090909090909092,13.636363636363635,13.636363636363635,13.636363636363635,19.696969696969695,4.545454545454546,15.151515151515152,43.93939393939394,43.93939393939394,0,0
E00166635,88,21,6,15,0,0,1,0,1,66,65,1,0,23.863636363636363,6.8181818181818175,17.045454545454543,0,0,1.1363636363636365,0,1.1363636363636365,75,73.86363636363636,1.1363636363636365,0
E00166638,107,24,4,20,0,0,45,42,3,38,35,3,0,22.429906542056074,3.7383177570093453,18.69158878504673,0,0,42.05607476635514,39.25233644859813,2.803738317757009,35.51401869158878,32.71028037383177,2.803738317757009,0
E00166640,82,29,9,20,0,0,20,6,14,32,28,4,1,35.36585365853659,10.975609756097562,24.390243902439025,0,0,24.390243902439025,7.317073170731707,17.073170731707318,39.02439024390244,34.146341463414636,4.878048780487805,1.2195121951219512
E00166641,110,41,17,24,0,0,1,0,1,68,65,3,0,37.27272727272727,15.454545454545453,21.818181818181817,0,0,0.9090909090909091,0,0.9090909090909091,61.81818181818181,59.09090909090909,2.727272727272727,0
E00167477,115,32,15,17,0,0,0,0,0,83,80,3,0,27.82608695652174,13.043478260869565,14.782608695652174,0,0,0,0,0,72.17391304347827,69.56521739130434,2.608695652173913,0
E00167478,108,31,7,24,4,4,53,42,11,20,17,3,0,28.703703703703702,6.481481481481481,22.22222222222222,3.7037037037037033,3.7037037037037033,49.074074074074076,38.88888888888889,10.185185185185185,18.51851851851852,15.74074074074074,2.7777777777777777,0
E00167479,97,23,9,14,0,0,0,0,0,74,68,6,0,23.711340206185564,9.278350515463918,14.432989690721648,0,0,0,0,0,76.28865979381443,70.10309278350515,6.185567010309279,0
E00167480,160,39,10,29,0,0,19,8,11,102,97,5,0,24.375,6.25,18.125,0,0,11.875,5,6.875000000000001,63.74999999999999,60.62499999999999,3.125,0
E00167481,89,16,5,11,1,1,48,22,26,24,19,5,0,17.97752808988764,5.617977528089887,12.359550561797752,1.1235955056179776,1.1235955056179776,53.93258426966292,24.719101123595504,29.213483146067414,26.96629213483146,21.34831460674157,5.617977528089887,0
E00167482,69,34,13,21,0,0,3,3,0,32,30,2,0,49.275362318840585,18.84057971014493,30.434782608695656,0,0,4.3478260869565215,4.3478260869565215,0,46.3768115942029,43.47826086956522,2.898550724637681,0
E00167483,170,34,11,23,5,5,3,3,0,128,123,5,0,20,6.470588235294119,13.529411764705882,2.941176470588235,2.941176470588235,1.7647058823529411,1.7647058823529411,0,75.29411764705883,72.35294117647058,2.941176470588235,0
E00167485,98,39,22,17,0,0,4,3,1,55,50,5,0,39.795918367346935,22.448979591836736,17.346938775510203,0,0,4.081632653061225,3.061224489795918,1.0204081632653061,56.12244897959183,51.02040816326531,5.1020408163265305,0
E00167487,143,14,10,4,9,9,29,5,24,91,86,5,0,9.79020979020979,6.993006993006993,2.797202797202797,6.293706293706294,6.293706293706294,20.27972027972028,3.4965034965034967,16.783216783216783,63.63636363636363,60.13986013986013,3.4965034965034967,0
E00167488,219,70,12,58,16,16,40,0,40,93,88,5,0,31.963470319634702,5.47945205479452,26.48401826484018,7.30593607305936,7.30593607305936,18.2648401826484,0,18.2648401826484,42.465753424657535,40.182648401826484,2.28310502283105,0
E00167489,138,67,30,37,2,2,1,0,1,68,63,5,0,48.55072463768116,21.73913043478261,26.811594202898554,1.4492753623188406,1.4492753623188406,0.7246376811594203,0,0.7246376811594203,49.275362318840585,45.65217391304348,3.6231884057971016,0
E00167490,204,60,21,39,0,0,28,7,21,116,109,7,0,29.411764705882355,10.294117647058822,19.11764705882353,0,0,13.725490196078432,3.431372549019608,10.294117647058822,56.86274509803921,53.431372549019606,3.431372549019608,0
E00167491,207,61,15,46,21,21,24,0,24,101,97,4,0,29.468599033816425,7.246376811594203,22.22222222222222,10.144927536231885,10.144927536231885,11.594202898550725,0,11.594202898550725,48.792270531400966,46.85990338164252,1.932367149758454,0
E00167492,87,17,5,12,12,12,32,31,1,25,23,2,1,19.54022988505747,5.747126436781609,13.793103448275861,13.793103448275861,13.793103448275861,36.7816091954023,35.63218390804598,1.1494252873563218,28.735632183908045,26.436781609195403,2.2988505747126435,1.1494252873563218
E00167494,115,23,13,10,0,0,39,39,0,53,44,9,0,20,11.304347826086957,8.695652173913043,0,0,33.91304347826087,33.91304347826087,0,46.08695652173913,38.26086956521739,7.82608695652174,0
E00167496,60,22,9,13,0,0,2,1,1,36,31,5,0,36.666666666666664,15,21.666666666666668,0,0,3.3333333333333335,1.6666666666666667,1.6666666666666667,60,51.66666666666667,8.333333333333332,0
E00167497,178,53,18,35,4,4,15,0,15,106,96,10,0,29.775280898876407,10.112359550561797,19.662921348314608,2.247191011235955,2.247191011235955,8.426966292134832,0,8.426966292134832,59.55056179775281,53.93258426966292,5.617977528089887,0
E00167502,70,14,4,10,19,19,15,13,2,22,20,2,0,20,5.714285714285714,14.285714285714285,27.142857142857142,27.142857142857142,21.428571428571427,18.571428571428573,2.857142857142857,31.428571428571427,28.57142857142857,2.857142857142857,0
E00167503,71,2,1,1,1,1,64,9,55,4,4,0,0,2.8169014084507045,1.4084507042253522,1.4084507042253522,1.4084507042253522,1.4084507042253522,90.14084507042254,12.676056338028168,77.46478873239437,5.633802816901409,5.633802816901409,0,0
E00167505,82,37,7,30,3,3,8,2,6,34,33,1,0,45.1219512195122,8.536585365853659,36.58536585365854,3.6585365853658534,3.6585365853658534,9.75609756097561,2.4390243902439024,7.317073170731707,41.46341463414634,40.243902439024396,1.2195121951219512,0
E00167506,88,40,8,32,0,0,8,1,7,40,38,2,0,45.45454545454545,9.090909090909092,36.36363636363637,0,0,9.090909090909092,1.1363636363636365,7.954545454545454,45.45454545454545,43.18181818181818,2.272727272727273,0
E00167508,109,34,13,21,1,1,19,12,7,55,44,11,0,31.19266055045872,11.926605504587156,19.26605504587156,0.9174311926605505,0.9174311926605505,17.431192660550458,11.009174311926607,6.422018348623854,50.45871559633027,40.36697247706422,10.091743119266056,0
E00167510,86,32,6,26,0,0,20,9,11,34,28,6,0,37.2093023255814,6.976744186046512,30.23255813953488,0,0,23.25581395348837,10.465116279069768,12.790697674418606,39.53488372093023,32.55813953488372,6.976744186046512,0
E00167511,96,11,1,10,0,0,76,50,26,9,8,1,0,11.458333333333332,1.0416666666666665,10.416666666666668,0,0,79.16666666666666,52.083333333333336,27.083333333333332,9.375,8.333333333333332,1.0416666666666665,0
E00167513,122,31,6,25,11,11,30,3,27,50,48,2,0,25.40983606557377,4.918032786885246,20.491803278688526,9.01639344262295,9.01639344262295,24.59016393442623,2.459016393442623,22.131147540983605,40.98360655737705,39.34426229508197,1.639344262295082,0
E00167514,70,30,18,12,0,0,14,10,4,26,19,7,0,42.857142857142854,25.71428571428571,17.142857142857142,0,0,20,14.285714285714285,5.714285714285714,37.142857142857146,27.142857142857142,10,0
E00167516,94,16,3,13,0,0,47,3,44,31,31,0,0,17.02127659574468,3.1914893617021276,13.829787234042554,0,0,50,3.1914893617021276,46.808510638297875,32.97872340425532,32.97872340425532,0,0
E00167517,86,16,1,15,0,0,50,0,50,20,20,0,0,18.6046511627907,1.1627906976744187,17.441860465116278,0,0,58.139534883720934,0,58.139534883720934,23.25581395348837,23.25581395348837,0,0
E00167519,111,43,22,21,0,0,1,0,1,67,62,5,0,38.73873873873874,19.81981981981982,18.91891891891892,0,0,0.9009009009009009,0,0.9009009009009009,60.36036036036037,55.85585585585585,4.504504504504505,0
E00167678,96,27,11,16,0,0,2,1,1,67,64,3,0,28.125,11.458333333333332,16.666666666666664,0,0,2.083333333333333,1.0416666666666665,1.0416666666666665,69.79166666666666,66.66666666666666,3.125,0
E00167679,103,38,14,24,0,0,2,0,2,63,59,4,0,36.89320388349515,13.592233009708737,23.300970873786408,0,0,1.9417475728155338,0,1.9417475728155338,61.165048543689316,57.28155339805825,3.8834951456310676,0
E00167681,74,32,13,19,0,0,0,0,0,42,41,1,0,43.24324324324324,17.56756756756757,25.675675675675674,0,0,0,0,0,56.75675675675676,55.4054054054054,1.3513513513513513,0
E00167682,131,47,13,34,3,3,4,2,2,77,71,6,0,35.87786259541985,9.923664122137405,25.954198473282442,2.2900763358778624,2.2900763358778624,3.0534351145038165,1.5267175572519083,1.5267175572519083,58.778625954198475,54.19847328244275,4.580152671755725,0
E00167684,121,24,11,13,0,0,71,70,1,24,22,2,2,19.834710743801654,9.090909090909092,10.743801652892563,0,0,58.67768595041323,57.85123966942148,0.8264462809917356,19.834710743801654,18.181818181818183,1.6528925619834711,1.6528925619834711
E00167685,140,3,2,1,0,0,100,3,97,37,35,2,0,2.142857142857143,1.4285714285714286,0.7142857142857143,0,0,71.42857142857143,2.142857142857143,69.28571428571428,26.42857142857143,25,1.4285714285714286,0
E00167687,126,75,31,44,0,0,5,3,2,46,46,0,0,59.523809523809526,24.6031746031746,34.92063492063492,0,0,3.968253968253968,2.380952380952381,1.5873015873015872,36.507936507936506,36.507936507936506,0,0
E00167688,71,33,10,23,1,1,0,0,0,37,33,4,0,46.478873239436616,14.084507042253522,32.3943661971831,1.4084507042253522,1.4084507042253522,0,0,0,52.112676056338024,46.478873239436616,5.633802816901409,0
E00167751,104,15,2,13,1,1,3,2,1,85,79,6,0,14.423076923076922,1.9230769230769231,12.5,0.9615384615384616,0.9615384615384616,2.8846153846153846,1.9230769230769231,0.9615384615384616,81.73076923076923,75.96153846153845,5.769230769230769,0
E00167752,91,16,7,9,0,0,67,39,28,8,8,0,0,17.582417582417584,7.6923076923076925,9.89010989010989,0,0,73.62637362637363,42.857142857142854,30.76923076923077,8.791208791208792,8.791208791208792,0,0
E00167754,97,22,6,16,0,0,46,1,45,29,22,7,0,22.68041237113402,6.185567010309279,16.49484536082474,0,0,47.42268041237113,1.0309278350515463,46.391752577319586,29.896907216494846,22.68041237113402,7.216494845360824,0
E00167755,126,20,13,7,0,0,93,74,19,13,12,1,0,15.873015873015872,10.317460317460316,5.555555555555555,0,0,73.80952380952381,58.730158730158735,15.079365079365079,10.317460317460316,9.523809523809524,0.7936507936507936,0
E00167758,105,22,15,7,0,0,59,56,3,24,21,3,0,20.952380952380953,14.285714285714285,6.666666666666667,0,0,56.19047619047619,53.333333333333336,2.857142857142857,22.857142857142858,20,2.857142857142857,0
E00167762,130,41,12,29,0,0,31,25,6,58,54,4,0,31.538461538461537,9.230769230769232,22.30769230769231,0,0,23.846153846153847,19.230769230769234,4.615384615384616,44.61538461538462,41.53846153846154,3.076923076923077,0
E00167765,121,13,2,11,0,0,95,25,70,13,10,3,0,10.743801652892563,1.6528925619834711,9.090909090909092,0,0,78.51239669421489,20.66115702479339,57.85123966942148,10.743801652892563,8.264462809917356,2.479338842975207,0
E00167766,122,30,15,15,2,2,68,55,13,22,22,0,0,24.59016393442623,12.295081967213115,12.295081967213115,1.639344262295082,1.639344262295082,55.73770491803278,45.08196721311475,10.655737704918032,18.0327868852459,18.0327868852459,0,0
E00167975,229,79,13,66,7,7,70,45,25,73,57,16,0,34.49781659388647,5.676855895196507,28.82096069868996,3.056768558951965,3.056768558951965,30.567685589519648,19.65065502183406,10.91703056768559,31.877729257641924,24.890829694323145,6.986899563318777,0
E00167976,143,97,35,62,2,2,15,1,14,29,24,5,0,67.83216783216784,24.475524475524477,43.35664335664335,1.3986013986013985,1.3986013986013985,10.48951048951049,0.6993006993006993,9.79020979020979,20.27972027972028,16.783216783216783,3.4965034965034967,0
E00167978,66,31,6,25,5,5,3,3,0,27,27,0,0,46.96969696969697,9.090909090909092,37.878787878787875,7.575757575757576,7.575757575757576,4.545454545454546,4.545454545454546,0,40.909090909090914,40.909090909090914,0,0
E00167982,104,49,28,21,0,0,1,0,1,54,50,4,0,47.11538461538461,26.923076923076923,20.192307692307693,0,0,0.9615384615384616,0,0.9615384615384616,51.92307692307693,48.07692307692308,3.8461538461538463,0
E00167984,191,93,11,82,1,1,51,7,44,46,44,2,0,48.69109947643979,5.7591623036649215,42.93193717277487,0.5235602094240838,0.5235602094240838,26.701570680628272,3.664921465968586,23.036649214659686,24.083769633507853,23.036649214659686,1.0471204188481675,0
E00167987,250,79,18,61,15,15,33,5,28,123,119,4,0,31.6,7.199999999999999,24.4,6,6,13.200000000000001,2,11.200000000000001,49.2,47.599999999999994,1.6,0
E00167989,154,22,1,21,21,21,71,2,69,40,38,2,0,14.285714285714285,0.6493506493506493,13.636363636363635,13.636363636363635,13.636363636363635,46.103896103896105,1.2987012987012987,44.8051948051948,25.97402597402597,24.675324675324674,1.2987012987012987,0
E00167990,142,23,5,18,40,40,51,1,50,28,27,1,0,16.19718309859155,3.5211267605633805,12.676056338028168,28.169014084507044,28.169014084507044,35.91549295774648,0.7042253521126761,35.2112676056338,19.718309859154928,19.014084507042252,0.7042253521126761,0
E00167993,113,22,4,18,53,53,11,3,8,27,24,3,0,19.469026548672566,3.5398230088495577,15.929203539823009,46.902654867256636,46.902654867256636,9.734513274336283,2.6548672566371683,7.079646017699115,23.893805309734514,21.238938053097346,2.6548672566371683,0
E00167995,229,113,41,72,14,14,0,0,0,102,92,10,0,49.34497816593886,17.903930131004365,31.4410480349345,6.11353711790393,6.11353711790393,0,0,0,44.54148471615721,40.174672489082965,4.366812227074235,0
E00167996,142,54,21,33,0,0,38,8,30,50,44,6,0,38.028169014084504,14.788732394366196,23.239436619718308,0,0,26.76056338028169,5.633802816901409,21.12676056338028,35.2112676056338,30.985915492957744,4.225352112676056,0
E00167998,404,11,3,8,64,64,175,110,65,153,144,9,1,2.722772277227723,0.7425742574257426,1.9801980198019802,15.841584158415841,15.841584158415841,43.31683168316832,27.22772277227723,16.08910891089109,37.87128712871287,35.64356435643564,2.2277227722772275,0.24752475247524752
E00167999,109,10,6,4,0,0,81,58,23,17,16,1,1,9.174311926605505,5.5045871559633035,3.669724770642202,0,0,74.31192660550458,53.21100917431193,21.100917431192663,15.59633027522936,14.678899082568808,0.9174311926605505,0.9174311926605505
E00168003,110,7,1,6,14,14,86,11,75,3,3,0,0,6.363636363636363,0.9090909090909091,5.454545454545454,12.727272727272727,12.727272727272727,78.18181818181819,10,68.18181818181817,2.727272727272727,2.727272727272727,0,0
E00168004,93,5,1,4,0,0,63,7,56,25,25,0,0,5.376344086021505,1.0752688172043012,4.301075268817205,0,0,67.74193548387096,7.526881720430108,60.215053763440864,26.881720430107524,26.881720430107524,0,0
E00168006,144,19,11,8,0,0,89,67,22,36,32,4,0,13.194444444444445,7.638888888888889,5.555555555555555,0,0,61.80555555555556,46.52777777777778,15.277777777777779,25,22.22222222222222,2.7777777777777777,0
E00168007,226,34,11,23,22,22,107,5,102,63,56,7,0,15.04424778761062,4.867256637168142,10.176991150442479,9.734513274336283,9.734513274336283,47.34513274336283,2.2123893805309733,45.13274336283185,27.876106194690266,24.778761061946902,3.0973451327433628,0
E00168009,143,33,6,27,1,1,84,55,29,23,21,2,2,23.076923076923077,4.195804195804196,18.88111888111888,0.6993006993006993,0.6993006993006993,58.74125874125874,38.46153846153847,20.27972027972028,16.083916083916083,14.685314685314685,1.3986013986013985,1.3986013986013985
E00168013,72,19,10,9,0,0,7,4,3,46,46,0,0,26.38888888888889,13.88888888888889,12.5,0,0,9.722222222222223,5.555555555555555,4.166666666666666,63.888888888888886,63.888888888888886,0,0
E00168017,112,15,2,13,0,0,81,41,40,15,15,0,1,13.392857142857142,1.7857142857142856,11.607142857142858,0,0,72.32142857142857,36.607142857142854,35.714285714285715,13.392857142857142,13.392857142857142,0,0.8928571428571428
E00168018,91,12,4,8,10,10,61,41,20,8,6,2,0,13.186813186813188,4.395604395604396,8.791208791208792,10.989010989010989,10.989010989010989,67.03296703296702,45.05494505494506,21.978021978021978,8.791208791208792,6.593406593406594,2.197802197802198,0
E00168020,44,12,5,7,0,0,23,17,6,9,9,0,0,27.27272727272727,11.363636363636363,15.909090909090908,0,0,52.27272727272727,38.63636363636363,13.636363636363635,20.454545454545457,20.454545454545457,0,0
E00168021,83,5,2,3,0,0,60,1,59,18,14,4,0,6.024096385542169,2.4096385542168677,3.614457831325301,0,0,72.28915662650603,1.2048192771084338,71.08433734939759,21.686746987951807,16.867469879518072,4.819277108433735,0
E00168023,123,47,13,34,0,0,23,3,20,53,47,6,0,38.21138211382114,10.569105691056912,27.64227642276423,0,0,18.69918699186992,2.4390243902439024,16.260162601626014,43.08943089430895,38.21138211382114,4.878048780487805,0
E00168024,101,16,2,14,10,10,55,6,49,20,18,2,0,15.841584158415841,1.9801980198019802,13.861386138613863,9.900990099009901,9.900990099009901,54.45544554455446,5.9405940594059405,48.51485148514851,19.801980198019802,17.82178217821782,1.9801980198019802,0
E00168026,104,47,17,30,0,0,1,1,0,56,51,5,0,45.19230769230769,16.346153846153847,28.846153846153843,0,0,0.9615384615384616,0.9615384615384616,0,53.84615384615385,49.03846153846153,4.807692307692308,0
E00168027,120,30,9,21,16,16,2,1,1,72,69,3,0,25,7.5,17.5,13.333333333333334,13.333333333333334,1.6666666666666667,0.8333333333333334,0.8333333333333334,60,57.49999999999999,2.5,0
E00168029,141,51,19,32,6,6,2,1,1,82,77,5,0,36.17021276595745,13.47517730496454,22.69503546099291,4.25531914893617,4.25531914893617,1.4184397163120568,0.7092198581560284,0.7092198581560284,58.156028368794324,54.60992907801418,3.546099290780142,0
E00168080,83,30,10,20,1,1,6,5,1,46,41,5,0,36.144578313253014,12.048192771084338,24.096385542168676,1.2048192771084338,1.2048192771084338,7.228915662650602,6.024096385542169,1.2048192771084338,55.42168674698795,49.39759036144578,6.024096385542169,0
E00168082,68,19,7,12,12,12,2,1,1,35,34,1,0,27.941176470588236,10.294117647058822,17.647058823529413,17.647058823529413,17.647058823529413,2.941176470588235,1.4705882352941175,1.4705882352941175,51.470588235294116,50,1.4705882352941175,0
E00177481,347,107,36,71,3,3,3,1,2,234,218,16,0,30.835734870317005,10.37463976945245,20.461095100864554,0.8645533141210375,0.8645533141210375,0.8645533141210375,0.2881844380403458,0.57636887608069165,67.43515850144092,62.824207492795395,4.610951008645533,0
E00177487,148,28,5,23,1,1,65,47,18,54,53,1,0,18.91891891891892,3.3783783783783785,15.54054054054054,0.6756756756756757,0.6756756756756757,43.91891891891892,31.756756756756754,12.162162162162163,36.486486486486484,35.810810810810814,0.6756756756756757,0
E00177488,129,14,3,11,0,0,51,47,4,64,46,18,0,10.852713178294573,2.3255813953488373,8.527131782945736,0,0,39.53488372093023,36.434108527131784,3.10077519379845,49.6124031007752,35.65891472868217,13.953488372093023,0
E00177490,58,9,4,5,0,0,31,30,1,18,18,0,0,15.517241379310345,6.896551724137931,8.620689655172415,0,0,53.44827586206896,51.724137931034484,1.7241379310344827,31.03448275862069,31.03448275862069,0,0
E00177491,99,3,1,2,0,0,90,86,4,6,3,3,0,3.0303030303030303,1.0101010101010102,2.0202020202020203,0,0,90.9090909090909,86.86868686868688,4.040404040404041,6.0606060606060606,3.0303030303030303,3.0303030303030303,0
E00177492,206,18,7,11,2,2,156,139,17,30,29,1,0,8.737864077669903,3.3980582524271843,5.339805825242718,0.9708737864077669,0.9708737864077669,75.72815533980582,67.47572815533981,8.25242718446602,14.563106796116504,14.077669902912621,0.48543689320388345,0
E00177493,128,68,26,42,0,0,22,15,7,38,34,4,0,53.125,20.3125,32.8125,0,0,17.1875,11.71875,5.46875,29.6875,26.5625,3.125,0
E00177497,153,38,16,22,5,5,70,67,3,39,36,3,1,24.836601307189543,10.457516339869281,14.37908496732026,3.2679738562091507,3.2679738562091507,45.751633986928105,43.790849673202615,1.9607843137254901,25.49019607843137,23.52941176470588,1.9607843137254901,0.6535947712418301
E00177498,129,26,11,15,2,2,80,60,20,20,20,0,1,20.155038759689923,8.527131782945736,11.627906976744185,1.550387596899225,1.550387596899225,62.01550387596899,46.51162790697674,15.503875968992247,15.503875968992247,15.503875968992247,0,0.7751937984496124
E00177499,154,28,12,16,2,2,95,94,1,29,29,0,0,18.181818181818183,7.792207792207792,10.38961038961039,1.2987012987012987,1.2987012987012987,61.68831168831169,61.038961038961034,0.6493506493506493,18.83116883116883,18.83116883116883,0,0
E00177500,182,30,11,19,9,9,100,98,2,43,38,5,0,16.483516483516482,6.043956043956044,10.43956043956044,4.945054945054945,4.945054945054945,54.94505494505495,53.84615384615385,1.098901098901099,23.626373626373624,20.87912087912088,2.7472527472527473,0
E00177506,126,28,9,19,19,19,20,3,17,59,56,3,0,22.22222222222222,7.142857142857142,15.079365079365079,15.079365079365079,15.079365079365079,15.873015873015872,2.380952380952381,13.492063492063492,46.82539682539682,44.44444444444444,2.380952380952381,0
E00177507,72,14,4,10,0,0,34,28,6,24,24,0,0,19.444444444444446,5.555555555555555,13.88888888888889,0,0,47.22222222222222,38.88888888888889,8.333333333333332,33.33333333333333,33.33333333333333,0,0
E00177508,81,39,3,36,33,33,8,7,1,1,1,0,0,48.148148148148145,3.7037037037037033,44.44444444444444,40.74074074074074,40.74074074074074,9.876543209876543,8.641975308641975,1.2345679012345678,1.2345679012345678,1.2345679012345678,0,0
E00177510,247,5,2,3,0,0,55,2,53,187,185,2,0,2.0242914979757085,0.8097165991902834,1.214574898785425,0,0,22.267206477732792,0.8097165991902834,21.45748987854251,75.7085020242915,74.89878542510121,0.8097165991902834,0
E00177512,85,3,2,1,0,0,17,1,16,65,64,1,0,3.5294117647058822,2.3529411764705883,1.1764705882352942,0,0,20,1.1764705882352942,18.823529411764707,76.47058823529412,75.29411764705883,1.1764705882352942,0
E00177513,82,3,1,2,43,43,31,3,28,5,3,2,0,3.6585365853658534,1.2195121951219512,2.4390243902439024,52.4390243902439,52.4390243902439,37.80487804878049,3.6585365853658534,34.146341463414636,6.097560975609756,3.6585365853658534,2.4390243902439024,0
E00177517,232,61,21,40,47,47,52,0,52,72,65,7,0,26.29310344827586,9.051724137931034,17.24137931034483,20.25862068965517,20.25862068965517,22.413793103448278,0,22.413793103448278,31.03448275862069,28.01724137931034,3.0172413793103448,0
E00177519,146,64,25,39,0,0,11,1,10,71,70,1,0,43.83561643835616,17.123287671232877,26.71232876712329,0,0,7.534246575342466,0.684931506849315,6.8493150684931505,48.63013698630137,47.94520547945205,0.684931506849315,0
E00177520,61,16,5,11,4,4,3,2,1,38,36,2,0,26.229508196721312,8.19672131147541,18.0327868852459,6.557377049180328,6.557377049180328,4.918032786885246,3.278688524590164,1.639344262295082,62.295081967213115,59.01639344262295,3.278688524590164,0
E00177521,347,80,22,58,57,57,7,3,4,203,192,11,0,23.054755043227665,6.340057636887608,16.714697406340058,16.42651296829971,16.42651296829971,2.0172910662824206,0.8645533141210375,1.1527377521613833,58.501440922190206,55.3314121037464,3.170028818443804,0
E00177523,129,8,3,5,2,2,108,71,37,9,9,0,2,6.2015503875969,2.3255813953488373,3.875968992248062,1.550387596899225,1.550387596899225,83.72093023255815,55.03875968992248,28.68217054263566,6.976744186046512,6.976744186046512,0,1.550387596899225
E00177524,177,39,16,23,1,1,96,75,21,38,36,2,3,22.033898305084744,9.03954802259887,12.994350282485875,0.5649717514124294,0.5649717514124294,54.23728813559322,42.3728813559322,11.864406779661017,21.468926553672315,20.33898305084746,1.1299435028248588,1.694915254237288
E00177526,139,63,19,44,0,0,17,1,16,59,58,1,0,45.32374100719424,13.66906474820144,31.654676258992804,0,0,12.23021582733813,0.7194244604316548,11.510791366906476,42.44604316546763,41.726618705035975,0.7194244604316548,0
E00177527,128,55,0,55,38,38,17,3,14,18,16,2,0,42.96875,0,42.96875,29.6875,29.6875,13.28125,2.34375,10.9375,14.0625,12.5,1.5625,0
E00177528,89,10,2,8,1,1,27,6,21,51,51,0,0,11.235955056179774,2.247191011235955,8.98876404494382,1.1235955056179776,1.1235955056179776,30.337078651685395,6.741573033707865,23.595505617977526,57.30337078651685,57.30337078651685,0,0
E00177531,118,38,19,19,0,0,11,4,7,68,63,5,1,32.20338983050847,16.101694915254235,16.101694915254235,0,0,9.322033898305085,3.389830508474576,5.932203389830509,57.6271186440678,53.38983050847458,4.23728813559322,0.847457627118644
E00177532,250,69,38,31,8,8,45,8,37,128,111,17,0,27.6,15.2,12.4,3.2,3.2,18,3.2,14.799999999999999,51.2,44.4,6.800000000000001,0
E00177535,149,20,8,12,0,0,2,1,1,127,119,8,0,13.422818791946309,5.369127516778524,8.053691275167784,0,0,1.342281879194631,0.6711409395973155,0.6711409395973155,85.23489932885906,79.86577181208054,5.369127516778524,0
E00177537,65,5,1,4,48,48,10,5,5,2,2,0,0,7.6923076923076925,1.5384615384615385,6.153846153846154,73.84615384615385,73.84615384615385,15.384615384615385,7.6923076923076925,7.6923076923076925,3.076923076923077,3.076923076923077,0,0
E00177538,69,26,11,15,1,1,29,22,7,13,13,0,0,37.68115942028986,15.942028985507244,21.73913043478261,1.4492753623188406,1.4492753623188406,42.028985507246375,31.88405797101449,10.144927536231885,18.84057971014493,18.84057971014493,0,0
E00177539,223,37,20,17,1,1,73,56,17,112,107,5,0,16.591928251121075,8.968609865470851,7.623318385650224,0.4484304932735426,0.4484304932735426,32.73542600896861,25.112107623318387,7.623318385650224,50.224215246636774,47.98206278026906,2.242152466367713,0
E00177540,73,8,0,8,0,0,53,37,16,12,11,1,0,10.95890410958904,0,10.95890410958904,0,0,72.6027397260274,50.68493150684932,21.91780821917808,16.43835616438356,15.068493150684931,1.36986301369863,0
E00177542,102,37,10,27,6,6,13,2,11,46,41,5,0,36.27450980392157,9.803921568627452,26.47058823529412,5.88235294117647,5.88235294117647,12.745098039215685,1.9607843137254901,10.784313725490197,45.09803921568628,40.19607843137255,4.901960784313726,0
E00177543,191,11,5,6,38,38,129,28,101,13,7,6,0,5.7591623036649215,2.6178010471204187,3.1413612565445024,19.895287958115183,19.895287958115183,67.5392670157068,14.659685863874344,52.879581151832454,6.806282722513089,3.664921465968586,3.1413612565445024,0
E00177544,96,61,7,54,3,3,21,17,4,11,6,5,0,63.541666666666664,7.291666666666667,56.25,3.125,3.125,21.875,17.708333333333336,4.166666666666666,11.458333333333332,6.25,5.208333333333334,0
E00177545,140,5,4,1,1,1,130,111,19,4,1,3,0,3.571428571428571,2.857142857142857,0.7142857142857143,0.7142857142857143,0.7142857142857143,92.85714285714286,79.28571428571428,13.571428571428571,2.857142857142857,0.7142857142857143,2.142857142857143,0
E00177546,133,93,8,85,17,17,2,2,0,21,15,6,0,69.92481203007519,6.015037593984962,63.90977443609023,12.781954887218044,12.781954887218044,1.5037593984962405,1.5037593984962405,0,15.789473684210526,11.278195488721805,4.511278195488721,0
E00177548,58,24,10,14,1,1,5,4,1,28,24,4,0,41.37931034482759,17.24137931034483,24.137931034482758,1.7241379310344827,1.7241379310344827,8.620689655172415,6.896551724137931,1.7241379310344827,48.275862068965516,41.37931034482759,6.896551724137931,0
E00177549,67,21,11,10,26,26,8,0,8,12,11,1,0,31.343283582089555,16.417910447761194,14.925373134328357,38.80597014925373,38.80597014925373,11.940298507462686,0,11.940298507462686,17.91044776119403,16.417910447761194,1.4925373134328357,0
E00177550,242,72,34,38,3,3,97,77,20,70,66,4,0,29.75206611570248,14.049586776859504,15.702479338842975,1.2396694214876034,1.2396694214876034,40.082644628099175,31.818181818181817,8.264462809917356,28.92561983471074,27.27272727272727,1.6528925619834711,0
E00177551,172,27,10,17,4,4,92,33,59,49,43,6,0,15.69767441860465,5.813953488372093,9.883720930232558,2.3255813953488373,2.3255813953488373,53.48837209302325,19.186046511627907,34.30232558139535,28.488372093023255,25,3.488372093023256,0
E00177553,54,7,4,3,0,0,12,11,1,35,35,0,0,12.962962962962962,7.4074074074074066,5.555555555555555,0,0,22.22222222222222,20.37037037037037,1.8518518518518516,64.81481481481481,64.81481481481481,0,0
E00177554,83,41,6,35,12,12,7,2,5,23,20,3,0,49.39759036144578,7.228915662650602,42.168674698795186,14.457831325301203,14.457831325301203,8.433734939759036,2.4096385542168677,6.024096385542169,27.710843373493976,24.096385542168676,3.614457831325301,0
E00177558,101,27,20,7,0,0,8,7,1,66,61,5,0,26.732673267326735,19.801980198019802,6.9306930693069315,0,0,7.920792079207921,6.9306930693069315,0.9900990099009901,65.34653465346535,60.396039603960396,4.9504950495049505,0
E00177559,118,63,4,59,24,24,11,1,10,20,19,1,0,53.38983050847458,3.389830508474576,50,20.33898305084746,20.33898305084746,9.322033898305085,0.847457627118644,8.47457627118644,16.94915254237288,16.101694915254235,0.847457627118644,0
E00177560,189,22,7,15,20,20,94,28,66,53,50,3,0,11.64021164021164,3.7037037037037033,7.936507936507936,10.582010582010582,10.582010582010582,49.735449735449734,14.814814814814813,34.92063492063492,28.04232804232804,26.455026455026452,1.5873015873015872,0
E00177561,91,6,1,5,8,8,53,46,7,24,20,4,0,6.593406593406594,1.098901098901099,5.4945054945054945,8.791208791208792,8.791208791208792,58.24175824175825,50.54945054945055,7.6923076923076925,26.373626373626376,21.978021978021978,4.395604395604396,0
E00177566,76,8,3,5,13,13,3,0,3,52,50,2,0,10.526315789473683,3.9473684210526314,6.578947368421052,17.105263157894736,17.105263157894736,3.9473684210526314,0,3.9473684210526314,68.42105263157895,65.78947368421053,2.631578947368421,0
E00177567,89,38,11,27,0,0,28,26,2,23,22,1,0,42.69662921348314,12.359550561797752,30.337078651685395,0,0,31.46067415730337,29.213483146067414,2.247191011235955,25.842696629213485,24.719101123595504,1.1235955056179776,0
E00177568,150,37,20,17,14,14,16,1,15,83,68,15,0,24.666666666666668,13.333333333333334,11.333333333333332,9.333333333333334,9.333333333333334,10.666666666666668,0.6666666666666667,10,55.333333333333336,45.33333333333333,10,0
E00177570,79,33,11,22,10,10,5,0,5,31,28,3,0,41.77215189873418,13.924050632911392,27.848101265822784,12.658227848101266,12.658227848101266,6.329113924050633,0,6.329113924050633,39.24050632911392,35.44303797468354,3.79746835443038,0
E00177571,116,25,5,20,54,54,17,2,15,20,16,4,0,21.551724137931032,4.310344827586207,17.24137931034483,46.55172413793103,46.55172413793103,14.655172413793101,1.7241379310344827,12.931034482758621,17.24137931034483,13.793103448275861,3.4482758620689653,0
E00177574,135,12,3,9,2,2,18,12,6,102,98,4,1,8.88888888888889,2.2222222222222223,6.666666666666667,1.4814814814814816,1.4814814814814816,13.333333333333334,8.88888888888889,4.444444444444445,75.55555555555556,72.5925925925926,2.9629629629629632,0.7407407407407408
E00177575,187,61,19,42,3,3,44,33,11,79,78,1,0,32.62032085561498,10.16042780748663,22.459893048128343,1.6042780748663104,1.6042780748663104,23.52941176470588,17.647058823529413,5.88235294117647,42.24598930481284,41.711229946524064,0.53475935828877,0
E00177576,52,11,0,11,0,0,30,28,2,11,9,2,0,21.153846153846153,0,21.153846153846153,0,0,57.692307692307686,53.84615384615385,3.8461538461538463,21.153846153846153,17.307692307692307,3.8461538461538463,0
E00177578,82,11,3,8,8,8,48,1,47,15,14,1,0,13.414634146341465,3.6585365853658534,9.75609756097561,9.75609756097561,9.75609756097561,58.536585365853654,1.2195121951219512,57.3170731707317,18.29268292682927,17.073170731707318,1.2195121951219512,0
E00177579,63,0,0,0,1,1,51,3,48,11,8,3,0,0,0,0,1.5873015873015872,1.5873015873015872,80.95238095238095,4.761904761904762,76.19047619047619,17.46031746031746,12.698412698412698,4.761904761904762,0
E00177580,251,56,30,26,15,15,76,6,70,104,94,10,0,22.31075697211155,11.952191235059761,10.358565737051793,5.9760956175298805,5.9760956175298805,30.278884462151396,2.3904382470119523,27.88844621513944,41.43426294820717,37.45019920318725,3.9840637450199203,0
E00177581,95,14,6,8,3,3,8,3,5,70,66,4,0,14.736842105263156,6.315789473684211,8.421052631578947,3.1578947368421053,3.1578947368421053,8.421052631578947,3.1578947368421053,5.263157894736842,73.68421052631578,69.47368421052632,4.2105263157894735,0
E00177583,102,49,19,30,0,0,1,0,1,52,45,7,0,48.03921568627451,18.627450980392158,29.411764705882355,0,0,0.9803921568627451,0,0.9803921568627451,50.98039215686274,44.11764705882353,6.862745098039216,0
E00177584,122,58,20,38,2,2,17,5,12,45,44,1,0,47.540983606557376,16.39344262295082,31.147540983606557,1.639344262295082,1.639344262295082,13.934426229508196,4.098360655737705,9.836065573770492,36.885245901639344,36.0655737704918,0.819672131147541,0
E00177586,196,3,0,3,7,7,163,7,156,23,20,3,0,1.530612244897959,0,1.530612244897959,3.571428571428571,3.571428571428571,83.16326530612244,3.571428571428571,79.59183673469387,11.73469387755102,10.204081632653061,1.530612244897959,0
E00177588,255,64,25,39,53,53,7,0,7,131,126,5,0,25.098039215686274,9.803921568627452,15.294117647058824,20.784313725490197,20.784313725490197,2.7450980392156863,0,2.7450980392156863,51.37254901960784,49.411764705882355,1.9607843137254901,0
E00177589,109,8,1,7,1,1,76,46,30,24,22,2,0,7.339449541284404,0.9174311926605505,6.422018348623854,0.9174311926605505,0.9174311926605505,69.72477064220183,42.201834862385326,27.522935779816514,22.018348623853214,20.18348623853211,1.834862385321101,0
E00177590,101,9,0,9,0,0,88,34,54,4,3,1,0,8.91089108910891,0,8.91089108910891,0,0,87.12871287128714,33.663366336633665,53.46534653465347,3.9603960396039604,2.9702970297029703,0.9900990099009901,0
E00177593,67,18,10,8,0,0,6,3,3,43,41,2,0,26.865671641791046,14.925373134328357,11.940298507462686,0,0,8.955223880597014,4.477611940298507,4.477611940298507,64.17910447761194,61.19402985074627,2.9850746268656714,0
E00177594,201,81,11,70,9,9,12,3,9,99,96,3,0,40.298507462686565,5.472636815920398,34.82587064676617,4.477611940298507,4.477611940298507,5.970149253731343,1.4925373134328357,4.477611940298507,49.25373134328358,47.76119402985074,1.4925373134328357,0
E00177595,128,42,10,32,24,24,28,7,21,34,31,3,0,32.8125,7.8125,25,18.75,18.75,21.875,5.46875,16.40625,26.5625,24.21875,2.34375,0
E00177597,194,74,52,22,1,1,1,0,1,118,111,7,0,38.144329896907216,26.804123711340207,11.34020618556701,0.5154639175257731,0.5154639175257731,0.5154639175257731,0,0.5154639175257731,60.824742268041234,57.21649484536082,3.608247422680412,0
E00177598,172,30,6,24,0,0,80,72,8,59,56,3,3,17.441860465116278,3.488372093023256,13.953488372093023,0,0,46.51162790697674,41.86046511627907,4.651162790697675,34.30232558139535,32.55813953488372,1.744186046511628,1.744186046511628
E00177600,121,39,10,29,45,45,14,1,13,23,22,1,0,32.231404958677686,8.264462809917356,23.96694214876033,37.1900826446281,37.1900826446281,11.570247933884298,0.8264462809917356,10.743801652892563,19.00826446280992,18.181818181818183,0.8264462809917356,0
E00177602,87,7,0,7,43,43,14,0,14,23,20,3,0,8.045977011494253,0,8.045977011494253,49.42528735632184,49.42528735632184,16.091954022988507,0,16.091954022988507,26.436781609195403,22.988505747126435,3.4482758620689653,0
E00177603,90,5,0,5,3,3,13,8,5,68,61,7,1,5.555555555555555,0,5.555555555555555,3.3333333333333335,3.3333333333333335,14.444444444444443,8.88888888888889,5.555555555555555,75.55555555555556,67.77777777777779,7.777777777777778,1.1111111111111112
E00177604,106,11,4,7,19,19,7,4,3,69,65,4,0,10.377358490566039,3.7735849056603774,6.60377358490566,17.92452830188679,17.92452830188679,6.60377358490566,3.7735849056603774,2.8301886792452833,65.09433962264151,61.32075471698113,3.7735849056603774,0
E00177605,121,25,13,12,11,11,1,0,1,84,79,5,0,20.66115702479339,10.743801652892563,9.917355371900827,9.090909090909092,9.090909090909092,0.8264462809917356,0,0.8264462809917356,69.42148760330579,65.28925619834712,4.132231404958678,0
E00177606,118,23,9,14,9,9,28,0,28,58,53,5,0,19.491525423728813,7.627118644067797,11.864406779661017,7.627118644067797,7.627118644067797,23.728813559322035,0,23.728813559322035,49.152542372881356,44.91525423728814,4.23728813559322,0
E00177607,91,26,10,16,0,0,21,1,20,44,42,2,0,28.57142857142857,10.989010989010989,17.582417582417584,0,0,23.076923076923077,1.098901098901099,21.978021978021978,48.35164835164835,46.15384615384615,2.197802197802198,0
E00177610,83,10,3,7,18,18,41,8,33,14,12,2,0,12.048192771084338,3.614457831325301,8.433734939759036,21.686746987951807,21.686746987951807,49.39759036144578,9.63855421686747,39.75903614457831,16.867469879518072,14.457831325301203,2.4096385542168677,0
E00177613,48,8,3,5,0,0,26,25,1,14,14,0,0,16.666666666666664,6.25,10.416666666666668,0,0,54.166666666666664,52.083333333333336,2.083333333333333,29.166666666666668,29.166666666666668,0,0
E00177614,65,1,1,0,0,0,57,7,50,7,4,3,0,1.5384615384615385,1.5384615384615385,0,0,0,87.6923076923077,10.76923076923077,76.92307692307693,10.76923076923077,6.153846153846154,4.615384615384616,0
E00177616,132,34,11,23,0,0,8,0,8,90,89,1,0,25.757575757575758,8.333333333333332,17.424242424242426,0,0,6.0606060606060606,0,6.0606060606060606,68.18181818181817,67.42424242424242,0.7575757575757576,0
E00177617,49,20,10,10,1,1,13,2,11,15,11,4,0,40.816326530612244,20.408163265306122,20.408163265306122,2.0408163265306123,2.0408163265306123,26.53061224489796,4.081632653061225,22.448979591836736,30.612244897959183,22.448979591836736,8.16326530612245,0
E00177618,85,41,10,31,0,0,2,0,2,42,40,2,0,48.23529411764706,11.76470588235294,36.470588235294116,0,0,2.3529411764705883,0,2.3529411764705883,49.411764705882355,47.05882352941176,2.3529411764705883,0
E00177622,232,4,3,1,2,2,32,2,30,194,194,0,0,1.7241379310344827,1.293103448275862,0.43103448275862066,0.8620689655172413,0.8620689655172413,13.793103448275861,0.8620689655172413,12.931034482758621,83.62068965517241,83.62068965517241,0,0
E00177623,145,5,2,3,10,10,69,4,65,61,58,3,0,3.4482758620689653,1.3793103448275863,2.0689655172413794,6.896551724137931,6.896551724137931,47.58620689655172,2.7586206896551726,44.827586206896555,42.06896551724138,40,2.0689655172413794,0
E00177624,71,20,8,12,0,0,0,0,0,51,47,4,0,28.169014084507044,11.267605633802818,16.901408450704224,0,0,0,0,0,71.83098591549296,66.19718309859155,5.633802816901409,0
E00177625,101,19,7,12,1,1,56,7,49,25,24,1,0,18.81188118811881,6.9306930693069315,11.881188118811881,0.9900990099009901,0.9900990099009901,55.44554455445545,6.9306930693069315,48.51485148514851,24.752475247524753,23.762376237623762,0.9900990099009901,0
E00177630,58,14,7,7,1,1,15,1,14,28,27,1,0,24.137931034482758,12.068965517241379,12.068965517241379,1.7241379310344827,1.7241379310344827,25.862068965517242,1.7241379310344827,24.137931034482758,48.275862068965516,46.55172413793103,1.7241379310344827,0
E00177632,164,43,14,29,3,3,78,22,56,40,35,5,0,26.21951219512195,8.536585365853659,17.682926829268293,1.8292682926829267,1.8292682926829267,47.5609756097561,13.414634146341465,34.146341463414636,24.390243902439025,21.341463414634145,3.048780487804878,0
E00177633,81,10,4,6,12,12,41,34,7,18,13,5,0,12.345679012345679,4.938271604938271,7.4074074074074066,14.814814814814813,14.814814814814813,50.617283950617285,41.9753086419753,8.641975308641975,22.22222222222222,16.049382716049383,6.172839506172839,0
E00177635,200,61,14,47,0,0,63,35,28,76,69,7,0,30.5,7.000000000000001,23.5,0,0,31.5,17.5,14.000000000000002,38,34.5,3.5000000000000004,0
E00177636,103,20,4,16,1,1,77,76,1,3,2,1,2,19.41747572815534,3.8834951456310676,15.53398058252427,0.9708737864077669,0.9708737864077669,74.75728155339806,73.7864077669903,0.9708737864077669,2.912621359223301,1.9417475728155338,0.9708737864077669,1.9417475728155338
E00177637,49,30,9,21,0,0,1,0,1,18,16,2,0,61.224489795918366,18.367346938775512,42.857142857142854,0,0,2.0408163265306123,0,2.0408163265306123,36.734693877551024,32.6530612244898,4.081632653061225,0
E00177639,131,12,1,11,4,4,30,24,6,85,82,3,0,9.16030534351145,0.7633587786259541,8.396946564885496,3.0534351145038165,3.0534351145038165,22.900763358778626,18.3206106870229,4.580152671755725,64.8854961832061,62.59541984732825,2.2900763358778624,0
E00177640,56,12,4,8,31,31,1,1,0,12,12,0,0,21.428571428571427,7.142857142857142,14.285714285714285,55.35714285714286,55.35714285714286,1.7857142857142856,1.7857142857142856,0,21.428571428571427,21.428571428571427,0,0
E00177642,167,114,3,111,23,23,9,0,9,21,19,2,0,68.26347305389223,1.7964071856287425,66.46706586826348,13.77245508982036,13.77245508982036,5.389221556886228,0,5.389221556886228,12.574850299401197,11.377245508982035,1.1976047904191618,0
E00177643,227,51,16,35,0,0,47,9,38,129,121,8,0,22.46696035242291,7.048458149779736,15.418502202643172,0,0,20.704845814977972,3.9647577092511015,16.740088105726873,56.82819383259912,53.30396475770925,3.524229074889868,0
E00177644,204,42,15,27,8,8,55,4,51,99,91,8,0,20.588235294117645,7.352941176470589,13.23529411764706,3.9215686274509802,3.9215686274509802,26.96078431372549,1.9607843137254901,25,48.529411764705884,44.6078431372549,3.9215686274509802,0
E00177645,136,16,10,6,0,0,101,101,0,19,18,1,0,11.76470588235294,7.352941176470589,4.411764705882353,0,0,74.26470588235294,74.26470588235294,0,13.970588235294118,13.23529411764706,0.7352941176470588,0
E00177647,81,26,7,19,0,0,36,34,2,19,18,1,0,32.098765432098766,8.641975308641975,23.456790123456788,0,0,44.44444444444444,41.9753086419753,2.4691358024691357,23.456790123456788,22.22222222222222,1.2345679012345678,0
E00177651,89,44,10,34,0,0,7,0,7,38,35,3,0,49.43820224719101,11.235955056179774,38.20224719101123,0,0,7.865168539325842,0,7.865168539325842,42.69662921348314,39.325842696629216,3.3707865168539324,0
E00177652,121,29,0,29,4,4,71,68,3,16,13,3,1,23.96694214876033,0,23.96694214876033,3.3057851239669422,3.3057851239669422,58.67768595041323,56.19834710743802,2.479338842975207,13.223140495867769,10.743801652892563,2.479338842975207,0.8264462809917356
E00177653,167,56,12,44,8,8,30,2,28,73,72,1,0,33.532934131736525,7.18562874251497,26.34730538922156,4.790419161676647,4.790419161676647,17.964071856287426,1.1976047904191618,16.766467065868262,43.712574850299404,43.11377245508982,0.5988023952095809,0
E00177656,66,15,4,11,0,0,29,27,2,21,18,3,1,22.727272727272727,6.0606060606060606,16.666666666666664,0,0,43.93939393939394,40.909090909090914,3.0303030303030303,31.818181818181817,27.27272727272727,4.545454545454546,1.5151515151515151
E00177658,240,70,20,50,9,9,105,7,98,56,47,9,0,29.166666666666668,8.333333333333332,20.833333333333336,3.75,3.75,43.75,2.9166666666666665,40.833333333333336,23.333333333333332,19.583333333333332,3.75,0
E00177659,204,70,22,48,0,0,6,1,5,128,121,7,0,34.31372549019608,10.784313725490197,23.52941176470588,0,0,2.941176470588235,0.49019607843137253,2.450980392156863,62.745098039215684,59.31372549019608,3.431372549019608,0
E00177661,45,2,1,1,0,0,3,1,2,40,40,0,0,4.444444444444445,2.2222222222222223,2.2222222222222223,0,0,6.666666666666667,2.2222222222222223,4.444444444444445,88.88888888888889,88.88888888888889,0,0
E00177662,230,43,15,28,2,2,37,14,23,148,143,5,0,18.695652173913043,6.521739130434782,12.173913043478262,0.8695652173913043,0.8695652173913043,16.08695652173913,6.086956521739131,10,64.34782608695652,62.17391304347826,2.1739130434782608,0
E00177664,197,42,14,28,0,0,123,44,79,32,23,9,0,21.31979695431472,7.1065989847715745,14.213197969543149,0,0,62.43654822335025,22.33502538071066,40.10152284263959,16.243654822335024,11.6751269035533,4.568527918781726,0
E00177665,233,35,16,19,0,0,40,6,34,158,154,4,0,15.021459227467812,6.866952789699571,8.15450643776824,0,0,17.167381974248926,2.575107296137339,14.592274678111588,67.81115879828327,66.09442060085837,1.7167381974248928,0
E00177666,157,35,3,32,0,0,42,40,2,80,77,3,0,22.29299363057325,1.910828025477707,20.382165605095544,0,0,26.751592356687897,25.477707006369428,1.2738853503184715,50.955414012738856,49.044585987261144,1.910828025477707,0
E00177669,40,4,1,3,11,11,18,4,14,7,6,1,0,10,2.5,7.5,27.500000000000004,27.500000000000004,45,10,35,17.5,15,2.5,0
E00177670,177,69,10,59,2,2,92,67,25,14,11,3,0,38.983050847457626,5.649717514124294,33.33333333333333,1.1299435028248588,1.1299435028248588,51.9774011299435,37.85310734463277,14.124293785310735,7.909604519774012,6.214689265536723,1.694915254237288,0
E00177672,130,10,5,5,19,19,76,3,73,24,23,1,1,7.6923076923076925,3.8461538461538463,3.8461538461538463,14.615384615384617,14.615384615384617,58.46153846153847,2.307692307692308,56.15384615384615,18.461538461538463,17.692307692307693,0.7692307692307693,0.7692307692307693
E00177674,118,5,0,5,2,2,42,13,29,69,67,2,0,4.23728813559322,0,4.23728813559322,1.694915254237288,1.694915254237288,35.59322033898305,11.016949152542372,24.576271186440678,58.47457627118644,56.779661016949156,1.694915254237288,0
E00177677,105,19,9,10,1,1,33,33,0,52,48,4,0,18.095238095238095,8.571428571428571,9.523809523809524,0.9523809523809524,0.9523809523809524,31.428571428571427,31.428571428571427,0,49.523809523809526,45.714285714285715,3.8095238095238098,0
E00177678,84,24,4,20,15,15,19,16,3,26,21,5,0,28.57142857142857,4.761904761904762,23.809523809523807,17.857142857142858,17.857142857142858,22.61904761904762,19.047619047619047,3.571428571428571,30.952380952380953,25,5.952380952380952,0
E00177679,111,51,10,41,0,0,35,3,32,25,22,3,0,45.94594594594595,9.00900900900901,36.93693693693694,0,0,31.53153153153153,2.7027027027027026,28.82882882882883,22.52252252252252,19.81981981981982,2.7027027027027026,0
E00177680,55,1,0,1,33,33,20,3,17,1,1,0,0,1.8181818181818181,0,1.8181818181818181,60,60,36.36363636363637,5.454545454545454,30.909090909090907,1.8181818181818181,1.8181818181818181,0,0
E00177681,109,19,9,10,2,2,6,4,2,82,78,4,0,17.431192660550458,8.256880733944955,9.174311926605505,1.834862385321101,1.834862385321101,5.5045871559633035,3.669724770642202,1.834862385321101,75.22935779816514,71.55963302752293,3.669724770642202,0
E00177683,249,29,9,20,18,18,136,8,128,66,64,2,0,11.646586345381527,3.614457831325301,8.032128514056225,7.228915662650602,7.228915662650602,54.61847389558233,3.2128514056224895,51.40562248995983,26.506024096385545,25.702811244979916,0.8032128514056224,0
E00177685,76,35,14,21,1,1,6,2,4,34,31,3,0,46.05263157894737,18.421052631578945,27.631578947368425,1.3157894736842104,1.3157894736842104,7.894736842105263,2.631578947368421,5.263157894736842,44.73684210526316,40.78947368421053,3.9473684210526314,0
E00177686,120,33,13,20,0,0,30,25,5,57,54,3,0,27.500000000000004,10.833333333333334,16.666666666666664,0,0,25,20.833333333333336,4.166666666666666,47.5,45,2.5,0
E00177687,42,8,2,6,1,1,9,7,2,24,21,3,0,19.047619047619047,4.761904761904762,14.285714285714285,2.380952380952381,2.380952380952381,21.428571428571427,16.666666666666664,4.761904761904762,57.14285714285714,50,7.142857142857142,0
E00177693,141,16,6,10,8,8,81,77,4,33,29,4,3,11.347517730496454,4.25531914893617,7.092198581560284,5.673758865248227,5.673758865248227,57.446808510638306,54.60992907801418,2.8368794326241136,23.404255319148938,20.56737588652482,2.8368794326241136,2.127659574468085
