OA,ts0080001,ts0080002,ts0080003,ts0080002_PCT,ts0080003_PCT
E00007193,368,203,165,55.16304347826087,44.83695652173913
E00007194,410,229,181,55.85365853658537,44.146341463414636
E00007195,408,211,197,51.71568627450981,48.28431372549019
E00007196,340,180,160,52.94117647058824,47.05882352941176
E00007198,381,195,186,51.181102362204726,48.818897637795274
E00007197,337,184,153,54.59940652818991,45.40059347181009
E00007199,347,181,166,52.1613832853026,47.83861671469741
E00007202,312,155,157,49.67948717948718,50.32051282051282
E00007205,361,188,173,52.07756232686981,47.92243767313019
E00007206,501,260,241,51.896207584830336,48.10379241516966
E00007697,372,187,185,50.26881720430107,49.73118279569893
E00007699,392,206,186,52.55102040816326,47.44897959183674
E00007701,329,177,152,53.799392097264445,46.20060790273556
E00007702,352,195,157,55.39772727272727,44.60227272727273
E00007704,368,187,181,50.815217391304344,49.184782608695656
E00007687,421,236,185,56.057007125890735,43.942992874109265
E00007688,337,164,173,48.6646884272997,51.33531157270029
E00007692,343,172,171,50.14577259475219,49.85422740524781
E00007694,381,195,186,51.181102362204726,48.818897637795274
E00007696,463,227,236,49.0280777537797,50.9719222462203
E00007167,330,204,126,61.81818181818181,38.18181818181819
E00007172,438,239,199,54.5662100456621,45.4337899543379
E00007175,289,158,131,54.67128027681662,45.32871972318339
E00007180,321,179,142,55.7632398753894,44.23676012461059
E00007189,355,188,167,52.95774647887323,47.04225352112676
E00007668,405,226,179,55.80246913580247,44.19753086419753
E00007695,407,217,190,53.31695331695332,46.68304668304668
E00007698,387,198,189,51.162790697674424,48.837209302325576
E00007703,363,210,153,57.85123966942148,42.14876033057851
E00007705,323,167,156,51.702786377708975,48.297213622291025
E00007670,431,232,199,53.82830626450116,46.17169373549884
E00007673,508,262,246,51.574803149606296,48.4251968503937
E00007674,378,200,178,52.910052910052904,47.08994708994709
E00007676,398,199,199,50,50
E00007707,377,189,188,50.132625994694955,49.86737400530504
E00007669,305,164,141,53.77049180327869,46.22950819672131
E00007675,340,169,171,49.705882352941174,50.294117647058826
E00007677,395,202,193,51.13924050632911,48.860759493670884
E00007700,477,262,215,54.926624737945495,45.073375262054505
E00007706,408,238,170,58.333333333333336,41.66666666666667
E00007686,356,188,168,52.80898876404494,47.19101123595505
E00007689,390,211,179,54.1025641025641,45.8974358974359
E00007690,279,149,130,53.40501792114696,46.59498207885305
E00007691,376,197,179,52.3936170212766,47.6063829787234
E00007693,397,208,189,52.39294710327456,47.607052896725435
E00007177,469,253,216,53.94456289978679,46.05543710021322
E00007179,410,216,194,52.6829268292683,47.3170731707317
E00007182,305,163,142,53.442622950819676,46.557377049180324
E00007192,520,271,249,52.11538461538462,47.88461538461539
E00171149,271,152,119,56.08856088560885,43.91143911439114
E00178732,300,164,136,54.666666666666664,45.33333333333333
E00178748,311,169,142,54.340836012861736,45.659163987138264
E00178851,212,122,90,57.54716981132076,42.45283018867924
E00007168,335,174,161,51.94029850746269,48.059701492537314
E00007171,280,147,133,52.5,47.5
E00007200,372,196,176,52.68817204301075,47.31182795698925
E00007201,326,180,146,55.21472392638037,44.785276073619634
E00007203,355,193,162,54.3661971830986,45.63380281690141
E00007204,321,165,156,51.4018691588785,48.598130841121495
E00007174,382,207,175,54.18848167539267,45.811518324607334
E00007176,421,215,206,51.06888361045131,48.9311163895487
E00007184,381,209,172,54.85564304461942,45.14435695538058
E00007186,364,185,179,50.824175824175825,49.175824175824175
E00007207,433,232,201,53.5796766743649,46.4203233256351
E00007173,465,246,219,52.903225806451616,47.096774193548384
E00007183,370,186,184,50.27027027027027,49.72972972972973
E00007185,316,169,147,53.48101265822785,46.51898734177215
E00007191,492,242,250,49.1869918699187,50.81300813008131
E00007188,421,204,217,48.45605700712589,51.543942992874115
E00171170,300,175,125,58.333333333333336,41.66666666666667
E00171172,373,221,152,59.24932975871313,40.75067024128686
E00171183,367,193,174,52.58855585831063,47.41144414168937
E00178738,269,132,137,49.07063197026022,50.92936802973978
E00178855,488,237,251,48.5655737704918,51.434426229508205
E00007170,557,294,263,52.782764811490125,47.217235188509875
E00007181,425,252,173,59.29411764705882,40.705882352941174
E00007187,420,227,193,54.047619047619044,45.95238095238095
E00171177,288,155,133,53.81944444444444,46.18055555555556
E00007000,285,146,139,51.2280701754386,48.771929824561404
E00007008,311,175,136,56.27009646302251,43.729903536977496
E00007015,267,142,125,53.18352059925093,46.81647940074906
E00007020,328,175,153,53.35365853658537,46.646341463414636
E00007023,207,112,95,54.106280193236714,45.893719806763286
E00007024,273,147,126,53.84615384615385,46.15384615384615
E00007004,320,162,158,50.625,49.375
E00007005,334,178,156,53.293413173652695,46.706586826347305
E00007019,335,179,156,53.43283582089552,46.56716417910447
E00007022,354,178,176,50.282485875706215,49.717514124293785
E00007025,248,132,116,53.2258064516129,46.774193548387096
E00007027,312,178,134,57.05128205128205,42.94871794871795
E00007029,364,192,172,52.74725274725275,47.25274725274725
E00007030,296,149,147,50.33783783783784,49.66216216216216
E00007031,396,210,186,53.03030303030303,46.96969696969697
E00007032,258,133,125,51.55038759689923,48.44961240310077
E00007033,442,233,209,52.71493212669684,47.28506787330316
E00006991,343,192,151,55.97667638483965,44.02332361516035
E00006992,328,171,157,52.13414634146341,47.86585365853659
E00006994,332,166,166,50,50
E00006995,308,159,149,51.62337662337663,48.37662337662338
E00006998,322,165,157,51.24223602484472,48.75776397515528
E00007003,446,239,207,53.58744394618834,46.41255605381166
E00007006,191,110,81,57.59162303664922,42.40837696335078
E00007013,370,185,185,50,50
E00007014,386,202,184,52.331606217616574,47.66839378238342
E00007017,278,151,127,54.31654676258992,45.68345323741007
E00006993,304,156,148,51.31578947368421,48.68421052631579
E00006996,265,128,137,48.301886792452834,51.698113207547166
E00006999,360,183,177,50.83333333333333,49.166666666666664
E00007001,342,183,159,53.50877192982456,46.49122807017544
E00007007,322,172,150,53.41614906832298,46.58385093167702
E00007012,355,183,172,51.54929577464789,48.45070422535211
E00007016,568,319,249,56.16197183098591,43.83802816901409
E00007021,224,115,109,51.33928571428571,48.660714285714285
E00007028,292,149,143,51.02739726027398,48.97260273972603
E00171155,292,154,138,52.73972602739726,47.26027397260274
E00171156,302,166,136,54.966887417218544,45.033112582781456
E00006997,353,184,169,52.124645892351275,47.875354107648725
E00007002,318,168,150,52.83018867924528,47.16981132075472
E00007009,276,147,129,53.2608695652174,46.73913043478261
E00007010,303,181,122,59.73597359735974,40.26402640264026
E00007011,201,117,84,58.2089552238806,41.7910447761194
E00178759,130,76,54,58.46153846153847,41.53846153846154
E00178862,605,315,290,52.066115702479344,47.93388429752066
E00007510,554,261,293,47.11191335740072,52.888086642599276
E00007511,387,187,200,48.320413436692505,51.67958656330749
E00007514,434,242,192,55.76036866359447,44.23963133640553
E00007518,368,204,164,55.434782608695656,44.565217391304344
E00007520,381,197,184,51.70603674540683,48.29396325459317
E00007623,336,183,153,54.46428571428571,45.535714285714285
E00007624,353,190,163,53.82436260623229,46.1756373937677
E00007625,306,168,138,54.90196078431373,45.09803921568628
E00007666,369,197,172,53.387533875338754,46.612466124661246
E00007667,350,188,162,53.714285714285715,46.285714285714285
E00007129,291,160,131,54.98281786941581,45.017182130584196
E00007134,395,222,173,56.20253164556962,43.79746835443038
E00007135,361,176,185,48.75346260387812,51.24653739612188
E00007139,333,182,151,54.65465465465466,45.34534534534534
E00007159,394,229,165,58.121827411167516,41.878172588832484
E00007166,356,186,170,52.24719101123596,47.752808988764045
E00007151,255,129,126,50.588235294117645,49.411764705882355
E00007152,200,107,93,53.5,46.5
E00007153,422,219,203,51.8957345971564,48.1042654028436
E00007154,321,171,150,53.271028037383175,46.728971962616825
E00007157,450,238,212,52.888888888888886,47.11111111111111
E00007512,578,311,267,53.806228373702425,46.19377162629758
E00007513,438,244,194,55.70776255707762,44.29223744292237
E00007515,384,205,179,53.385416666666664,46.61458333333333
E00007516,265,138,127,52.075471698113205,47.924528301886795
E00007517,382,199,183,52.09424083769634,47.90575916230366
E00007671,255,153,102,60,40
E00007672,233,128,105,54.93562231759657,45.06437768240343
E00007678,386,217,169,56.21761658031088,43.78238341968912
E00007679,431,231,200,53.596287703016245,46.403712296983755
E00007680,548,304,244,55.47445255474452,44.52554744525548
E00007681,506,290,216,57.31225296442688,42.68774703557312
E00007682,465,244,221,52.473118279569896,47.52688172043011
E00007683,443,235,208,53.04740406320542,46.95259593679458
E00007684,472,252,220,53.38983050847458,46.61016949152542
E00007685,390,204,186,52.307692307692314,47.69230769230769
E00007128,428,222,206,51.86915887850467,48.13084112149533
E00007155,405,215,190,53.086419753086425,46.913580246913575
E00007156,589,322,267,54.66893039049236,45.331069609507644
E00007161,399,220,179,55.13784461152882,44.86215538847117
E00007126,436,227,209,52.06422018348624,47.935779816513765
E00007160,363,186,177,51.2396694214876,48.760330578512395
E00007164,370,197,173,53.24324324324324,46.75675675675676
E00007165,424,225,199,53.06603773584906,46.93396226415094
E00007125,363,192,171,52.892561983471076,47.107438016528924
E00007158,390,194,196,49.743589743589745,50.256410256410255
E00007162,351,185,166,52.70655270655271,47.293447293447294
E00007163,412,215,197,52.18446601941748,47.81553398058252
E00007130,433,223,210,51.50115473441108,48.49884526558891
E00007131,417,203,214,48.6810551558753,51.3189448441247
E00007132,334,164,170,49.101796407185624,50.898203592814376
E00007138,351,190,161,54.131054131054135,45.86894586894587
E00007140,400,205,195,51.24999999999999,48.75
E00007124,441,226,215,51.247165532879826,48.75283446712018
E00007133,461,246,215,53.36225596529284,46.637744034707154
E00007137,386,197,189,51.03626943005182,48.96373056994819
E00007143,387,200,187,51.67958656330749,48.320413436692505
E00007293,370,203,167,54.864864864864856,45.13513513513514
E00007298,321,160,161,49.84423676012461,50.155763239875384
E00007328,391,202,189,51.66240409207161,48.33759590792839
E00007331,389,208,181,53.470437017994854,46.52956298200514
E00007333,295,153,142,51.864406779661024,48.13559322033898
E00007637,283,135,148,47.70318021201413,52.29681978798587
E00007649,328,159,169,48.47560975609756,51.52439024390244
E00007653,339,177,162,52.21238938053098,47.78761061946903
E00007659,250,140,110,56.00000000000001,44
E00007661,202,100,102,49.504950495049506,50.495049504950494
E00007665,567,295,272,52.02821869488537,47.97178130511463
E00007628,461,244,217,52.92841648590022,47.071583514099785
E00007631,266,147,119,55.26315789473685,44.73684210526316
E00007635,505,234,271,46.33663366336634,53.663366336633665
E00007643,278,148,130,53.23741007194245,46.76258992805755
E00007648,394,190,204,48.223350253807105,51.776649746192895
E00007634,252,134,118,53.17460317460318,46.82539682539682
E00007636,247,130,117,52.63157894736842,47.368421052631575
E00007641,330,182,148,55.15151515151515,44.84848484848485
E00007642,330,180,150,54.54545454545454,45.45454545454545
E00007652,373,202,171,54.15549597855228,45.84450402144772
E00007639,312,172,140,55.12820512820513,44.871794871794876
E00007644,355,184,171,51.83098591549295,48.16901408450705
E00007646,343,192,151,55.97667638483965,44.02332361516035
E00007654,222,138,84,62.16216216216216,37.83783783783784
E00007656,333,172,161,51.651651651651655,48.348348348348345
E00007622,297,166,131,55.892255892255896,44.107744107744104
E00007627,351,186,165,52.991452991452995,47.008547008547005
E00007633,340,171,169,50.294117647058826,49.705882352941174
E00007638,345,173,172,50.14492753623189,49.85507246376812
E00007647,345,183,162,53.04347826086957,46.95652173913044
E00007626,340,190,150,55.88235294117647,44.11764705882353
E00007629,359,178,181,49.58217270194986,50.41782729805014
E00007630,304,162,142,53.289473684210535,46.71052631578947
E00007632,261,129,132,49.42528735632184,50.57471264367817
E00007640,394,203,191,51.52284263959391,48.47715736040609
E00007645,363,196,167,53.994490358126725,46.005509641873275
E00007650,317,164,153,51.73501577287066,48.26498422712934
E00007651,315,166,149,52.6984126984127,47.3015873015873
E00007655,345,172,173,49.85507246376812,50.14492753623189
E00007663,278,133,145,47.84172661870504,52.15827338129496
E00007657,365,189,176,51.78082191780822,48.21917808219178
E00007658,343,181,162,52.76967930029155,47.23032069970846
E00007660,293,154,139,52.55972696245734,47.44027303754266
E00007662,312,148,164,47.43589743589743,52.56410256410257
E00007664,383,199,184,51.958224543080945,48.04177545691906
E00007210,296,154,142,52.02702702702703,47.97297297297297
E00007211,452,258,194,57.07964601769911,42.92035398230089
E00007212,328,181,147,55.1829268292683,44.81707317073171
E00007213,290,161,129,55.51724137931034,44.48275862068966
E00007215,185,91,94,49.18918918918919,50.810810810810814
E00007217,261,146,115,55.938697318007655,44.06130268199234
E00007324,580,311,269,53.62068965517241,46.37931034482759
E00007325,238,118,120,49.57983193277311,50.42016806722689
E00007326,344,173,171,50.2906976744186,49.7093023255814
E00007327,254,140,114,55.118110236220474,44.881889763779526
E00007294,349,189,160,54.15472779369628,45.845272206303726
E00007295,284,151,133,53.16901408450704,46.83098591549296
E00007297,248,124,124,50,50
E00007301,190,124,66,65.26315789473685,34.73684210526316
E00007329,246,139,107,56.50406504065041,43.49593495934959
E00007330,245,136,109,55.51020408163265,44.48979591836735
E00007332,347,178,169,51.29682997118156,48.70317002881844
E00007296,222,119,103,53.6036036036036,46.3963963963964
E00007299,282,156,126,55.319148936170215,44.680851063829785
E00007304,361,209,152,57.89473684210527,42.10526315789473
E00007306,252,133,119,52.77777777777778,47.22222222222222
E00007308,237,130,107,54.85232067510548,45.14767932489451
E00007334,300,160,140,53.333333333333336,46.666666666666664
E00007300,279,137,142,49.10394265232975,50.89605734767025
E00007302,310,162,148,52.25806451612903,47.74193548387097
E00007305,290,158,132,54.48275862068965,45.51724137931035
E00007309,412,212,200,51.45631067961165,48.54368932038835
E00007311,272,142,130,52.20588235294118,47.794117647058826
E00007314,339,169,170,49.852507374631266,50.14749262536873
E00007058,274,154,120,56.20437956204379,43.79562043795621
E00007062,273,142,131,52.01465201465202,47.985347985347985
E00007064,197,104,93,52.79187817258884,47.20812182741117
E00007066,394,204,190,51.776649746192895,48.223350253807105
E00178739,253,130,123,51.38339920948617,48.616600790513836
E00178746,340,176,164,51.76470588235295,48.23529411764706
E00178753,321,159,162,49.532710280373834,50.467289719626166
E00007050,414,203,211,49.033816425120776,50.96618357487923
E00007054,416,202,214,48.55769230769231,51.442307692307686
E00007056,498,275,223,55.22088353413655,44.77911646586345
E00171166,221,111,110,50.2262443438914,49.7737556561086
E00171167,339,179,160,52.8023598820059,47.1976401179941
E00007038,335,188,147,56.11940298507463,43.88059701492537
E00007060,339,167,172,49.26253687315634,50.737463126843664
E00007061,432,229,203,53.00925925925925,46.99074074074074
E00007067,343,168,175,48.97959183673469,51.02040816326531
E00007068,291,153,138,52.57731958762887,47.42268041237113
E00007052,422,220,202,52.13270142180095,47.867298578199055
E00007053,374,202,172,54.01069518716578,45.98930481283423
E00007055,427,221,206,51.75644028103045,48.24355971896955
E00007057,453,228,225,50.331125827814574,49.668874172185426
E00007136,321,162,159,50.467289719626166,49.532710280373834
E00007141,352,181,171,51.42045454545454,48.57954545454545
E00007144,387,194,193,50.129198966408275,49.87080103359173
E00007146,263,145,118,55.13307984790875,44.866920152091254
E00007147,353,186,167,52.69121813031161,47.30878186968839
E00007460,359,182,177,50.69637883008357,49.30362116991643
E00007464,393,190,203,48.346055979643765,51.653944020356235
E00007469,610,295,315,48.36065573770492,51.63934426229508
E00178747,313,168,145,53.674121405750796,46.325878594249204
E00178789,463,248,215,53.56371490280778,46.436285097192226
E00007459,362,182,180,50.27624309392266,49.72375690607735
E00007461,421,219,202,52.01900237529691,47.980997624703086
E00007462,439,242,197,55.125284738041,44.874715261959
E00178737,190,96,94,50.526315789473685,49.473684210526315
E00178766,547,259,288,47.3491773308958,52.6508226691042
E00007475,214,119,95,55.60747663551402,44.39252336448598
E00007486,404,215,189,53.21782178217822,46.78217821782179
E00007489,279,155,124,55.55555555555556,44.44444444444444
E00178744,202,121,81,59.900990099009896,40.099009900990104
E00178779,489,267,222,54.601226993865026,45.39877300613497
E00178801,227,115,112,50.66079295154186,49.33920704845815
E00178831,229,130,99,56.76855895196506,43.23144104803494
E00178872,540,281,259,52.03703703703704,47.96296296296296
E00007476,433,236,197,54.50346420323326,45.49653579676674
E00007487,586,328,258,55.972696245733786,44.027303754266214
E00171158,398,199,199,50,50
E00171480,392,214,178,54.59183673469388,45.40816326530612
E00178764,267,137,130,51.31086142322098,48.68913857677903
E00178818,367,189,178,51.49863760217984,48.501362397820166
E00007499,557,317,240,56.91202872531418,43.08797127468581
E00007519,398,203,195,51.005025125628144,48.99497487437186
E00007521,386,202,184,52.331606217616574,47.66839378238342
E00007522,326,171,155,52.45398773006135,47.54601226993865
E00007523,316,178,138,56.32911392405063,43.67088607594937
E00007035,394,209,185,53.045685279187815,46.954314720812185
E00007039,314,156,158,49.681528662420384,50.318471337579616
E00007063,350,180,170,51.42857142857142,48.57142857142857
E00007069,323,165,158,51.08359133126935,48.91640866873065
E00007072,345,168,177,48.69565217391305,51.30434782608696
E00007303,323,164,159,50.77399380804953,49.22600619195047
E00007307,292,157,135,53.76712328767124,46.23287671232877
E00007310,321,164,157,51.09034267912772,48.90965732087228
E00007315,335,180,155,53.73134328358209,46.26865671641791
E00007316,378,191,187,50.52910052910053,49.47089947089947
E00007312,518,267,251,51.54440154440154,48.455598455598455
E00007313,327,165,162,50.45871559633027,49.54128440366973
E00007320,348,196,152,56.32183908045977,43.67816091954023
E00007322,401,214,187,53.36658354114713,46.633416458852864
E00007317,328,165,163,50.30487804878049,49.69512195121951
E00007318,363,175,188,48.209366391184574,51.790633608815426
E00007319,339,171,168,50.442477876106196,49.557522123893804
E00007321,365,185,180,50.68493150684932,49.31506849315068
E00007323,406,222,184,54.679802955665025,45.320197044334975
E00007127,474,253,221,53.37552742616034,46.62447257383967
E00007142,294,150,144,51.02040816326531,48.97959183673469
E00007148,328,165,163,50.30487804878049,49.69512195121951
E00007149,234,124,110,52.991452991452995,47.008547008547005
E00007150,247,138,109,55.87044534412956,44.12955465587044
E00171159,136,66,70,48.529411764705884,51.470588235294116
E00171163,225,116,109,51.55555555555556,48.44444444444444
E00171164,340,195,145,57.35294117647059,42.64705882352941
E00007472,393,199,194,50.63613231552163,49.36386768447837
E00007474,452,236,216,52.21238938053098,47.78761061946903
E00007478,366,188,178,51.36612021857923,48.63387978142077
E00007480,232,137,95,59.05172413793104,40.94827586206897
E00007482,330,163,167,49.3939393939394,50.60606060606061
E00007463,429,219,210,51.048951048951054,48.95104895104895
E00007473,451,247,204,54.767184035476724,45.23281596452328
E00007477,250,138,112,55.2,44.800000000000004
E00007479,461,252,209,54.66377440347071,45.33622559652928
E00178730,414,209,205,50.48309178743962,49.51690821256038
E00178867,157,85,72,54.14012738853503,45.85987261146497
E00178879,476,256,220,53.78151260504202,46.21848739495798
E00006978,350,188,162,53.714285714285715,46.285714285714285
E00006979,262,149,113,56.87022900763359,43.12977099236641
E00006982,282,153,129,54.25531914893617,45.744680851063826
E00006983,385,199,186,51.688311688311686,48.311688311688314
E00006987,305,158,147,51.80327868852459,48.19672131147541
E00006990,218,114,104,52.293577981651374,47.706422018348626
E00006980,330,168,162,50.90909090909091,49.09090909090909
E00006981,326,164,162,50.306748466257666,49.693251533742334
E00006984,326,179,147,54.90797546012271,45.0920245398773
E00006985,326,174,152,53.37423312883436,46.62576687116564
E00006986,351,189,162,53.84615384615385,46.15384615384615
E00007218,260,132,128,50.76923076923077,49.23076923076923
E00007220,327,184,143,56.269113149847094,43.730886850152906
E00007223,274,145,129,52.919708029197075,47.08029197080292
E00007226,311,163,148,52.41157556270096,47.58842443729904
E00007232,238,130,108,54.621848739495796,45.378151260504204
E00171152,500,275,225,55.00000000000001,45
E00171153,468,248,220,52.991452991452995,47.008547008547005
E00007527,256,133,123,51.953125,48.046875
E00007532,358,188,170,52.513966480446925,47.486033519553075
E00007534,325,164,161,50.46153846153846,49.53846153846154
E00007537,214,116,98,54.20560747663551,45.794392523364486
E00007538,377,200,177,53.05039787798409,46.94960212201592
E00178776,141,75,66,53.191489361702125,46.808510638297875
E00178819,476,255,221,53.57142857142857,46.42857142857143
E00178850,129,78,51,60.46511627906976,39.53488372093023
E00007502,349,178,171,51.00286532951289,48.99713467048711
E00007503,351,178,173,50.712250712250714,49.287749287749286
E00007507,587,283,304,48.21124361158432,51.78875638841567
E00007508,360,186,174,51.66666666666667,48.333333333333336
E00007509,400,222,178,55.50000000000001,44.5
E00006950,331,181,150,54.68277945619335,45.31722054380665
E00006951,291,133,158,45.70446735395189,54.29553264604811
E00006988,377,215,162,57.02917771883289,42.97082228116711
E00006989,390,185,205,47.43589743589743,52.56410256410257
E00007356,389,201,188,51.670951156812336,48.329048843187664
E00007358,395,199,196,50.379746835443044,49.620253164556956
E00007362,471,249,222,52.86624203821656,47.13375796178344
E00007365,403,220,183,54.59057071960298,45.40942928039702
E00007354,399,199,200,49.87468671679198,50.125313283208015
E00007355,365,190,175,52.054794520547944,47.94520547945205
E00007359,311,159,152,51.12540192926045,48.87459807073955
E00007363,338,190,148,56.213017751479285,43.786982248520715
E00007498,389,210,179,53.98457583547558,46.01542416452442
E00007530,281,154,127,54.804270462633454,45.195729537366546
E00007533,366,194,172,53.00546448087432,46.994535519125684
E00007535,450,232,218,51.55555555555556,48.44444444444444
E00007536,436,243,193,55.73394495412845,44.26605504587156
E00007500,386,204,182,52.84974093264248,47.15025906735752
E00007501,375,202,173,53.86666666666666,46.13333333333333
E00007504,325,179,146,55.07692307692308,44.92307692307692
E00007505,328,181,147,55.1829268292683,44.81707317073171
E00007506,352,187,165,53.125,46.875
E00007524,339,177,162,52.21238938053098,47.78761061946903
E00007525,382,199,183,52.09424083769634,47.90575916230366
E00007526,304,168,136,55.26315789473685,44.73684210526316
E00007529,308,161,147,52.27272727272727,47.72727272727273
E00007531,357,175,182,49.01960784313725,50.98039215686274
E00007216,275,138,137,50.18181818181818,49.81818181818182
E00007221,441,227,214,51.47392290249433,48.52607709750567
E00007222,355,177,178,49.859154929577464,50.140845070422536
E00007227,315,148,167,46.98412698412698,53.01587301587302
E00007233,276,135,141,48.91304347826087,51.08695652173913
E00007225,422,209,213,49.5260663507109,50.4739336492891
E00007231,347,171,176,49.279538904899134,50.720461095100866
E00007237,307,159,148,51.79153094462541,48.20846905537459
E00007247,298,154,144,51.67785234899329,48.322147651006716
E00007208,363,197,166,54.269972451790636,45.73002754820937
E00007219,289,146,143,50.51903114186851,49.48096885813148
E00007224,379,190,189,50.131926121372025,49.86807387862797
E00007228,379,195,184,51.45118733509235,48.54881266490765
E00007238,246,124,122,50.40650406504065,49.59349593495935
E00007229,262,143,119,54.58015267175572,45.41984732824427
E00007230,351,196,155,55.84045584045584,44.15954415954416
E00007234,388,192,196,49.48453608247423,50.51546391752577
E00007236,349,183,166,52.43553008595988,47.56446991404012
E00007240,350,189,161,54,46
E00007357,421,205,216,48.69358669833729,51.306413301662715
E00007360,292,165,127,56.5068493150685,43.49315068493151
E00007361,326,166,160,50.920245398773,49.079754601226995
E00007364,350,191,159,54.57142857142857,45.42857142857143
E00007369,359,173,186,48.18941504178273,51.81058495821726
E00007339,433,223,210,51.50115473441108,48.49884526558891
E00007366,390,218,172,55.8974358974359,44.1025641025641
E00007368,327,173,154,52.90519877675841,47.09480122324159
E00007370,493,232,261,47.05882352941176,52.94117647058824
E00007371,340,172,168,50.588235294117645,49.411764705882355
E00007335,445,233,212,52.359550561797754,47.640449438202246
E00007342,445,231,214,51.91011235955057,48.08988764044943
E00007346,445,222,223,49.8876404494382,50.112359550561806
E00007375,460,241,219,52.391304347826086,47.608695652173914
E00007488,426,224,202,52.58215962441315,47.417840375586856
E00007492,408,210,198,51.470588235294116,48.529411764705884
E00007497,459,253,206,55.119825708061,44.88017429193899
E00171161,274,140,134,51.09489051094891,48.9051094890511
E00171181,387,211,176,54.52196382428941,45.47803617571059
E00007484,343,180,163,52.47813411078717,47.521865889212826
E00007493,407,215,192,52.825552825552826,47.174447174447174
E00007494,388,214,174,55.154639175257735,44.84536082474227
E00007495,392,216,176,55.10204081632652,44.89795918367347
E00007496,360,188,172,52.22222222222223,47.77777777777778
E00007564,466,232,234,49.78540772532189,50.21459227467812
E00007565,271,139,132,51.291512915129154,48.708487084870846
E00007566,380,195,185,51.31578947368421,48.68421052631579
E00007569,369,202,167,54.74254742547425,45.25745257452575
E00007572,369,185,184,50.135501355013545,49.86449864498645
E00007540,329,185,144,56.23100303951368,43.76899696048632
E00007541,296,161,135,54.391891891891895,45.608108108108105
E00007542,380,210,170,55.26315789473685,44.73684210526316
E00007543,434,230,204,52.995391705069125,47.004608294930875
E00007544,374,198,176,52.94117647058824,47.05882352941176
E00007545,371,179,192,48.24797843665768,51.75202156334232
E00007546,185,114,71,61.62162162162163,38.37837837837838
E00007550,420,209,211,49.76190476190476,50.23809523809524
E00007551,315,165,150,52.38095238095239,47.61904761904761
E00007553,248,120,128,48.38709677419355,51.61290322580645
E00007562,308,166,142,53.896103896103895,46.103896103896105
E00007548,391,203,188,51.91815856777494,48.08184143222506
E00007549,333,170,163,51.051051051051054,48.94894894894895
E00007552,232,122,110,52.58620689655172,47.41379310344828
E00007555,348,181,167,52.01149425287356,47.98850574712644
E00007559,256,129,127,50.390625,49.609375
E00007547,300,156,144,52,48
E00007554,372,194,178,52.1505376344086,47.8494623655914
E00007557,276,144,132,52.17391304347826,47.82608695652174
E00007560,333,181,152,54.35435435435435,45.645645645645644
E00007561,324,157,167,48.45679012345679,51.54320987654321
E00007037,277,133,144,48.014440433213,51.985559566786996
E00007040,362,193,169,53.31491712707182,46.68508287292818
E00007041,353,194,159,54.95750708215298,45.04249291784703
E00007059,297,148,149,49.831649831649834,50.16835016835017
E00007070,319,185,134,57.993730407523515,42.00626959247649
E00007071,360,182,178,50.55555555555556,49.44444444444444
E00007042,346,186,160,53.75722543352601,46.24277456647399
E00007043,408,215,193,52.69607843137255,47.30392156862745
E00007044,329,178,151,54.1033434650456,45.8966565349544
E00007045,398,217,181,54.52261306532663,45.47738693467337
E00007073,301,162,139,53.820598006644516,46.179401993355484
E00007034,258,127,131,49.224806201550386,50.775193798449614
E00007036,334,181,153,54.191616766467064,45.808383233532936
E00007047,416,225,191,54.08653846153846,45.91346153846153
E00007049,442,233,209,52.71493212669684,47.28506787330316
E00178728,223,110,113,49.327354260089685,50.672645739910315
E00007539,375,205,170,54.666666666666664,45.33333333333333
E00007556,336,170,166,50.595238095238095,49.404761904761905
E00007558,505,262,243,51.881188118811885,48.118811881188115
E00007563,329,166,163,50.455927051671736,49.544072948328264
E00007570,418,235,183,56.2200956937799,43.7799043062201
E00007568,349,183,166,52.43553008595988,47.56446991404012
E00007571,270,138,132,51.11111111111111,48.888888888888886
E00171178,315,166,149,52.6984126984127,47.3015873015873
E00171180,343,163,180,47.521865889212826,52.47813411078717
E00171481,377,199,178,52.785145888594165,47.214854111405835
E00007573,444,217,227,48.873873873873876,51.126126126126124
E00007575,390,198,192,50.76923076923077,49.23076923076923
E00007576,274,140,134,51.09489051094891,48.9051094890511
E00007577,191,90,101,47.12041884816754,52.879581151832454
E00006953,351,170,181,48.433048433048434,51.566951566951566
E00006954,332,168,164,50.602409638554214,49.39759036144578
E00006955,321,166,155,51.71339563862928,48.28660436137071
E00006956,334,171,163,51.19760479041916,48.80239520958084
E00006958,356,177,179,49.71910112359551,50.28089887640449
E00006962,298,151,147,50.671140939597315,49.328859060402685
E00006963,514,248,266,48.249027237354085,51.75097276264592
E00006966,313,162,151,51.75718849840255,48.242811501597444
E00006952,291,170,121,58.4192439862543,41.580756013745706
E00006957,327,158,169,48.318042813455655,51.681957186544345
E00006959,280,150,130,53.57142857142857,46.42857142857143
E00006960,294,158,136,53.74149659863946,46.25850340136054
E00006961,370,208,162,56.21621621621622,43.78378378378379
E00006964,340,181,159,53.23529411764706,46.76470588235294
E00006965,330,175,155,53.03030303030303,46.96969696969697
E00006968,495,256,239,51.717171717171716,48.282828282828284
E00006969,347,176,171,50.720461095100866,49.279538904899134
E00006970,338,164,174,48.5207100591716,51.4792899408284
E00006949,365,186,179,50.95890410958904,49.04109589041096
E00006967,178,90,88,50.56179775280899,49.43820224719101
E00006971,306,154,152,50.326797385620914,49.673202614379086
E00006972,365,187,178,51.23287671232877,48.76712328767123
E00006973,490,227,263,46.326530612244895,53.673469387755105
E00007209,347,166,181,47.83861671469741,52.1613832853026
E00007235,342,175,167,51.16959064327485,48.83040935672515
E00007239,222,119,103,53.6036036036036,46.3963963963964
E00007245,249,129,120,51.80722891566265,48.19277108433735
E00007246,296,149,147,50.33783783783784,49.66216216216216
E00007241,367,178,189,48.501362397820166,51.49863760217984
E00007242,333,169,164,50.750750750750754,49.249249249249246
E00007243,312,171,141,54.807692307692314,45.19230769230769
E00007244,386,185,201,47.92746113989637,52.07253886010362
E00007760,290,149,141,51.37931034482759,48.62068965517241
E00007763,323,166,157,51.39318885448917,48.60681114551084
E00007765,358,190,168,53.072625698324025,46.927374301675975
E00007766,378,195,183,51.587301587301596,48.41269841269841
E00007775,313,176,137,56.23003194888179,43.76996805111821
E00007788,277,140,137,50.54151624548736,49.458483754512635
E00007789,338,181,157,53.55029585798816,46.44970414201183
E00007790,354,178,176,50.282485875706215,49.717514124293785
E00007791,296,162,134,54.729729729729726,45.27027027027027
E00007792,276,143,133,51.81159420289855,48.188405797101446
E00007767,432,207,225,47.91666666666667,52.083333333333336
E00007769,389,191,198,49.10025706940874,50.899742930591266
E00007771,375,198,177,52.800000000000004,47.199999999999996
E00178807,175,81,94,46.285714285714285,53.714285714285715
E00178848,514,244,270,47.47081712062256,52.52918287937744
E00007754,380,186,194,48.94736842105264,51.05263157894737
E00007755,306,163,143,53.26797385620915,46.73202614379085
E00007757,310,162,148,52.25806451612903,47.74193548387097
E00007758,285,148,137,51.92982456140351,48.07017543859649
E00007759,274,141,133,51.45985401459854,48.54014598540146
E00007762,218,105,113,48.1651376146789,51.8348623853211
E00007340,341,165,176,48.38709677419355,51.61290322580645
E00007343,378,197,181,52.116402116402114,47.883597883597886
E00007349,293,159,134,54.26621160409556,45.73378839590443
E00007350,424,234,190,55.188679245283026,44.81132075471698
E00007373,358,183,175,51.117318435754186,48.882681564245814
E00007337,379,187,192,49.340369393139845,50.65963060686016
E00007338,380,201,179,52.89473684210526,47.10526315789474
E00007341,412,221,191,53.640776699029125,46.359223300970875
E00007345,340,178,162,52.352941176470594,47.647058823529406
E00007351,412,213,199,51.69902912621359,48.30097087378641
E00007383,443,240,203,54.176072234762984,45.82392776523702
E00007384,395,215,180,54.43037974683544,45.56962025316456
E00007390,305,158,147,51.80327868852459,48.19672131147541
E00007398,406,209,197,51.47783251231527,48.52216748768473
E00007400,391,215,176,54.987212276214834,45.012787723785166
E00007387,346,186,160,53.75722543352601,46.24277456647399
E00007392,432,222,210,51.388888888888886,48.61111111111111
E00007395,346,178,168,51.445086705202314,48.554913294797686
E00007397,424,219,205,51.65094339622641,48.34905660377358
E00007407,340,167,173,49.11764705882353,50.882352941176464
E00007391,384,209,175,54.427083333333336,45.57291666666667
E00007393,274,147,127,53.64963503649635,46.35036496350365
E00007396,365,199,166,54.52054794520548,45.47945205479452
E00007404,395,204,191,51.64556962025316,48.35443037974684
E00007408,531,266,265,50.09416195856874,49.90583804143126
E00007248,313,174,139,55.59105431309904,44.40894568690096
E00007281,327,166,161,50.764525993883794,49.235474006116206
E00007282,439,225,214,51.252847380410024,48.747152619589976
E00007283,268,143,125,53.35820895522389,46.64179104477612
E00007285,376,199,177,52.92553191489362,47.07446808510639
E00007250,356,193,163,54.21348314606742,45.78651685393258
E00007251,317,172,145,54.25867507886435,45.74132492113564
E00007252,300,151,149,50.33333333333333,49.666666666666664
E00007287,552,270,282,48.91304347826087,51.08695652173913
E00007288,589,288,301,48.89643463497453,51.103565365025474
E00007249,407,210,197,51.5970515970516,48.402948402948404
E00007286,330,186,144,56.36363636363636,43.63636363636363
E00007289,379,178,201,46.965699208443276,53.03430079155673
E00007290,339,168,171,49.557522123893804,50.442477876106196
E00007344,324,173,151,53.39506172839506,46.60493827160494
E00007367,357,198,159,55.46218487394958,44.537815126050425
E00007372,422,222,200,52.60663507109005,47.39336492890995
E00007374,481,252,229,52.390852390852395,47.60914760914761
E00007385,346,169,177,48.84393063583815,51.15606936416185
E00007386,439,246,193,56.03644646924829,43.96355353075171
E00007388,362,188,174,51.93370165745856,48.06629834254144
E00007389,406,215,191,52.95566502463054,47.04433497536946
E00007394,429,238,191,55.47785547785548,44.52214452214452
E00007336,183,95,88,51.91256830601093,48.08743169398907
E00007347,222,115,107,51.80180180180181,48.1981981981982
E00007348,395,202,193,51.13924050632911,48.860759493670884
E00007352,181,107,74,59.11602209944752,40.88397790055249
E00007353,205,122,83,59.512195121951216,40.487804878048784
E00007405,458,226,232,49.34497816593886,50.65502183406113
E00007410,379,197,182,51.97889182058047,48.02110817941953
E00007411,375,200,175,53.333333333333336,46.666666666666664
E00007413,367,202,165,55.04087193460491,44.95912806539509
E00007414,275,150,125,54.54545454545454,45.45454545454545
E00007376,308,167,141,54.22077922077923,45.77922077922078
E00007379,364,185,179,50.824175824175825,49.175824175824175
E00007381,351,200,151,56.98005698005698,43.01994301994302
E00007382,292,159,133,54.45205479452054,45.54794520547945
E00171135,257,139,118,54.08560311284047,45.91439688715953
E00171136,336,181,155,53.86904761904761,46.13095238095239
E00171138,240,129,111,53.75,46.25
E00007378,408,204,204,50,50
E00007406,438,220,218,50.2283105022831,49.77168949771689
E00007409,424,215,209,50.70754716981132,49.29245283018868
E00007412,469,254,215,54.15778251599147,45.84221748400853
E00007415,301,175,126,58.139534883720934,41.86046511627907
E00171128,296,156,140,52.702702702702695,47.2972972972973
E00171130,299,165,134,55.18394648829431,44.81605351170568
E00171131,326,181,145,55.52147239263804,44.47852760736196
E00171133,284,156,128,54.929577464788736,45.07042253521127
E00171139,330,202,128,61.212121212121204,38.78787878787879
E00007399,438,235,203,53.65296803652968,46.34703196347032
E00007401,298,170,128,57.04697986577181,42.95302013422819
E00007402,325,189,136,58.15384615384615,41.84615384615385
E00007403,390,201,189,51.53846153846153,48.46153846153846
E00006974,383,191,192,49.869451697127936,50.13054830287206
E00006975,345,174,171,50.43478260869565,49.56521739130435
E00006976,382,189,193,49.47643979057592,50.523560209424076
E00006977,370,194,176,52.43243243243243,47.56756756756757
E00007420,440,228,212,51.81818181818182,48.18181818181818
E00007452,217,119,98,54.83870967741935,45.16129032258064
E00007453,340,174,166,51.17647058823529,48.8235294117647
E00007454,220,95,125,43.18181818181818,56.81818181818182
E00007456,386,204,182,52.84974093264248,47.15025906735752
E00007457,305,145,160,47.540983606557376,52.459016393442624
E00007427,385,194,191,50.38961038961038,49.61038961038961
E00007435,327,156,171,47.706422018348626,52.293577981651374
E00007455,383,198,185,51.697127937336816,48.30287206266319
E00007458,386,210,176,54.40414507772021,45.59585492227979
E00007419,308,153,155,49.67532467532468,50.324675324675326
E00007428,417,181,236,43.4052757793765,56.594724220623505
E00007429,324,166,158,51.23456790123457,48.76543209876543
E00007431,325,156,169,48,52
E00007443,527,259,268,49.146110056926,50.853889943074
E00007761,386,191,195,49.48186528497409,50.51813471502591
E00007764,402,215,187,53.482587064676615,46.517412935323385
E00007768,393,209,184,53.18066157760815,46.81933842239186
E00007772,354,185,169,52.259887005649716,47.740112994350284
E00007773,363,184,179,50.688705234159784,49.311294765840216
E00007075,378,191,187,50.52910052910053,49.47089947089947
E00007092,231,118,113,51.082251082251084,48.917748917748916
E00007094,372,200,172,53.76344086021505,46.236559139784944
E00007100,397,207,190,52.141057934508815,47.858942065491185
E00007102,354,204,150,57.6271186440678,42.3728813559322
E00007076,533,295,238,55.34709193245778,44.652908067542214
E00007089,356,181,175,50.84269662921348,49.157303370786515
E00007106,351,198,153,56.41025641025641,43.58974358974359
E00007115,367,190,177,51.771117166212534,48.228882833787466
E00007121,415,236,179,56.867469879518076,43.132530120481924
E00007103,288,142,146,49.30555555555556,50.69444444444444
E00007108,430,232,198,53.95348837209303,46.04651162790698
E00007109,372,195,177,52.41935483870967,47.58064516129033
E00007110,405,206,199,50.864197530864196,49.135802469135804
E00007112,231,117,114,50.649350649350644,49.35064935064935
E00007254,222,122,100,54.95495495495496,45.04504504504504
E00007255,364,192,172,52.74725274725275,47.25274725274725
E00007284,322,162,160,50.31055900621118,49.68944099378882
E00007291,338,175,163,51.77514792899408,48.22485207100592
E00007292,330,171,159,51.81818181818182,48.18181818181818
E00007257,438,229,209,52.28310502283106,47.71689497716895
E00007259,430,210,220,48.837209302325576,51.162790697674424
E00007261,448,240,208,53.57142857142857,46.42857142857143
E00007567,361,189,172,52.35457063711911,47.64542936288089
E00007578,391,211,180,53.96419437340153,46.03580562659847
E00007579,380,191,189,50.26315789473684,49.73684210526316
E00007580,358,181,177,50.5586592178771,49.44134078212291
E00007581,386,198,188,51.29533678756477,48.704663212435236
E00007596,353,172,181,48.725212464589234,51.27478753541076
E00007597,369,191,178,51.76151761517615,48.23848238482385
E00007598,402,207,195,51.49253731343284,48.507462686567166
E00007601,311,168,143,54.019292604501615,45.98070739549839
E00007599,317,176,141,55.520504731861195,44.479495268138805
E00007600,309,163,146,52.75080906148867,47.249190938511326
E00007602,304,149,155,49.01315789473684,50.98684210526315
E00007604,394,189,205,47.96954314720812,52.03045685279187
E00007606,340,181,159,53.23529411764706,46.76470588235294
E00007603,535,271,264,50.654205607476634,49.34579439252336
E00007608,392,207,185,52.806122448979586,47.19387755102041
E00007610,366,189,177,51.63934426229508,48.36065573770492
E00007612,369,178,191,48.23848238482385,51.76151761517615
E00007614,354,196,158,55.367231638418076,44.632768361581924
E00007615,365,196,169,53.6986301369863,46.3013698630137
E00007618,344,172,172,50,50
E00007620,344,180,164,52.32558139534884,47.674418604651166
E00007417,347,175,172,50.43227665706051,49.56772334293948
E00007418,369,190,179,51.490514905149055,48.509485094850945
E00007421,464,233,231,50.21551724137932,49.78448275862069
E00007423,337,168,169,49.85163204747774,50.14836795252226
E00007433,329,164,165,49.848024316109424,50.15197568389058
E00007430,326,169,157,51.84049079754601,48.15950920245399
E00007432,500,260,240,52,48
E00007436,322,163,159,50.621118012422365,49.378881987577635
E00007437,373,187,186,50.134048257372655,49.865951742627345
E00007440,315,164,151,52.06349206349207,47.93650793650794
E00007770,291,153,138,52.57731958762887,47.42268041237113
E00007774,355,187,168,52.67605633802817,47.32394366197183
E00007776,375,196,179,52.26666666666666,47.733333333333334
E00007781,354,184,170,51.9774011299435,48.0225988700565
E00007782,361,193,168,53.46260387811634,46.53739612188366
E00007753,338,177,161,52.366863905325445,47.633136094674555
E00007777,303,160,143,52.8052805280528,47.194719471947195
E00007778,344,171,173,49.7093023255814,50.2906976744186
E00007779,330,183,147,55.45454545454545,44.54545454545455
E00007780,363,183,180,50.413223140495866,49.586776859504134
E00007783,289,137,152,47.40484429065744,52.595155709342556
E00007784,408,211,197,51.71568627450981,48.28431372549019
E00007785,368,182,186,49.45652173913043,50.54347826086957
E00007786,282,134,148,47.5177304964539,52.4822695035461
E00007787,434,235,199,54.14746543778802,45.852534562211986
E00007096,250,138,112,55.2,44.800000000000004
E00007099,424,240,184,56.60377358490566,43.39622641509434
E00007107,298,171,127,57.38255033557047,42.61744966442953
E00171142,254,147,107,57.874015748031496,42.125984251968504
E00007101,301,162,139,53.820598006644516,46.179401993355484
E00007111,473,263,210,55.602536997885835,44.397463002114165
E00007113,359,193,166,53.760445682451255,46.239554317548745
E00007117,346,177,169,51.15606936416185,48.84393063583815
E00007119,341,173,168,50.733137829912025,49.266862170087975
E00007074,405,216,189,53.333333333333336,46.666666666666664
E00007079,259,121,138,46.71814671814672,53.28185328185329
E00007085,407,190,217,46.68304668304668,53.31695331695332
E00007086,383,200,183,52.219321148825074,47.78067885117493
E00007087,289,150,139,51.903114186851205,48.09688581314879
E00007093,166,96,70,57.831325301204814,42.168674698795186
E00007098,260,148,112,56.92307692307692,43.07692307692308
E00007105,329,174,155,52.88753799392097,47.11246200607903
E00171175,369,203,166,55.013550135501355,44.986449864498645
E00178729,337,184,153,54.59940652818991,45.40059347181009
E00178778,399,218,181,54.63659147869674,45.363408521303256
E00178880,466,249,217,53.43347639484979,46.56652360515021
E00007077,528,265,263,50.189393939393945,49.81060606060606
E00007114,416,232,184,55.769230769230774,44.230769230769226
E00007116,361,202,159,55.95567867036011,44.04432132963989
E00007120,345,184,161,53.333333333333336,46.666666666666664
E00007123,363,187,176,51.515151515151516,48.484848484848484
E00007253,440,229,211,52.04545454545455,47.95454545454545
E00007256,393,205,188,52.16284987277354,47.837150127226465
E00007258,351,184,167,52.42165242165242,47.57834757834758
E00007263,376,201,175,53.45744680851063,46.54255319148936
E00007260,470,230,240,48.93617021276596,51.06382978723404
E00007262,386,192,194,49.740932642487046,50.259067357512954
E00007269,328,155,173,47.256097560975604,52.743902439024396
E00007270,378,183,195,48.41269841269841,51.587301587301596
E00007265,343,165,178,48.10495626822158,51.89504373177842
E00007266,551,340,211,61.705989110707804,38.294010889292196
E00007267,418,206,212,49.282296650717704,50.717703349282296
E00007271,376,210,166,55.85106382978723,44.148936170212764
E00007275,313,184,129,58.78594249201278,41.21405750798722
E00007264,367,191,176,52.043596730245234,47.956403269754766
E00007268,360,177,183,49.166666666666664,50.83333333333333
E00007272,470,228,242,48.51063829787234,51.48936170212765
E00007273,339,200,139,58.99705014749262,41.00294985250738
E00007276,463,248,215,53.56371490280778,46.436285097192226
E00007422,389,192,197,49.3573264781491,50.6426735218509
E00007424,388,202,186,52.0618556701031,47.93814432989691
E00007425,364,191,173,52.472527472527474,47.527472527472526
E00007426,315,168,147,53.333333333333336,46.666666666666664
E00007434,440,209,231,47.5,52.5
E00007438,415,210,205,50.602409638554214,49.39759036144578
E00007441,373,190,183,50.93833780160858,49.06166219839142
E00007445,312,171,141,54.807692307692314,45.19230769230769
E00006926,352,182,170,51.70454545454546,48.29545454545455
E00006933,373,191,182,51.206434316353885,48.793565683646115
E00006935,373,188,185,50.402144772117964,49.597855227882036
E00006938,371,191,180,51.482479784366575,48.517520215633425
E00006943,392,194,198,49.48979591836735,50.51020408163265
E00007587,570,304,266,53.333333333333336,46.666666666666664
E00007588,413,209,204,50.60532687651331,49.39467312348668
E00007594,269,153,116,56.877323420074354,43.12267657992565
E00178731,436,238,198,54.58715596330275,45.412844036697244
E00007585,332,168,164,50.602409638554214,49.39759036144578
E00007589,314,162,152,51.59235668789809,48.40764331210191
E00007616,546,228,318,41.75824175824176,58.24175824175825
E00007619,310,151,159,48.70967741935484,51.29032258064517
E00007621,288,149,139,51.736111111111114,48.26388888888889
E00007586,396,202,194,51.010101010101,48.98989898989899
E00007590,625,336,289,53.76,46.239999999999995
E00007591,316,155,161,49.050632911392405,50.9493670886076
E00007595,389,198,191,50.899742930591266,49.10025706940874
E00007605,426,215,211,50.46948356807511,49.53051643192488
E00007607,518,244,274,47.10424710424711,52.8957528957529
E00007609,372,191,181,51.344086021505376,48.655913978494624
E00007613,371,181,190,48.78706199460917,51.21293800539084
E00007078,544,292,252,53.67647058823529,46.32352941176471
E00007082,229,124,105,54.14847161572053,45.851528384279476
E00007084,486,264,222,54.32098765432099,45.67901234567901
E00007118,249,130,119,52.208835341365464,47.791164658634536
E00007122,278,139,139,50,50
E00007080,302,156,146,51.65562913907284,48.34437086092716
E00007081,429,245,184,57.10955710955711,42.89044289044289
E00007083,409,190,219,46.454767726161364,53.54523227383863
E00007088,398,232,166,58.291457286432156,41.70854271356784
E00007090,330,182,148,55.15151515151515,44.84848484848485
E00007710,348,186,162,53.44827586206896,46.55172413793103
E00007718,370,179,191,48.37837837837838,51.621621621621614
E00007736,254,128,126,50.39370078740157,49.60629921259843
E00007742,484,245,239,50.6198347107438,49.3801652892562
E00178742,452,208,244,46.017699115044245,53.98230088495575
E00178755,325,165,160,50.76923076923077,49.23076923076923
E00007713,472,229,243,48.516949152542374,51.483050847457626
E00007719,410,199,211,48.536585365853654,51.463414634146346
E00007734,401,208,193,51.87032418952619,48.12967581047381
E00007746,432,211,221,48.842592592592595,51.157407407407405
E00007724,395,212,183,53.67088607594936,46.32911392405064
E00007729,459,248,211,54.03050108932462,45.969498910675384
E00007735,434,215,219,49.53917050691244,50.46082949308756
E00178794,465,180,285,38.70967741935484,61.29032258064516
E00178874,307,140,167,45.60260586319218,54.39739413680782
E00007728,352,178,174,50.56818181818182,49.43181818181818
E00007745,469,241,228,51.385927505330486,48.61407249466951
E00007751,398,207,191,52.01005025125628,47.98994974874372
E00171145,294,173,121,58.843537414965986,41.156462585034014
E00171147,364,202,162,55.494505494505496,44.505494505494504
E00171184,254,137,117,53.937007874015755,46.06299212598425
E00006927,451,228,223,50.554323725055426,49.44567627494457
E00006929,438,220,218,50.2283105022831,49.77168949771689
E00006939,219,117,102,53.42465753424658,46.57534246575342
E00006940,603,227,376,37.64510779436153,62.35489220563848
E00006944,285,154,131,54.03508771929825,45.96491228070175
E00006911,223,128,95,57.399103139013455,42.600896860986545
E00006912,396,220,176,55.55555555555556,44.44444444444444
E00006915,302,165,137,54.63576158940398,45.36423841059602
E00006928,381,210,171,55.118110236220474,44.881889763779526
E00006931,331,160,171,48.338368580060425,51.66163141993958
E00006920,438,226,212,51.598173515981735,48.401826484018265
E00006921,354,179,175,50.56497175141242,49.43502824858757
E00006924,350,180,170,51.42857142857142,48.57142857142857
E00006925,295,148,147,50.16949152542372,49.83050847457628
E00178763,353,174,179,49.29178470254957,50.70821529745042
E00178813,372,194,178,52.1505376344086,47.8494623655914
E00007444,324,159,165,49.074074074074076,50.92592592592593
E00007446,355,187,168,52.67605633802817,47.32394366197183
E00007448,356,186,170,52.24719101123596,47.752808988764045
E00007450,555,285,270,51.35135135135135,48.64864864864865
E00007708,351,189,162,53.84615384615385,46.15384615384615
E00007712,425,214,211,50.35294117647059,49.64705882352941
E00007739,446,229,217,51.34529147982063,48.654708520179376
E00007743,367,188,179,51.22615803814714,48.77384196185286
E00007715,379,198,181,52.242744063324544,47.75725593667546
E00007721,361,195,166,54.016620498614955,45.98337950138504
E00007722,400,206,194,51.5,48.5
E00007732,430,211,219,49.06976744186046,50.93023255813953
E00006922,333,185,148,55.55555555555556,44.44444444444444
E00006923,395,211,184,53.417721518987335,46.58227848101266
E00006932,329,172,157,52.27963525835866,47.72036474164133
E00006941,369,171,198,46.34146341463415,53.65853658536586
E00006946,391,197,194,50.38363171355499,49.61636828644501
E00006910,378,202,176,53.43915343915344,46.56084656084656
E00006914,279,142,137,50.89605734767025,49.10394265232975
E00006916,302,167,135,55.29801324503312,44.70198675496689
E00006936,331,174,157,52.567975830815705,47.43202416918429
E00006937,492,230,262,46.7479674796748,53.2520325203252
E00006917,338,169,169,50,50
E00006930,456,213,243,46.71052631578947,53.289473684210535
E00006934,408,206,202,50.49019607843137,49.50980392156863
E00006942,414,213,201,51.449275362318836,48.55072463768116
E00006947,355,183,172,51.54929577464789,48.45070422535211
E00006913,384,210,174,54.6875,45.3125
E00006918,374,192,182,51.33689839572193,48.663101604278076
E00006945,378,184,194,48.67724867724868,51.32275132275132
E00006948,325,167,158,51.38461538461539,48.61538461538461
E00007416,400,197,203,49.25,50.74999999999999
E00007439,315,160,155,50.79365079365079,49.2063492063492
E00007442,448,239,209,53.34821428571429,46.651785714285715
E00007447,375,192,183,51.2,48.8
E00007449,229,108,121,47.161572052401745,52.838427947598255
E00007451,456,233,223,51.09649122807017,48.90350877192983
E00007583,327,175,152,53.51681957186545,46.48318042813456
E00007584,337,174,163,51.632047477744806,48.367952522255194
E00007611,304,141,163,46.381578947368425,53.61842105263158
E00007617,315,166,149,52.6984126984127,47.3015873015873
E00178793,314,157,157,50,50
E00178802,187,85,102,45.45454545454545,54.54545454545454
E00178858,265,134,131,50.56603773584906,49.43396226415094
E00007274,337,164,173,48.6646884272997,51.33531157270029
E00007277,327,168,159,51.37614678899083,48.62385321100918
E00007278,380,210,170,55.26315789473685,44.73684210526316
E00007279,388,210,178,54.123711340206185,45.876288659793815
E00007280,357,197,160,55.182072829131656,44.81792717086835
E00007714,552,267,285,48.369565217391305,51.63043478260869
E00007717,335,177,158,52.83582089552239,47.16417910447761
E00007720,414,200,214,48.309178743961354,51.690821256038646
E00007750,452,238,214,52.654867256637175,47.34513274336283
E00007709,295,154,141,52.20338983050847,47.79661016949153
E00007716,342,187,155,54.67836257309941,45.32163742690059
E00007733,280,154,126,55.00000000000001,45
E00007738,239,124,115,51.88284518828452,48.11715481171548
E00007741,280,160,120,57.14285714285714,42.857142857142854
E00007747,366,202,164,55.19125683060109,44.80874316939891
E00007723,371,213,158,57.41239892183289,42.58760107816711
E00007730,218,127,91,58.256880733944946,41.74311926605505
E00007737,293,151,142,51.5358361774744,48.4641638225256
E00178768,317,191,126,60.252365930599375,39.74763406940063
E00178771,405,224,181,55.30864197530864,44.69135802469136
E00178805,333,182,151,54.65465465465466,45.34534534534534
E00178877,298,169,129,56.711409395973156,43.288590604026844
E00007711,355,187,168,52.67605633802817,47.32394366197183
E00007726,441,239,202,54.19501133786848,45.80498866213152
E00007727,504,280,224,55.55555555555556,44.44444444444444
E00007752,369,186,183,50.40650406504065,49.59349593495935
E00165799,402,216,186,53.73134328358209,46.26865671641791
