OA,ts0680001,ts0680002,ts0680003,ts0680002_PCT,ts0680003_PCT
E00162382,270,50,220,18.51851851851852,81.48148148148148
E00162383,352,66,286,18.75,81.25
E00162384,270,54,216,20,80
E00162385,253,49,204,19.367588932806324,80.63241106719367
E00162386,263,51,212,19.39163498098859,80.6083650190114
E00162387,174,28,146,16.091954022988507,83.9080459770115
E00162388,217,41,176,18.89400921658986,81.10599078341014
E00162389,256,41,215,16.015625,83.984375
E00162390,309,51,258,16.50485436893204,83.49514563106796
E00162391,145,19,126,13.10344827586207,86.89655172413792
E00162392,395,66,329,16.70886075949367,83.29113924050633
E00162393,116,17,99,14.655172413793101,85.34482758620689
E00162394,441,65,376,14.73922902494331,85.26077097505669
E00162395,152,27,125,17.763157894736842,82.23684210526315
E00162396,155,29,126,18.70967741935484,81.29032258064515
E00162397,295,45,250,15.254237288135593,84.7457627118644
E00162398,260,52,208,20,80
E00162399,159,22,137,13.836477987421384,86.16352201257862
E00162400,322,64,258,19.875776397515526,80.12422360248446
E00162401,276,42,234,15.217391304347828,84.78260869565217
E00162402,250,49,201,19.6,80.4
E00162403,339,60,279,17.699115044247787,82.30088495575221
E00162404,207,20,187,9.66183574879227,90.33816425120773
E00162407,302,38,264,12.582781456953644,87.41721854304636
E00162408,142,19,123,13.380281690140844,86.61971830985915
E00162409,377,48,329,12.73209549071618,87.26790450928382
E00162410,361,38,323,10.526315789473683,89.47368421052632
E00162411,294,46,248,15.646258503401361,84.35374149659864
E00162412,202,20,182,9.900990099009901,90.0990099009901
E00162413,231,27,204,11.688311688311687,88.31168831168831
E00162414,306,38,268,12.418300653594772,87.58169934640523
E00162415,385,44,341,11.428571428571429,88.57142857142857
E00162416,335,46,289,13.73134328358209,86.26865671641791
E00162417,215,49,166,22.790697674418606,77.20930232558139
E00162418,136,23,113,16.911764705882355,83.08823529411765
E00162419,277,28,249,10.108303249097473,89.89169675090253
E00162420,316,53,263,16.77215189873418,83.22784810126582
E00162421,347,46,301,13.256484149855908,86.74351585014409
E00162422,294,64,230,21.768707482993197,78.2312925170068
E00162423,237,54,183,22.78481012658228,77.21518987341773
E00162424,413,97,316,23.486682808716708,76.51331719128329
E00162425,246,39,207,15.853658536585366,84.14634146341463
E00162427,173,23,150,13.294797687861271,86.70520231213872
E00162428,153,26,127,16.99346405228758,83.00653594771242
E00162430,170,32,138,18.823529411764707,81.17647058823529
E00162431,289,40,249,13.84083044982699,86.159169550173
E00162432,267,26,241,9.737827715355806,90.2621722846442
E00162433,331,46,285,13.897280966767372,86.10271903323263
E00162434,273,59,214,21.611721611721613,78.3882783882784
E00162435,261,46,215,17.624521072796934,82.37547892720306
E00162436,499,68,431,13.627254509018035,86.37274549098196
E00162437,204,31,173,15.196078431372548,84.80392156862744
E00162439,406,75,331,18.472906403940886,81.5270935960591
E00162440,338,44,294,13.017751479289942,86.98224852071006
E00162441,218,21,197,9.63302752293578,90.36697247706422
E00162442,381,85,296,22.30971128608924,77.69028871391076
E00162443,267,50,217,18.726591760299627,81.27340823970037
E00162444,293,34,259,11.604095563139932,88.39590443686008
E00162445,318,39,279,12.264150943396226,87.73584905660378
E00162446,216,17,199,7.87037037037037,92.12962962962963
E00162447,291,45,246,15.463917525773196,84.5360824742268
E00162448,317,62,255,19.558359621451103,80.4416403785489
E00162449,258,32,226,12.4031007751938,87.59689922480621
E00162450,295,75,220,25.423728813559322,74.57627118644068
E00162451,285,35,250,12.280701754385964,87.71929824561403
E00162452,293,51,242,17.4061433447099,82.5938566552901
E00162453,281,54,227,19.217081850533805,80.78291814946618
E00162454,317,59,258,18.61198738170347,81.38801261829653
E00162455,346,34,312,9.826589595375722,90.17341040462428
E00162456,325,54,271,16.615384615384617,83.38461538461537
E00162457,234,23,211,9.82905982905983,90.17094017094017
E00162458,224,26,198,11.607142857142858,88.39285714285714
E00162459,178,10,168,5.617977528089887,94.3820224719101
E00162460,293,44,249,15.017064846416384,84.98293515358361
E00162461,326,33,293,10.122699386503067,89.87730061349694
E00162462,258,49,209,18.992248062015506,81.0077519379845
E00162463,203,30,173,14.77832512315271,85.22167487684729
E00162464,315,16,299,5.079365079365079,94.92063492063491
E00162465,222,25,197,11.26126126126126,88.73873873873875
E00162466,207,12,195,5.797101449275362,94.20289855072464
E00162467,183,19,164,10.382513661202186,89.61748633879782
E00162468,265,40,225,15.09433962264151,84.90566037735849
E00162469,232,29,203,12.5,87.5
E00162470,342,76,266,22.22222222222222,77.77777777777779
E00162471,290,39,251,13.448275862068964,86.55172413793103
E00162472,274,39,235,14.233576642335766,85.76642335766424
E00162473,268,48,220,17.91044776119403,82.08955223880598
E00162474,268,39,229,14.55223880597015,85.44776119402985
E00162475,294,38,256,12.925170068027212,87.07482993197279
E00162476,285,34,251,11.929824561403509,88.0701754385965
E00162477,321,58,263,18.06853582554517,81.93146417445483
E00162478,405,64,341,15.802469135802468,84.19753086419753
E00162479,280,44,236,15.714285714285714,84.28571428571429
E00162480,367,54,313,14.713896457765669,85.28610354223434
E00162481,231,39,192,16.883116883116884,83.11688311688312
E00162482,366,68,298,18.579234972677597,81.4207650273224
E00162483,315,51,264,16.19047619047619,83.80952380952381
E00162484,288,39,249,13.541666666666666,86.45833333333334
E00162486,197,29,168,14.720812182741117,85.27918781725889
E00162487,212,35,177,16.50943396226415,83.49056603773585
E00162488,324,65,259,20.061728395061728,79.93827160493827
E00162489,277,35,242,12.63537906137184,87.36462093862815
E00162490,328,73,255,22.25609756097561,77.7439024390244
E00162491,325,71,254,21.846153846153847,78.15384615384615
E00162492,269,39,230,14.49814126394052,85.50185873605948
E00162493,262,36,226,13.740458015267176,86.25954198473282
E00162494,251,39,212,15.53784860557769,84.4621513944223
E00162495,268,29,239,10.820895522388058,89.17910447761194
E00162496,357,46,311,12.885154061624648,87.11484593837535
E00162497,272,44,228,16.176470588235293,83.82352941176471
E00162498,297,58,239,19.52861952861953,80.47138047138047
E00162499,262,63,199,24.045801526717558,75.95419847328245
E00162500,315,48,267,15.238095238095239,84.76190476190476
E00162501,217,35,182,16.129032258064516,83.87096774193549
E00162502,224,24,200,10.714285714285714,89.28571428571429
E00162503,268,50,218,18.65671641791045,81.34328358208955
E00162504,315,61,254,19.365079365079367,80.63492063492063
E00162505,265,43,222,16.22641509433962,83.77358490566039
E00162506,177,15,162,8.47457627118644,91.52542372881356
E00162508,313,38,275,12.140575079872203,87.8594249201278
E00162509,305,62,243,20.327868852459016,79.67213114754098
E00162510,430,47,383,10.930232558139535,89.06976744186046
E00162511,308,35,273,11.363636363636363,88.63636363636364
E00162512,304,74,230,24.342105263157894,75.6578947368421
E00162513,221,26,195,11.76470588235294,88.23529411764706
E00162514,246,28,218,11.38211382113821,88.6178861788618
E00162515,295,27,268,9.152542372881356,90.84745762711864
E00162516,289,51,238,17.647058823529413,82.35294117647058
E00162517,297,58,239,19.52861952861953,80.47138047138047
E00162518,195,19,176,9.7435897435897445,90.25641025641026
E00162520,314,41,273,13.05732484076433,86.94267515923568
E00162521,287,46,241,16.02787456445993,83.97212543554006
E00162523,257,37,220,14.396887159533073,85.60311284046692
E00162524,285,46,239,16.140350877192983,83.85964912280703
E00162525,254,42,212,16.535433070866144,83.46456692913385
E00162526,253,36,217,14.229249011857709,85.7707509881423
E00162527,247,49,198,19.838056680161944,80.16194331983806
E00162528,237,36,201,15.18987341772152,84.81012658227847
E00162529,250,41,209,16.400000000000002,83.6
E00162530,225,22,203,9.777777777777779,90.22222222222223
E00162531,217,32,185,14.746543778801843,85.25345622119815
E00162532,286,36,250,12.587412587412588,87.41258741258741
E00162533,244,36,208,14.754098360655737,85.24590163934425
E00162534,233,41,192,17.59656652360515,82.40343347639485
E00162535,266,40,226,15.037593984962406,84.9624060150376
E00162536,185,29,156,15.675675675675677,84.32432432432432
E00162537,446,64,382,14.349775784753364,85.65022421524664
E00162538,367,66,301,17.983651226158038,82.01634877384197
E00162539,509,99,410,19.44990176817289,80.55009823182712
E00162540,173,28,145,16.184971098265898,83.8150289017341
E00162541,235,24,211,10.212765957446807,89.7872340425532
E00162542,487,86,401,17.659137577002053,82.34086242299796
E00162543,294,47,247,15.98639455782313,84.01360544217688
E00162544,266,31,235,11.654135338345863,88.34586466165413
E00162545,305,34,271,11.147540983606557,88.85245901639345
E00162546,244,20,224,8.19672131147541,91.80327868852459
E00162547,487,116,371,23.81930184804928,76.18069815195072
E00162548,281,41,240,14.590747330960854,85.40925266903915
E00162549,234,19,215,8.11965811965812,91.88034188034187
E00162550,257,27,230,10.505836575875486,89.49416342412452
E00162551,254,32,222,12.598425196850393,87.4015748031496
E00162552,304,35,269,11.513157894736842,88.48684210526315
E00162553,255,24,231,9.411764705882353,90.58823529411765
E00162554,177,29,148,16.38418079096045,83.61581920903954
E00162555,314,49,265,15.605095541401273,84.39490445859873
E00162556,300,62,238,20.666666666666668,79.33333333333333
E00162557,286,33,253,11.538461538461538,88.46153846153845
E00162558,300,62,238,20.666666666666668,79.33333333333333
E00162559,336,37,299,11.011904761904761,88.98809523809523
E00162560,303,53,250,17.491749174917494,82.50825082508251
E00162561,320,59,261,18.4375,81.5625
E00162562,292,54,238,18.493150684931507,81.5068493150685
E00162563,237,22,215,9.282700421940929,90.71729957805907
E00162564,317,50,267,15.772870662460567,84.22712933753942
E00162565,311,58,253,18.64951768488746,81.35048231511254
E00162566,382,44,338,11.518324607329843,88.48167539267016
E00162567,373,50,323,13.404825737265416,86.59517426273459
E00162568,319,57,262,17.86833855799373,82.13166144200626
E00162569,349,80,269,22.922636103151863,77.07736389684814
E00162570,251,45,206,17.928286852589643,82.07171314741036
E00162571,386,65,321,16.83937823834197,83.16062176165802
E00162572,272,38,234,13.970588235294118,86.02941176470588
E00162573,279,43,236,15.412186379928317,84.58781362007169
E00162575,268,34,234,12.686567164179104,87.31343283582089
E00162578,288,41,247,14.23611111111111,85.76388888888889
E00162579,262,33,229,12.595419847328243,87.40458015267176
E00162580,416,82,334,19.71153846153846,80.28846153846155
E00162582,374,59,315,15.775401069518717,84.22459893048129
E00162583,287,48,239,16.72473867595819,83.27526132404182
E00162584,262,32,230,12.213740458015266,87.78625954198473
E00162585,233,34,199,14.592274678111588,85.40772532188842
E00162586,297,28,269,9.427609427609427,90.57239057239057
E00162587,415,73,342,17.59036144578313,82.40963855421687
E00162588,155,13,142,8.38709677419355,91.61290322580645
E00162589,372,65,307,17.473118279569892,82.52688172043011
E00162590,144,33,111,22.916666666666664,77.08333333333334
E00162591,241,44,197,18.25726141078838,81.74273858921161
E00162592,361,68,293,18.83656509695291,81.16343490304709
E00162593,212,36,176,16.9811320754717,83.01886792452831
E00162595,296,49,247,16.554054054054053,83.44594594594594
E00162596,281,48,233,17.08185053380783,82.91814946619218
E00162600,339,68,271,20.058997050147493,79.9410029498525
E00162601,338,108,230,31.952662721893493,68.04733727810651
E00162602,375,105,270,28.000000000000004,72
E00162603,412,156,256,37.86407766990291,62.13592233009708
E00162604,293,66,227,22.525597269624573,77.47440273037543
E00162605,302,73,229,24.17218543046358,75.82781456953643
E00162606,376,82,294,21.808510638297875,78.19148936170212
E00162607,267,45,222,16.853932584269664,83.14606741573034
E00162608,568,124,444,21.830985915492956,78.16901408450704
E00162610,296,63,233,21.283783783783782,78.71621621621621
E00162611,491,117,374,23.828920570264767,76.17107942973523
E00162614,154,20,134,12.987012987012985,87.01298701298701
E00162615,365,56,309,15.342465753424658,84.65753424657534
E00162616,146,32,114,21.91780821917808,78.08219178082192
E00162617,376,80,296,21.27659574468085,78.72340425531915
E00162618,285,40,245,14.035087719298245,85.96491228070175
E00162619,221,30,191,13.574660633484163,86.42533936651584
E00162620,227,22,205,9.691629955947137,90.30837004405286
E00162621,119,14,105,11.76470588235294,88.23529411764706
E00162622,314,64,250,20.382165605095544,79.61783439490446
E00162623,246,45,201,18.29268292682927,81.70731707317073
E00162624,174,19,155,10.919540229885058,89.08045977011494
E00162625,250,42,208,16.8,83.2
E00162626,328,47,281,14.329268292682926,85.67073170731707
E00162627,187,20,167,10.695187165775401,89.3048128342246
E00162628,379,66,313,17.41424802110818,82.58575197889182
E00162629,259,43,216,16.602316602316602,83.3976833976834
E00162630,307,50,257,16.286644951140065,83.71335504885994
E00162631,267,36,231,13.48314606741573,86.51685393258427
E00162632,337,69,268,20.474777448071215,79.52522255192879
E00162633,146,16,130,10.95890410958904,89.04109589041096
E00162634,196,30,166,15.306122448979592,84.6938775510204
E00162635,348,64,284,18.39080459770115,81.60919540229885
E00162636,344,60,284,17.441860465116278,82.55813953488372
E00162637,359,60,299,16.71309192200557,83.28690807799443
E00162638,334,73,261,21.856287425149702,78.1437125748503
E00162639,297,61,236,20.53872053872054,79.46127946127946
E00162640,426,87,339,20.422535211267608,79.5774647887324
E00162641,344,62,282,18.023255813953487,81.97674418604652
E00162642,341,61,280,17.888563049853374,82.11143695014663
E00162643,380,63,317,16.57894736842105,83.42105263157895
E00162644,302,47,255,15.562913907284766,84.43708609271523
E00162645,249,38,211,15.261044176706829,84.73895582329317
E00162646,456,93,363,20.394736842105264,79.60526315789474
E00162647,258,60,198,23.25581395348837,76.74418604651163
E00162648,321,49,272,15.264797507788161,84.73520249221184
E00162649,254,46,208,18.11023622047244,81.88976377952756
E00162650,274,48,226,17.51824817518248,82.48175182481752
E00162651,331,56,275,16.91842900302115,83.08157099697885
E00162652,293,52,241,17.747440273037544,82.25255972696246
E00162653,264,44,220,16.666666666666664,83.33333333333334
E00162654,295,22,273,7.457627118644068,92.54237288135593
E00162655,328,76,252,23.170731707317074,76.82926829268293
E00162656,417,53,364,12.709832134292565,87.29016786570743
E00162657,261,34,227,13.026819923371647,86.97318007662835
E00162658,352,63,289,17.897727272727273,82.10227272727273
E00162659,335,82,253,24.47761194029851,75.5223880597015
E00162660,291,57,234,19.587628865979383,80.41237113402062
E00162661,304,64,240,21.052631578947366,78.94736842105263
E00162663,107,11,96,10.2803738317757,89.7196261682243
E00162664,298,42,256,14.093959731543624,85.90604026845638
E00162665,205,25,180,12.195121951219512,87.8048780487805
E00162666,327,46,281,14.067278287461773,85.93272171253822
E00162667,242,31,211,12.8099173553719,87.19008264462809
E00162668,225,48,177,21.333333333333336,78.66666666666666
E00162669,186,44,142,23.655913978494624,76.34408602150538
E00162670,343,65,278,18.950437317784257,81.04956268221575
E00162672,403,72,331,17.866004962779154,82.13399503722084
E00162673,419,58,361,13.842482100238662,86.15751789976133
E00162674,178,41,137,23.03370786516854,76.96629213483146
E00162675,287,37,250,12.89198606271777,87.10801393728222
E00162676,430,62,368,14.418604651162791,85.5813953488372
E00162677,301,41,260,13.621262458471762,86.37873754152824
E00162678,271,48,223,17.712177121771216,82.28782287822878
E00162679,468,72,396,15.384615384615385,84.61538461538461
E00162680,147,32,115,21.768707482993197,78.2312925170068
E00162681,157,20,137,12.738853503184714,87.26114649681529
E00162682,270,42,228,15.555555555555555,84.44444444444444
E00162683,550,109,441,19.818181818181817,80.18181818181817
E00162684,274,50,224,18.248175182481752,81.75182481751825
E00162685,360,49,311,13.61111111111111,86.38888888888889
E00162686,400,71,329,17.75,82.25
E00162688,419,89,330,21.241050119331742,78.75894988066825
E00162689,364,43,321,11.813186813186812,88.18681318681318
E00162690,233,34,199,14.592274678111588,85.40772532188842
E00162691,524,104,420,19.84732824427481,80.1526717557252
E00162692,339,39,300,11.504424778761061,88.49557522123894
E00162693,267,53,214,19.850187265917604,80.14981273408239
E00162694,277,45,232,16.24548736462094,83.75451263537906
E00162695,258,55,203,21.31782945736434,78.68217054263566
E00162696,283,44,239,15.547703180212014,84.45229681978799
E00162697,235,37,198,15.74468085106383,84.25531914893617
E00162699,573,322,251,56.195462478184986,43.80453752181501
E00162701,222,22,200,9.90990990990991,90.09009009009009
E00162704,471,115,356,24.416135881104033,75.58386411889597
E00162705,450,72,378,16,84
E00162706,315,63,252,20,80
E00162708,304,39,265,12.828947368421053,87.17105263157895
E00162709,280,14,266,5,95
E00162710,259,16,243,6.177606177606178,93.82239382239382
E00162711,190,16,174,8.421052631578947,91.57894736842105
E00162712,266,51,215,19.172932330827066,80.82706766917293
E00162713,229,20,209,8.73362445414847,91.26637554585153
E00162714,223,21,202,9.417040358744394,90.5829596412556
E00162715,211,23,188,10.90047393364929,89.0995260663507
E00162716,282,38,244,13.47517730496454,86.52482269503547
E00162717,212,40,172,18.867924528301888,81.13207547169812
E00162718,317,50,267,15.772870662460567,84.22712933753942
E00162719,261,44,217,16.85823754789272,83.14176245210729
E00162721,279,49,230,17.562724014336915,82.43727598566308
E00162723,244,39,205,15.983606557377051,84.01639344262296
E00162724,290,45,245,15.517241379310345,84.48275862068965
E00162725,259,24,235,9.266409266409266,90.73359073359073
E00162726,257,29,228,11.284046692607005,88.715953307393
E00162727,433,74,359,17.090069284064665,82.90993071593533
E00162728,332,45,287,13.55421686746988,86.44578313253012
E00162729,330,45,285,13.636363636363635,86.36363636363636
E00162730,279,40,239,14.336917562724013,85.66308243727599
E00162731,378,65,313,17.195767195767196,82.8042328042328
E00162734,222,33,189,14.864864864864865,85.13513513513513
E00162735,392,50,342,12.755102040816327,87.24489795918367
E00162736,298,52,246,17.449664429530202,82.5503355704698
E00162737,266,44,222,16.541353383458645,83.45864661654136
E00162738,216,26,190,12.037037037037036,87.96296296296296
E00162739,284,37,247,13.028169014084506,86.97183098591549
E00162740,357,54,303,15.126050420168067,84.87394957983193
E00162741,420,99,321,23.57142857142857,76.42857142857142
E00162742,308,56,252,18.181818181818183,81.81818181818183
E00162743,330,53,277,16.060606060606062,83.93939393939394
E00162744,302,55,247,18.211920529801322,81.78807947019867
E00162745,359,78,281,21.72701949860724,78.27298050139275
E00162746,242,43,199,17.768595041322314,82.23140495867769
E00162747,219,22,197,10.045662100456621,89.95433789954338
E00162748,337,69,268,20.474777448071215,79.52522255192879
E00162749,342,73,269,21.34502923976608,78.65497076023392
E00162750,360,104,256,28.888888888888886,71.11111111111111
E00162751,270,44,226,16.296296296296298,83.7037037037037
E00162752,308,45,263,14.61038961038961,85.3896103896104
E00162753,287,50,237,17.421602787456447,82.57839721254355
E00162754,336,64,272,19.047619047619047,80.95238095238095
E00162756,285,44,241,15.43859649122807,84.56140350877193
E00162757,359,69,290,19.220055710306408,80.77994428969359
E00162758,278,38,240,13.66906474820144,86.33093525179856
E00162759,264,39,225,14.772727272727273,85.22727272727273
E00162760,499,119,380,23.847695390781563,76.15230460921843
E00162761,275,47,228,17.09090909090909,82.9090909090909
E00162762,263,44,219,16.730038022813687,83.26996197718631
E00162763,333,68,265,20.42042042042042,79.57957957957959
E00162764,360,51,309,14.166666666666666,85.83333333333333
E00162765,320,75,245,23.4375,76.5625
E00162766,424,73,351,17.21698113207547,82.78301886792453
E00162767,256,52,204,20.3125,79.6875
E00162768,314,54,260,17.197452229299362,82.80254777070064
E00162769,196,35,161,17.857142857142858,82.14285714285714
E00162770,303,44,259,14.521452145214523,85.47854785478548
E00162771,228,18,210,7.894736842105263,92.10526315789474
E00162773,327,44,283,13.455657492354739,86.54434250764525
E00162775,347,62,285,17.86743515850144,82.13256484149855
E00162776,338,76,262,22.485207100591715,77.51479289940828
E00162777,255,46,209,18.03921568627451,81.96078431372548
E00162778,265,17,248,6.415094339622642,93.58490566037736
E00162779,289,58,231,20.069204152249135,79.93079584775087
E00162780,276,46,230,16.666666666666664,83.33333333333334
E00162781,371,104,267,28.03234501347709,71.96765498652292
E00162782,432,73,359,16.89814814814815,83.10185185185185
E00162783,219,26,193,11.87214611872146,88.12785388127854
E00162784,264,38,226,14.393939393939394,85.60606060606061
E00162785,300,67,233,22.333333333333332,77.66666666666666
E00162786,319,45,274,14.106583072100312,85.8934169278997
E00162788,204,25,179,12.254901960784313,87.74509803921569
E00162789,307,53,254,17.263843648208468,82.73615635179154
E00162790,341,56,285,16.422287390029325,83.57771260997067
E00162791,326,78,248,23.92638036809816,76.07361963190185
E00162792,301,48,253,15.946843853820598,84.0531561461794
E00162793,297,51,246,17.17171717171717,82.82828282828282
E00162794,266,25,241,9.398496240601503,90.6015037593985
E00162795,279,42,237,15.053763440860216,84.94623655913979
E00162796,255,37,218,14.50980392156863,85.49019607843137
E00162797,251,17,234,6.772908366533864,93.22709163346613
E00162798,266,33,233,12.406015037593985,87.59398496240601
E00162800,306,43,263,14.052287581699346,85.94771241830065
E00162801,473,125,348,26.42706131078224,73.57293868921776
E00162802,297,54,243,18.181818181818183,81.81818181818183
E00162803,366,69,297,18.852459016393443,81.14754098360656
E00162804,422,106,316,25.118483412322274,74.88151658767772
E00162805,310,61,249,19.67741935483871,80.3225806451613
E00162806,344,71,273,20.63953488372093,79.36046511627907
E00162807,243,41,202,16.872427983539097,83.1275720164609
E00162808,293,49,244,16.723549488054605,83.27645051194538
E00162809,208,25,183,12.01923076923077,87.98076923076923
E00162810,405,78,327,19.25925925925926,80.74074074074075
E00162811,321,51,270,15.887850467289718,84.11214953271028
E00162813,324,52,272,16.049382716049383,83.9506172839506
E00162814,371,65,306,17.52021563342318,82.47978436657682
E00162815,244,37,207,15.163934426229508,84.8360655737705
E00162816,257,35,222,13.618677042801556,86.38132295719845
E00162817,311,46,265,14.790996784565916,85.20900321543408
E00162818,228,26,202,11.403508771929824,88.59649122807018
E00162819,246,34,212,13.821138211382115,86.1788617886179
E00162820,233,29,204,12.446351931330472,87.55364806866953
E00162821,236,42,194,17.796610169491526,82.20338983050848
E00162822,227,41,186,18.06167400881057,81.93832599118943
E00162823,298,55,243,18.456375838926174,81.54362416107382
E00162824,319,51,268,15.987460815047022,84.01253918495298
E00162825,258,57,201,22.093023255813954,77.90697674418605
E00162826,527,111,416,21.062618595825427,78.93738140417457
E00162827,243,47,196,19.34156378600823,80.65843621399176
E00162828,253,58,195,22.92490118577075,77.07509881422925
E00162829,252,34,218,13.492063492063492,86.5079365079365
E00162830,264,44,220,16.666666666666664,83.33333333333334
E00162831,309,67,242,21.68284789644013,78.31715210355988
E00162832,296,77,219,26.013513513513516,73.98648648648648
E00162833,311,52,259,16.720257234726688,83.27974276527331
E00162834,285,40,245,14.035087719298245,85.96491228070175
E00162835,217,36,181,16.589861751152075,83.41013824884793
E00162836,207,37,170,17.874396135265698,82.1256038647343
E00162837,224,29,195,12.946428571428573,87.05357142857143
E00162838,331,58,273,17.522658610271904,82.4773413897281
E00162839,293,45,248,15.358361774744028,84.64163822525597
E00162840,286,37,249,12.937062937062937,87.06293706293707
E00162841,220,29,191,13.18181818181818,86.81818181818181
E00162842,277,46,231,16.60649819494585,83.39350180505414
E00162843,316,75,241,23.734177215189874,76.26582278481013
E00162844,292,40,252,13.698630136986301,86.3013698630137
E00162846,255,79,176,30.980392156862745,69.01960784313725
E00162847,275,43,232,15.636363636363637,84.36363636363636
E00162848,314,46,268,14.64968152866242,85.35031847133759
E00162849,298,50,248,16.778523489932887,83.22147651006712
E00162850,326,47,279,14.417177914110429,85.58282208588957
E00162851,294,51,243,17.346938775510203,82.6530612244898
E00162853,186,26,160,13.978494623655912,86.02150537634408
E00162854,245,37,208,15.10204081632653,84.89795918367346
E00162855,262,32,230,12.213740458015266,87.78625954198473
E00162856,222,27,195,12.162162162162163,87.83783783783784
E00162857,354,67,287,18.926553672316384,81.07344632768361
E00162858,296,50,246,16.89189189189189,83.1081081081081
E00162859,264,45,219,17.045454545454543,82.95454545454545
E00162860,299,63,236,21.070234113712374,78.92976588628763
E00162861,278,41,237,14.748201438848922,85.25179856115108
E00162862,323,61,262,18.885448916408667,81.11455108359134
E00162863,295,43,252,14.576271186440678,85.42372881355932
E00162864,265,44,221,16.60377358490566,83.39622641509435
E00162865,509,147,362,28.880157170923383,71.11984282907662
E00162866,187,30,157,16.042780748663102,83.9572192513369
E00162867,257,30,227,11.673151750972762,88.32684824902724
E00162868,335,73,262,21.791044776119403,78.2089552238806
E00162869,312,57,255,18.269230769230766,81.73076923076923
E00162870,320,54,266,16.875,83.125
E00162871,287,30,257,10.452961672473867,89.54703832752612
E00162872,254,40,214,15.748031496062993,84.25196850393701
E00162873,279,34,245,12.186379928315413,87.81362007168458
E00162874,255,38,217,14.901960784313726,85.09803921568627
E00162875,333,41,292,12.312312312312311,87.68768768768768
E00162876,240,38,202,15.833333333333332,84.16666666666667
E00162877,191,27,164,14.136125654450263,85.86387434554975
E00162878,218,24,194,11.009174311926607,88.9908256880734
E00162879,295,44,251,14.915254237288137,85.08474576271186
E00162880,398,62,336,15.577889447236181,84.42211055276381
E00162881,358,76,282,21.22905027932961,78.77094972067039
E00162882,532,85,447,15.977443609022558,84.02255639097744
E00162883,220,37,183,16.818181818181817,83.18181818181817
E00162884,315,53,262,16.825396825396826,83.17460317460318
E00162886,261,44,217,16.85823754789272,83.14176245210729
E00162887,306,46,260,15.032679738562091,84.9673202614379
E00162888,106,21,85,19.81132075471698,80.18867924528303
E00162889,249,35,214,14.056224899598394,85.94377510040161
E00162890,355,61,294,17.183098591549296,82.8169014084507
E00162891,358,54,304,15.083798882681565,84.91620111731844
E00162892,285,53,232,18.596491228070175,81.40350877192982
E00162893,494,95,399,19.230769230769234,80.76923076923077
E00162894,307,48,259,15.63517915309446,84.36482084690554
E00162895,569,122,447,21.441124780316343,78.55887521968366
E00162896,320,59,261,18.4375,81.5625
E00162897,316,49,267,15.50632911392405,84.49367088607595
E00162898,313,40,273,12.779552715654951,87.22044728434504
E00162899,157,24,133,15.286624203821656,84.71337579617835
E00162900,188,41,147,21.808510638297875,78.19148936170212
E00162901,338,51,287,15.088757396449704,84.91124260355029
E00162902,347,57,290,16.42651296829971,83.5734870317003
E00162903,446,83,363,18.609865470852018,81.39013452914799
E00162904,323,53,270,16.408668730650156,83.59133126934985
E00162905,231,30,201,12.987012987012985,87.01298701298701
E00162906,407,48,359,11.793611793611793,88.20638820638821
E00162907,423,73,350,17.257683215130022,82.74231678486997
E00162908,471,102,369,21.656050955414013,78.343949044586
E00162909,385,49,336,12.727272727272727,87.27272727272727
E00162910,332,54,278,16.265060240963855,83.73493975903614
E00162911,283,33,250,11.66077738515901,88.33922261484098
E00162912,435,109,326,25.057471264367813,74.94252873563218
E00162913,296,47,249,15.878378378378377,84.12162162162163
E00162915,218,44,174,20.18348623853211,79.81651376146789
E00162916,269,27,242,10.037174721189592,89.96282527881041
E00162917,262,21,241,8.015267175572518,91.98473282442748
E00162918,338,52,286,15.384615384615385,84.61538461538461
E00162919,263,59,204,22.433460076045627,77.56653992395437
E00162920,253,19,234,7.5098814229249005,92.4901185770751
E00162921,259,25,234,9.652509652509652,90.34749034749035
E00162922,362,90,272,24.861878453038674,75.13812154696133
E00162923,254,37,217,14.566929133858267,85.43307086614173
E00162924,260,40,220,15.384615384615385,84.61538461538461
E00162926,232,49,183,21.120689655172413,78.87931034482759
E00162927,168,0,168,0,100
E00162928,203,10,193,4.926108374384237,95.07389162561576
E00162929,181,29,152,16.022099447513813,83.97790055248619
E00162930,308,62,246,20.12987012987013,79.87012987012987
E00162931,275,36,239,13.090909090909092,86.9090909090909
E00162932,335,74,261,22.08955223880597,77.91044776119404
E00162933,335,60,275,17.91044776119403,82.08955223880598
E00162934,240,18,222,7.5,92.5
E00162935,272,33,239,12.132352941176471,87.86764705882352
E00162936,279,46,233,16.48745519713262,83.51254480286738
E00162938,332,66,266,19.879518072289155,80.12048192771084
E00162939,258,49,209,18.992248062015506,81.0077519379845
E00162940,385,78,307,20.259740259740262,79.74025974025975
E00162941,461,110,351,23.861171366594363,76.13882863340564
E00162942,329,42,287,12.76595744680851,87.2340425531915
E00162943,316,59,257,18.670886075949365,81.32911392405063
E00162944,414,114,300,27.536231884057973,72.46376811594203
E00162945,341,60,281,17.595307917888565,82.40469208211144
E00162946,274,42,232,15.328467153284672,84.67153284671532
E00162947,244,47,197,19.262295081967213,80.73770491803278
E00162948,265,47,218,17.735849056603772,82.26415094339623
E00162949,409,77,332,18.82640586797066,81.17359413202934
E00162950,358,58,300,16.201117318435752,83.79888268156425
E00162951,372,38,334,10.21505376344086,89.78494623655914
E00162952,312,51,261,16.346153846153847,83.65384615384616
E00162953,424,72,352,16.9811320754717,83.01886792452831
E00162955,260,32,228,12.307692307692308,87.6923076923077
E00162956,258,24,234,9.30232558139535,90.69767441860465
E00162957,296,39,257,13.175675675675674,86.82432432432432
E00162958,291,55,236,18.900343642611684,81.09965635738831
E00162959,205,15,190,7.317073170731707,92.6829268292683
E00162960,295,47,248,15.932203389830507,84.06779661016948
E00162961,258,36,222,13.953488372093023,86.04651162790698
E00162962,279,65,214,23.297491039426525,76.70250896057348
E00162963,294,51,243,17.346938775510203,82.6530612244898
E00162964,245,36,209,14.69387755102041,85.3061224489796
E00162965,344,65,279,18.8953488372093,81.1046511627907
E00162966,267,34,233,12.734082397003746,87.26591760299625
E00162967,293,41,252,13.993174061433447,86.00682593856655
E00162968,366,74,292,20.21857923497268,79.78142076502732
E00162970,340,61,279,17.941176470588236,82.05882352941177
E00162971,334,49,285,14.67065868263473,85.32934131736528
E00162972,278,38,240,13.66906474820144,86.33093525179856
E00162973,445,54,391,12.134831460674157,87.86516853932585
E00162974,313,47,266,15.015974440894569,84.98402555910543
E00162975,282,62,220,21.98581560283688,78.01418439716312
E00162976,236,30,206,12.711864406779661,87.28813559322035
E00162977,342,52,290,15.204678362573098,84.7953216374269
E00162978,339,60,279,17.699115044247787,82.30088495575221
E00162979,349,53,296,15.18624641833811,84.81375358166189
E00162980,283,53,230,18.727915194346288,81.2720848056537
E00162981,279,57,222,20.43010752688172,79.56989247311827
E00162982,348,100,248,28.735632183908045,71.26436781609196
E00162983,322,66,256,20.496894409937887,79.5031055900621
E00162984,319,58,261,18.181818181818183,81.81818181818183
E00162985,200,29,171,14.499999999999998,85.5
E00162986,375,51,324,13.600000000000001,86.4
E00162987,269,65,204,24.1635687732342,75.8364312267658
E00162988,287,28,259,9.75609756097561,90.2439024390244
E00162989,296,61,235,20.60810810810811,79.3918918918919
E00162990,315,60,255,19.047619047619047,80.95238095238095
E00162991,115,14,101,12.173913043478262,87.82608695652175
E00162993,293,56,237,19.112627986348123,80.88737201365188
E00162994,323,56,267,17.3374613003096,82.6625386996904
E00162995,184,25,159,13.586956521739129,86.41304347826086
E00162996,350,64,286,18.285714285714285,81.71428571428572
E00162997,376,77,299,20.47872340425532,79.52127659574468
E00162998,108,17,91,15.74074074074074,84.25925925925925
E00162999,271,38,233,14.022140221402212,85.97785977859779
E00163000,297,48,249,16.161616161616163,83.83838383838383
E00163001,319,35,284,10.9717868338558,89.0282131661442
E00163002,359,48,311,13.370473537604457,86.62952646239555
E00163003,396,64,332,16.161616161616163,83.83838383838383
E00163004,257,37,220,14.396887159533073,85.60311284046692
E00163005,271,48,223,17.712177121771216,82.28782287822878
E00163006,512,72,440,14.0625,85.9375
E00163007,370,58,312,15.675675675675677,84.32432432432432
E00163008,275,32,243,11.636363636363637,88.36363636363636
E00163009,406,90,316,22.167487684729064,77.83251231527095
E00163011,547,110,437,20.109689213893965,79.89031078610603
E00163012,358,95,263,26.536312849162012,73.46368715083798
E00163013,289,49,240,16.955017301038062,83.04498269896193
E00163014,281,46,235,16.370106761565836,83.62989323843416
E00163015,236,26,210,11.016949152542372,88.98305084745762
E00163016,296,39,257,13.175675675675674,86.82432432432432
E00163017,196,13,183,6.63265306122449,93.36734693877551
E00163018,280,47,233,16.785714285714285,83.21428571428572
E00163019,295,41,254,13.898305084745763,86.10169491525423
E00163020,232,34,198,14.655172413793101,85.34482758620689
E00163021,250,38,212,15.2,84.8
E00163022,294,29,265,9.863945578231291,90.1360544217687
E00163023,216,35,181,16.203703703703702,83.79629629629629
E00163024,280,40,240,14.285714285714285,85.71428571428571
E00163025,304,50,254,16.447368421052634,83.55263157894737
E00163026,232,33,199,14.224137931034484,85.77586206896551
E00163027,335,49,286,14.626865671641792,85.37313432835822
E00163028,340,47,293,13.823529411764707,86.1764705882353
E00163029,280,45,235,16.071428571428573,83.92857142857143
E00163030,222,33,189,14.864864864864865,85.13513513513513
E00163031,338,74,264,21.893491124260358,78.10650887573965
E00163033,237,19,218,8.016877637130802,91.9831223628692
E00163034,270,34,236,12.592592592592592,87.4074074074074
E00163035,223,21,202,9.417040358744394,90.5829596412556
E00163036,143,15,128,10.48951048951049,89.5104895104895
E00163038,270,36,234,13.333333333333334,86.66666666666667
E00163040,442,111,331,25.1131221719457,74.8868778280543
E00163041,293,47,246,16.040955631399317,83.95904436860067
E00163042,459,107,352,23.311546840958606,76.68845315904139
E00163043,262,40,222,15.267175572519085,84.7328244274809
E00163044,281,38,243,13.523131672597867,86.47686832740213
E00163045,365,69,296,18.904109589041095,81.0958904109589
E00163046,310,69,241,22.258064516129032,77.74193548387098
E00163047,316,45,271,14.240506329113925,85.75949367088607
E00163048,337,59,278,17.50741839762611,82.49258160237389
E00163049,302,46,256,15.2317880794702,84.76821192052981
E00163050,299,46,253,15.384615384615385,84.61538461538461
E00163051,265,35,230,13.20754716981132,86.79245283018868
E00163052,311,41,270,13.183279742765272,86.81672025723472
E00163053,231,28,203,12.121212121212121,87.87878787878788
E00163054,355,57,298,16.056338028169016,83.94366197183099
E00163055,258,46,212,17.829457364341085,82.17054263565892
E00163056,347,67,280,19.30835734870317,80.69164265129683
E00163057,227,28,199,12.334801762114537,87.66519823788546
E00163058,292,60,232,20.54794520547945,79.45205479452055
E00163059,334,67,267,20.059880239520957,79.94011976047905
E00163060,319,74,245,23.197492163009404,76.8025078369906
E00163061,418,73,345,17.464114832535884,82.53588516746412
E00163062,355,53,302,14.929577464788732,85.07042253521126
E00163063,420,77,343,18.333333333333332,81.66666666666667
E00163064,251,58,193,23.107569721115535,76.89243027888446
E00163065,464,78,386,16.810344827586206,83.1896551724138
E00163066,238,27,211,11.344537815126051,88.65546218487394
E00163067,252,45,207,17.857142857142858,82.14285714285714
E00163068,292,57,235,19.52054794520548,80.47945205479452
E00163069,227,52,175,22.90748898678414,77.09251101321586
E00163071,138,23,115,16.666666666666664,83.33333333333334
E00163073,152,18,134,11.842105263157894,88.1578947368421
E00163074,302,50,252,16.55629139072848,83.44370860927152
E00163075,273,51,222,18.681318681318682,81.31868131868131
E00163076,255,18,237,7.0588235294117645,92.94117647058823
E00163077,174,25,149,14.367816091954023,85.63218390804597
E00163078,328,44,284,13.414634146341465,86.58536585365853
E00163079,255,33,222,12.941176470588237,87.05882352941177
E00163080,330,71,259,21.515151515151516,78.48484848484848
E00163081,258,54,204,20.930232558139537,79.06976744186046
E00163082,246,37,209,15.040650406504067,84.95934959349594
E00163083,264,21,243,7.954545454545454,92.04545454545455
E00163084,282,61,221,21.631205673758867,78.36879432624113
E00163085,259,68,191,26.254826254826252,73.74517374517374
E00163086,230,28,202,12.173913043478262,87.82608695652175
E00163087,308,51,257,16.558441558441558,83.44155844155844
E00163088,312,28,284,8.974358974358974,91.02564102564102
E00163089,326,50,276,15.337423312883436,84.66257668711657
E00163090,257,23,234,8.949416342412452,91.05058365758755
E00163091,168,22,146,13.095238095238097,86.90476190476191
E00163092,432,75,357,17.36111111111111,82.63888888888889
E00163093,234,30,204,12.82051282051282,87.17948717948718
E00163094,282,43,239,15.24822695035461,84.75177304964538
E00163095,258,49,209,18.992248062015506,81.0077519379845
E00163096,238,40,198,16.80672268907563,83.19327731092437
E00163097,239,51,188,21.338912133891213,78.66108786610879
E00163098,255,50,205,19.607843137254903,80.3921568627451
E00163099,267,63,204,23.595505617977526,76.40449438202246
E00163100,300,52,248,17.333333333333336,82.66666666666667
E00163101,261,32,229,12.260536398467432,87.73946360153256
E00163102,306,66,240,21.568627450980394,78.43137254901961
E00163105,247,33,214,13.360323886639677,86.63967611336032
E00163106,271,56,215,20.66420664206642,79.33579335793358
E00163107,298,84,214,28.187919463087248,71.81208053691275
E00163108,296,57,239,19.256756756756758,80.74324324324324
E00163109,250,48,202,19.2,80.80000000000001
E00163110,299,66,233,22.073578595317723,77.92642140468227
E00163111,326,89,237,27.300613496932513,72.69938650306749
E00163112,297,73,224,24.579124579124578,75.42087542087542
E00163113,342,90,252,26.31578947368421,73.68421052631578
E00163114,305,54,251,17.704918032786885,82.29508196721311
E00163115,273,40,233,14.652014652014653,85.34798534798534
E00163116,242,31,211,12.8099173553719,87.19008264462809
E00163117,219,27,192,12.32876712328767,87.67123287671232
E00163118,210,34,176,16.19047619047619,83.80952380952381
E00163119,246,44,202,17.88617886178862,82.11382113821138
E00163120,251,44,207,17.52988047808765,82.47011952191235
E00163121,298,54,244,18.120805369127517,81.87919463087249
E00163122,283,44,239,15.547703180212014,84.45229681978799
E00163123,280,50,230,17.857142857142858,82.14285714285714
E00163124,313,50,263,15.974440894568689,84.02555910543131
E00163125,362,90,272,24.861878453038674,75.13812154696133
E00163127,562,138,424,24.555160142348754,75.44483985765125
E00163130,288,57,231,19.791666666666664,80.20833333333334
E00163132,567,47,520,8.289241622574956,91.71075837742504
E00163133,264,35,229,13.257575757575758,86.74242424242425
E00163135,281,35,246,12.455516014234876,87.54448398576513
E00163136,281,39,242,13.87900355871886,86.12099644128114
E00163137,311,77,234,24.758842443729904,75.2411575562701
E00163138,253,77,176,30.434782608695656,69.56521739130434
E00163142,123,16,107,13.008130081300814,86.99186991869918
E00163143,250,35,215,14.000000000000002,86
E00163144,211,53,158,25.118483412322274,74.88151658767772
E00163145,234,47,187,20.085470085470085,79.91452991452992
E00163146,356,47,309,13.202247191011235,86.79775280898876
E00163147,407,72,335,17.69041769041769,82.30958230958231
E00163148,235,39,196,16.595744680851062,83.40425531914893
E00163149,205,25,180,12.195121951219512,87.8048780487805
E00163150,415,123,292,29.63855421686747,70.36144578313252
E00163151,248,37,211,14.919354838709678,85.08064516129032
E00163152,146,14,132,9.58904109589041,90.41095890410958
E00163153,226,25,201,11.061946902654867,88.93805309734513
E00163154,259,39,220,15.057915057915059,84.94208494208493
E00163155,250,37,213,14.799999999999999,85.2
E00163156,277,53,224,19.133574007220215,80.86642599277978
E00163157,109,13,96,11.926605504587156,88.07339449541286
E00163158,269,40,229,14.869888475836431,85.13011152416357
E00163159,301,42,259,13.953488372093023,86.04651162790698
E00163160,510,110,400,21.568627450980394,78.43137254901961
E00163161,349,60,289,17.191977077363894,82.8080229226361
E00163162,333,44,289,13.213213213213212,86.78678678678679
E00163163,271,32,239,11.808118081180812,88.19188191881919
E00163164,270,44,226,16.296296296296298,83.7037037037037
E00163165,283,57,226,20.141342756183743,79.85865724381625
E00163166,284,54,230,19.014084507042252,80.98591549295774
E00163167,281,30,251,10.676156583629894,89.32384341637011
E00163168,327,49,278,14.984709480122325,85.01529051987767
E00163169,322,50,272,15.527950310559005,84.472049689441
E00163170,295,47,248,15.932203389830507,84.06779661016948
E00163171,345,57,288,16.52173913043478,83.47826086956522
E00163172,278,45,233,16.18705035971223,83.81294964028777
E00163173,291,39,252,13.402061855670103,86.5979381443299
E00163174,289,67,222,23.18339100346021,76.8166089965398
E00163175,291,35,256,12.027491408934708,87.97250859106529
E00163176,230,31,199,13.478260869565217,86.52173913043478
E00163177,253,34,219,13.438735177865613,86.56126482213439
E00163179,470,61,409,12.978723404255318,87.02127659574468
E00163180,219,33,186,15.068493150684931,84.93150684931507
E00163181,271,42,229,15.498154981549817,84.50184501845018
E00163183,272,62,210,22.794117647058822,77.20588235294117
E00163184,285,50,235,17.543859649122805,82.45614035087719
E00163185,431,130,301,30.162412993039446,69.83758700696056
E00163187,268,46,222,17.16417910447761,82.83582089552239
E00163188,292,45,247,15.41095890410959,84.58904109589042
E00163190,283,37,246,13.074204946996467,86.92579505300353
E00163191,268,43,225,16.044776119402986,83.95522388059702
E00163192,396,73,323,18.434343434343432,81.56565656565657
E00163193,271,31,240,11.439114391143912,88.56088560885608
E00163194,253,30,223,11.857707509881422,88.14229249011858
E00163195,275,30,245,10.909090909090908,89.0909090909091
E00163196,284,58,226,20.422535211267608,79.5774647887324
E00163197,429,64,365,14.918414918414918,85.08158508158508
E00163198,232,22,210,9.482758620689655,90.51724137931035
E00163199,212,24,188,11.320754716981133,88.67924528301887
E00163200,195,23,172,11.794871794871794,88.2051282051282
E00163201,474,96,378,20.253164556962027,79.74683544303798
E00163202,305,50,255,16.39344262295082,83.60655737704919
E00163203,232,42,190,18.103448275862068,81.89655172413794
E00163204,263,44,219,16.730038022813687,83.26996197718631
E00163205,295,39,256,13.220338983050848,86.77966101694915
E00163206,315,23,292,7.301587301587302,92.6984126984127
E00163207,333,66,267,19.81981981981982,80.18018018018019
E00163208,235,16,219,6.808510638297872,93.19148936170212
E00163209,288,56,232,19.444444444444446,80.55555555555556
E00163210,236,26,210,11.016949152542372,88.98305084745762
E00163211,274,23,251,8.394160583941606,91.6058394160584
E00163212,326,72,254,22.085889570552148,77.91411042944786
E00163213,311,56,255,18.006430868167204,81.9935691318328
E00163214,230,22,208,9.565217391304348,90.43478260869566
E00163215,250,33,217,13.200000000000001,86.8
E00163216,198,22,176,11.11111111111111,88.88888888888889
E00163217,291,44,247,15.120274914089347,84.87972508591065
E00163218,267,32,235,11.985018726591761,88.01498127340824
E00163219,247,26,221,10.526315789473683,89.47368421052632
E00163222,129,26,103,20.155038759689923,79.84496124031007
E00163223,181,25,156,13.812154696132598,86.1878453038674
E00163224,283,23,260,8.12720848056537,91.87279151943463
E00163226,406,98,308,24.137931034482758,75.86206896551724
E00163228,134,12,122,8.955223880597014,91.04477611940298
E00163229,258,34,224,13.178294573643413,86.82170542635659
E00163230,231,35,196,15.151515151515152,84.84848484848484
E00163231,304,57,247,18.75,81.25
E00163232,254,55,199,21.653543307086615,78.34645669291339
E00163233,282,64,218,22.69503546099291,77.30496453900709
E00163234,273,29,244,10.622710622710622,89.37728937728939
E00163235,283,40,243,14.13427561837456,85.86572438162544
E00163236,317,58,259,18.29652996845426,81.70347003154575
E00163238,388,73,315,18.814432989690722,81.18556701030928
E00163239,259,40,219,15.444015444015443,84.55598455598455
E00163240,299,56,243,18.729096989966553,81.27090301003345
E00163241,283,57,226,20.141342756183743,79.85865724381625
E00163242,309,45,264,14.563106796116504,85.43689320388349
E00163243,227,24,203,10.572687224669604,89.42731277533039
E00163244,232,27,205,11.637931034482758,88.36206896551724
E00163245,231,37,194,16.017316017316016,83.98268398268398
E00163246,243,45,198,18.51851851851852,81.48148148148148
E00163247,231,45,186,19.480519480519483,80.51948051948052
E00163248,182,18,164,9.89010989010989,90.10989010989012
E00163249,201,9,192,4.477611940298507,95.52238805970148
E00163250,227,32,195,14.096916299559473,85.90308370044053
E00163251,266,33,233,12.406015037593985,87.59398496240601
E00163252,277,41,236,14.801444043321299,85.1985559566787
E00163253,283,41,242,14.487632508833922,85.51236749116607
E00163254,263,74,189,28.13688212927757,71.86311787072243
E00163255,318,43,275,13.522012578616351,86.47798742138365
E00163256,325,39,286,12,88
E00163258,296,50,246,16.89189189189189,83.1081081081081
E00163260,307,35,272,11.400651465798045,88.59934853420195
E00163261,310,46,264,14.838709677419354,85.16129032258064
E00163262,151,18,133,11.920529801324504,88.0794701986755
E00163263,250,39,211,15.6,84.39999999999999
E00163265,316,54,262,17.088607594936708,82.91139240506328
E00163266,381,65,316,17.060367454068242,82.93963254593176
E00163267,136,26,110,19.11764705882353,80.88235294117648
E00163268,190,33,157,17.36842105263158,82.63157894736842
E00163269,240,40,200,16.666666666666664,83.33333333333334
E00163270,317,62,255,19.558359621451103,80.4416403785489
E00163271,388,77,311,19.84536082474227,80.15463917525774
E00163272,268,45,223,16.791044776119403,83.2089552238806
E00163273,305,41,264,13.442622950819672,86.55737704918033
E00163274,206,16,190,7.766990291262135,92.23300970873787
E00163275,217,23,194,10.599078341013826,89.40092165898618
E00163276,373,72,301,19.302949061662197,80.6970509383378
E00163277,329,68,261,20.66869300911854,79.33130699088146
E00163278,342,61,281,17.83625730994152,82.16374269005848
E00163279,323,59,264,18.26625386996904,81.73374613003097
E00163280,101,13,88,12.871287128712872,87.12871287128714
E00163281,247,38,209,15.384615384615385,84.61538461538461
E00163282,220,40,180,18.181818181818183,81.81818181818183
E00163283,204,36,168,17.647058823529413,82.35294117647058
E00163284,230,15,215,6.521739130434782,93.47826086956522
E00163285,263,39,224,14.82889733840304,85.17110266159695
E00163286,220,35,185,15.909090909090908,84.0909090909091
E00163287,258,31,227,12.015503875968992,87.98449612403101
E00163288,253,43,210,16.99604743083004,83.00395256916995
E00163289,263,42,221,15.96958174904943,84.03041825095056
E00163290,291,30,261,10.309278350515463,89.69072164948454
E00163291,225,31,194,13.777777777777779,86.22222222222223
E00163292,173,12,161,6.9364161849710975,93.0635838150289
E00163293,329,55,274,16.717325227963524,83.28267477203647
E00163294,272,56,216,20.588235294117645,79.41176470588235
E00163295,321,25,296,7.78816199376947,92.21183800623052
E00163296,306,29,277,9.477124183006536,90.52287581699346
E00163297,233,44,189,18.88412017167382,81.11587982832617
E00163298,233,47,186,20.171673819742487,79.82832618025752
E00163299,277,38,239,13.718411552346572,86.28158844765343
E00163300,318,58,260,18.238993710691823,81.76100628930818
E00163301,360,67,293,18.61111111111111,81.38888888888889
E00163302,326,57,269,17.484662576687114,82.51533742331289
E00163303,337,67,270,19.881305637982198,80.1186943620178
E00163304,319,72,247,22.570532915360502,77.4294670846395
E00163305,283,35,248,12.36749116607774,87.63250883392226
E00163306,222,31,191,13.963963963963963,86.03603603603604
E00163307,261,46,215,17.624521072796934,82.37547892720306
E00163308,290,32,258,11.03448275862069,88.96551724137932
E00163309,324,48,276,14.814814814814813,85.18518518518519
E00163310,323,81,242,25.077399380804955,74.92260061919505
E00163311,380,80,300,21.052631578947366,78.94736842105263
E00163312,234,22,212,9.401709401709402,90.5982905982906
E00163313,328,80,248,24.390243902439025,75.60975609756098
E00163314,220,18,202,8.181818181818182,91.81818181818183
E00163315,192,23,169,11.979166666666668,88.02083333333334
E00163316,275,52,223,18.90909090909091,81.0909090909091
E00163317,258,52,206,20.155038759689923,79.84496124031007
E00163318,303,68,235,22.442244224422442,77.55775577557755
E00163319,226,30,196,13.274336283185843,86.72566371681415
E00163320,337,102,235,30.267062314540063,69.73293768545994
E00163321,272,31,241,11.397058823529411,88.60294117647058
E00163322,308,40,268,12.987012987012985,87.01298701298701
E00163323,280,40,240,14.285714285714285,85.71428571428571
E00163324,236,23,213,9.745762711864407,90.2542372881356
E00163325,369,93,276,25.203252032520325,74.79674796747967
E00163326,220,28,192,12.727272727272727,87.27272727272727
E00163327,401,114,287,28.428927680798004,71.571072319202
E00163328,204,31,173,15.196078431372548,84.80392156862744
E00163329,242,50,192,20.66115702479339,79.33884297520662
E00163330,205,34,171,16.585365853658537,83.41463414634146
E00163331,225,22,203,9.777777777777779,90.22222222222223
E00163332,229,27,202,11.790393013100436,88.20960698689956
E00163333,257,32,225,12.45136186770428,87.54863813229572
E00163334,141,7,134,4.964539007092199,95.0354609929078
E00163335,204,10,194,4.901960784313726,95.09803921568627
E00163336,329,39,290,11.854103343465045,88.14589665653494
E00163337,235,25,210,10.638297872340425,89.36170212765957
E00163338,286,28,258,9.79020979020979,90.20979020979021
E00163339,280,40,240,14.285714285714285,85.71428571428571
E00163340,266,40,226,15.037593984962406,84.9624060150376
E00163342,295,40,255,13.559322033898304,86.4406779661017
E00163343,279,52,227,18.63799283154122,81.36200716845879
E00163344,227,35,192,15.418502202643172,84.58149779735683
E00163345,252,24,228,9.523809523809524,90.47619047619048
E00163346,237,34,203,14.345991561181433,85.65400843881856
E00163347,295,35,260,11.864406779661017,88.13559322033898
E00163348,235,39,196,16.595744680851062,83.40425531914893
E00163349,222,30,192,13.513513513513514,86.48648648648648
E00163350,259,40,219,15.444015444015443,84.55598455598455
E00163351,211,40,171,18.95734597156398,81.04265402843602
E00163352,136,9,127,6.61764705882353,93.38235294117648
E00163353,319,93,226,29.153605015673982,70.84639498432603
E00163354,343,57,286,16.61807580174927,83.38192419825073
E00163355,308,59,249,19.155844155844157,80.84415584415584
E00163356,332,52,280,15.66265060240964,84.33734939759037
E00163357,151,20,131,13.245033112582782,86.75496688741721
E00163358,384,53,331,13.802083333333334,86.19791666666666
E00163359,288,34,254,11.805555555555555,88.19444444444444
E00163360,251,22,229,8.764940239043826,91.23505976095618
E00163361,257,20,237,7.782101167315175,92.21789883268482
E00163362,229,30,199,13.100436681222707,86.8995633187773
E00163363,323,48,275,14.860681114551083,85.13931888544892
E00163364,208,35,173,16.826923076923077,83.17307692307693
E00163365,401,53,348,13.216957605985039,86.78304239401497
E00163366,113,17,96,15.04424778761062,84.95575221238938
E00163367,212,29,183,13.679245283018867,86.32075471698113
E00163368,233,43,190,18.4549356223176,81.54506437768241
E00163369,243,38,205,15.637860082304528,84.36213991769547
E00163370,240,33,207,13.750000000000002,86.25
E00163371,172,20,152,11.627906976744185,88.37209302325581
E00163372,427,72,355,16.861826697892273,83.13817330210773
E00163373,366,57,309,15.573770491803279,84.42622950819673
E00163374,269,44,225,16.356877323420075,83.64312267657994
E00163375,254,41,213,16.141732283464567,83.85826771653542
E00163376,365,36,329,9.863013698630137,90.13698630136986
E00163377,250,23,227,9.2,90.8
E00163378,302,30,272,9.933774834437086,90.06622516556291
E00163379,246,33,213,13.414634146341465,86.58536585365853
E00163380,311,43,268,13.826366559485532,86.17363344051448
E00163381,214,23,191,10.74766355140187,89.25233644859813
E00163382,263,51,212,19.39163498098859,80.6083650190114
E00163383,201,40,161,19.900497512437813,80.09950248756219
E00163384,282,43,239,15.24822695035461,84.75177304964538
E00163385,296,34,262,11.486486486486488,88.51351351351352
E00163386,235,39,196,16.595744680851062,83.40425531914893
E00163387,319,35,284,10.9717868338558,89.0282131661442
E00163388,260,45,215,17.307692307692307,82.6923076923077
E00163389,291,46,245,15.807560137457044,84.19243986254295
E00163390,287,50,237,17.421602787456447,82.57839721254355
E00163391,345,36,309,10.434782608695652,89.56521739130436
E00163392,337,59,278,17.50741839762611,82.49258160237389
E00163393,311,41,270,13.183279742765272,86.81672025723472
E00163394,266,54,212,20.30075187969925,79.69924812030075
E00163395,183,37,146,20.21857923497268,79.78142076502732
E00163396,111,17,94,15.315315315315313,84.68468468468468
E00163397,307,65,242,21.172638436482085,78.82736156351791
E00163398,323,40,283,12.38390092879257,87.61609907120743
E00163399,343,51,292,14.868804664723031,85.13119533527697
E00163400,292,46,246,15.753424657534246,84.24657534246576
E00163401,282,28,254,9.929078014184398,90.0709219858156
E00163402,273,31,242,11.355311355311356,88.64468864468864
E00163403,290,53,237,18.275862068965516,81.72413793103448
E00163404,356,40,316,11.235955056179774,88.76404494382022
E00163405,412,76,336,18.446601941747574,81.55339805825243
E00163406,230,26,204,11.304347826086957,88.69565217391305
E00163407,230,28,202,12.173913043478262,87.82608695652175
E00163408,283,33,250,11.66077738515901,88.33922261484098
E00163409,188,25,163,13.297872340425531,86.70212765957447
E00163410,305,48,257,15.737704918032788,84.26229508196721
E00163411,344,28,316,8.13953488372093,91.86046511627907
E00163412,137,21,116,15.328467153284672,84.67153284671532
E00163413,382,54,328,14.136125654450263,85.86387434554975
E00163414,328,42,286,12.804878048780488,87.1951219512195
E00163415,259,39,220,15.057915057915059,84.94208494208493
E00163416,225,44,181,19.555555555555557,80.44444444444444
E00163417,358,82,276,22.905027932960895,77.09497206703911
E00163418,259,29,230,11.196911196911197,88.8030888030888
E00163420,245,37,208,15.10204081632653,84.89795918367346
E00163421,211,31,180,14.691943127962084,85.30805687203792
E00163422,208,25,183,12.01923076923077,87.98076923076923
E00163423,282,30,252,10.638297872340425,89.36170212765957
E00163424,226,16,210,7.079646017699115,92.92035398230088
E00163425,171,13,158,7.602339181286549,92.39766081871345
E00163426,245,28,217,11.428571428571429,88.57142857142857
E00163427,333,55,278,16.516516516516518,83.48348348348348
E00163428,273,39,234,14.285714285714285,85.71428571428571
E00163429,231,33,198,14.285714285714285,85.71428571428571
E00163430,244,23,221,9.426229508196721,90.57377049180327
E00163431,232,44,188,18.96551724137931,81.03448275862068
E00163432,253,50,203,19.76284584980237,80.23715415019763
E00163433,474,70,404,14.767932489451477,85.23206751054853
E00163434,337,62,275,18.397626112759642,81.60237388724035
E00163435,241,46,195,19.08713692946058,80.91286307053942
E00163436,357,66,291,18.487394957983195,81.5126050420168
E00163437,291,51,240,17.525773195876287,82.4742268041237
E00163438,279,38,241,13.620071684587815,86.37992831541219
E00163439,247,137,110,55.465587044534416,44.534412955465584
E00163440,228,34,194,14.912280701754385,85.08771929824562
E00163441,384,51,333,13.28125,86.71875
E00163442,386,61,325,15.803108808290157,84.19689119170984
E00163443,279,36,243,12.903225806451612,87.09677419354838
E00163444,276,28,248,10.144927536231885,89.85507246376811
E00163446,259,60,199,23.166023166023166,76.83397683397683
E00163447,228,42,186,18.421052631578945,81.57894736842105
E00163448,362,55,307,15.193370165745856,84.80662983425414
E00163449,327,71,256,21.712538226299692,78.2874617737003
E00163450,354,71,283,20.056497175141246,79.94350282485875
E00163451,270,50,220,18.51851851851852,81.48148148148148
E00163452,284,59,225,20.774647887323944,79.22535211267606
E00163453,322,67,255,20.80745341614907,79.19254658385093
E00163454,325,51,274,15.692307692307692,84.3076923076923
E00163455,365,47,318,12.876712328767123,87.12328767123287
E00163456,339,64,275,18.87905604719764,81.12094395280236
E00163457,231,44,187,19.047619047619047,80.95238095238095
E00163458,302,54,248,17.880794701986755,82.11920529801324
E00163459,305,70,235,22.950819672131146,77.04918032786885
E00163460,312,58,254,18.58974358974359,81.41025641025641
E00163461,245,61,184,24.897959183673468,75.10204081632654
E00163462,260,44,216,16.923076923076923,83.07692307692308
E00163464,189,11,178,5.82010582010582,94.17989417989418
E00163465,276,38,238,13.768115942028986,86.23188405797102
E00163466,158,7,151,4.430379746835443,95.56962025316456
E00163467,292,40,252,13.698630136986301,86.3013698630137
E00163468,257,31,226,12.062256809338521,87.93774319066148
E00163469,243,32,211,13.168724279835391,86.83127572016461
E00163470,316,71,245,22.468354430379748,77.53164556962025
E00163471,391,106,285,27.10997442455243,72.89002557544757
E00163472,297,59,238,19.865319865319865,80.13468013468014
E00163473,295,24,271,8.135593220338983,91.86440677966101
E00163474,246,28,218,11.38211382113821,88.6178861788618
E00163475,239,35,204,14.644351464435147,85.35564853556485
E00163476,274,40,234,14.5985401459854,85.40145985401459
E00163477,235,16,219,6.808510638297872,93.19148936170212
E00163478,326,43,283,13.190184049079754,86.80981595092024
E00163480,333,44,289,13.213213213213212,86.78678678678679
E00163481,319,65,254,20.37617554858934,79.62382445141067
E00163482,339,65,274,19.174041297935105,80.8259587020649
E00163483,351,52,299,14.814814814814813,85.18518518518519
E00163484,314,57,257,18.152866242038215,81.84713375796179
E00163485,236,25,211,10.59322033898305,89.40677966101694
E00163487,246,38,208,15.447154471544716,84.5528455284553
E00163488,312,36,276,11.538461538461538,88.46153846153845
E00163490,364,81,283,22.252747252747252,77.74725274725274
E00163491,379,72,307,18.997361477572557,81.00263852242745
E00163492,259,43,216,16.602316602316602,83.3976833976834
E00163493,279,52,227,18.63799283154122,81.36200716845879
E00163494,282,48,234,17.02127659574468,82.97872340425532
E00163495,197,32,165,16.243654822335024,83.75634517766497
E00163496,289,33,256,11.418685121107266,88.58131487889274
E00163497,281,26,255,9.252669039145907,90.74733096085409
E00163498,268,37,231,13.805970149253731,86.19402985074626
E00163499,264,32,232,12.121212121212121,87.87878787878788
E00163500,276,44,232,15.942028985507244,84.05797101449275
E00163501,326,81,245,24.846625766871167,75.15337423312883
E00163502,130,9,121,6.923076923076923,93.07692307692308
E00163503,220,29,191,13.18181818181818,86.81818181818181
E00163504,234,35,199,14.957264957264957,85.04273504273505
E00163505,226,34,192,15.04424778761062,84.95575221238938
E00163506,460,60,400,13.043478260869565,86.95652173913044
E00163507,277,40,237,14.440433212996389,85.5595667870036
E00163508,321,58,263,18.06853582554517,81.93146417445483
E00163509,229,26,203,11.353711790393014,88.64628820960698
E00163510,285,36,249,12.631578947368421,87.36842105263159
E00163511,335,63,272,18.80597014925373,81.19402985074626
E00163512,283,47,236,16.607773851590103,83.3922261484099
E00163513,442,83,359,18.778280542986426,81.22171945701358
E00163514,288,49,239,17.01388888888889,82.98611111111111
E00163515,297,46,251,15.488215488215488,84.51178451178451
E00163516,268,52,216,19.402985074626866,80.59701492537313
E00163517,434,78,356,17.972350230414747,82.02764976958525
E00163518,479,94,385,19.624217118997915,80.3757828810021
E00163519,268,37,231,13.805970149253731,86.19402985074626
E00163520,255,35,220,13.725490196078432,86.27450980392157
E00163521,122,17,105,13.934426229508196,86.0655737704918
E00163522,208,28,180,13.461538461538462,86.53846153846155
E00163523,240,54,186,22.5,77.5
E00163524,210,27,183,12.857142857142856,87.14285714285714
E00163525,270,51,219,18.88888888888889,81.11111111111111
E00163526,261,30,231,11.494252873563218,88.50574712643679
E00163527,250,49,201,19.6,80.4
E00163528,283,57,226,20.141342756183743,79.85865724381625
E00163529,239,37,202,15.481171548117153,84.51882845188284
E00163530,330,56,274,16.969696969696972,83.03030303030303
E00163531,307,74,233,24.104234527687296,75.8957654723127
E00163532,304,64,240,21.052631578947366,78.94736842105263
E00163533,283,76,207,26.855123674911663,73.14487632508833
E00163534,238,26,212,10.92436974789916,89.07563025210085
E00163535,368,65,303,17.66304347826087,82.33695652173914
E00163536,261,21,240,8.045977011494253,91.95402298850574
E00163537,271,25,246,9.22509225092251,90.7749077490775
E00163539,355,59,296,16.619718309859156,83.38028169014085
E00163540,413,85,328,20.581113801452787,79.41888619854721
E00163541,268,40,228,14.925373134328357,85.07462686567165
E00163542,502,104,398,20.717131474103585,79.2828685258964
E00163544,246,35,211,14.227642276422763,85.77235772357723
E00163545,332,66,266,19.879518072289155,80.12048192771084
E00163546,285,25,260,8.771929824561402,91.22807017543859
E00163547,251,51,200,20.318725099601593,79.6812749003984
E00163548,262,24,238,9.16030534351145,90.83969465648855
E00163549,507,162,345,31.952662721893493,68.04733727810651
E00163550,255,45,210,17.647058823529413,82.35294117647058
E00163551,238,24,214,10.084033613445378,89.91596638655463
E00163552,167,10,157,5.9880239520958085,94.01197604790418
E00163553,455,101,354,22.197802197802197,77.80219780219781
E00163554,291,34,257,11.683848797250858,88.31615120274914
E00163555,299,51,248,17.05685618729097,82.94314381270902
E00163556,186,16,170,8.60215053763441,91.39784946236558
E00163557,252,35,217,13.88888888888889,86.11111111111111
E00163558,284,41,243,14.43661971830986,85.56338028169014
E00163559,286,58,228,20.27972027972028,79.72027972027972
E00163560,264,34,230,12.878787878787879,87.12121212121212
E00163561,112,9,103,8.035714285714286,91.96428571428571
E00163562,230,23,207,10,90
E00163563,249,37,212,14.859437751004014,85.14056224899599
E00163564,282,49,233,17.375886524822697,82.62411347517731
E00163565,274,39,235,14.233576642335766,85.76642335766424
E00163566,415,73,342,17.59036144578313,82.40963855421687
E00163567,291,33,258,11.34020618556701,88.65979381443299
E00163568,282,40,242,14.184397163120568,85.81560283687944
E00163569,319,40,279,12.539184952978054,87.46081504702194
E00163570,264,32,232,12.121212121212121,87.87878787878788
E00163571,484,87,397,17.97520661157025,82.02479338842976
E00163573,262,38,224,14.50381679389313,85.49618320610686
E00163574,183,28,155,15.300546448087433,84.69945355191257
E00163576,249,36,213,14.457831325301203,85.54216867469879
E00163577,259,40,219,15.444015444015443,84.55598455598455
E00163578,267,49,218,18.352059925093634,81.64794007490637
E00163579,297,44,253,14.814814814814813,85.18518518518519
E00163580,290,60,230,20.689655172413794,79.3103448275862
E00163581,309,49,260,15.857605177993527,84.14239482200647
E00163582,320,42,278,13.125,86.875
E00163584,155,27,128,17.419354838709676,82.58064516129032
E00163586,297,52,245,17.50841750841751,82.49158249158249
E00163587,270,55,215,20.37037037037037,79.62962962962963
E00163588,249,35,214,14.056224899598394,85.94377510040161
E00163589,242,18,224,7.43801652892562,92.56198347107438
E00163590,208,7,201,3.3653846153846154,96.63461538461539
E00163591,270,21,249,7.777777777777778,92.22222222222223
E00163592,518,99,419,19.111969111969113,80.8880308880309
E00163593,255,58,197,22.745098039215687,77.25490196078432
E00163594,256,43,213,16.796875,83.203125
E00163595,278,65,213,23.381294964028775,76.61870503597122
E00163596,233,37,196,15.879828326180256,84.12017167381974
E00163597,287,29,258,10.104529616724738,89.89547038327527
E00163598,288,52,236,18.055555555555554,81.94444444444444
E00163599,124,12,112,9.67741935483871,90.32258064516128
E00163600,403,57,346,14.1439205955335,85.8560794044665
E00163601,272,34,238,12.5,87.5
E00163602,228,32,196,14.035087719298245,85.96491228070175
E00163603,267,29,238,10.861423220973784,89.13857677902621
E00163604,171,24,147,14.035087719298245,85.96491228070175
E00163605,150,14,136,9.333333333333334,90.66666666666666
E00163606,275,65,210,23.636363636363637,76.36363636363637
E00163607,355,66,289,18.591549295774648,81.40845070422536
E00163608,445,117,328,26.29213483146067,73.70786516853933
E00163609,233,30,203,12.875536480686694,87.1244635193133
E00163610,291,62,229,21.305841924398624,78.69415807560138
E00163611,310,63,247,20.32258064516129,79.6774193548387
E00163612,292,50,242,17.123287671232877,82.87671232876713
E00163613,275,41,234,14.909090909090908,85.0909090909091
E00163614,278,37,241,13.309352517985612,86.6906474820144
E00163615,521,103,418,19.769673704414586,80.23032629558541
E00163616,292,57,235,19.52054794520548,80.47945205479452
E00163618,339,63,276,18.58407079646018,81.41592920353983
E00163619,348,59,289,16.954022988505745,83.04597701149426
E00163620,223,28,195,12.556053811659194,87.4439461883408
E00163621,168,17,151,10.119047619047619,89.88095238095238
E00163622,189,30,159,15.873015873015872,84.12698412698413
E00163623,324,40,284,12.345679012345679,87.65432098765432
E00163626,141,37,104,26.24113475177305,73.75886524822694
E00163627,339,72,267,21.238938053097346,78.76106194690266
E00163628,297,26,271,8.754208754208754,91.24579124579124
E00163629,261,38,223,14.559386973180077,85.44061302681992
E00163630,336,32,304,9.523809523809524,90.47619047619048
E00163631,301,47,254,15.614617940199334,84.38538205980066
E00163632,120,22,98,18.333333333333332,81.66666666666667
E00163633,400,44,356,11,89
E00163634,245,25,220,10.204081632653061,89.79591836734694
E00163635,340,60,280,17.647058823529413,82.35294117647058
E00163636,252,43,209,17.063492063492063,82.93650793650794
E00163637,301,40,261,13.2890365448505,86.71096345514951
E00163638,287,44,243,15.33101045296167,84.66898954703834
E00163639,467,91,376,19.48608137044968,80.51391862955032
E00163640,369,68,301,18.428184281842817,81.57181571815718
E00163641,329,61,268,18.541033434650455,81.45896656534954
E00163642,256,35,221,13.671875,86.328125
E00163643,186,23,163,12.365591397849462,87.63440860215054
E00163644,421,63,358,14.964370546318289,85.03562945368171
E00163645,291,29,262,9.965635738831615,90.03436426116839
E00163647,297,40,257,13.468013468013467,86.53198653198653
E00163649,273,26,247,9.523809523809524,90.47619047619048
E00163650,349,45,304,12.893982808022923,87.10601719197709
E00163651,406,76,330,18.7192118226601,81.2807881773399
E00163652,264,49,215,18.560606060606062,81.43939393939394
E00163654,295,38,257,12.88135593220339,87.11864406779661
E00163655,284,38,246,13.380281690140844,86.61971830985915
E00163656,330,65,265,19.696969696969695,80.3030303030303
E00163657,355,62,293,17.464788732394364,82.53521126760563
E00163658,297,48,249,16.161616161616163,83.83838383838383
E00163659,330,42,288,12.727272727272727,87.27272727272727
E00163660,305,42,263,13.77049180327869,86.22950819672131
E00163661,285,72,213,25.263157894736842,74.73684210526315
E00163662,229,17,212,7.423580786026202,92.57641921397381
E00163663,275,42,233,15.272727272727273,84.72727272727273
E00163664,309,67,242,21.68284789644013,78.31715210355988
E00163665,340,85,255,25,75
E00163667,428,70,358,16.355140186915886,83.64485981308411
E00163668,273,32,241,11.72161172161172,88.27838827838828
E00163669,333,60,273,18.01801801801802,81.98198198198197
E00163670,258,52,206,20.155038759689923,79.84496124031007
E00163671,285,44,241,15.43859649122807,84.56140350877193
E00163672,279,66,213,23.655913978494624,76.34408602150538
E00163673,275,46,229,16.727272727272727,83.27272727272728
E00163674,240,31,209,12.916666666666668,87.08333333333333
E00163675,294,50,244,17.006802721088434,82.99319727891157
E00163676,230,29,201,12.608695652173912,87.39130434782608
E00163677,234,31,203,13.247863247863249,86.75213675213675
E00163678,311,54,257,17.363344051446948,82.63665594855306
E00163679,295,34,261,11.525423728813559,88.47457627118645
E00163680,293,46,247,15.699658703071673,84.30034129692832
E00163681,225,30,195,13.333333333333334,86.66666666666667
E00163682,285,39,246,13.684210526315791,86.31578947368422
E00163683,243,40,203,16.46090534979424,83.53909465020575
E00163684,245,39,206,15.918367346938775,84.08163265306122
E00163685,279,36,243,12.903225806451612,87.09677419354838
E00163686,313,49,264,15.654952076677317,84.34504792332268
E00163687,266,49,217,18.421052631578945,81.57894736842105
E00163689,312,76,236,24.358974358974358,75.64102564102564
E00163691,269,62,207,23.04832713754647,76.95167286245353
E00163692,277,60,217,21.660649819494584,78.33935018050542
E00163693,359,56,303,15.598885793871867,84.40111420612814
E00163694,456,93,363,20.394736842105264,79.60526315789474
E00163695,261,46,215,17.624521072796934,82.37547892720306
E00163696,322,45,277,13.975155279503104,86.0248447204969
E00163697,319,58,261,18.181818181818183,81.81818181818183
E00163698,378,61,317,16.137566137566136,83.86243386243386
E00163699,327,58,269,17.737003058103976,82.26299694189603
E00163700,269,37,232,13.754646840148698,86.2453531598513
E00163701,282,34,248,12.056737588652481,87.94326241134752
E00163702,205,20,185,9.75609756097561,90.2439024390244
E00163703,257,28,229,10.894941634241246,89.10505836575877
E00163704,255,41,214,16.07843137254902,83.92156862745098
E00163705,212,25,187,11.79245283018868,88.20754716981132
E00163706,316,77,239,24.367088607594937,75.63291139240506
E00163707,349,85,264,24.355300859598856,75.64469914040114
E00163708,282,25,257,8.865248226950355,91.13475177304964
E00163709,417,97,320,23.26139088729017,76.73860911270984
E00163710,330,48,282,14.545454545454545,85.45454545454545
E00163711,253,37,216,14.624505928853754,85.37549407114624
E00163712,297,45,252,15.151515151515152,84.84848484848484
E00163713,348,60,288,17.24137931034483,82.75862068965517
E00163714,297,56,241,18.855218855218855,81.14478114478115
E00163715,380,57,323,15,85
E00163716,271,55,216,20.29520295202952,79.70479704797047
E00163717,280,34,246,12.142857142857142,87.85714285714286
E00163718,280,37,243,13.214285714285715,86.78571428571429
E00163719,337,62,275,18.397626112759642,81.60237388724035
E00163720,275,51,224,18.545454545454547,81.45454545454545
E00163721,396,61,335,15.404040404040403,84.59595959595958
E00163722,388,91,297,23.45360824742268,76.5463917525773
E00163723,290,25,265,8.620689655172415,91.37931034482759
E00163724,266,47,219,17.669172932330827,82.33082706766918
E00163727,274,29,245,10.583941605839415,89.41605839416059
E00163728,276,29,247,10.507246376811594,89.4927536231884
E00163729,462,133,329,28.78787878787879,71.21212121212122
E00163731,297,18,279,6.0606060606060606,93.93939393939394
E00163733,223,56,167,25.112107623318387,74.88789237668162
E00163734,247,29,218,11.740890688259109,88.25910931174089
E00163736,261,40,221,15.32567049808429,84.67432950191571
E00163737,264,33,231,12.5,87.5
E00163738,318,41,277,12.89308176100629,87.10691823899371
E00163739,283,47,236,16.607773851590103,83.3922261484099
E00163740,297,45,252,15.151515151515152,84.84848484848484
E00163741,231,5,226,2.1645021645021645,97.83549783549783
E00163742,273,38,235,13.91941391941392,86.08058608058609
E00163743,250,44,206,17.599999999999998,82.39999999999999
E00163744,322,77,245,23.91304347826087,76.08695652173914
E00163745,315,59,256,18.73015873015873,81.26984126984127
E00163746,242,31,211,12.8099173553719,87.19008264462809
E00163747,256,41,215,16.015625,83.984375
E00163748,405,121,284,29.876543209876544,70.12345679012346
E00163749,237,69,168,29.11392405063291,70.88607594936708
E00163750,190,19,171,10,90
E00163751,201,51,150,25.37313432835821,74.6268656716418
E00163752,253,29,224,11.462450592885375,88.53754940711462
E00163753,342,47,295,13.742690058479532,86.25730994152046
E00163754,300,70,230,23.333333333333332,76.66666666666667
E00163755,261,18,243,6.896551724137931,93.10344827586206
E00163756,265,21,244,7.9245283018867925,92.0754716981132
E00163757,262,25,237,9.541984732824428,90.45801526717557
E00163758,291,51,240,17.525773195876287,82.4742268041237
E00163759,283,27,256,9.540636042402827,90.45936395759718
E00163760,137,8,129,5.839416058394161,94.16058394160584
E00163761,527,91,436,17.267552182163186,82.73244781783681
E00163762,249,33,216,13.253012048192772,86.74698795180723
E00163763,293,36,257,12.286689419795222,87.71331058020478
E00163764,284,29,255,10.211267605633804,89.7887323943662
E00163765,241,25,216,10.37344398340249,89.62655601659752
E00163766,293,33,260,11.262798634812286,88.73720136518772
E00163767,256,27,229,10.546875,89.453125
E00163768,257,25,232,9.72762645914397,90.27237354085604
E00163769,321,53,268,16.510903426791277,83.48909657320873
E00163770,323,53,270,16.408668730650156,83.59133126934985
E00163771,458,53,405,11.572052401746726,88.42794759825327
E00163772,256,24,232,9.375,90.625
E00163773,327,48,279,14.678899082568808,85.3211009174312
E00163774,318,35,283,11.0062893081761,88.9937106918239
E00163775,301,57,244,18.93687707641196,81.06312292358804
E00163776,236,28,208,11.864406779661017,88.13559322033898
E00163777,285,36,249,12.631578947368421,87.36842105263159
E00163778,271,43,228,15.867158671586715,84.13284132841329
E00163779,243,40,203,16.46090534979424,83.53909465020575
E00163780,209,16,193,7.655502392344498,92.34449760765551
E00163781,287,51,236,17.770034843205575,82.22996515679442
E00163782,232,20,212,8.620689655172415,91.37931034482759
E00163784,235,29,206,12.340425531914894,87.65957446808511
E00163785,246,28,218,11.38211382113821,88.6178861788618
E00163786,308,54,254,17.532467532467532,82.46753246753246
E00163787,304,29,275,9.539473684210527,90.46052631578947
E00163788,205,22,183,10.731707317073171,89.26829268292683
E00163789,322,33,289,10.248447204968944,89.75155279503106
E00163790,245,22,223,8.979591836734693,91.02040816326532
E00163791,438,66,372,15.068493150684931,84.93150684931507
E00163792,293,64,229,21.843003412969285,78.15699658703072
E00163793,276,49,227,17.753623188405797,82.2463768115942
E00163794,274,25,249,9.124087591240876,90.87591240875912
E00163795,247,22,225,8.906882591093117,91.09311740890689
E00163796,303,41,262,13.531353135313532,86.46864686468648
E00163797,368,68,300,18.478260869565215,81.52173913043478
E00163798,258,44,214,17.05426356589147,82.94573643410853
E00163799,249,45,204,18.072289156626507,81.92771084337349
E00163800,306,53,253,17.320261437908496,82.6797385620915
E00163801,358,135,223,37.709497206703915,62.290502793296085
E00163802,336,74,262,22.023809523809522,77.97619047619048
E00163803,313,65,248,20.766773162939298,79.2332268370607
E00163805,321,49,272,15.264797507788161,84.73520249221184
E00163806,186,19,167,10.21505376344086,89.78494623655914
E00163807,482,94,388,19.502074688796682,80.49792531120332
E00163809,307,36,271,11.726384364820847,88.27361563517914
E00163810,266,22,244,8.270676691729323,91.72932330827066
E00163811,313,41,272,13.099041533546327,86.90095846645367
E00163812,201,36,165,17.91044776119403,82.08955223880598
E00163813,343,75,268,21.865889212827987,78.134110787172
E00163814,322,45,277,13.975155279503104,86.0248447204969
E00163815,394,92,302,23.3502538071066,76.6497461928934
E00163816,339,44,295,12.979351032448378,87.02064896755162
E00163817,290,47,243,16.206896551724135,83.79310344827586
E00163818,310,50,260,16.129032258064516,83.87096774193549
E00163819,400,77,323,19.25,80.75
E00163821,288,54,234,18.75,81.25
E00163822,232,27,205,11.637931034482758,88.36206896551724
E00163824,262,32,230,12.213740458015266,87.78625954198473
E00163825,362,55,307,15.193370165745856,84.80662983425414
E00163826,202,31,171,15.346534653465346,84.65346534653465
E00163827,309,62,247,20.06472491909385,79.93527508090615
E00163828,192,22,170,11.458333333333332,88.54166666666666
E00163829,278,19,259,6.83453237410072,93.16546762589928
E00163830,348,57,291,16.379310344827587,83.62068965517241
E00163831,466,74,392,15.879828326180256,84.12017167381974
E00163832,274,30,244,10.948905109489052,89.05109489051095
E00163833,277,29,248,10.469314079422382,89.53068592057761
E00163834,273,30,243,10.989010989010989,89.01098901098901
E00163835,373,60,313,16.0857908847185,83.91420911528151
E00163836,282,37,245,13.120567375886525,86.87943262411348
E00163837,357,70,287,19.607843137254903,80.3921568627451
E00163839,217,13,204,5.990783410138248,94.00921658986175
E00163840,404,62,342,15.346534653465346,84.65346534653465
E00166334,302,64,238,21.192052980132452,78.80794701986756
E00166335,185,43,142,23.243243243243246,76.75675675675676
E00166336,190,18,172,9.473684210526317,90.52631578947368
E00166337,306,49,257,16.013071895424837,83.98692810457517
E00166338,198,38,160,19.19191919191919,80.8080808080808
E00166339,264,68,196,25.757575757575758,74.24242424242425
E00166340,199,20,179,10.050251256281408,89.9497487437186
E00166341,281,66,215,23.487544483985765,76.51245551601423
E00166342,251,23,228,9.163346613545817,90.83665338645417
E00166343,270,52,218,19.25925925925926,80.74074074074075
E00166344,375,119,256,31.733333333333334,68.26666666666667
E00166345,265,51,214,19.245283018867926,80.75471698113208
E00166346,257,57,200,22.17898832684825,77.82101167315176
E00166347,272,70,202,25.735294117647058,74.26470588235294
E00166348,277,64,213,23.104693140794225,76.89530685920577
E00166349,148,17,131,11.486486486486488,88.51351351351352
E00166350,103,18,85,17.475728155339805,82.52427184466019
E00166351,346,85,261,24.566473988439306,75.43352601156069
E00166352,207,24,183,11.594202898550725,88.40579710144928
E00166353,287,64,223,22.299651567944252,77.70034843205575
E00166354,208,40,168,19.230769230769234,80.76923076923077
E00166355,307,71,236,23.12703583061889,76.8729641693811
E00166356,264,64,200,24.242424242424242,75.75757575757575
E00166357,247,33,214,13.360323886639677,86.63967611336032
E00166358,298,74,224,24.832214765100673,75.16778523489933
E00166359,356,81,275,22.752808988764045,77.24719101123596
E00166360,270,43,227,15.925925925925927,84.07407407407408
E00166361,249,39,210,15.66265060240964,84.33734939759037
E00166362,219,41,178,18.72146118721461,81.27853881278538
E00166363,317,71,246,22.397476340694006,77.60252365930599
E00166364,295,75,220,25.423728813559322,74.57627118644068
E00166365,268,67,201,25,75
E00166366,253,36,217,14.229249011857709,85.7707509881423
E00166367,323,97,226,30.030959752321984,69.96904024767801
E00166368,280,63,217,22.5,77.5
E00166369,304,78,226,25.657894736842106,74.3421052631579
E00166370,223,44,179,19.730941704035875,80.26905829596413
E00166371,273,49,224,17.94871794871795,82.05128205128204
E00166372,245,45,200,18.367346938775512,81.63265306122449
E00166373,219,20,199,9.1324200913242,90.8675799086758
E00166374,252,59,193,23.41269841269841,76.5873015873016
E00166375,283,24,259,8.480565371024735,91.51943462897526
E00166376,290,37,253,12.758620689655173,87.24137931034483
E00166377,242,21,221,8.677685950413224,91.32231404958677
E00166378,248,27,221,10.887096774193548,89.11290322580645
E00166379,332,83,249,25,75
E00166380,215,31,184,14.418604651162791,85.5813953488372
E00166381,1124,987,137,87.81138790035587,12.188612099644129
E00166382,145,14,131,9.655172413793103,90.3448275862069
E00166385,350,60,290,17.142857142857142,82.85714285714286
E00166386,187,13,174,6.951871657754011,93.04812834224599
E00166387,161,12,149,7.453416149068323,92.54658385093167
E00166388,282,66,216,23.404255319148938,76.59574468085107
E00166390,242,84,158,34.710743801652896,65.28925619834712
E00166391,495,66,429,13.333333333333334,86.66666666666667
E00166392,404,254,150,62.87128712871287,37.12871287128713
E00166393,302,90,212,29.80132450331126,70.19867549668875
E00166395,315,100,215,31.746031746031743,68.25396825396825
E00166396,196,28,168,14.285714285714285,85.71428571428571
E00166397,340,72,268,21.176470588235293,78.82352941176471
E00166398,270,49,221,18.14814814814815,81.85185185185185
E00166399,289,82,207,28.373702422145332,71.62629757785467
E00166400,223,28,195,12.556053811659194,87.4439461883408
E00166401,207,30,177,14.492753623188406,85.5072463768116
E00166402,302,79,223,26.158940397350992,73.84105960264901
E00166403,359,109,250,30.362116991643457,69.63788300835655
E00166404,209,42,167,20.095693779904305,79.90430622009569
E00166405,278,82,196,29.496402877697843,70.50359712230215
E00166406,377,114,263,30.238726790450926,69.76127320954907
E00166407,572,160,412,27.972027972027973,72.02797202797203
E00166408,223,33,190,14.798206278026907,85.20179372197309
E00166409,324,71,253,21.91358024691358,78.08641975308642
E00166410,303,74,229,24.422442244224424,75.57755775577559
E00166411,316,72,244,22.78481012658228,77.21518987341773
E00166412,328,82,246,25,75
E00166413,194,50,144,25.773195876288657,74.22680412371135
E00166415,302,70,232,23.178807947019866,76.82119205298014
E00166416,299,73,226,24.414715719063544,75.58528428093646
E00166417,234,35,199,14.957264957264957,85.04273504273505
E00166419,232,72,160,31.03448275862069,68.96551724137932
E00166420,195,47,148,24.102564102564102,75.8974358974359
E00166421,167,41,126,24.550898203592812,75.44910179640718
E00166422,180,30,150,16.666666666666664,83.33333333333334
E00166424,790,134,656,16.962025316455694,83.0379746835443
E00166425,144,61,83,42.36111111111111,57.638888888888886
E00166427,185,63,122,34.054054054054056,65.94594594594595
E00166430,142,43,99,30.28169014084507,69.71830985915493
E00166431,277,34,243,12.274368231046932,87.72563176895306
E00166432,507,111,396,21.893491124260358,78.10650887573965
E00166433,287,67,220,23.34494773519164,76.65505226480836
E00166434,124,16,108,12.903225806451612,87.09677419354838
E00166435,217,23,194,10.599078341013826,89.40092165898618
E00166436,411,88,323,21.41119221411192,78.58880778588808
E00166437,241,22,219,9.12863070539419,90.87136929460581
E00166438,212,15,197,7.0754716981132075,92.9245283018868
E00166439,202,70,132,34.65346534653465,65.34653465346535
E00166440,178,68,110,38.20224719101123,61.79775280898876
E00166441,313,81,232,25.878594249201274,74.12140575079871
E00166442,264,72,192,27.27272727272727,72.72727272727273
E00166443,324,84,240,25.925925925925924,74.07407407407408
E00166444,212,52,160,24.528301886792452,75.47169811320755
E00166445,298,74,224,24.832214765100673,75.16778523489933
E00166446,214,41,173,19.158878504672895,80.8411214953271
E00166448,235,35,200,14.893617021276595,85.1063829787234
E00166449,278,60,218,21.58273381294964,78.41726618705036
E00166452,448,128,320,28.57142857142857,71.42857142857143
E00166453,562,141,421,25.088967971530252,74.91103202846975
E00166454,312,62,250,19.871794871794872,80.12820512820514
E00166455,354,84,270,23.728813559322035,76.27118644067797
E00166456,351,84,267,23.931623931623932,76.06837606837607
E00166457,131,32,99,24.427480916030532,75.57251908396947
E00166459,263,43,220,16.34980988593156,83.65019011406845
E00166460,132,20,112,15.151515151515152,84.84848484848484
E00166461,289,43,246,14.878892733564014,85.12110726643598
E00166463,287,50,237,17.421602787456447,82.57839721254355
E00166464,399,48,351,12.030075187969924,87.96992481203007
E00166465,397,39,358,9.82367758186398,90.17632241813602
E00184140,112,34,78,30.357142857142854,69.64285714285714
E00184141,826,38,788,4.600484261501211,95.39951573849879
E00184142,283,53,230,18.727915194346288,81.2720848056537
E00184143,239,92,147,38.49372384937239,61.50627615062761
E00184144,97,25,72,25.773195876288657,74.22680412371135
E00184145,284,56,228,19.718309859154928,80.28169014084507
E00184146,162,34,128,20.98765432098765,79.01234567901234
E00184149,259,41,218,15.83011583011583,84.16988416988417
E00184151,432,108,324,25,75
E00184152,417,62,355,14.86810551558753,85.13189448441247
E00184153,352,41,311,11.647727272727272,88.35227272727273
E00184154,556,106,450,19.06474820143885,80.93525179856115
E00184155,292,42,250,14.383561643835616,85.61643835616438
E00184156,520,72,448,13.846153846153847,86.15384615384616
E00184159,480,138,342,28.749999999999996,71.25
E00184160,377,114,263,30.238726790450926,69.76127320954907
E00184161,145,27,118,18.620689655172416,81.37931034482759
E00184162,539,142,397,26.34508348794063,73.65491651205936
E00184163,103,24,79,23.300970873786408,76.69902912621359
E00184164,163,50,113,30.67484662576687,69.32515337423312
E00184165,283,33,250,11.66077738515901,88.33922261484098
E00184166,457,94,363,20.568927789934357,79.43107221006565
E00184167,421,116,305,27.55344418052256,72.44655581947742
E00184168,550,117,433,21.272727272727273,78.72727272727272
E00184169,128,44,84,34.375,65.625
E00184170,524,168,356,32.06106870229007,67.93893129770993
E00184171,447,145,302,32.43847874720358,67.56152125279642
E00184172,447,62,385,13.870246085011187,86.12975391498881
E00184173,321,85,236,26.479750778816197,73.5202492211838
E00184174,445,96,349,21.573033707865168,78.42696629213484
E00184175,237,29,208,12.236286919831224,87.76371308016878
E00184176,172,42,130,24.418604651162788,75.5813953488372
E00184177,524,187,337,35.68702290076336,64.31297709923665
E00184178,469,90,379,19.189765458422176,80.81023454157783
E00184179,534,126,408,23.595505617977526,76.40449438202246
E00184180,372,71,301,19.086021505376344,80.91397849462365
E00184181,413,103,310,24.93946731234867,75.06053268765133
E00184182,381,86,295,22.57217847769029,77.42782152230971
E00184183,203,21,182,10.344827586206897,89.65517241379311
E00184184,230,35,195,15.217391304347828,84.78260869565217
E00184185,162,32,130,19.753086419753085,80.24691358024691
E00184186,517,15,502,2.9013539651837523,97.09864603481626
E00184187,134,25,109,18.65671641791045,81.34328358208955
E00184188,332,34,298,10.240963855421686,89.7590361445783
E00184189,166,22,144,13.253012048192772,86.74698795180723
E00184190,450,89,361,19.77777777777778,80.22222222222221
E00184191,417,78,339,18.705035971223023,81.29496402877699
E00184192,2163,324,1839,14.979195561719832,85.02080443828017
E00184193,126,32,94,25.396825396825395,74.60317460317461
E00184194,298,61,237,20.469798657718123,79.53020134228188
E00184195,107,13,94,12.149532710280374,87.85046728971963
E00184196,204,61,143,29.901960784313726,70.09803921568627
E00184197,508,35,473,6.889763779527559,93.11023622047244
E00184198,428,74,354,17.289719626168225,82.71028037383178
E00184199,364,43,321,11.813186813186812,88.18681318681318
E00184200,275,42,233,15.272727272727273,84.72727272727273
E00184201,198,52,146,26.262626262626267,73.73737373737373
E00184202,577,139,438,24.090121317157713,75.90987868284229
E00184203,304,104,200,34.21052631578947,65.78947368421053
E00184204,264,52,212,19.696969696969695,80.3030303030303
E00184205,274,65,209,23.722627737226276,76.27737226277372
E00184206,168,35,133,20.833333333333336,79.16666666666666
E00184207,380,61,319,16.05263157894737,83.94736842105263
E00184208,214,71,143,33.177570093457945,66.82242990654206
E00184209,137,23,114,16.78832116788321,83.21167883211679
E00184210,123,14,109,11.38211382113821,88.6178861788618
E00184211,551,151,400,27.404718693284934,72.59528130671507
E00184212,404,57,347,14.108910891089108,85.89108910891089
E00184213,206,74,132,35.92233009708738,64.07766990291263
E00184214,259,100,159,38.61003861003861,61.38996138996139
E00184215,262,32,230,12.213740458015266,87.78625954198473
E00184216,246,71,175,28.86178861788618,71.13821138211382
E00184217,226,68,158,30.08849557522124,69.91150442477876
E00184218,430,98,332,22.790697674418606,77.20930232558139
E00184219,290,55,235,18.96551724137931,81.03448275862068
E00184220,244,61,183,25,75
E00184221,482,141,341,29.253112033195023,70.74688796680498
E00184222,275,52,223,18.90909090909091,81.0909090909091
E00184223,128,28,100,21.875,78.125
E00184224,347,81,266,23.34293948126801,76.657060518732
E00184225,192,38,154,19.791666666666664,80.20833333333334
E00184226,167,50,117,29.94011976047904,70.05988023952095
E00184227,527,146,381,27.703984819734345,72.29601518026566
E00184228,234,38,196,16.23931623931624,83.76068376068376
E00184229,244,65,179,26.639344262295083,73.36065573770492
E00184230,118,34,84,28.8135593220339,71.1864406779661
E00184231,126,16,110,12.698412698412698,87.3015873015873
E00184232,169,8,161,4.733727810650888,95.26627218934911
E00184233,159,20,139,12.578616352201259,87.42138364779875
E00184234,185,41,144,22.162162162162165,77.83783783783784
E00184235,461,131,330,28.41648590021692,71.58351409978309
E00184236,250,53,197,21.2,78.8
E00184237,378,102,276,26.984126984126984,73.01587301587301
E00184238,183,34,149,18.579234972677597,81.4207650273224
E00184239,357,71,286,19.88795518207283,80.11204481792717
E00184240,500,159,341,31.8,68.2
E00184241,214,55,159,25.70093457943925,74.29906542056075
E00184242,235,50,185,21.27659574468085,78.72340425531915
E00184243,166,39,127,23.49397590361446,76.50602409638554
E00184244,411,163,248,39.65936739659367,60.34063260340633
E00184245,365,95,270,26.027397260273972,73.97260273972603
E00184246,240,72,168,30,70
E00184247,412,108,304,26.21359223300971,73.7864077669903
E00184248,366,54,312,14.754098360655737,85.24590163934425
E00184249,292,59,233,20.205479452054796,79.7945205479452
E00184250,159,21,138,13.20754716981132,86.79245283018868
E00184251,300,55,245,18.333333333333332,81.66666666666667
E00184252,103,33,70,32.038834951456316,67.96116504854369
E00184253,458,117,341,25.54585152838428,74.45414847161572
E00184254,326,44,282,13.496932515337424,86.50306748466258
E00184255,291,81,210,27.835051546391753,72.16494845360825
E00184256,514,138,376,26.848249027237355,73.15175097276264
E00184257,136,22,114,16.176470588235293,83.82352941176471
E00184258,108,26,82,24.074074074074073,75.92592592592592
E00184259,243,64,179,26.337448559670783,73.66255144032921
E00184260,282,46,236,16.312056737588655,83.68794326241135
E00184261,603,18,585,2.9850746268656714,97.01492537313433
E00184262,244,31,213,12.704918032786885,87.29508196721312
E00184263,167,43,124,25.748502994011975,74.25149700598801
E00184264,540,177,363,32.77777777777778,67.22222222222223
E00184265,103,19,84,18.446601941747574,81.55339805825243
E00184266,318,63,255,19.81132075471698,80.18867924528303
E00184267,458,109,349,23.799126637554586,76.2008733624454
E00184268,512,140,372,27.34375,72.65625
E00184269,251,48,203,19.12350597609562,80.87649402390437
E00184270,421,120,301,28.50356294536817,71.49643705463184
E00184271,203,58,145,28.57142857142857,71.42857142857143
E00184272,166,20,146,12.048192771084338,87.95180722891565
E00184273,200,65,135,32.5,67.5
E00184274,151,34,117,22.516556291390728,77.48344370860927
E00184275,343,71,272,20.699708454810494,79.30029154518951
E00184276,236,23,213,9.745762711864407,90.2542372881356
E00184277,573,137,436,23.909249563699824,76.09075043630017
E00184278,115,16,99,13.91304347826087,86.08695652173914
E00184279,109,17,92,15.59633027522936,84.40366972477065
E00184280,188,51,137,27.127659574468083,72.87234042553192
E00184281,513,145,368,28.26510721247563,71.73489278752436
E00184282,350,67,283,19.142857142857142,80.85714285714286
E00184283,228,55,173,24.12280701754386,75.87719298245614
E00184284,367,66,301,17.983651226158038,82.01634877384197
E00184285,173,43,130,24.85549132947977,75.14450867052022
E00184286,387,98,289,25.32299741602067,74.67700258397933
E00184287,365,82,283,22.465753424657535,77.53424657534246
E00184288,344,80,264,23.25581395348837,76.74418604651163
E00184289,353,80,273,22.6628895184136,77.33711048158641
E00184290,284,72,212,25.352112676056336,74.64788732394366
E00184291,411,89,322,21.654501216545015,78.34549878345499
E00184292,126,12,114,9.523809523809524,90.47619047619048
E00184293,341,56,285,16.422287390029325,83.57771260997067
E00184294,556,124,432,22.302158273381295,77.6978417266187
E00184295,330,41,289,12.424242424242424,87.57575757575758
E00184296,204,62,142,30.392156862745097,69.6078431372549
E00184297,345,64,281,18.55072463768116,81.44927536231884
E00184298,163,38,125,23.31288343558282,76.68711656441718
E00184299,316,64,252,20.253164556962027,79.74683544303798
E00184300,375,87,288,23.200000000000003,76.8
E00184301,250,22,228,8.799999999999999,91.2
E00184302,309,52,257,16.828478964401295,83.1715210355987
E00184303,160,49,111,30.625000000000004,69.375
E00184304,243,56,187,23.045267489711936,76.95473251028807
E00184305,181,4,177,2.209944751381215,97.79005524861878
E00184306,180,24,156,13.333333333333334,86.66666666666667
E00184307,301,72,229,23.920265780730897,76.0797342192691
E00184308,298,52,246,17.449664429530202,82.5503355704698
E00184309,153,39,114,25.49019607843137,74.50980392156863
E00184310,439,129,310,29.38496583143508,70.61503416856492
E00184311,382,101,281,26.439790575916227,73.56020942408377
E00184312,317,83,234,26.18296529968454,73.81703470031546
E00184313,186,54,132,29.03225806451613,70.96774193548387
E00184314,469,87,382,18.550106609808104,81.4498933901919
E00184315,288,93,195,32.29166666666667,67.70833333333334
E00184316,263,78,185,29.65779467680608,70.34220532319392
E00184317,317,99,218,31.230283911671926,68.76971608832808
E00184318,323,91,232,28.173374613003094,71.8266253869969
E00184319,415,114,301,27.469879518072286,72.53012048192771
E00184320,518,127,391,24.517374517374517,75.4826254826255
E00184321,109,19,90,17.431192660550458,82.56880733944955
E00184322,487,99,388,20.32854209445585,79.67145790554414
E00184323,111,13,98,11.711711711711711,88.28828828828829
E00184324,296,46,250,15.54054054054054,84.45945945945947
E00184325,455,145,310,31.868131868131865,68.13186813186813
E00184326,267,85,182,31.835205992509362,68.16479400749064
E00184327,344,81,263,23.546511627906977,76.45348837209302
E00184328,206,37,169,17.96116504854369,82.03883495145631
E00184329,213,28,185,13.145539906103288,86.85446009389672
E00184330,395,131,264,33.164556962025316,66.83544303797468
E00184331,395,128,267,32.40506329113924,67.59493670886076
E00184332,327,46,281,14.067278287461773,85.93272171253822
E00184333,309,78,231,25.24271844660194,74.75728155339806
E00184334,93,12,81,12.903225806451612,87.09677419354838
E00184335,131,23,108,17.557251908396946,82.44274809160305
