OA,ts0540001,ts0540002,ts0540003,ts0540004,ts0540005,ts0540006,ts0540007,ts0540008,ts0540009,ts0540010,ts0540011,ts0540012,ts0540013,ts0540002_PCT,ts0540003_PCT,ts0540004_PCT,ts0540005_PCT,ts0540006_PCT,ts0540007_PCT,ts0540008_PCT,ts0540009_PCT,ts0540010_PCT,ts0540011_PCT,ts0540012_PCT,ts0540013_PCT
E00116742,124,118,71,47,0,0,0,0,0,6,4,2,0,95.16129032258065,57.25806451612904,37.903225806451616,0,0,0,0,0,4.838709677419355,3.225806451612903,1.6129032258064515,0
E00116743,125,113,73,40,0,0,1,1,0,11,7,4,0,90.4,58.4,32,0,0,0.8,0.8,0,8.799999999999999,5.6000000000000005,3.2,0
E00116744,119,91,48,43,0,0,1,1,0,27,25,2,0,76.47058823529412,40.33613445378151,36.134453781512605,0,0,0.8403361344537815,0.8403361344537815,0,22.689075630252102,21.008403361344538,1.680672268907563,0
E00116745,149,123,72,51,0,0,5,0,5,21,18,3,0,82.5503355704698,48.322147651006716,34.22818791946309,0,0,3.3557046979865772,0,3.3557046979865772,14.093959731543624,12.080536912751679,2.013422818791946,0
E00116746,112,107,78,29,0,0,0,0,0,5,4,1,0,95.53571428571429,69.64285714285714,25.892857142857146,0,0,0,0,0,4.464285714285714,3.571428571428571,0.8928571428571428,0
E00116747,117,109,76,33,1,1,1,0,1,6,5,1,0,93.16239316239316,64.95726495726495,28.205128205128204,0.8547008547008548,0.8547008547008548,0.8547008547008548,0,0.8547008547008548,5.128205128205128,4.273504273504273,0.8547008547008548,0
E00116748,121,112,64,48,0,0,1,1,0,8,7,1,0,92.56198347107438,52.892561983471076,39.66942148760331,0,0,0.8264462809917356,0.8264462809917356,0,6.6115702479338845,5.785123966942149,0.8264462809917356,0
E00116749,105,74,36,38,0,0,27,23,4,4,3,1,0,70.47619047619048,34.285714285714285,36.19047619047619,0,0,25.71428571428571,21.904761904761905,3.8095238095238098,3.8095238095238098,2.857142857142857,0.9523809523809524,0
E00116750,146,140,93,47,0,0,0,0,0,6,3,3,0,95.8904109589041,63.6986301369863,32.19178082191781,0,0,0,0,0,4.10958904109589,2.054794520547945,2.054794520547945,0
E00116751,131,105,69,36,0,0,6,1,5,20,13,7,0,80.1526717557252,52.67175572519084,27.480916030534353,0,0,4.580152671755725,0.7633587786259541,3.816793893129771,15.267175572519085,9.923664122137405,5.343511450381679,0
E00116752,118,100,53,47,0,0,9,0,9,9,5,4,0,84.7457627118644,44.91525423728814,39.83050847457627,0,0,7.627118644067797,0,7.627118644067797,7.627118644067797,4.23728813559322,3.389830508474576,0
E00116753,119,105,67,38,0,0,4,2,2,10,6,4,0,88.23529411764706,56.30252100840336,31.932773109243694,0,0,3.361344537815126,1.680672268907563,1.680672268907563,8.403361344537815,5.042016806722689,3.361344537815126,0
E00116754,173,159,106,53,0,0,1,1,0,13,8,5,0,91.90751445086705,61.27167630057804,30.63583815028902,0,0,0.5780346820809248,0.5780346820809248,0,7.514450867052023,4.624277456647398,2.8901734104046244,0
E00116755,125,108,70,38,0,0,5,5,0,12,11,1,0,86.4,56.00000000000001,30.4,0,0,4,4,0,9.6,8.799999999999999,0.8,0
E00116756,122,114,76,38,0,0,0,0,0,8,8,0,0,93.44262295081968,62.295081967213115,31.147540983606557,0,0,0,0,0,6.557377049180328,6.557377049180328,0,0
E00116757,61,59,35,24,0,0,0,0,0,2,2,0,0,96.72131147540983,57.377049180327866,39.34426229508197,0,0,0,0,0,3.278688524590164,3.278688524590164,0,0
E00116758,65,60,54,6,0,0,3,3,0,2,1,1,0,92.3076923076923,83.07692307692308,9.230769230769232,0,0,4.615384615384616,4.615384615384616,0,3.076923076923077,1.5384615384615385,1.5384615384615385,0
E00116759,135,111,72,39,0,0,16,6,10,8,7,1,0,82.22222222222221,53.333333333333336,28.888888888888886,0,0,11.851851851851853,4.444444444444445,7.4074074074074066,5.9259259259259265,5.185185185185185,0.7407407407407408,0
E00116760,119,90,58,32,1,1,9,0,9,19,14,5,0,75.63025210084034,48.739495798319325,26.89075630252101,0.8403361344537815,0.8403361344537815,7.563025210084033,0,7.563025210084033,15.966386554621847,11.76470588235294,4.201680672268908,0
E00116761,126,110,76,34,0,0,0,0,0,16,13,3,0,87.3015873015873,60.317460317460316,26.984126984126984,0,0,0,0,0,12.698412698412698,10.317460317460316,2.380952380952381,0
E00116762,134,128,106,22,1,1,0,0,0,5,4,1,0,95.52238805970148,79.1044776119403,16.417910447761194,0.7462686567164178,0.7462686567164178,0,0,0,3.731343283582089,2.9850746268656714,0.7462686567164178,0
E00116763,117,108,71,37,1,1,0,0,0,8,6,2,0,92.3076923076923,60.68376068376068,31.62393162393162,0.8547008547008548,0.8547008547008548,0,0,0,6.837606837606838,5.128205128205128,1.7094017094017095,0
E00116764,130,125,99,26,0,0,0,0,0,5,4,1,0,96.15384615384616,76.15384615384615,20,0,0,0,0,0,3.8461538461538463,3.076923076923077,0.7692307692307693,0
E00116765,70,56,54,2,3,3,2,0,2,9,2,7,0,80,77.14285714285715,2.857142857142857,4.285714285714286,4.285714285714286,2.857142857142857,0,2.857142857142857,12.857142857142856,2.857142857142857,10,0
E00116766,135,130,95,35,0,0,1,0,1,4,4,0,0,96.29629629629629,70.37037037037037,25.925925925925924,0,0,0.7407407407407408,0,0.7407407407407408,2.9629629629629632,2.9629629629629632,0,0
E00116767,139,116,96,20,1,1,6,5,1,16,16,0,0,83.45323741007195,69.06474820143885,14.388489208633093,0.7194244604316548,0.7194244604316548,4.316546762589928,3.5971223021582732,0.7194244604316548,11.510791366906476,11.510791366906476,0,0
E00116768,119,110,85,25,0,0,0,0,0,9,9,0,0,92.43697478991596,71.42857142857143,21.008403361344538,0,0,0,0,0,7.563025210084033,7.563025210084033,0,0
E00116769,123,119,95,24,0,0,1,1,0,3,2,1,0,96.7479674796748,77.23577235772358,19.51219512195122,0,0,0.8130081300813009,0.8130081300813009,0,2.4390243902439024,1.6260162601626018,0.8130081300813009,0
E00116770,127,127,102,25,0,0,0,0,0,0,0,0,0,100,80.31496062992126,19.68503937007874,0,0,0,0,0,0,0,0,0
E00116771,137,133,109,24,0,0,0,0,0,4,1,3,0,97.08029197080292,79.56204379562044,17.51824817518248,0,0,0,0,0,2.9197080291970803,0.7299270072992701,2.18978102189781,0
E00116772,134,122,98,24,0,0,0,0,0,12,11,1,0,91.04477611940298,73.13432835820896,17.91044776119403,0,0,0,0,0,8.955223880597014,8.208955223880597,0.7462686567164178,0
E00116773,129,118,77,41,0,0,5,2,3,6,5,1,0,91.47286821705426,59.68992248062015,31.782945736434108,0,0,3.875968992248062,1.550387596899225,2.3255813953488373,4.651162790697675,3.875968992248062,0.7751937984496124,0
E00116774,201,172,140,32,1,1,1,1,0,27,21,6,0,85.57213930348259,69.65174129353234,15.92039800995025,0.4975124378109453,0.4975124378109453,0.4975124378109453,0.4975124378109453,0,13.432835820895523,10.44776119402985,2.9850746268656714,0
E00116775,143,135,97,38,0,0,0,0,0,8,7,1,0,94.4055944055944,67.83216783216784,26.573426573426573,0,0,0,0,0,5.594405594405594,4.895104895104895,0.6993006993006993,0
E00116776,133,102,69,33,1,1,3,1,2,27,23,4,0,76.69172932330827,51.8796992481203,24.81203007518797,0.7518796992481203,0.7518796992481203,2.2556390977443606,0.7518796992481203,1.5037593984962405,20.30075187969925,17.293233082706767,3.007518796992481,0
E00116777,112,72,60,12,0,0,27,2,25,13,13,0,0,64.28571428571429,53.57142857142857,10.714285714285714,0,0,24.107142857142858,1.7857142857142856,22.321428571428573,11.607142857142858,11.607142857142858,0,0
E00116778,139,102,85,17,0,0,4,1,3,33,31,2,0,73.38129496402878,61.15107913669065,12.23021582733813,0,0,2.877697841726619,0.7194244604316548,2.158273381294964,23.741007194244602,22.302158273381295,1.4388489208633095,0
E00116779,161,110,77,33,0,0,0,0,0,51,45,6,0,68.32298136645963,47.82608695652174,20.496894409937887,0,0,0,0,0,31.67701863354037,27.95031055900621,3.7267080745341614,0
E00116780,138,131,112,19,0,0,1,0,1,6,5,1,0,94.92753623188406,81.15942028985508,13.768115942028986,0,0,0.7246376811594203,0,0.7246376811594203,4.3478260869565215,3.6231884057971016,0.7246376811594203,0
E00116781,140,126,73,53,1,1,2,1,1,11,4,7,0,90,52.142857142857146,37.857142857142854,0.7142857142857143,0.7142857142857143,1.4285714285714286,0.7142857142857143,0.7142857142857143,7.857142857142857,2.857142857142857,5,0
E00116782,82,67,49,18,0,0,2,0,2,13,10,3,0,81.70731707317073,59.756097560975604,21.951219512195124,0,0,2.4390243902439024,0,2.4390243902439024,15.853658536585366,12.195121951219512,3.6585365853658534,0
E00116783,127,125,92,33,0,0,0,0,0,2,2,0,0,98.4251968503937,72.44094488188976,25.984251968503933,0,0,0,0,0,1.574803149606299,1.574803149606299,0,0
E00116784,170,160,153,7,0,0,1,0,1,9,8,1,0,94.11764705882352,90,4.117647058823529,0,0,0.5882352941176471,0,0.5882352941176471,5.294117647058823,4.705882352941177,0.5882352941176471,0
E00116785,119,76,47,29,0,0,4,2,2,39,34,5,0,63.86554621848739,39.49579831932773,24.369747899159663,0,0,3.361344537815126,1.680672268907563,1.680672268907563,32.773109243697476,28.57142857142857,4.201680672268908,0
E00116786,142,113,62,51,0,0,1,0,1,28,27,1,0,79.5774647887324,43.66197183098591,35.91549295774648,0,0,0.7042253521126761,0,0.7042253521126761,19.718309859154928,19.014084507042252,0.7042253521126761,0
E00116787,133,117,75,42,1,1,0,0,0,15,9,6,0,87.96992481203007,56.390977443609025,31.57894736842105,0.7518796992481203,0.7518796992481203,0,0,0,11.278195488721805,6.7669172932330826,4.511278195488721,0
E00116788,136,130,83,47,0,0,3,2,1,3,2,1,0,95.58823529411765,61.029411764705884,34.55882352941176,0,0,2.2058823529411766,1.4705882352941175,0.7352941176470588,2.2058823529411766,1.4705882352941175,0.7352941176470588,0
E00116789,129,120,81,39,0,0,1,1,0,8,7,1,0,93.02325581395348,62.7906976744186,30.23255813953488,0,0,0.7751937984496124,0.7751937984496124,0,6.2015503875969,5.426356589147287,0.7751937984496124,0
E00116790,136,118,63,55,1,1,5,1,4,12,10,2,0,86.76470588235294,46.32352941176471,40.44117647058824,0.7352941176470588,0.7352941176470588,3.6764705882352944,0.7352941176470588,2.941176470588235,8.823529411764707,7.352941176470589,1.4705882352941175,0
E00116791,119,105,69,36,0,0,3,1,2,11,11,0,0,88.23529411764706,57.98319327731093,30.252100840336134,0,0,2.5210084033613445,0.8403361344537815,1.680672268907563,9.243697478991598,9.243697478991598,0,0
E00116792,186,170,131,39,0,0,2,2,0,14,12,2,0,91.39784946236558,70.43010752688173,20.967741935483872,0,0,1.0752688172043012,1.0752688172043012,0,7.526881720430108,6.451612903225806,1.0752688172043012,0
E00116793,121,25,14,11,1,1,81,71,10,14,13,1,0,20.66115702479339,11.570247933884298,9.090909090909092,0.8264462809917356,0.8264462809917356,66.94214876033058,58.67768595041323,8.264462809917356,11.570247933884298,10.743801652892563,0.8264462809917356,0
E00116794,128,117,76,41,0,0,4,0,4,7,6,1,0,91.40625,59.375,32.03125,0,0,3.125,0,3.125,5.46875,4.6875,0.78125,0
E00116795,132,62,27,35,2,2,14,2,12,54,53,1,0,46.96969696969697,20.454545454545457,26.515151515151516,1.5151515151515151,1.5151515151515151,10.606060606060606,1.5151515151515151,9.090909090909092,40.909090909090914,40.15151515151515,0.7575757575757576,0
E00116796,145,105,63,42,1,1,32,24,8,7,6,1,0,72.41379310344827,43.44827586206896,28.965517241379313,0.6896551724137931,0.6896551724137931,22.06896551724138,16.551724137931036,5.517241379310345,4.827586206896552,4.137931034482759,0.6896551724137931,0
E00116797,125,69,41,28,1,1,32,30,2,23,22,1,0,55.2,32.800000000000004,22.400000000000002,0.8,0.8,25.6,24,1.6,18.4,17.599999999999998,0.8,0
E00116798,116,86,50,36,4,4,7,7,0,19,13,6,0,74.13793103448276,43.103448275862064,31.03448275862069,3.4482758620689653,3.4482758620689653,6.0344827586206895,6.0344827586206895,0,16.379310344827587,11.206896551724139,5.172413793103448,0
E00116799,127,116,76,40,0,0,2,2,0,9,9,0,0,91.33858267716536,59.84251968503938,31.496062992125985,0,0,1.574803149606299,1.574803149606299,0,7.086614173228346,7.086614173228346,0,0
E00116800,133,120,93,27,1,1,2,1,1,10,10,0,0,90.22556390977444,69.92481203007519,20.30075187969925,0.7518796992481203,0.7518796992481203,1.5037593984962405,0.7518796992481203,0.7518796992481203,7.518796992481203,7.518796992481203,0,0
E00116801,141,130,99,31,0,0,1,1,0,10,10,0,0,92.19858156028369,70.2127659574468,21.98581560283688,0,0,0.7092198581560284,0.7092198581560284,0,7.092198581560284,7.092198581560284,0,0
E00116802,143,122,98,24,1,1,1,1,0,19,16,3,0,85.3146853146853,68.53146853146853,16.783216783216783,0.6993006993006993,0.6993006993006993,0.6993006993006993,0.6993006993006993,0,13.286713286713287,11.188811188811188,2.097902097902098,0
E00116803,135,105,77,28,1,1,2,2,0,27,25,2,0,77.77777777777779,57.03703703703704,20.74074074074074,0.7407407407407408,0.7407407407407408,1.4814814814814816,1.4814814814814816,0,20,18.51851851851852,1.4814814814814816,0
E00116804,150,136,114,22,1,1,1,0,1,12,11,1,0,90.66666666666666,76,14.666666666666666,0.6666666666666667,0.6666666666666667,0.6666666666666667,0,0.6666666666666667,8,7.333333333333333,0.6666666666666667,0
E00116805,139,115,87,28,1,1,0,0,0,23,18,5,0,82.73381294964028,62.589928057553955,20.14388489208633,0.7194244604316548,0.7194244604316548,0,0,0,16.546762589928058,12.949640287769784,3.5971223021582732,0
E00116806,180,144,88,56,1,1,2,1,1,33,29,4,0,80,48.888888888888886,31.11111111111111,0.5555555555555556,0.5555555555555556,1.1111111111111112,0.5555555555555556,0.5555555555555556,18.333333333333332,16.11111111111111,2.2222222222222223,0
E00116807,128,91,57,34,0,0,22,18,4,15,11,4,0,71.09375,44.53125,26.5625,0,0,17.1875,14.0625,3.125,11.71875,8.59375,3.125,0
E00116808,128,117,77,40,0,0,0,0,0,11,7,4,0,91.40625,60.15625,31.25,0,0,0,0,0,8.59375,5.46875,3.125,0
E00116809,135,100,73,27,0,0,26,9,17,9,7,2,0,74.07407407407408,54.074074074074076,20,0,0,19.25925925925926,6.666666666666667,12.592592592592592,6.666666666666667,5.185185185185185,1.4814814814814816,0
E00116810,146,97,62,35,0,0,5,5,0,44,27,17,0,66.43835616438356,42.465753424657535,23.972602739726025,0,0,3.4246575342465753,3.4246575342465753,0,30.136986301369863,18.493150684931507,11.643835616438356,0
E00116811,80,63,49,14,0,0,9,2,7,8,6,2,0,78.75,61.25000000000001,17.5,0,0,11.25,2.5,8.75,10,7.5,2.5,0
E00116812,140,124,81,43,1,1,1,0,1,14,13,1,0,88.57142857142857,57.85714285714286,30.714285714285715,0.7142857142857143,0.7142857142857143,0.7142857142857143,0,0.7142857142857143,10,9.285714285714286,0.7142857142857143,0
E00116813,160,148,100,48,0,0,0,0,0,12,11,1,0,92.5,62.5,30,0,0,0,0,0,7.5,6.875000000000001,0.625,0
E00116814,161,94,55,39,0,0,56,34,22,9,6,3,2,58.38509316770186,34.161490683229815,24.22360248447205,0,0,34.78260869565217,21.11801242236025,13.664596273291925,5.590062111801243,3.7267080745341614,1.8633540372670807,1.2422360248447204
E00116815,163,129,86,43,3,3,9,2,7,22,18,4,0,79.14110429447852,52.760736196319016,26.380368098159508,1.8404907975460123,1.8404907975460123,5.521472392638037,1.2269938650306749,4.294478527607362,13.496932515337424,11.042944785276074,2.4539877300613497,0
E00116816,143,128,86,42,0,0,0,0,0,15,8,7,0,89.5104895104895,60.13986013986013,29.37062937062937,0,0,0,0,0,10.48951048951049,5.594405594405594,4.895104895104895,0
E00116817,101,92,69,23,0,0,2,1,1,7,6,1,0,91.0891089108911,68.31683168316832,22.772277227722775,0,0,1.9801980198019802,0.9900990099009901,0.9900990099009901,6.9306930693069315,5.9405940594059405,0.9900990099009901,0
E00116818,89,71,41,30,0,0,4,3,1,14,8,6,0,79.7752808988764,46.06741573033708,33.70786516853933,0,0,4.49438202247191,3.3707865168539324,1.1235955056179776,15.730337078651685,8.98876404494382,6.741573033707865,0
E00116819,95,85,48,37,0,0,0,0,0,10,9,1,0,89.47368421052632,50.526315789473685,38.94736842105263,0,0,0,0,0,10.526315789473683,9.473684210526317,1.0526315789473684,0
E00116820,114,107,85,22,0,0,1,1,0,6,5,1,0,93.85964912280701,74.56140350877193,19.298245614035086,0,0,0.8771929824561403,0.8771929824561403,0,5.263157894736842,4.385964912280701,0.8771929824561403,0
E00116821,125,104,79,25,0,0,16,13,3,5,5,0,0,83.2,63.2,20,0,0,12.8,10.4,2.4,4,4,0,0
E00116822,151,140,106,34,0,0,0,0,0,11,10,1,0,92.71523178807946,70.19867549668875,22.516556291390728,0,0,0,0,0,7.28476821192053,6.622516556291391,0.6622516556291391,0
E00116823,135,100,78,22,0,0,6,2,4,29,17,12,0,74.07407407407408,57.77777777777777,16.296296296296298,0,0,4.444444444444445,1.4814814814814816,2.9629629629629632,21.48148148148148,12.592592592592592,8.88888888888889,0
E00116824,137,102,67,35,0,0,16,7,9,19,13,6,0,74.45255474452554,48.9051094890511,25.547445255474454,0,0,11.678832116788321,5.109489051094891,6.569343065693431,13.86861313868613,9.48905109489051,4.37956204379562,0
E00116825,128,115,79,36,0,0,2,2,0,11,4,7,0,89.84375,61.71875,28.125,0,0,1.5625,1.5625,0,8.59375,3.125,5.46875,0
E00116826,123,110,67,43,0,0,0,0,0,13,9,4,0,89.43089430894308,54.47154471544715,34.959349593495936,0,0,0,0,0,10.569105691056912,7.317073170731707,3.2520325203252036,0
E00116827,147,138,89,49,0,0,0,0,0,9,9,0,0,93.87755102040816,60.544217687074834,33.33333333333333,0,0,0,0,0,6.122448979591836,6.122448979591836,0,0
E00116828,85,65,42,23,0,0,1,1,0,19,16,3,0,76.47058823529412,49.411764705882355,27.058823529411764,0,0,1.1764705882352942,1.1764705882352942,0,22.35294117647059,18.823529411764707,3.5294117647058822,0
E00116829,144,120,78,42,2,2,0,0,0,22,9,13,0,83.33333333333334,54.166666666666664,29.166666666666668,1.3888888888888888,1.3888888888888888,0,0,0,15.277777777777779,6.25,9.027777777777777,0
E00116830,146,114,80,34,0,0,13,5,8,19,12,7,0,78.08219178082192,54.794520547945204,23.28767123287671,0,0,8.904109589041095,3.4246575342465753,5.47945205479452,13.013698630136986,8.21917808219178,4.794520547945205,0
E00116831,121,103,44,59,0,0,4,3,1,14,14,0,0,85.12396694214877,36.36363636363637,48.760330578512395,0,0,3.3057851239669422,2.479338842975207,0.8264462809917356,11.570247933884298,11.570247933884298,0,0
E00116832,112,98,60,38,0,0,3,2,1,11,8,3,0,87.5,53.57142857142857,33.92857142857143,0,0,2.6785714285714284,1.7857142857142856,0.8928571428571428,9.821428571428571,7.142857142857142,2.6785714285714284,0
E00116833,113,104,78,26,0,0,3,1,2,6,6,0,0,92.03539823008849,69.02654867256636,23.008849557522122,0,0,2.6548672566371683,0.8849557522123894,1.7699115044247788,5.3097345132743365,5.3097345132743365,0,0
E00116834,117,113,79,34,0,0,1,0,1,3,2,1,0,96.58119658119658,67.52136752136752,29.059829059829063,0,0,0.8547008547008548,0,0.8547008547008548,2.564102564102564,1.7094017094017095,0.8547008547008548,0
E00116835,102,88,59,29,0,0,12,12,0,2,2,0,0,86.27450980392157,57.84313725490197,28.431372549019606,0,0,11.76470588235294,11.76470588235294,0,1.9607843137254901,1.9607843137254901,0,0
E00116836,113,97,49,48,1,1,2,1,1,13,11,2,0,85.84070796460178,43.36283185840708,42.47787610619469,0.8849557522123894,0.8849557522123894,1.7699115044247788,0.8849557522123894,0.8849557522123894,11.504424778761061,9.734513274336283,1.7699115044247788,0
E00116837,125,113,84,29,0,0,5,3,2,7,5,2,0,90.4,67.2,23.200000000000003,0,0,4,2.4,1.6,5.6000000000000005,4,1.6,0
E00116838,128,116,88,28,1,1,1,0,1,10,10,0,0,90.625,68.75,21.875,0.78125,0.78125,0.78125,0,0.78125,7.8125,7.8125,0,0
E00116839,141,133,89,44,0,0,1,1,0,7,7,0,0,94.32624113475178,63.12056737588653,31.20567375886525,0,0,0.7092198581560284,0.7092198581560284,0,4.964539007092199,4.964539007092199,0,0
E00116840,164,120,79,41,2,2,25,12,13,17,12,5,0,73.17073170731707,48.170731707317074,25,1.2195121951219512,1.2195121951219512,15.24390243902439,7.317073170731707,7.926829268292683,10.365853658536585,7.317073170731707,3.048780487804878,0
E00116841,137,87,53,34,3,3,30,28,2,17,16,1,0,63.503649635036496,38.68613138686132,24.817518248175183,2.18978102189781,2.18978102189781,21.897810218978105,20.437956204379564,1.4598540145985401,12.408759124087592,11.678832116788321,0.7299270072992701,0
E00116842,143,87,53,34,0,0,13,0,13,43,32,11,0,60.83916083916085,37.06293706293706,23.776223776223777,0,0,9.090909090909092,0,9.090909090909092,30.069930069930066,22.377622377622377,7.6923076923076925,0
E00116843,135,122,73,49,0,0,6,6,0,7,5,2,0,90.37037037037037,54.074074074074076,36.2962962962963,0,0,4.444444444444445,4.444444444444445,0,5.185185185185185,3.7037037037037033,1.4814814814814816,0
E00116844,119,115,76,39,0,0,2,0,2,2,1,1,0,96.63865546218487,63.86554621848739,32.773109243697476,0,0,1.680672268907563,0,1.680672268907563,1.680672268907563,0.8403361344537815,0.8403361344537815,0
E00116845,145,125,76,49,1,1,4,4,0,15,8,7,0,86.20689655172413,52.41379310344828,33.793103448275865,0.6896551724137931,0.6896551724137931,2.7586206896551726,2.7586206896551726,0,10.344827586206897,5.517241379310345,4.827586206896552,0
E00116846,90,75,49,26,0,0,2,2,0,13,9,4,0,83.33333333333334,54.44444444444444,28.888888888888886,0,0,2.2222222222222223,2.2222222222222223,0,14.444444444444443,10,4.444444444444445,0
E00116847,115,99,72,27,0,0,5,1,4,11,5,6,0,86.08695652173914,62.60869565217392,23.47826086956522,0,0,4.3478260869565215,0.8695652173913043,3.4782608695652173,9.565217391304348,4.3478260869565215,5.217391304347826,0
E00116848,96,75,54,21,1,1,1,1,0,19,6,13,0,78.125,56.25,21.875,1.0416666666666665,1.0416666666666665,1.0416666666666665,1.0416666666666665,0,19.791666666666664,6.25,13.541666666666666,0
E00116849,114,55,35,20,0,0,46,34,12,13,10,3,0,48.24561403508772,30.701754385964914,17.543859649122805,0,0,40.35087719298245,29.82456140350877,10.526315789473683,11.403508771929824,8.771929824561402,2.631578947368421,0
E00116850,118,39,28,11,1,1,16,1,15,62,49,13,0,33.05084745762712,23.728813559322035,9.322033898305085,0.847457627118644,0.847457627118644,13.559322033898304,0.847457627118644,12.711864406779661,52.54237288135594,41.52542372881356,11.016949152542372,0
E00116851,116,87,66,21,0,0,3,3,0,26,17,9,0,75,56.896551724137936,18.103448275862068,0,0,2.586206896551724,2.586206896551724,0,22.413793103448278,14.655172413793101,7.758620689655173,0
E00116852,110,45,36,9,0,0,3,2,1,62,46,16,0,40.909090909090914,32.72727272727273,8.181818181818182,0,0,2.727272727272727,1.8181818181818181,0.9090909090909091,56.36363636363636,41.81818181818181,14.545454545454545,0
E00116853,137,120,87,33,2,2,0,0,0,15,10,5,0,87.59124087591242,63.503649635036496,24.087591240875913,1.4598540145985401,1.4598540145985401,0,0,0,10.948905109489052,7.2992700729927,3.64963503649635,0
E00116854,113,104,81,23,0,0,0,0,0,9,8,1,0,92.03539823008849,71.68141592920354,20.353982300884958,0,0,0,0,0,7.964601769911504,7.079646017699115,0.8849557522123894,0
E00116855,140,130,94,36,0,0,0,0,0,10,8,2,0,92.85714285714286,67.14285714285714,25.71428571428571,0,0,0,0,0,7.142857142857142,5.714285714285714,1.4285714285714286,0
E00116856,178,97,86,11,2,2,27,2,25,52,47,5,0,54.49438202247191,48.31460674157304,6.179775280898876,1.1235955056179776,1.1235955056179776,15.168539325842698,1.1235955056179776,14.04494382022472,29.213483146067414,26.40449438202247,2.8089887640449436,0
E00116857,122,99,72,27,0,0,5,4,1,18,17,1,0,81.14754098360656,59.01639344262295,22.131147540983605,0,0,4.098360655737705,3.278688524590164,0.819672131147541,14.754098360655737,13.934426229508196,0.819672131147541,0
E00116858,162,71,46,25,5,5,55,39,16,30,26,4,1,43.82716049382716,28.39506172839506,15.432098765432098,3.0864197530864197,3.0864197530864197,33.95061728395062,24.074074074074073,9.876543209876543,18.51851851851852,16.049382716049383,2.4691358024691357,0.6172839506172839
E00116859,149,125,77,48,0,0,3,1,2,21,11,10,0,83.89261744966443,51.67785234899329,32.21476510067114,0,0,2.013422818791946,0.6711409395973155,1.342281879194631,14.093959731543624,7.38255033557047,6.7114093959731544,0
E00116860,102,79,49,30,0,0,11,10,1,12,11,1,0,77.45098039215686,48.03921568627451,29.411764705882355,0,0,10.784313725490197,9.803921568627452,0.9803921568627451,11.76470588235294,10.784313725490197,0.9803921568627451,0
E00116861,133,116,63,53,0,0,8,1,7,9,5,4,0,87.21804511278195,47.368421052631575,39.849624060150376,0,0,6.015037593984962,0.7518796992481203,5.263157894736842,6.7669172932330826,3.7593984962406015,3.007518796992481,0
E00116862,114,89,57,32,0,0,21,20,1,4,1,3,0,78.0701754385965,50,28.07017543859649,0,0,18.421052631578945,17.543859649122805,0.8771929824561403,3.508771929824561,0.8771929824561403,2.631578947368421,0
E00116863,120,111,77,34,0,0,0,0,0,9,5,4,0,92.5,64.16666666666667,28.333333333333332,0,0,0,0,0,7.5,4.166666666666666,3.3333333333333335,0
E00116864,144,83,52,31,0,0,0,0,0,61,41,20,0,57.638888888888886,36.11111111111111,21.52777777777778,0,0,0,0,0,42.36111111111111,28.47222222222222,13.88888888888889,0
E00116865,128,109,83,26,1,1,3,3,0,15,8,7,0,85.15625,64.84375,20.3125,0.78125,0.78125,2.34375,2.34375,0,11.71875,6.25,5.46875,0
E00116866,90,75,53,22,0,0,8,6,2,7,5,2,0,83.33333333333334,58.88888888888889,24.444444444444443,0,0,8.88888888888889,6.666666666666667,2.2222222222222223,7.777777777777778,5.555555555555555,2.2222222222222223,0
E00116867,127,71,37,34,0,0,48,36,12,8,5,3,0,55.90551181102362,29.133858267716533,26.77165354330709,0,0,37.79527559055118,28.346456692913385,9.448818897637794,6.299212598425196,3.937007874015748,2.3622047244094486,0
E00116868,74,41,28,13,0,0,2,0,2,31,22,9,0,55.4054054054054,37.83783783783784,17.56756756756757,0,0,2.7027027027027026,0,2.7027027027027026,41.891891891891895,29.72972972972973,12.162162162162163,0
E00116869,138,62,33,29,0,0,7,5,2,69,68,1,0,44.927536231884055,23.91304347826087,21.014492753623188,0,0,5.072463768115942,3.6231884057971016,1.4492753623188406,50,49.275362318840585,0.7246376811594203,0
E00116870,151,123,95,28,0,0,0,0,0,28,25,3,0,81.45695364238411,62.913907284768214,18.543046357615893,0,0,0,0,0,18.543046357615893,16.55629139072848,1.9867549668874174,0
E00116871,213,164,92,72,0,0,20,17,3,29,29,0,0,76.99530516431925,43.1924882629108,33.80281690140845,0,0,9.389671361502346,7.981220657276995,1.4084507042253522,13.615023474178404,13.615023474178404,0,0
E00116872,129,107,57,50,0,0,4,2,2,18,15,3,0,82.94573643410853,44.18604651162791,38.759689922480625,0,0,3.10077519379845,1.550387596899225,1.550387596899225,13.953488372093023,11.627906976744185,2.3255813953488373,0
E00116873,150,53,22,31,2,2,76,66,10,18,16,2,1,35.333333333333336,14.666666666666666,20.666666666666668,1.3333333333333335,1.3333333333333335,50.66666666666667,44,6.666666666666667,12,10.666666666666668,1.3333333333333335,0.6666666666666667
E00116874,128,78,38,40,3,3,1,0,1,46,41,5,0,60.9375,29.6875,31.25,2.34375,2.34375,0.78125,0,0.78125,35.9375,32.03125,3.90625,0
E00116875,222,143,107,36,14,14,30,28,2,35,27,8,0,64.41441441441441,48.1981981981982,16.216216216216218,6.306306306306306,6.306306306306306,13.513513513513514,12.612612612612612,0.9009009009009009,15.765765765765765,12.162162162162163,3.6036036036036037,0
E00116876,108,51,27,24,0,0,16,14,2,41,39,2,0,47.22222222222222,25,22.22222222222222,0,0,14.814814814814813,12.962962962962962,1.8518518518518516,37.96296296296296,36.11111111111111,1.8518518518518516,0
E00116877,182,93,44,49,2,2,28,1,27,59,55,4,0,51.098901098901095,24.175824175824175,26.923076923076923,1.098901098901099,1.098901098901099,15.384615384615385,0.5494505494505495,14.835164835164836,32.417582417582416,30.21978021978022,2.197802197802198,0
E00116878,48,42,27,15,0,0,2,2,0,4,3,1,0,87.5,56.25,31.25,0,0,4.166666666666666,4.166666666666666,0,8.333333333333332,6.25,2.083333333333333,0
E00116879,137,97,61,36,0,0,5,0,5,35,32,3,0,70.8029197080292,44.52554744525548,26.277372262773724,0,0,3.64963503649635,0,3.64963503649635,25.547445255474454,23.357664233576642,2.18978102189781,0
E00116880,127,59,33,26,1,1,54,53,1,11,7,4,2,46.45669291338583,25.984251968503933,20.47244094488189,0.7874015748031495,0.7874015748031495,42.51968503937008,41.732283464566926,0.7874015748031495,8.661417322834646,5.511811023622047,3.149606299212598,1.574803149606299
E00116881,126,123,82,41,0,0,0,0,0,3,3,0,0,97.61904761904762,65.07936507936508,32.53968253968254,0,0,0,0,0,2.380952380952381,2.380952380952381,0,0
E00116882,142,123,82,41,1,1,6,6,0,12,10,2,0,86.61971830985915,57.74647887323944,28.87323943661972,0.7042253521126761,0.7042253521126761,4.225352112676056,4.225352112676056,0,8.450704225352112,7.042253521126761,1.4084507042253522,0
E00116883,121,111,61,50,0,0,0,0,0,10,4,6,0,91.73553719008265,50.413223140495866,41.32231404958678,0,0,0,0,0,8.264462809917356,3.3057851239669422,4.958677685950414,0
E00116884,203,157,67,90,1,1,22,17,5,23,17,6,0,77.33990147783251,33.004926108374384,44.33497536945813,0.49261083743842365,0.49261083743842365,10.83743842364532,8.374384236453201,2.4630541871921183,11.330049261083744,8.374384236453201,2.955665024630542,0
E00116885,128,108,53,55,0,0,10,8,2,10,8,2,0,84.375,41.40625,42.96875,0,0,7.8125,6.25,1.5625,7.8125,6.25,1.5625,0
E00116886,118,111,65,46,0,0,0,0,0,7,6,1,0,94.0677966101695,55.08474576271186,38.983050847457626,0,0,0,0,0,5.932203389830509,5.084745762711865,0.847457627118644,0
E00116887,155,125,82,43,5,5,14,0,14,11,8,3,0,80.64516129032258,52.903225806451616,27.741935483870968,3.225806451612903,3.225806451612903,9.032258064516128,0,9.032258064516128,7.096774193548387,5.161290322580645,1.935483870967742,0
E00116888,109,95,52,43,0,0,4,1,3,10,8,2,0,87.1559633027523,47.706422018348626,39.44954128440367,0,0,3.669724770642202,0.9174311926605505,2.7522935779816518,9.174311926605505,7.339449541284404,1.834862385321101,0
E00116889,102,93,61,32,1,1,2,2,0,6,2,4,0,91.17647058823529,59.80392156862745,31.372549019607842,0.9803921568627451,0.9803921568627451,1.9607843137254901,1.9607843137254901,0,5.88235294117647,1.9607843137254901,3.9215686274509802,0
E00116890,119,115,65,50,0,0,1,1,0,3,0,3,0,96.63865546218487,54.621848739495796,42.016806722689076,0,0,0.8403361344537815,0.8403361344537815,0,2.5210084033613445,0,2.5210084033613445,0
E00116891,112,108,65,43,0,0,2,2,0,2,2,0,0,96.42857142857143,58.03571428571429,38.392857142857146,0,0,1.7857142857142856,1.7857142857142856,0,1.7857142857142856,1.7857142857142856,0,0
E00116892,122,43,29,14,0,0,50,5,45,28,23,5,1,35.24590163934426,23.770491803278688,11.475409836065573,0,0,40.98360655737705,4.098360655737705,36.885245901639344,22.950819672131146,18.852459016393443,4.098360655737705,0.819672131147541
E00116893,126,103,68,35,0,0,19,17,2,4,3,1,0,81.74603174603175,53.96825396825397,27.77777777777778,0,0,15.079365079365079,13.492063492063492,1.5873015873015872,3.1746031746031744,2.380952380952381,0.7936507936507936,0
E00116894,174,165,119,46,0,0,1,0,1,8,6,2,0,94.82758620689656,68.39080459770115,26.436781609195403,0,0,0.5747126436781609,0,0.5747126436781609,4.597701149425287,3.4482758620689653,1.1494252873563218,0
E00116895,139,126,67,59,0,0,7,2,5,6,5,1,0,90.64748201438849,48.201438848920866,42.44604316546763,0,0,5.0359712230215825,1.4388489208633095,3.5971223021582732,4.316546762589928,3.5971223021582732,0.7194244604316548,0
E00116896,119,105,74,31,0,0,13,10,3,1,1,0,0,88.23529411764706,62.18487394957983,26.05042016806723,0,0,10.92436974789916,8.403361344537815,2.5210084033613445,0.8403361344537815,0.8403361344537815,0,0
E00116897,113,47,22,25,0,0,57,51,6,8,7,1,1,41.5929203539823,19.469026548672566,22.123893805309734,0,0,50.442477876106196,45.13274336283185,5.3097345132743365,7.079646017699115,6.1946902654867255,0.8849557522123894,0.8849557522123894
E00116898,103,41,19,22,0,0,52,48,4,10,8,2,0,39.80582524271845,18.446601941747574,21.35922330097087,0,0,50.48543689320388,46.601941747572816,3.8834951456310676,9.70873786407767,7.766990291262135,1.9417475728155338,0
E00116899,130,47,22,25,0,0,72,46,26,11,8,3,0,36.15384615384615,16.923076923076923,19.230769230769234,0,0,55.38461538461539,35.38461538461539,20,8.461538461538462,6.153846153846154,2.307692307692308,0
E00116900,145,64,29,35,0,0,70,52,18,9,8,1,2,44.13793103448276,20,24.137931034482758,0,0,48.275862068965516,35.86206896551724,12.413793103448276,6.206896551724138,5.517241379310345,0.6896551724137931,1.3793103448275863
E00116901,133,90,39,51,1,1,30,19,11,12,9,3,0,67.66917293233082,29.32330827067669,38.34586466165413,0.7518796992481203,0.7518796992481203,22.55639097744361,14.285714285714285,8.270676691729323,9.022556390977442,6.7669172932330826,2.2556390977443606,0
E00116902,188,111,57,54,4,4,24,2,22,49,46,3,0,59.04255319148937,30.319148936170215,28.723404255319153,2.127659574468085,2.127659574468085,12.76595744680851,1.0638297872340425,11.702127659574469,26.063829787234045,24.46808510638298,1.5957446808510638,0
E00116903,116,105,52,53,0,0,1,0,1,10,9,1,0,90.51724137931035,44.827586206896555,45.689655172413794,0,0,0.8620689655172413,0,0.8620689655172413,8.620689655172415,7.758620689655173,0.8620689655172413,0
E00116904,128,116,68,48,1,1,1,0,1,10,9,1,0,90.625,53.125,37.5,0.78125,0.78125,0.78125,0,0.78125,7.8125,7.03125,0.78125,0
E00116905,163,97,68,29,2,2,23,1,22,41,35,6,0,59.50920245398773,41.717791411042946,17.791411042944784,1.2269938650306749,1.2269938650306749,14.11042944785276,0.6134969325153374,13.496932515337424,25.153374233128833,21.472392638036812,3.6809815950920246,0
E00116908,109,44,18,26,0,0,51,47,4,14,10,4,0,40.36697247706422,16.51376146788991,23.853211009174313,0,0,46.788990825688074,43.11926605504588,3.669724770642202,12.844036697247708,9.174311926605505,3.669724770642202,0
E00116909,98,52,48,4,0,0,37,34,3,9,7,2,0,53.06122448979592,48.97959183673469,4.081632653061225,0,0,37.755102040816325,34.69387755102041,3.061224489795918,9.183673469387756,7.142857142857142,2.0408163265306123,0
E00116910,96,61,24,37,0,0,15,5,10,20,15,5,0,63.541666666666664,25,38.54166666666667,0,0,15.625,5.208333333333334,10.416666666666668,20.833333333333336,15.625,5.208333333333334,0
E00116911,103,73,30,43,1,1,1,1,0,28,25,3,0,70.87378640776699,29.126213592233007,41.74757281553398,0.9708737864077669,0.9708737864077669,0.9708737864077669,0.9708737864077669,0,27.184466019417474,24.271844660194176,2.912621359223301,0
E00116912,132,62,34,28,2,2,56,1,55,12,10,2,0,46.96969696969697,25.757575757575758,21.21212121212121,1.5151515151515151,1.5151515151515151,42.42424242424242,0.7575757575757576,41.66666666666667,9.090909090909092,7.575757575757576,1.5151515151515151,0
E00116913,138,111,45,66,2,2,0,0,0,25,23,2,0,80.43478260869566,32.608695652173914,47.82608695652174,1.4492753623188406,1.4492753623188406,0,0,0,18.115942028985508,16.666666666666664,1.4492753623188406,0
E00116914,123,69,26,43,2,2,11,1,10,41,37,4,0,56.09756097560976,21.138211382113823,34.959349593495936,1.6260162601626018,1.6260162601626018,8.94308943089431,0.8130081300813009,8.130081300813007,33.33333333333333,30.081300813008134,3.2520325203252036,0
E00116915,132,111,52,59,0,0,11,1,10,10,9,1,0,84.0909090909091,39.39393939393939,44.696969696969695,0,0,8.333333333333332,0.7575757575757576,7.575757575757576,7.575757575757576,6.8181818181818175,0.7575757575757576,0
E00116916,81,74,40,34,0,0,1,0,1,6,5,1,0,91.35802469135803,49.382716049382715,41.9753086419753,0,0,1.2345679012345678,0,1.2345679012345678,7.4074074074074066,6.172839506172839,1.2345679012345678,0
E00116917,81,75,71,4,1,1,1,1,0,4,2,2,0,92.5925925925926,87.65432098765432,4.938271604938271,1.2345679012345678,1.2345679012345678,1.2345679012345678,1.2345679012345678,0,4.938271604938271,2.4691358024691357,2.4691358024691357,0
E00116918,148,131,107,24,0,0,3,1,2,14,11,3,0,88.51351351351352,72.2972972972973,16.216216216216218,0,0,2.027027027027027,0.6756756756756757,1.3513513513513513,9.45945945945946,7.4324324324324325,2.027027027027027,0
E00116919,127,86,71,15,0,0,9,2,7,31,26,5,1,67.71653543307087,55.90551181102362,11.811023622047244,0,0,7.086614173228346,1.574803149606299,5.511811023622047,24.409448818897637,20.47244094488189,3.937007874015748,0.7874015748031495
E00116920,141,98,77,21,0,0,9,4,5,34,31,3,0,69.50354609929079,54.60992907801418,14.893617021276595,0,0,6.382978723404255,2.8368794326241136,3.546099290780142,24.113475177304963,21.98581560283688,2.127659574468085,0
E00116921,208,167,121,46,7,7,4,0,4,30,25,5,0,80.28846153846155,58.17307692307693,22.115384615384613,3.3653846153846154,3.3653846153846154,1.9230769230769231,0,1.9230769230769231,14.423076923076922,12.01923076923077,2.403846153846154,0
E00116922,160,61,32,29,0,0,9,2,7,90,78,12,0,38.125,20,18.125,0,0,5.625,1.25,4.375,56.25,48.75,7.5,0
E00116923,95,53,23,30,1,1,27,22,5,14,12,2,0,55.78947368421052,24.210526315789473,31.57894736842105,1.0526315789473684,1.0526315789473684,28.421052631578945,23.157894736842106,5.263157894736842,14.736842105263156,12.631578947368421,2.1052631578947367,0
E00116924,132,98,61,37,0,0,0,0,0,34,26,8,0,74.24242424242425,46.21212121212121,28.030303030303028,0,0,0,0,0,25.757575757575758,19.696969696969695,6.0606060606060606,0
E00116925,107,86,62,24,0,0,6,0,6,15,11,4,0,80.37383177570094,57.943925233644855,22.429906542056074,0,0,5.607476635514018,0,5.607476635514018,14.018691588785046,10.2803738317757,3.7383177570093453,0
E00116926,118,94,65,29,0,0,8,8,0,16,13,3,0,79.66101694915254,55.08474576271186,24.576271186440678,0,0,6.779661016949152,6.779661016949152,0,13.559322033898304,11.016949152542372,2.5423728813559325,0
E00116927,171,125,84,41,0,0,31,20,11,15,10,5,0,73.09941520467837,49.122807017543856,23.976608187134502,0,0,18.128654970760234,11.695906432748536,6.432748538011696,8.771929824561402,5.847953216374268,2.923976608187134,0
E00116928,68,54,32,22,0,0,7,4,3,7,7,0,0,79.41176470588235,47.05882352941176,32.35294117647059,0,0,10.294117647058822,5.88235294117647,4.411764705882353,10.294117647058822,10.294117647058822,0,0
E00116929,71,44,24,20,0,0,1,1,0,26,21,5,0,61.97183098591549,33.80281690140845,28.169014084507044,0,0,1.4084507042253522,1.4084507042253522,0,36.61971830985916,29.577464788732392,7.042253521126761,0
E00116930,91,33,23,10,0,0,20,10,10,38,17,21,0,36.26373626373626,25.274725274725274,10.989010989010989,0,0,21.978021978021978,10.989010989010989,10.989010989010989,41.75824175824176,18.681318681318682,23.076923076923077,0
E00116931,94,68,54,14,1,1,21,13,8,4,4,0,0,72.3404255319149,57.446808510638306,14.893617021276595,1.0638297872340425,1.0638297872340425,22.340425531914892,13.829787234042554,8.51063829787234,4.25531914893617,4.25531914893617,0,0
E00116932,118,110,79,31,0,0,0,0,0,8,6,2,0,93.22033898305084,66.94915254237289,26.27118644067797,0,0,0,0,0,6.779661016949152,5.084745762711865,1.694915254237288,0
E00116933,135,119,74,45,1,1,0,0,0,15,14,1,0,88.14814814814815,54.81481481481482,33.33333333333333,0.7407407407407408,0.7407407407407408,0,0,0,11.11111111111111,10.37037037037037,0.7407407407407408,0
E00116934,121,66,25,41,1,1,33,1,32,21,17,4,0,54.54545454545454,20.66115702479339,33.88429752066116,0.8264462809917356,0.8264462809917356,27.27272727272727,0.8264462809917356,26.446280991735538,17.355371900826448,14.049586776859504,3.3057851239669422,0
E00116935,138,115,74,41,0,0,3,3,0,20,15,5,0,83.33333333333334,53.62318840579711,29.71014492753623,0,0,2.1739130434782608,2.1739130434782608,0,14.492753623188406,10.869565217391305,3.6231884057971016,0
E00116936,139,103,58,45,2,2,19,10,9,14,8,6,1,74.10071942446042,41.726618705035975,32.37410071942446,1.4388489208633095,1.4388489208633095,13.66906474820144,7.1942446043165464,6.474820143884892,10.071942446043165,5.755395683453238,4.316546762589928,0.7194244604316548
E00116937,101,33,14,19,0,0,43,43,0,25,6,19,0,32.67326732673268,13.861386138613863,18.81188118811881,0,0,42.57425742574257,42.57425742574257,0,24.752475247524753,5.9405940594059405,18.81188118811881,0
E00116938,118,109,79,30,0,0,0,0,0,9,5,4,0,92.37288135593221,66.94915254237289,25.423728813559322,0,0,0,0,0,7.627118644067797,4.23728813559322,3.389830508474576,0
E00116939,159,138,87,51,2,2,0,0,0,19,18,1,0,86.79245283018868,54.71698113207547,32.075471698113205,1.257861635220126,1.257861635220126,0,0,0,11.949685534591195,11.320754716981133,0.628930817610063,0
E00116940,122,113,72,41,0,0,0,0,0,9,8,1,0,92.62295081967213,59.01639344262295,33.60655737704918,0,0,0,0,0,7.377049180327869,6.557377049180328,0.819672131147541,0
E00116941,128,117,76,41,1,1,7,5,2,3,1,2,0,91.40625,59.375,32.03125,0.78125,0.78125,5.46875,3.90625,1.5625,2.34375,0.78125,1.5625,0
E00116942,137,124,91,33,1,1,0,0,0,12,10,2,0,90.51094890510949,66.42335766423358,24.087591240875913,0.7299270072992701,0.7299270072992701,0,0,0,8.75912408759124,7.2992700729927,1.4598540145985401,0
E00116943,141,111,68,43,0,0,15,3,12,15,14,1,0,78.72340425531915,48.226950354609926,30.49645390070922,0,0,10.638297872340425,2.127659574468085,8.51063829787234,10.638297872340425,9.929078014184398,0.7092198581560284,0
E00116944,112,111,57,54,0,0,1,0,1,0,0,0,0,99.10714285714286,50.89285714285714,48.214285714285715,0,0,0.8928571428571428,0,0.8928571428571428,0,0,0,0
E00116945,130,121,83,38,0,0,0,0,0,9,8,1,0,93.07692307692308,63.84615384615384,29.230769230769234,0,0,0,0,0,6.923076923076923,6.153846153846154,0.7692307692307693,0
E00116946,115,104,74,30,0,0,1,0,1,10,8,2,0,90.43478260869566,64.34782608695652,26.08695652173913,0,0,0.8695652173913043,0,0.8695652173913043,8.695652173913043,6.956521739130435,1.7391304347826086,0
E00116947,146,137,109,28,0,0,0,0,0,9,7,2,0,93.83561643835617,74.65753424657534,19.17808219178082,0,0,0,0,0,6.164383561643835,4.794520547945205,1.36986301369863,0
E00116948,97,57,40,17,0,0,1,1,0,39,29,10,0,58.76288659793815,41.23711340206185,17.525773195876287,0,0,1.0309278350515463,1.0309278350515463,0,40.20618556701031,29.896907216494846,10.309278350515463,0
E00116949,119,100,55,45,1,1,7,2,5,11,9,2,0,84.03361344537815,46.21848739495798,37.81512605042017,0.8403361344537815,0.8403361344537815,5.88235294117647,1.680672268907563,4.201680672268908,9.243697478991598,7.563025210084033,1.680672268907563,0
E00116950,117,103,62,41,1,1,3,1,2,10,8,2,0,88.03418803418803,52.991452991452995,35.04273504273504,0.8547008547008548,0.8547008547008548,2.564102564102564,0.8547008547008548,1.7094017094017095,8.547008547008547,6.837606837606838,1.7094017094017095,0
E00116951,131,117,85,32,3,3,2,0,2,9,7,2,0,89.31297709923665,64.8854961832061,24.427480916030532,2.2900763358778624,2.2900763358778624,1.5267175572519083,0,1.5267175572519083,6.870229007633588,5.343511450381679,1.5267175572519083,0
E00116952,189,112,76,36,13,13,29,3,26,35,31,4,0,59.25925925925925,40.21164021164021,19.047619047619047,6.878306878306878,6.878306878306878,15.343915343915343,1.5873015873015872,13.756613756613756,18.51851851851852,16.402116402116402,2.1164021164021163,0
E00116953,154,130,104,26,0,0,12,2,10,12,12,0,0,84.4155844155844,67.53246753246754,16.883116883116884,0,0,7.792207792207792,1.2987012987012987,6.493506493506493,7.792207792207792,7.792207792207792,0,0
E00116954,133,31,12,19,0,0,97,96,1,3,3,0,2,23.308270676691727,9.022556390977442,14.285714285714285,0,0,72.93233082706767,72.18045112781954,0.7518796992481203,2.2556390977443606,2.2556390977443606,0,1.5037593984962405
E00116955,141,91,49,42,1,1,13,8,5,36,33,3,0,64.53900709219859,34.751773049645394,29.78723404255319,0.7092198581560284,0.7092198581560284,9.219858156028367,5.673758865248227,3.546099290780142,25.53191489361702,23.404255319148938,2.127659574468085,0
E00116956,131,120,79,41,0,0,0,0,0,11,11,0,0,91.6030534351145,60.30534351145038,31.297709923664126,0,0,0,0,0,8.396946564885496,8.396946564885496,0,0
E00116957,120,111,68,43,0,0,0,0,0,9,8,1,0,92.5,56.666666666666664,35.833333333333336,0,0,0,0,0,7.5,6.666666666666667,0.8333333333333334,0
E00116958,123,83,47,36,2,2,9,2,7,29,25,4,0,67.47967479674797,38.21138211382114,29.268292682926827,1.6260162601626018,1.6260162601626018,7.317073170731707,1.6260162601626018,5.691056910569105,23.577235772357724,20.32520325203252,3.2520325203252036,0
E00116959,151,108,81,27,0,0,14,13,1,29,22,7,0,71.52317880794702,53.64238410596026,17.880794701986755,0,0,9.271523178807946,8.609271523178808,0.6622516556291391,19.205298013245034,14.56953642384106,4.635761589403973,0
E00116960,122,25,11,14,0,0,88,88,0,9,8,1,0,20.491803278688526,9.01639344262295,11.475409836065573,0,0,72.1311475409836,72.1311475409836,0,7.377049180327869,6.557377049180328,0.819672131147541,0
E00116961,136,96,48,48,0,0,6,1,5,34,32,2,0,70.58823529411765,35.294117647058826,35.294117647058826,0,0,4.411764705882353,0.7352941176470588,3.6764705882352944,25,23.52941176470588,1.4705882352941175,0
E00116962,103,10,5,5,0,0,85,82,3,8,7,1,0,9.70873786407767,4.854368932038835,4.854368932038835,0,0,82.52427184466019,79.6116504854369,2.912621359223301,7.766990291262135,6.796116504854369,0.9708737864077669,0
E00116963,133,82,31,51,1,1,12,4,8,38,37,1,0,61.65413533834586,23.308270676691727,38.34586466165413,0.7518796992481203,0.7518796992481203,9.022556390977442,3.007518796992481,6.015037593984962,28.57142857142857,27.819548872180448,0.7518796992481203,0
E00116964,130,121,85,36,0,0,1,1,0,8,8,0,0,93.07692307692308,65.38461538461539,27.692307692307693,0,0,0.7692307692307693,0.7692307692307693,0,6.153846153846154,6.153846153846154,0,0
E00116965,131,113,84,29,0,0,3,2,1,15,12,3,0,86.25954198473282,64.12213740458014,22.137404580152673,0,0,2.2900763358778624,1.5267175572519083,0.7633587786259541,11.450381679389313,9.16030534351145,2.2900763358778624,0
E00116966,123,111,78,33,1,1,1,0,1,10,7,3,0,90.2439024390244,63.41463414634146,26.82926829268293,0.8130081300813009,0.8130081300813009,0.8130081300813009,0,0.8130081300813009,8.130081300813007,5.691056910569105,2.4390243902439024,0
E00116967,154,98,59,39,0,0,41,39,2,15,15,0,0,63.63636363636363,38.311688311688314,25.324675324675322,0,0,26.623376623376622,25.324675324675322,1.2987012987012987,9.740259740259742,9.740259740259742,0,0
E00116968,121,109,84,25,1,1,0,0,0,11,10,1,0,90.08264462809917,69.42148760330579,20.66115702479339,0.8264462809917356,0.8264462809917356,0,0,0,9.090909090909092,8.264462809917356,0.8264462809917356,0
E00116970,130,124,92,32,0,0,1,0,1,5,2,3,0,95.38461538461539,70.76923076923077,24.615384615384617,0,0,0.7692307692307693,0,0.7692307692307693,3.8461538461538463,1.5384615384615385,2.307692307692308,0
E00116971,132,102,47,55,0,0,19,19,0,11,9,2,0,77.27272727272727,35.60606060606061,41.66666666666667,0,0,14.393939393939394,14.393939393939394,0,8.333333333333332,6.8181818181818175,1.5151515151515151,0
E00116972,154,121,89,32,2,2,12,3,9,18,15,3,1,78.57142857142857,57.7922077922078,20.77922077922078,1.2987012987012987,1.2987012987012987,7.792207792207792,1.948051948051948,5.844155844155844,11.688311688311687,9.740259740259742,1.948051948051948,0.6493506493506493
E00116973,124,109,66,43,0,0,1,1,0,14,13,1,0,87.90322580645162,53.2258064516129,34.67741935483871,0,0,0.8064516129032258,0.8064516129032258,0,11.29032258064516,10.483870967741936,0.8064516129032258,0
E00116974,130,114,75,39,0,0,10,9,1,6,4,2,0,87.6923076923077,57.692307692307686,30,0,0,7.6923076923076925,6.923076923076923,0.7692307692307693,4.615384615384616,3.076923076923077,1.5384615384615385,0
E00116975,173,91,46,45,2,2,6,3,3,74,67,7,0,52.601156069364166,26.589595375722542,26.011560693641616,1.1560693641618496,1.1560693641618496,3.4682080924855487,1.7341040462427744,1.7341040462427744,42.77456647398844,38.72832369942196,4.046242774566474,0
E00116976,187,102,73,29,0,0,36,34,2,49,43,6,0,54.54545454545454,39.037433155080215,15.508021390374333,0,0,19.25133689839572,18.181818181818183,1.06951871657754,26.203208556149733,22.994652406417114,3.2085561497326207,0
E00116977,135,112,65,47,0,0,3,1,2,20,13,7,0,82.96296296296296,48.148148148148145,34.81481481481482,0,0,2.2222222222222223,0.7407407407407408,1.4814814814814816,14.814814814814813,9.62962962962963,5.185185185185185,0
E00116978,185,87,54,33,5,5,70,7,63,23,19,4,0,47.02702702702703,29.18918918918919,17.83783783783784,2.7027027027027026,2.7027027027027026,37.83783783783784,3.783783783783784,34.054054054054056,12.432432432432433,10.27027027027027,2.1621621621621623,0
E00116979,132,79,45,34,1,1,20,1,19,32,30,2,0,59.84848484848485,34.090909090909086,25.757575757575758,0.7575757575757576,0.7575757575757576,15.151515151515152,0.7575757575757576,14.393939393939394,24.242424242424242,22.727272727272727,1.5151515151515151,0
E00116980,129,96,57,39,0,0,12,1,11,21,19,2,0,74.4186046511628,44.18604651162791,30.23255813953488,0,0,9.30232558139535,0.7751937984496124,8.527131782945736,16.27906976744186,14.728682170542637,1.550387596899225,0
E00116981,222,181,87,94,0,0,15,0,15,26,17,9,0,81.53153153153153,39.189189189189186,42.34234234234234,0,0,6.756756756756757,0,6.756756756756757,11.711711711711711,7.657657657657657,4.054054054054054,0
E00116982,125,103,58,45,0,0,2,1,1,20,18,2,0,82.39999999999999,46.400000000000006,36,0,0,1.6,0.8,0.8,16,14.399999999999999,1.6,0
E00116983,125,109,71,38,0,0,1,0,1,15,11,4,0,87.2,56.8,30.4,0,0,0.8,0,0.8,12,8.799999999999999,3.2,0
E00116984,113,73,38,35,0,0,31,30,1,9,5,4,0,64.60176991150442,33.6283185840708,30.973451327433626,0,0,27.43362831858407,26.548672566371685,0.8849557522123894,7.964601769911504,4.424778761061947,3.5398230088495577,0
E00116985,127,102,57,45,0,0,14,12,2,11,10,1,0,80.31496062992126,44.881889763779526,35.43307086614173,0,0,11.023622047244094,9.448818897637794,1.574803149606299,8.661417322834646,7.874015748031496,0.7874015748031495,0
E00116986,122,109,73,36,0,0,1,0,1,12,11,1,0,89.34426229508196,59.83606557377049,29.508196721311474,0,0,0.819672131147541,0,0.819672131147541,9.836065573770492,9.01639344262295,0.819672131147541,0
E00116987,123,62,38,24,0,0,51,47,4,9,8,1,1,50.40650406504065,30.89430894308943,19.51219512195122,0,0,41.46341463414634,38.21138211382114,3.2520325203252036,7.317073170731707,6.504065040650407,0.8130081300813009,0.8130081300813009
E00116988,115,101,53,48,0,0,0,0,0,14,9,5,0,87.82608695652175,46.08695652173913,41.73913043478261,0,0,0,0,0,12.173913043478262,7.82608695652174,4.3478260869565215,0
E00116989,130,64,34,30,2,2,44,39,5,19,17,2,1,49.23076923076923,26.153846153846157,23.076923076923077,1.5384615384615385,1.5384615384615385,33.84615384615385,30,3.8461538461538463,14.615384615384617,13.076923076923078,1.5384615384615385,0.7692307692307693
E00116990,129,116,78,38,1,1,0,0,0,12,11,1,0,89.92248062015504,60.46511627906976,29.457364341085274,0.7751937984496124,0.7751937984496124,0,0,0,9.30232558139535,8.527131782945736,0.7751937984496124,0
E00116991,138,77,60,17,1,1,32,10,22,27,23,4,1,55.79710144927537,43.47826086956522,12.318840579710146,0.7246376811594203,0.7246376811594203,23.18840579710145,7.246376811594203,15.942028985507244,19.565217391304348,16.666666666666664,2.898550724637681,0.7246376811594203
E00116992,151,71,49,22,1,1,18,1,17,61,54,7,0,47.019867549668874,32.450331125827816,14.56953642384106,0.6622516556291391,0.6622516556291391,11.920529801324504,0.6622516556291391,11.258278145695364,40.397350993377486,35.76158940397351,4.635761589403973,0
E00116993,101,93,65,28,0,0,1,0,1,7,7,0,0,92.07920792079209,64.35643564356435,27.722772277227726,0,0,0.9900990099009901,0,0.9900990099009901,6.9306930693069315,6.9306930693069315,0,0
E00116994,139,124,85,39,0,0,1,0,1,14,10,4,0,89.20863309352518,61.15107913669065,28.05755395683453,0,0,0.7194244604316548,0,0.7194244604316548,10.071942446043165,7.1942446043165464,2.877697841726619,0
E00116995,51,46,32,14,0,0,4,0,4,1,1,0,0,90.19607843137256,62.745098039215684,27.450980392156865,0,0,7.8431372549019605,0,7.8431372549019605,1.9607843137254901,1.9607843137254901,0,0
E00116996,109,78,51,27,1,1,3,0,3,27,16,11,0,71.55963302752293,46.788990825688074,24.770642201834864,0.9174311926605505,0.9174311926605505,2.7522935779816518,0,2.7522935779816518,24.770642201834864,14.678899082568808,10.091743119266056,0
E00116997,88,57,34,23,0,0,2,1,1,29,24,5,0,64.77272727272727,38.63636363636363,26.136363636363637,0,0,2.272727272727273,1.1363636363636365,1.1363636363636365,32.95454545454545,27.27272727272727,5.681818181818182,0
E00116998,117,100,61,39,1,1,3,1,2,13,6,7,0,85.47008547008546,52.13675213675214,33.33333333333333,0.8547008547008548,0.8547008547008548,2.564102564102564,0.8547008547008548,1.7094017094017095,11.11111111111111,5.128205128205128,5.982905982905983,0
E00116999,107,101,59,42,0,0,0,0,0,6,4,2,0,94.39252336448598,55.140186915887845,39.25233644859813,0,0,0,0,0,5.607476635514018,3.7383177570093453,1.8691588785046727,0
E00117000,122,107,74,33,0,0,0,0,0,15,7,8,0,87.70491803278688,60.65573770491803,27.049180327868854,0,0,0,0,0,12.295081967213115,5.737704918032787,6.557377049180328,0
E00117001,122,111,80,31,0,0,2,1,1,9,6,3,0,90.98360655737704,65.57377049180327,25.40983606557377,0,0,1.639344262295082,0.819672131147541,0.819672131147541,7.377049180327869,4.918032786885246,2.459016393442623,0
E00117002,135,125,79,46,0,0,1,1,0,9,5,4,0,92.5925925925926,58.51851851851851,34.074074074074076,0,0,0.7407407407407408,0.7407407407407408,0,6.666666666666667,3.7037037037037033,2.9629629629629632,0
E00117003,108,91,66,25,0,0,1,0,1,16,11,5,0,84.25925925925925,61.111111111111114,23.14814814814815,0,0,0.9259259259259258,0,0.9259259259259258,14.814814814814813,10.185185185185185,4.62962962962963,0
E00117004,95,88,77,11,0,0,1,0,1,6,4,2,0,92.63157894736842,81.05263157894737,11.578947368421053,0,0,1.0526315789473684,0,1.0526315789473684,6.315789473684211,4.2105263157894735,2.1052631578947367,0
E00117005,131,86,54,32,1,1,29,3,26,15,13,2,0,65.64885496183206,41.221374045801525,24.427480916030532,0.7633587786259541,0.7633587786259541,22.137404580152673,2.2900763358778624,19.84732824427481,11.450381679389313,9.923664122137405,1.5267175572519083,0
E00117006,185,105,61,44,2,2,68,39,29,10,9,1,0,56.75675675675676,32.972972972972975,23.783783783783786,1.0810810810810811,1.0810810810810811,36.75675675675676,21.08108108108108,15.675675675675677,5.405405405405405,4.864864864864865,0.5405405405405406,0
E00117007,154,110,59,51,0,0,0,0,0,44,39,5,0,71.42857142857143,38.311688311688314,33.116883116883116,0,0,0,0,0,28.57142857142857,25.324675324675322,3.2467532467532463,0
E00117008,136,124,73,51,1,1,7,0,7,4,4,0,0,91.17647058823529,53.67647058823529,37.5,0.7352941176470588,0.7352941176470588,5.147058823529411,0,5.147058823529411,2.941176470588235,2.941176470588235,0,0
E00117009,146,76,40,36,0,0,5,0,5,65,13,52,0,52.054794520547944,27.397260273972602,24.65753424657534,0,0,3.4246575342465753,0,3.4246575342465753,44.52054794520548,8.904109589041095,35.61643835616438,0
E00117010,133,98,45,53,0,0,21,5,16,14,11,3,0,73.68421052631578,33.83458646616541,39.849624060150376,0,0,15.789473684210526,3.7593984962406015,12.030075187969924,10.526315789473683,8.270676691729323,2.2556390977443606,0
E00117011,140,94,47,47,0,0,20,4,16,26,25,1,0,67.14285714285714,33.57142857142857,33.57142857142857,0,0,14.285714285714285,2.857142857142857,11.428571428571429,18.571428571428573,17.857142857142858,0.7142857142857143,0
E00117012,146,64,23,41,0,0,67,57,10,14,11,3,1,43.83561643835616,15.753424657534246,28.08219178082192,0,0,45.89041095890411,39.04109589041096,6.8493150684931505,9.58904109589041,7.534246575342466,2.054794520547945,0.684931506849315
E00117013,149,120,86,34,2,2,12,3,9,15,11,4,0,80.53691275167785,57.71812080536913,22.818791946308725,1.342281879194631,1.342281879194631,8.053691275167784,2.013422818791946,6.0402684563758395,10.06711409395973,7.38255033557047,2.684563758389262,0
E00117014,142,115,72,43,3,3,12,2,10,12,11,1,0,80.98591549295774,50.70422535211267,30.28169014084507,2.112676056338028,2.112676056338028,8.450704225352112,1.4084507042253522,7.042253521126761,8.450704225352112,7.746478873239436,0.7042253521126761,0
E00117015,124,66,32,34,0,0,43,42,1,15,12,3,0,53.2258064516129,25.806451612903224,27.419354838709676,0,0,34.67741935483871,33.87096774193548,0.8064516129032258,12.096774193548388,9.67741935483871,2.4193548387096775,0
E00117016,126,73,38,35,0,0,34,31,3,19,13,6,0,57.936507936507944,30.158730158730158,27.77777777777778,0,0,26.984126984126984,24.6031746031746,2.380952380952381,15.079365079365079,10.317460317460316,4.761904761904762,0
E00117017,188,21,11,10,0,0,162,20,142,5,3,2,0,11.170212765957446,5.851063829787234,5.319148936170213,0,0,86.17021276595744,10.638297872340425,75.53191489361703,2.6595744680851063,1.5957446808510638,1.0638297872340425,0
E00117018,135,127,87,40,0,0,1,0,1,7,6,1,0,94.07407407407408,64.44444444444444,29.629629629629626,0,0,0.7407407407407408,0,0.7407407407407408,5.185185185185185,4.444444444444445,0.7407407407407408,0
E00117019,139,105,44,61,4,4,6,1,5,24,21,3,0,75.53956834532374,31.654676258992804,43.884892086330936,2.877697841726619,2.877697841726619,4.316546762589928,0.7194244604316548,3.5971223021582732,17.26618705035971,15.107913669064748,2.158273381294964,0
E00117020,97,16,5,11,0,0,74,28,46,6,5,1,1,16.49484536082474,5.154639175257731,11.34020618556701,0,0,76.28865979381443,28.865979381443296,47.42268041237113,6.185567010309279,5.154639175257731,1.0309278350515463,1.0309278350515463
E00117021,135,39,24,15,0,0,92,75,17,4,3,1,0,28.888888888888886,17.77777777777778,11.11111111111111,0,0,68.14814814814815,55.55555555555556,12.592592592592592,2.9629629629629632,2.2222222222222223,0.7407407407407408,0
E00117022,104,9,2,7,0,0,92,7,85,3,3,0,0,8.653846153846153,1.9230769230769231,6.730769230769231,0,0,88.46153846153845,6.730769230769231,81.73076923076923,2.8846153846153846,2.8846153846153846,0,0
E00117023,110,53,31,22,6,6,38,28,10,12,10,2,1,48.18181818181818,28.18181818181818,20,5.454545454545454,5.454545454545454,34.54545454545455,25.454545454545453,9.090909090909092,10.909090909090908,9.090909090909092,1.8181818181818181,0.9090909090909091
E00117024,125,108,64,44,1,1,1,1,0,15,11,4,0,86.4,51.2,35.199999999999996,0.8,0.8,0.8,0.8,0,12,8.799999999999999,3.2,0
E00117025,135,99,58,41,1,1,1,1,0,34,29,5,0,73.33333333333333,42.96296296296296,30.37037037037037,0.7407407407407408,0.7407407407407408,0.7407407407407408,0.7407407407407408,0,25.185185185185183,21.48148148148148,3.7037037037037033,0
E00117026,110,84,48,36,1,1,3,0,3,22,16,6,0,76.36363636363637,43.63636363636363,32.72727272727273,0.9090909090909091,0.9090909090909091,2.727272727272727,0,2.727272727272727,20,14.545454545454545,5.454545454545454,0
E00117027,127,112,66,46,2,2,9,0,9,4,2,2,0,88.18897637795276,51.96850393700787,36.22047244094488,1.574803149606299,1.574803149606299,7.086614173228346,0,7.086614173228346,3.149606299212598,1.574803149606299,1.574803149606299,0
E00117028,136,97,50,47,0,0,10,2,8,29,23,6,0,71.32352941176471,36.76470588235294,34.55882352941176,0,0,7.352941176470589,1.4705882352941175,5.88235294117647,21.323529411764707,16.911764705882355,4.411764705882353,0
E00117029,147,117,61,56,0,0,16,6,10,14,12,2,0,79.59183673469387,41.49659863945578,38.095238095238095,0,0,10.884353741496598,4.081632653061225,6.802721088435375,9.523809523809524,8.16326530612245,1.3605442176870748,0
E00117030,149,93,52,41,1,1,7,4,3,48,45,3,0,62.41610738255034,34.899328859060404,27.516778523489933,0.6711409395973155,0.6711409395973155,4.697986577181208,2.684563758389262,2.013422818791946,32.21476510067114,30.201342281879196,2.013422818791946,0
E00117031,141,130,88,42,1,1,0,0,0,10,10,0,0,92.19858156028369,62.4113475177305,29.78723404255319,0.7092198581560284,0.7092198581560284,0,0,0,7.092198581560284,7.092198581560284,0,0
E00117032,154,91,40,51,0,0,45,23,22,18,17,1,0,59.09090909090909,25.97402597402597,33.116883116883116,0,0,29.22077922077922,14.935064935064934,14.285714285714285,11.688311688311687,11.03896103896104,0.6493506493506493,0
E00117033,118,86,49,37,1,1,19,13,6,12,9,3,0,72.88135593220339,41.52542372881356,31.35593220338983,0.847457627118644,0.847457627118644,16.101694915254235,11.016949152542372,5.084745762711865,10.16949152542373,7.627118644067797,2.5423728813559325,0
E00117034,129,110,46,64,0,0,3,0,3,16,15,1,0,85.27131782945736,35.65891472868217,49.6124031007752,0,0,2.3255813953488373,0,2.3255813953488373,12.4031007751938,11.627906976744185,0.7751937984496124,0
E00117035,140,122,77,45,0,0,6,1,5,12,9,3,0,87.14285714285714,55.00000000000001,32.142857142857146,0,0,4.285714285714286,0.7142857142857143,3.571428571428571,8.571428571428571,6.428571428571428,2.142857142857143,0
E00117036,152,131,87,44,0,0,4,2,2,17,12,5,0,86.18421052631578,57.23684210526315,28.947368421052634,0,0,2.631578947368421,1.3157894736842104,1.3157894736842104,11.18421052631579,7.894736842105263,3.289473684210526,0
E00117037,138,121,74,47,1,1,3,0,3,13,9,4,0,87.68115942028986,53.62318840579711,34.05797101449276,0.7246376811594203,0.7246376811594203,2.1739130434782608,0,2.1739130434782608,9.420289855072465,6.521739130434782,2.898550724637681,0
E00117038,116,90,68,22,0,0,14,14,0,11,10,1,1,77.58620689655173,58.620689655172406,18.96551724137931,0,0,12.068965517241379,12.068965517241379,0,9.482758620689655,8.620689655172415,0.8620689655172413,0.8620689655172413
E00117039,149,93,67,26,1,1,44,3,41,11,7,4,0,62.41610738255034,44.966442953020135,17.449664429530202,0.6711409395973155,0.6711409395973155,29.53020134228188,2.013422818791946,27.516778523489933,7.38255033557047,4.697986577181208,2.684563758389262,0
E00117040,172,155,120,35,0,0,8,2,6,9,7,2,0,90.11627906976744,69.76744186046511,20.348837209302324,0,0,4.651162790697675,1.1627906976744187,3.488372093023256,5.232558139534884,4.069767441860465,1.1627906976744187,0
E00117041,117,101,87,14,1,1,9,0,9,6,5,1,0,86.32478632478633,74.35897435897436,11.965811965811966,0.8547008547008548,0.8547008547008548,7.6923076923076925,0,7.6923076923076925,5.128205128205128,4.273504273504273,0.8547008547008548,0
E00117042,146,135,95,40,0,0,6,0,6,5,5,0,0,92.46575342465754,65.06849315068493,27.397260273972602,0,0,4.10958904109589,0,4.10958904109589,3.4246575342465753,3.4246575342465753,0,0
E00117043,135,125,98,27,0,0,0,0,0,10,5,5,0,92.5925925925926,72.5925925925926,20,0,0,0,0,0,7.4074074074074066,3.7037037037037033,3.7037037037037033,0
E00117044,130,112,82,30,2,2,2,0,2,14,12,2,0,86.15384615384616,63.07692307692307,23.076923076923077,1.5384615384615385,1.5384615384615385,1.5384615384615385,0,1.5384615384615385,10.76923076923077,9.230769230769232,1.5384615384615385,0
E00117045,105,90,65,25,0,0,1,0,1,14,11,3,0,85.71428571428571,61.904761904761905,23.809523809523807,0,0,0.9523809523809524,0,0.9523809523809524,13.333333333333334,10.476190476190476,2.857142857142857,0
E00117046,131,109,70,39,0,0,4,4,0,18,14,4,0,83.20610687022901,53.43511450381679,29.770992366412212,0,0,3.0534351145038165,3.0534351145038165,0,13.740458015267176,10.687022900763358,3.0534351145038165,0
E00117047,152,135,62,73,0,0,0,0,0,17,16,1,0,88.81578947368422,40.78947368421053,48.026315789473685,0,0,0,0,0,11.18421052631579,10.526315789473683,0.6578947368421052,0
E00117048,76,70,69,1,1,1,2,1,1,3,1,2,0,92.10526315789474,90.78947368421053,1.3157894736842104,1.3157894736842104,1.3157894736842104,2.631578947368421,1.3157894736842104,1.3157894736842104,3.9473684210526314,1.3157894736842104,2.631578947368421,0
E00117049,117,98,47,51,1,1,2,1,1,16,12,4,0,83.76068376068376,40.17094017094017,43.58974358974359,0.8547008547008548,0.8547008547008548,1.7094017094017095,0.8547008547008548,0.8547008547008548,13.675213675213676,10.256410256410255,3.418803418803419,0
E00117050,129,106,62,44,1,1,9,1,8,13,12,1,0,82.17054263565892,48.06201550387597,34.10852713178294,0.7751937984496124,0.7751937984496124,6.976744186046512,0.7751937984496124,6.2015503875969,10.077519379844961,9.30232558139535,0.7751937984496124,0
E00117051,171,158,110,48,1,1,1,0,1,11,8,3,0,92.39766081871345,64.32748538011695,28.07017543859649,0.5847953216374269,0.5847953216374269,0.5847953216374269,0,0.5847953216374269,6.432748538011696,4.678362573099415,1.7543859649122806,0
E00117052,63,53,37,16,0,0,1,0,1,9,4,5,0,84.12698412698413,58.730158730158735,25.396825396825395,0,0,1.5873015873015872,0,1.5873015873015872,14.285714285714285,6.349206349206349,7.936507936507936,0
E00117053,144,122,78,44,0,0,21,20,1,1,1,0,0,84.72222222222221,54.166666666666664,30.555555555555557,0,0,14.583333333333334,13.88888888888889,0.6944444444444444,0.6944444444444444,0.6944444444444444,0,0
E00117054,158,119,75,44,7,7,9,0,9,23,20,3,0,75.31645569620254,47.46835443037975,27.848101265822784,4.430379746835443,4.430379746835443,5.69620253164557,0,5.69620253164557,14.556962025316455,12.658227848101266,1.89873417721519,0
E00117056,123,113,81,32,0,0,1,1,0,9,8,1,0,91.869918699187,65.85365853658537,26.01626016260163,0,0,0.8130081300813009,0.8130081300813009,0,7.317073170731707,6.504065040650407,0.8130081300813009,0
E00117057,122,119,58,61,0,0,0,0,0,3,2,1,0,97.54098360655738,47.540983606557376,50,0,0,0,0,0,2.459016393442623,1.639344262295082,0.819672131147541,0
E00117058,129,109,72,37,0,0,1,1,0,19,17,2,0,84.49612403100775,55.81395348837209,28.68217054263566,0,0,0.7751937984496124,0.7751937984496124,0,14.728682170542637,13.178294573643413,1.550387596899225,0
E00117059,111,61,26,35,5,5,39,34,5,6,6,0,0,54.95495495495496,23.423423423423422,31.53153153153153,4.504504504504505,4.504504504504505,35.13513513513514,30.630630630630627,4.504504504504505,5.405405405405405,5.405405405405405,0,0
E00117060,130,99,73,26,1,1,1,1,0,29,25,4,0,76.15384615384615,56.15384615384615,20,0.7692307692307693,0.7692307692307693,0.7692307692307693,0.7692307692307693,0,22.30769230769231,19.230769230769234,3.076923076923077,0
E00117061,126,66,29,37,2,2,39,34,5,19,18,1,0,52.38095238095239,23.015873015873016,29.365079365079367,1.5873015873015872,1.5873015873015872,30.952380952380953,26.984126984126984,3.968253968253968,15.079365079365079,14.285714285714285,0.7936507936507936,0
E00117062,123,56,30,26,0,0,53,37,16,13,11,2,1,45.52845528455284,24.390243902439025,21.138211382113823,0,0,43.08943089430895,30.081300813008134,13.008130081300814,10.569105691056912,8.94308943089431,1.6260162601626018,0.8130081300813009
E00117063,140,113,86,27,0,0,11,0,11,16,12,4,0,80.71428571428572,61.42857142857143,19.28571428571429,0,0,7.857142857142857,0,7.857142857142857,11.428571428571429,8.571428571428571,2.857142857142857,0
E00117064,136,31,15,16,0,0,93,20,73,12,12,0,0,22.794117647058822,11.029411764705882,11.76470588235294,0,0,68.38235294117648,14.705882352941178,53.67647058823529,8.823529411764707,8.823529411764707,0,0
E00117065,119,46,23,23,0,0,68,67,1,5,5,0,0,38.655462184873954,19.327731092436977,19.327731092436977,0,0,57.14285714285714,56.30252100840336,0.8403361344537815,4.201680672268908,4.201680672268908,0,0
E00117066,134,122,75,47,0,0,0,0,0,12,10,2,0,91.04477611940298,55.970149253731336,35.07462686567165,0,0,0,0,0,8.955223880597014,7.462686567164178,1.4925373134328357,0
E00117067,127,96,66,30,0,0,2,0,2,29,24,5,0,75.59055118110236,51.96850393700787,23.62204724409449,0,0,1.574803149606299,0,1.574803149606299,22.83464566929134,18.89763779527559,3.937007874015748,0
E00117068,140,105,64,41,3,3,13,8,5,19,19,0,0,75,45.714285714285715,29.28571428571429,2.142857142857143,2.142857142857143,9.285714285714286,5.714285714285714,3.571428571428571,13.571428571428571,13.571428571428571,0,0
E00117069,138,119,64,55,0,0,1,0,1,18,15,3,0,86.23188405797102,46.3768115942029,39.85507246376812,0,0,0.7246376811594203,0,0.7246376811594203,13.043478260869565,10.869565217391305,2.1739130434782608,0
E00117070,127,107,70,37,0,0,2,1,1,18,16,2,0,84.25196850393701,55.118110236220474,29.133858267716533,0,0,1.574803149606299,0.7874015748031495,0.7874015748031495,14.173228346456693,12.598425196850393,1.574803149606299,0
E00117071,129,102,48,54,0,0,6,2,4,21,16,5,0,79.06976744186046,37.2093023255814,41.86046511627907,0,0,4.651162790697675,1.550387596899225,3.10077519379845,16.27906976744186,12.4031007751938,3.875968992248062,0
E00117072,119,112,68,44,0,0,1,1,0,6,5,1,0,94.11764705882352,57.14285714285714,36.97478991596639,0,0,0.8403361344537815,0.8403361344537815,0,5.042016806722689,4.201680672268908,0.8403361344537815,0
E00117073,143,134,105,29,0,0,2,1,1,7,7,0,0,93.7062937062937,73.42657342657343,20.27972027972028,0,0,1.3986013986013985,0.6993006993006993,0.6993006993006993,4.895104895104895,4.895104895104895,0,0
E00117074,121,114,92,22,0,0,1,1,0,6,5,1,0,94.21487603305785,76.03305785123968,18.181818181818183,0,0,0.8264462809917356,0.8264462809917356,0,4.958677685950414,4.132231404958678,0.8264462809917356,0
E00117075,124,121,100,21,0,0,1,1,0,2,1,1,0,97.58064516129032,80.64516129032258,16.93548387096774,0,0,0.8064516129032258,0.8064516129032258,0,1.6129032258064515,0.8064516129032258,0.8064516129032258,0
E00117076,133,99,86,13,1,1,2,1,1,31,24,7,0,74.43609022556392,64.66165413533834,9.774436090225564,0.7518796992481203,0.7518796992481203,1.5037593984962405,0.7518796992481203,0.7518796992481203,23.308270676691727,18.045112781954884,5.263157894736842,0
E00117077,144,127,88,39,0,0,3,2,1,14,11,3,0,88.19444444444444,61.111111111111114,27.083333333333332,0,0,2.083333333333333,1.3888888888888888,0.6944444444444444,9.722222222222223,7.638888888888889,2.083333333333333,0
E00117078,141,100,65,35,0,0,6,6,0,35,30,5,0,70.92198581560284,46.09929078014184,24.822695035460992,0,0,4.25531914893617,4.25531914893617,0,24.822695035460992,21.27659574468085,3.546099290780142,0
E00117079,144,92,71,21,0,0,2,1,1,50,47,3,0,63.888888888888886,49.30555555555556,14.583333333333334,0,0,1.3888888888888888,0.6944444444444444,0.6944444444444444,34.72222222222222,32.63888888888889,2.083333333333333,0
E00117080,115,98,70,28,1,1,4,2,2,12,11,1,0,85.21739130434783,60.86956521739131,24.347826086956523,0.8695652173913043,0.8695652173913043,3.4782608695652173,1.7391304347826086,1.7391304347826086,10.434782608695652,9.565217391304348,0.8695652173913043,0
E00117081,147,60,43,17,1,1,3,2,1,83,75,8,0,40.816326530612244,29.25170068027211,11.564625850340136,0.6802721088435374,0.6802721088435374,2.0408163265306123,1.3605442176870748,0.6802721088435374,56.4625850340136,51.02040816326531,5.442176870748299,0
E00117082,120,39,34,5,1,1,63,62,1,17,13,4,0,32.5,28.333333333333332,4.166666666666666,0.8333333333333334,0.8333333333333334,52.5,51.66666666666667,0.8333333333333334,14.166666666666666,10.833333333333334,3.3333333333333335,0
E00117083,129,101,61,40,1,1,2,0,2,25,23,2,0,78.29457364341084,47.286821705426355,31.007751937984494,0.7751937984496124,0.7751937984496124,1.550387596899225,0,1.550387596899225,19.379844961240313,17.829457364341085,1.550387596899225,0
E00117084,130,100,84,16,0,0,2,2,0,28,26,2,0,76.92307692307693,64.61538461538461,12.307692307692308,0,0,1.5384615384615385,1.5384615384615385,0,21.53846153846154,20,1.5384615384615385,0
E00117085,120,69,37,32,0,0,0,0,0,51,45,6,0,57.49999999999999,30.833333333333336,26.666666666666668,0,0,0,0,0,42.5,37.5,5,0
E00117086,125,110,88,22,0,0,1,0,1,14,11,3,0,88,70.39999999999999,17.599999999999998,0,0,0.8,0,0.8,11.200000000000001,8.799999999999999,2.4,0
E00117087,113,86,81,5,2,2,11,11,0,12,8,4,2,76.10619469026548,71.68141592920354,4.424778761061947,1.7699115044247788,1.7699115044247788,9.734513274336283,9.734513274336283,0,10.619469026548673,7.079646017699115,3.5398230088495577,1.7699115044247788
E00117088,129,60,37,23,2,2,51,45,6,15,15,0,1,46.51162790697674,28.68217054263566,17.829457364341085,1.550387596899225,1.550387596899225,39.53488372093023,34.883720930232556,4.651162790697675,11.627906976744185,11.627906976744185,0,0.7751937984496124
E00117089,116,100,75,25,0,0,7,7,0,9,7,2,0,86.20689655172413,64.65517241379311,21.551724137931032,0,0,6.0344827586206895,6.0344827586206895,0,7.758620689655173,6.0344827586206895,1.7241379310344827,0
E00117090,138,124,102,22,0,0,3,1,2,11,11,0,0,89.85507246376811,73.91304347826086,15.942028985507244,0,0,2.1739130434782608,0.7246376811594203,1.4492753623188406,7.971014492753622,7.971014492753622,0,0
E00117091,124,118,102,16,0,0,1,0,1,5,3,2,0,95.16129032258065,82.25806451612904,12.903225806451612,0,0,0.8064516129032258,0,0.8064516129032258,4.032258064516129,2.4193548387096775,1.6129032258064515,0
E00117092,137,120,91,29,0,0,1,1,0,16,14,2,0,87.59124087591242,66.42335766423358,21.16788321167883,0,0,0.7299270072992701,0.7299270072992701,0,11.678832116788321,10.218978102189782,1.4598540145985401,0
E00117093,134,131,103,28,0,0,0,0,0,3,3,0,0,97.76119402985076,76.86567164179104,20.8955223880597,0,0,0,0,0,2.2388059701492535,2.2388059701492535,0,0
E00117094,174,106,76,30,3,3,14,8,6,51,47,4,0,60.91954022988506,43.67816091954023,17.24137931034483,1.7241379310344827,1.7241379310344827,8.045977011494253,4.597701149425287,3.4482758620689653,29.310344827586203,27.011494252873565,2.2988505747126435,0
E00117095,177,131,89,42,0,0,13,10,3,33,32,1,0,74.01129943502825,50.282485875706215,23.728813559322035,0,0,7.344632768361582,5.649717514124294,1.694915254237288,18.64406779661017,18.07909604519774,0.5649717514124294,0
E00117096,222,113,81,32,2,2,21,2,19,86,71,15,0,50.9009009009009,36.486486486486484,14.414414414414415,0.9009009009009009,0.9009009009009009,9.45945945945946,0.9009009009009009,8.558558558558559,38.73873873873874,31.98198198198198,6.756756756756757,0
E00117097,174,105,83,22,3,3,10,2,8,56,51,5,0,60.3448275862069,47.701149425287355,12.643678160919542,1.7241379310344827,1.7241379310344827,5.747126436781609,1.1494252873563218,4.597701149425287,32.18390804597701,29.310344827586203,2.8735632183908044,0
E00117098,159,140,98,42,1,1,0,0,0,18,15,3,0,88.0503144654088,61.63522012578616,26.41509433962264,0.628930817610063,0.628930817610063,0,0,0,11.320754716981133,9.433962264150944,1.8867924528301887,0
E00117099,115,79,47,32,0,0,20,16,4,16,12,4,0,68.69565217391305,40.869565217391305,27.82608695652174,0,0,17.391304347826086,13.91304347826087,3.4782608695652173,13.91304347826087,10.434782608695652,3.4782608695652173,0
E00117100,111,72,45,27,1,1,2,1,1,36,31,5,0,64.86486486486487,40.54054054054054,24.324324324324326,0.9009009009009009,0.9009009009009009,1.8018018018018018,0.9009009009009009,0.9009009009009009,32.432432432432435,27.927927927927925,4.504504504504505,0
E00117101,113,91,64,27,0,0,14,12,2,8,5,3,0,80.53097345132744,56.63716814159292,23.893805309734514,0,0,12.389380530973451,10.619469026548673,1.7699115044247788,7.079646017699115,4.424778761061947,2.6548672566371683,0
E00117102,111,94,56,38,0,0,1,1,0,16,10,6,0,84.68468468468468,50.45045045045045,34.234234234234236,0,0,0.9009009009009009,0.9009009009009009,0,14.414414414414415,9.00900900900901,5.405405405405405,0
E00117103,126,111,65,46,1,1,4,2,2,10,8,2,0,88.09523809523809,51.587301587301596,36.507936507936506,0.7936507936507936,0.7936507936507936,3.1746031746031744,1.5873015873015872,1.5873015873015872,7.936507936507936,6.349206349206349,1.5873015873015872,0
E00117106,99,89,63,26,0,0,1,1,0,9,8,1,0,89.8989898989899,63.63636363636363,26.262626262626267,0,0,1.0101010101010102,1.0101010101010102,0,9.090909090909092,8.080808080808081,1.0101010101010102,0
E00117107,63,30,23,7,0,0,29,27,2,4,4,0,0,47.61904761904761,36.507936507936506,11.11111111111111,0,0,46.03174603174603,42.857142857142854,3.1746031746031744,6.349206349206349,6.349206349206349,0,0
E00117108,103,90,54,36,0,0,3,2,1,10,10,0,0,87.37864077669903,52.42718446601942,34.95145631067961,0,0,2.912621359223301,1.9417475728155338,0.9708737864077669,9.70873786407767,9.70873786407767,0,0
E00117109,113,79,53,26,1,1,10,4,6,23,19,4,0,69.91150442477876,46.902654867256636,23.008849557522122,0.8849557522123894,0.8849557522123894,8.849557522123893,3.5398230088495577,5.3097345132743365,20.353982300884958,16.8141592920354,3.5398230088495577,0
E00117110,119,38,28,10,0,0,33,3,30,48,45,3,0,31.932773109243694,23.52941176470588,8.403361344537815,0,0,27.73109243697479,2.5210084033613445,25.210084033613445,40.33613445378151,37.81512605042017,2.5210084033613445,0
E00117111,145,86,25,61,0,0,8,2,6,51,49,2,0,59.310344827586206,17.24137931034483,42.06896551724138,0,0,5.517241379310345,1.3793103448275863,4.137931034482759,35.172413793103445,33.793103448275865,1.3793103448275863,0
E00117112,138,128,64,64,1,1,0,0,0,9,9,0,0,92.7536231884058,46.3768115942029,46.3768115942029,0.7246376811594203,0.7246376811594203,0,0,0,6.521739130434782,6.521739130434782,0,0
E00117113,149,133,78,55,0,0,8,0,8,8,6,2,0,89.26174496644296,52.348993288590606,36.91275167785235,0,0,5.369127516778524,0,5.369127516778524,5.369127516778524,4.026845637583892,1.342281879194631,0
E00117114,114,107,63,44,0,0,2,2,0,5,4,1,0,93.85964912280701,55.26315789473685,38.59649122807017,0,0,1.7543859649122806,1.7543859649122806,0,4.385964912280701,3.508771929824561,0.8771929824561403,0
E00117115,132,101,53,48,0,0,6,2,4,25,24,1,0,76.51515151515152,40.15151515151515,36.36363636363637,0,0,4.545454545454546,1.5151515151515151,3.0303030303030303,18.939393939393938,18.181818181818183,0.7575757575757576,0
E00117116,133,127,78,49,1,1,0,0,0,5,4,1,0,95.48872180451127,58.64661654135338,36.84210526315789,0.7518796992481203,0.7518796992481203,0,0,0,3.7593984962406015,3.007518796992481,0.7518796992481203,0
E00117117,185,153,78,75,2,2,13,0,13,17,12,5,0,82.70270270270271,42.16216216216216,40.54054054054054,1.0810810810810811,1.0810810810810811,7.027027027027027,0,7.027027027027027,9.18918918918919,6.486486486486487,2.7027027027027026,0
E00117118,146,85,38,47,0,0,4,0,4,57,33,24,0,58.21917808219178,26.027397260273972,32.19178082191781,0,0,2.73972602739726,0,2.73972602739726,39.04109589041096,22.602739726027394,16.43835616438356,0
E00117119,116,50,22,28,0,0,54,42,12,12,10,2,0,43.103448275862064,18.96551724137931,24.137931034482758,0,0,46.55172413793103,36.206896551724135,10.344827586206897,10.344827586206897,8.620689655172415,1.7241379310344827,0
E00117120,141,114,63,51,0,0,0,0,0,27,19,8,0,80.85106382978722,44.680851063829785,36.17021276595745,0,0,0,0,0,19.148936170212767,13.47517730496454,5.673758865248227,0
E00117121,130,103,49,54,1,1,3,0,3,23,17,6,0,79.23076923076923,37.69230769230769,41.53846153846154,0.7692307692307693,0.7692307692307693,2.307692307692308,0,2.307692307692308,17.692307692307693,13.076923076923078,4.615384615384616,0
E00117122,190,30,2,28,0,0,27,6,21,133,49,84,0,15.789473684210526,1.0526315789473684,14.736842105263156,0,0,14.210526315789473,3.1578947368421053,11.052631578947368,70,25.789473684210527,44.21052631578947,0
E00117123,175,115,61,54,8,8,34,2,32,18,16,2,0,65.71428571428571,34.85714285714286,30.857142857142854,4.571428571428571,4.571428571428571,19.428571428571427,1.1428571428571428,18.285714285714285,10.285714285714285,9.142857142857142,1.1428571428571428,0
E00117124,222,125,47,78,0,0,48,4,44,49,43,6,0,56.30630630630631,21.17117117117117,35.13513513513514,0,0,21.62162162162162,1.8018018018018018,19.81981981981982,22.07207207207207,19.36936936936937,2.7027027027027026,0
E00117125,153,122,60,62,0,0,4,1,3,27,20,7,0,79.73856209150327,39.21568627450981,40.52287581699346,0,0,2.6143790849673203,0.6535947712418301,1.9607843137254901,17.647058823529413,13.071895424836603,4.57516339869281,0
E00117126,126,92,41,51,0,0,5,3,2,29,27,2,0,73.01587301587301,32.53968253968254,40.476190476190474,0,0,3.968253968253968,2.380952380952381,1.5873015873015872,23.015873015873016,21.428571428571427,1.5873015873015872,0
E00117127,76,66,37,29,0,0,1,0,1,9,9,0,0,86.8421052631579,48.68421052631579,38.15789473684211,0,0,1.3157894736842104,0,1.3157894736842104,11.842105263157894,11.842105263157894,0,0
E00117128,160,112,78,34,5,5,6,1,5,37,29,8,0,70,48.75,21.25,3.125,3.125,3.75,0.625,3.125,23.125,18.125,5,0
E00117129,115,111,87,24,0,0,1,1,0,3,2,1,0,96.52173913043478,75.65217391304347,20.869565217391305,0,0,0.8695652173913043,0.8695652173913043,0,2.608695652173913,1.7391304347826086,0.8695652173913043,0
E00117130,136,117,91,26,2,2,3,2,1,14,9,5,0,86.02941176470588,66.91176470588235,19.11764705882353,1.4705882352941175,1.4705882352941175,2.2058823529411766,1.4705882352941175,0.7352941176470588,10.294117647058822,6.61764705882353,3.6764705882352944,0
E00117131,187,149,135,14,2,2,4,3,1,32,29,3,0,79.67914438502673,72.19251336898395,7.4866310160427805,1.06951871657754,1.06951871657754,2.13903743315508,1.6042780748663104,0.53475935828877,17.11229946524064,15.508021390374333,1.6042780748663104,0
E00117132,116,104,69,35,0,0,0,0,0,12,8,4,0,89.65517241379311,59.48275862068966,30.17241379310345,0,0,0,0,0,10.344827586206897,6.896551724137931,3.4482758620689653,0
E00117133,145,96,77,19,2,2,7,4,3,40,33,7,0,66.20689655172414,53.103448275862064,13.10344827586207,1.3793103448275863,1.3793103448275863,4.827586206896552,2.7586206896551726,2.0689655172413794,27.586206896551722,22.758620689655174,4.827586206896552,0
E00117134,117,99,80,19,1,1,3,1,2,14,11,3,0,84.61538461538461,68.37606837606837,16.23931623931624,0.8547008547008548,0.8547008547008548,2.564102564102564,0.8547008547008548,1.7094017094017095,11.965811965811966,9.401709401709402,2.564102564102564,0
E00117135,196,177,138,39,0,0,1,1,0,18,16,2,0,90.3061224489796,70.40816326530613,19.897959183673468,0,0,0.5102040816326531,0.5102040816326531,0,9.183673469387756,8.16326530612245,1.0204081632653061,0
E00117136,118,105,89,16,0,0,3,1,2,10,8,2,0,88.98305084745762,75.42372881355932,13.559322033898304,0,0,2.5423728813559325,0.847457627118644,1.694915254237288,8.47457627118644,6.779661016949152,1.694915254237288,0
E00117137,109,89,66,23,0,0,2,1,1,18,18,0,0,81.65137614678899,60.550458715596335,21.100917431192663,0,0,1.834862385321101,0.9174311926605505,0.9174311926605505,16.51376146788991,16.51376146788991,0,0
E00117138,95,68,49,19,3,3,14,14,0,10,9,1,0,71.57894736842105,51.578947368421055,20,3.1578947368421053,3.1578947368421053,14.736842105263156,14.736842105263156,0,10.526315789473683,9.473684210526317,1.0526315789473684,0
E00117139,80,43,27,16,1,1,30,29,1,5,4,1,1,53.75,33.75,20,1.25,1.25,37.5,36.25,1.25,6.25,5,1.25,1.25
E00117140,122,102,77,25,1,1,3,1,2,16,14,2,0,83.60655737704919,63.114754098360656,20.491803278688526,0.819672131147541,0.819672131147541,2.459016393442623,0.819672131147541,1.639344262295082,13.114754098360656,11.475409836065573,1.639344262295082,0
E00117141,130,117,99,18,0,0,2,0,2,11,9,2,0,90,76.15384615384615,13.846153846153847,0,0,1.5384615384615385,0,1.5384615384615385,8.461538461538462,6.923076923076923,1.5384615384615385,0
E00117142,117,81,56,25,0,0,1,1,0,35,34,1,0,69.23076923076923,47.863247863247864,21.367521367521366,0,0,0.8547008547008548,0.8547008547008548,0,29.914529914529915,29.059829059829063,0.8547008547008548,0
E00117143,111,101,89,12,0,0,3,2,1,7,4,3,0,90.990990990991,80.18018018018019,10.81081081081081,0,0,2.7027027027027026,1.8018018018018018,0.9009009009009009,6.306306306306306,3.6036036036036037,2.7027027027027026,0
E00117144,145,131,99,32,0,0,3,3,0,11,9,2,0,90.3448275862069,68.27586206896552,22.06896551724138,0,0,2.0689655172413794,2.0689655172413794,0,7.586206896551724,6.206896551724138,1.3793103448275863,0
E00117145,145,123,95,28,1,1,7,3,4,14,7,7,0,84.82758620689656,65.51724137931035,19.310344827586206,0.6896551724137931,0.6896551724137931,4.827586206896552,2.0689655172413794,2.7586206896551726,9.655172413793103,4.827586206896552,4.827586206896552,0
E00117146,144,132,105,27,0,0,1,1,0,11,9,2,0,91.66666666666666,72.91666666666666,18.75,0,0,0.6944444444444444,0.6944444444444444,0,7.638888888888889,6.25,1.3888888888888888,0
E00117147,147,123,85,38,0,0,0,0,0,24,21,3,0,83.6734693877551,57.82312925170068,25.850340136054424,0,0,0,0,0,16.3265306122449,14.285714285714285,2.0408163265306123,0
E00117148,137,97,59,38,0,0,26,25,1,14,10,4,0,70.8029197080292,43.06569343065693,27.73722627737226,0,0,18.97810218978102,18.248175182481752,0.7299270072992701,10.218978102189782,7.2992700729927,2.9197080291970803,0
E00117149,147,100,83,17,0,0,15,0,15,32,29,3,0,68.02721088435374,56.4625850340136,11.564625850340136,0,0,10.204081632653061,0,10.204081632653061,21.768707482993197,19.727891156462583,2.0408163265306123,0
E00117150,123,59,56,3,0,0,38,7,31,26,23,3,0,47.96747967479675,45.52845528455284,2.4390243902439024,0,0,30.89430894308943,5.691056910569105,25.203252032520325,21.138211382113823,18.69918699186992,2.4390243902439024,0
E00117151,138,126,103,23,0,0,0,0,0,12,9,3,0,91.30434782608695,74.63768115942028,16.666666666666664,0,0,0,0,0,8.695652173913043,6.521739130434782,2.1739130434782608,0
E00117152,154,109,78,31,0,0,0,0,0,45,40,5,0,70.77922077922078,50.649350649350644,20.12987012987013,0,0,0,0,0,29.22077922077922,25.97402597402597,3.2467532467532463,0
E00117153,119,92,8,84,0,0,1,0,1,26,25,1,0,77.31092436974791,6.722689075630252,70.58823529411765,0,0,0.8403361344537815,0,0.8403361344537815,21.84873949579832,21.008403361344538,0.8403361344537815,0
E00117154,134,65,49,16,2,2,30,4,26,37,32,5,0,48.507462686567166,36.56716417910448,11.940298507462686,1.4925373134328357,1.4925373134328357,22.388059701492537,2.9850746268656714,19.402985074626866,27.611940298507463,23.88059701492537,3.731343283582089,0
E00117155,167,62,45,17,0,0,32,5,27,73,65,8,0,37.12574850299401,26.94610778443114,10.179640718562874,0,0,19.16167664670659,2.9940119760479043,16.16766467065868,43.712574850299404,38.92215568862276,4.790419161676647,0
E00117156,133,115,88,27,0,0,2,1,1,16,13,3,0,86.46616541353383,66.16541353383458,20.30075187969925,0,0,1.5037593984962405,0.7518796992481203,0.7518796992481203,12.030075187969924,9.774436090225564,2.2556390977443606,0
E00117157,121,78,39,39,2,2,2,1,1,39,33,6,0,64.46280991735537,32.231404958677686,32.231404958677686,1.6528925619834711,1.6528925619834711,1.6528925619834711,0.8264462809917356,0.8264462809917356,32.231404958677686,27.27272727272727,4.958677685950414,0
E00117158,130,87,70,17,0,0,6,5,1,37,31,6,0,66.92307692307692,53.84615384615385,13.076923076923078,0,0,4.615384615384616,3.8461538461538463,0.7692307692307693,28.46153846153846,23.846153846153847,4.615384615384616,0
E00117159,168,129,93,36,0,0,11,10,1,28,24,4,0,76.78571428571429,55.35714285714286,21.428571428571427,0,0,6.547619047619048,5.952380952380952,0.5952380952380952,16.666666666666664,14.285714285714285,2.380952380952381,0
E00117160,111,43,22,21,1,1,57,56,1,10,8,2,0,38.73873873873874,19.81981981981982,18.91891891891892,0.9009009009009009,0.9009009009009009,51.35135135135135,50.45045045045045,0.9009009009009009,9.00900900900901,7.207207207207207,1.8018018018018018,0
E00117161,110,66,34,32,5,5,16,4,12,23,19,4,0,60,30.909090909090907,29.09090909090909,4.545454545454546,4.545454545454546,14.545454545454545,3.6363636363636362,10.909090909090908,20.909090909090907,17.272727272727273,3.6363636363636362,0
E00117162,125,103,84,19,0,0,0,0,0,22,20,2,0,82.39999999999999,67.2,15.2,0,0,0,0,0,17.599999999999998,16,1.6,0
E00117163,194,54,36,18,1,1,20,7,13,119,112,7,0,27.835051546391753,18.556701030927837,9.278350515463918,0.5154639175257731,0.5154639175257731,10.309278350515463,3.608247422680412,6.701030927835052,61.34020618556701,57.73195876288659,3.608247422680412,0
E00117164,123,22,10,12,1,1,92,86,6,8,8,0,0,17.88617886178862,8.130081300813007,9.75609756097561,0.8130081300813009,0.8130081300813009,74.79674796747967,69.91869918699187,4.878048780487805,6.504065040650407,6.504065040650407,0,0
E00117165,142,86,36,50,0,0,47,27,20,9,3,6,0,60.56338028169014,25.352112676056336,35.2112676056338,0,0,33.098591549295776,19.014084507042252,14.084507042253522,6.338028169014084,2.112676056338028,4.225352112676056,0
E00117166,153,132,106,26,2,2,1,0,1,18,18,0,0,86.27450980392157,69.28104575163398,16.99346405228758,1.3071895424836601,1.3071895424836601,0.6535947712418301,0,0.6535947712418301,11.76470588235294,11.76470588235294,0,0
E00117167,142,97,56,41,2,2,8,3,5,35,32,3,0,68.30985915492957,39.436619718309856,28.87323943661972,1.4084507042253522,1.4084507042253522,5.633802816901409,2.112676056338028,3.5211267605633805,24.647887323943664,22.535211267605636,2.112676056338028,0
E00117168,122,22,14,8,0,0,93,87,6,7,7,0,0,18.0327868852459,11.475409836065573,6.557377049180328,0,0,76.22950819672131,71.31147540983606,4.918032786885246,5.737704918032787,5.737704918032787,0,0
E00117169,123,105,78,27,0,0,9,8,1,9,7,2,0,85.36585365853658,63.41463414634146,21.951219512195124,0,0,7.317073170731707,6.504065040650407,0.8130081300813009,7.317073170731707,5.691056910569105,1.6260162601626018,0
E00117170,83,70,41,29,0,0,2,2,0,11,8,3,0,84.33734939759037,49.39759036144578,34.93975903614458,0,0,2.4096385542168677,2.4096385542168677,0,13.253012048192772,9.63855421686747,3.614457831325301,0
E00117171,121,108,68,40,1,1,1,1,0,11,11,0,0,89.25619834710744,56.19834710743802,33.057851239669425,0.8264462809917356,0.8264462809917356,0.8264462809917356,0.8264462809917356,0,9.090909090909092,9.090909090909092,0,0
E00117172,113,102,72,30,0,0,1,1,0,10,10,0,0,90.2654867256637,63.716814159292035,26.548672566371685,0,0,0.8849557522123894,0.8849557522123894,0,8.849557522123893,8.849557522123893,0,0
E00117173,195,161,103,58,14,14,10,0,10,10,8,2,0,82.564102564102555,52.820512820512825,29.743589743589745,7.179487179487179,7.179487179487179,5.128205128205128,0,5.128205128205128,5.128205128205128,4.102564102564102,1.0256410256410255,0
E00117174,124,45,26,19,1,1,64,60,4,11,7,4,3,36.29032258064516,20.967741935483872,15.32258064516129,0.8064516129032258,0.8064516129032258,51.61290322580645,48.38709677419355,3.225806451612903,8.870967741935484,5.64516129032258,3.225806451612903,2.4193548387096775
E00117175,125,70,41,29,1,1,44,41,3,8,7,1,2,56.00000000000001,32.800000000000004,23.200000000000003,0.8,0.8,35.199999999999996,32.800000000000004,2.4,6.4,5.6000000000000005,0.8,1.6
E00117176,146,114,69,45,2,2,5,5,0,25,23,2,0,78.08219178082192,47.26027397260274,30.82191780821918,1.36986301369863,1.36986301369863,3.4246575342465753,3.4246575342465753,0,17.123287671232877,15.753424657534246,1.36986301369863,0
E00117177,131,77,50,27,0,0,43,38,5,10,10,0,1,58.778625954198475,38.16793893129771,20.610687022900763,0,0,32.82442748091603,29.00763358778626,3.816793893129771,7.633587786259542,7.633587786259542,0,0.7633587786259541
E00117178,115,86,60,26,0,0,19,19,0,9,8,1,1,74.78260869565217,52.17391304347826,22.608695652173914,0,0,16.52173913043478,16.52173913043478,0,7.82608695652174,6.956521739130435,0.8695652173913043,0.8695652173913043
E00117179,137,126,85,41,0,0,3,1,2,8,5,3,0,91.970802919708035,62.04379562043796,29.927007299270077,0,0,2.18978102189781,0.7299270072992701,1.4598540145985401,5.839416058394161,3.64963503649635,2.18978102189781,0
E00117180,165,81,41,40,1,1,31,23,8,50,48,2,2,49.09090909090909,24.848484848484848,24.242424242424242,0.6060606060606061,0.6060606060606061,18.787878787878785,13.939393939393941,4.848484848484849,30.303030303030305,29.09090909090909,1.2121212121212122,1.2121212121212122
E00117181,115,75,39,36,0,0,30,27,3,10,5,5,0,65.21739130434783,33.91304347826087,31.30434782608696,0,0,26.08695652173913,23.47826086956522,2.608695652173913,8.695652173913043,4.3478260869565215,4.3478260869565215,0
E00117182,136,99,72,27,0,0,25,23,2,12,12,0,0,72.79411764705883,52.94117647058824,19.852941176470587,0,0,18.38235294117647,16.911764705882355,1.4705882352941175,8.823529411764707,8.823529411764707,0,0
E00117183,134,83,53,30,0,0,24,19,5,27,24,3,0,61.940298507462686,39.55223880597015,22.388059701492537,0,0,17.91044776119403,14.17910447761194,3.731343283582089,20.149253731343283,17.91044776119403,2.2388059701492535,0
E00117184,117,26,10,16,0,0,79,76,3,10,9,1,2,22.22222222222222,8.547008547008547,13.675213675213676,0,0,67.52136752136752,64.95726495726495,2.564102564102564,8.547008547008547,7.6923076923076925,0.8547008547008548,1.7094017094017095
E00117185,124,93,75,18,3,3,3,3,0,25,21,4,0,75,60.483870967741936,14.516129032258066,2.4193548387096775,2.4193548387096775,2.4193548387096775,2.4193548387096775,0,20.161290322580644,16.93548387096774,3.225806451612903,0
E00117186,129,41,26,15,1,1,78,39,39,9,8,1,0,31.782945736434108,20.155038759689923,11.627906976744185,0.7751937984496124,0.7751937984496124,60.46511627906976,30.23255813953488,30.23255813953488,6.976744186046512,6.2015503875969,0.7751937984496124,0
E00117187,145,120,94,26,0,0,3,0,3,22,16,6,0,82.75862068965517,64.82758620689654,17.93103448275862,0,0,2.0689655172413794,0,2.0689655172413794,15.172413793103448,11.03448275862069,4.137931034482759,0
E00117188,121,98,48,50,0,0,1,1,0,22,17,5,0,80.99173553719008,39.66942148760331,41.32231404958678,0,0,0.8264462809917356,0.8264462809917356,0,18.181818181818183,14.049586776859504,4.132231404958678,0
E00117189,102,95,60,35,0,0,0,0,0,7,7,0,0,93.13725490196079,58.82352941176471,34.31372549019608,0,0,0,0,0,6.862745098039216,6.862745098039216,0,0
E00117190,120,98,53,45,0,0,4,3,1,18,14,4,0,81.66666666666667,44.166666666666664,37.5,0,0,3.3333333333333335,2.5,0.8333333333333334,15,11.666666666666666,3.3333333333333335,0
E00117191,125,115,67,48,0,0,2,2,0,8,8,0,0,92,53.6,38.4,0,0,1.6,1.6,0,6.4,6.4,0,0
E00117192,117,101,54,47,0,0,2,2,0,14,13,1,0,86.32478632478633,46.15384615384615,40.17094017094017,0,0,1.7094017094017095,1.7094017094017095,0,11.965811965811966,11.11111111111111,0.8547008547008548,0
E00117193,57,50,30,20,0,0,0,0,0,7,6,1,0,87.71929824561403,52.63157894736842,35.08771929824561,0,0,0,0,0,12.280701754385964,10.526315789473683,1.7543859649122806,0
E00117194,132,123,80,43,0,0,0,0,0,9,8,1,0,93.18181818181817,60.60606060606061,32.57575757575758,0,0,0,0,0,6.8181818181818175,6.0606060606060606,0.7575757575757576,0
E00117195,91,56,36,20,1,1,26,24,2,8,8,0,0,61.53846153846154,39.56043956043956,21.978021978021978,1.098901098901099,1.098901098901099,28.57142857142857,26.373626373626376,2.197802197802198,8.791208791208792,8.791208791208792,0,0
E00117196,91,74,39,35,0,0,0,0,0,17,14,3,0,81.31868131868131,42.857142857142854,38.46153846153847,0,0,0,0,0,18.681318681318682,15.384615384615385,3.296703296703297,0
E00117197,124,61,32,29,0,0,2,2,0,61,56,5,0,49.193548387096776,25.806451612903224,23.387096774193548,0,0,1.6129032258064515,1.6129032258064515,0,49.193548387096776,45.16129032258064,4.032258064516129,0
E00117198,158,115,49,66,15,15,23,13,10,5,4,1,0,72.78481012658227,31.0126582278481,41.77215189873418,9.49367088607595,9.49367088607595,14.556962025316455,8.227848101265822,6.329113924050633,3.1645569620253164,2.5316455696202533,0.6329113924050633,0
E00117199,163,121,83,38,4,4,33,32,1,5,4,1,0,74.23312883435584,50.920245398773,23.31288343558282,2.4539877300613497,2.4539877300613497,20.245398773006134,19.631901840490798,0.6134969325153374,3.067484662576687,2.4539877300613497,0.6134969325153374,0
E00117200,141,108,57,51,2,2,3,1,2,28,22,6,0,76.59574468085107,40.42553191489361,36.17021276595745,1.4184397163120568,1.4184397163120568,2.127659574468085,0.7092198581560284,1.4184397163120568,19.858156028368796,15.602836879432624,4.25531914893617,0
E00117201,146,98,58,40,0,0,22,1,21,26,19,7,0,67.12328767123287,39.726027397260275,27.397260273972602,0,0,15.068493150684931,0.684931506849315,14.383561643835616,17.80821917808219,13.013698630136986,4.794520547945205,0
E00117202,131,72,39,33,1,1,41,40,1,17,16,1,0,54.961832061068705,29.770992366412212,25.190839694656486,0.7633587786259541,0.7633587786259541,31.297709923664126,30.53435114503817,0.7633587786259541,12.977099236641221,12.213740458015266,0.7633587786259541,0
E00117203,138,100,49,51,0,0,26,26,0,12,10,2,0,72.46376811594203,35.507246376811594,36.95652173913043,0,0,18.84057971014493,18.84057971014493,0,8.695652173913043,7.246376811594203,1.4492753623188406,0
E00117204,152,134,88,46,0,0,11,11,0,7,6,1,0,88.1578947368421,57.89473684210527,30.263157894736842,0,0,7.236842105263158,7.236842105263158,0,4.605263157894736,3.9473684210526314,0.6578947368421052,0
E00117205,129,122,77,45,0,0,0,0,0,7,4,3,0,94.57364341085271,59.68992248062015,34.883720930232556,0,0,0,0,0,5.426356589147287,3.10077519379845,2.3255813953488373,0
E00117206,140,136,84,52,0,0,1,0,1,3,2,1,0,97.14285714285714,60,37.142857142857146,0,0,0.7142857142857143,0,0.7142857142857143,2.142857142857143,1.4285714285714286,0.7142857142857143,0
E00117207,131,124,78,46,0,0,0,0,0,7,3,4,0,94.65648854961832,59.541984732824424,35.11450381679389,0,0,0,0,0,5.343511450381679,2.2900763358778624,3.0534351145038165,0
E00117208,125,92,59,33,0,0,2,0,2,31,27,4,0,73.6,47.199999999999996,26.400000000000002,0,0,1.6,0,1.6,24.8,21.6,3.2,0
E00117209,104,87,72,15,0,0,9,2,7,8,6,2,0,83.65384615384616,69.23076923076923,14.423076923076922,0,0,8.653846153846153,1.9230769230769231,6.730769230769231,7.6923076923076925,5.769230769230769,1.9230769230769231,0
E00117210,150,118,69,49,0,0,23,4,19,9,6,3,0,78.66666666666666,46,32.666666666666664,0,0,15.333333333333332,2.666666666666667,12.666666666666668,6,4,2,0
E00117211,132,112,63,49,1,1,3,1,2,15,12,3,1,84.84848484848484,47.72727272727273,37.121212121212125,0.7575757575757576,0.7575757575757576,2.272727272727273,0.7575757575757576,1.5151515151515151,11.363636363636363,9.090909090909092,2.272727272727273,0.7575757575757576
E00117212,124,94,33,61,0,0,1,0,1,29,25,4,0,75.80645161290323,26.61290322580645,49.193548387096776,0,0,0.8064516129032258,0,0.8064516129032258,23.387096774193548,20.161290322580644,3.225806451612903,0
E00117213,135,79,42,37,1,1,34,32,2,21,17,4,0,58.51851851851851,31.11111111111111,27.40740740740741,0.7407407407407408,0.7407407407407408,25.185185185185183,23.703703703703706,1.4814814814814816,15.555555555555555,12.592592592592592,2.9629629629629632,0
E00117214,122,107,63,44,0,0,3,3,0,12,10,2,0,87.70491803278688,51.63934426229508,36.0655737704918,0,0,2.459016393442623,2.459016393442623,0,9.836065573770492,8.19672131147541,1.639344262295082,0
E00117215,98,81,61,20,2,2,0,0,0,15,13,2,0,82.6530612244898,62.244897959183675,20.408163265306122,2.0408163265306123,2.0408163265306123,0,0,0,15.306122448979592,13.26530612244898,2.0408163265306123,0
E00117216,127,104,56,48,0,0,1,1,0,22,22,0,0,81.88976377952756,44.09448818897638,37.79527559055118,0,0,0.7874015748031495,0.7874015748031495,0,17.322834645669293,17.322834645669293,0,0
E00117217,125,111,58,53,1,1,1,1,0,12,9,3,0,88.8,46.400000000000006,42.4,0.8,0.8,0.8,0.8,0,9.6,7.199999999999999,2.4,0
E00117218,137,107,55,52,1,1,1,0,1,28,23,5,0,78.1021897810219,40.14598540145985,37.95620437956204,0.7299270072992701,0.7299270072992701,0.7299270072992701,0,0.7299270072992701,20.437956204379564,16.78832116788321,3.64963503649635,0
E00117219,132,86,44,42,0,0,38,27,11,8,8,0,0,65.15151515151516,33.33333333333333,31.818181818181817,0,0,28.78787878787879,20.454545454545457,8.333333333333332,6.0606060606060606,6.0606060606060606,0,0
E00117220,141,110,65,45,0,0,15,12,3,16,16,0,0,78.01418439716312,46.09929078014184,31.914893617021278,0,0,10.638297872340425,8.51063829787234,2.127659574468085,11.347517730496454,11.347517730496454,0,0
E00117221,127,106,51,55,0,0,2,2,0,19,14,5,0,83.46456692913385,40.15748031496063,43.30708661417323,0,0,1.574803149606299,1.574803149606299,0,14.960629921259844,11.023622047244094,3.937007874015748,0
E00117222,112,93,76,17,1,1,2,0,2,16,12,4,0,83.03571428571429,67.85714285714286,15.178571428571427,0.8928571428571428,0.8928571428571428,1.7857142857142856,0,1.7857142857142856,14.285714285714285,10.714285714285714,3.571428571428571,0
E00117223,156,48,30,18,2,2,17,1,16,89,85,4,0,30.76923076923077,19.230769230769234,11.538461538461538,1.282051282051282,1.282051282051282,10.897435897435898,0.641025641025641,10.256410256410255,57.05128205128205,54.48717948717948,2.564102564102564,0
E00117224,110,46,24,22,0,0,47,42,5,16,12,4,1,41.81818181818181,21.818181818181817,20,0,0,42.72727272727273,38.18181818181819,4.545454545454546,14.545454545454545,10.909090909090908,3.6363636363636362,0.9090909090909091
E00117225,104,61,34,27,0,0,25,20,5,18,16,2,0,58.65384615384615,32.69230769230769,25.961538461538463,0,0,24.03846153846154,19.230769230769234,4.807692307692308,17.307692307692307,15.384615384615385,1.9230769230769231,0
E00117226,151,72,54,18,0,0,14,6,8,65,56,9,0,47.682119205298015,35.76158940397351,11.920529801324504,0,0,9.271523178807946,3.9735099337748347,5.298013245033113,43.04635761589404,37.086092715231786,5.960264900662252,0
E00117227,146,94,52,42,2,2,21,1,20,29,27,2,0,64.38356164383562,35.61643835616438,28.767123287671232,1.36986301369863,1.36986301369863,14.383561643835616,0.684931506849315,13.698630136986301,19.863013698630137,18.493150684931507,1.36986301369863,0
E00117228,185,129,76,53,0,0,2,1,1,54,48,6,0,69.72972972972973,41.08108108108108,28.64864864864865,0,0,1.0810810810810811,0.5405405405405406,0.5405405405405406,29.18918918918919,25.945945945945947,3.2432432432432434,0
E00117229,142,102,56,46,0,0,24,11,13,16,12,4,0,71.83098591549296,39.436619718309856,32.3943661971831,0,0,16.901408450704224,7.746478873239436,9.15492957746479,11.267605633802818,8.450704225352112,2.8169014084507045,0
E00117231,115,50,43,7,0,0,48,5,43,17,11,6,0,43.47826086956522,37.391304347826086,6.086956521739131,0,0,41.73913043478261,4.3478260869565215,37.391304347826086,14.782608695652174,9.565217391304348,5.217391304347826,0
E00117232,149,64,30,34,1,1,10,1,9,74,71,3,0,42.95302013422819,20.13422818791946,22.818791946308725,0.6711409395973155,0.6711409395973155,6.7114093959731544,0.6711409395973155,6.0402684563758395,49.664429530201346,47.651006711409394,2.013422818791946,0
E00117233,190,96,43,53,19,19,22,18,4,52,49,3,1,50.526315789473685,22.63157894736842,27.89473684210526,10,10,11.578947368421053,9.473684210526317,2.1052631578947367,27.368421052631582,25.789473684210527,1.5789473684210527,0.5263157894736842
E00117234,118,94,57,37,0,0,6,6,0,18,16,2,0,79.66101694915254,48.30508474576271,31.35593220338983,0,0,5.084745762711865,5.084745762711865,0,15.254237288135593,13.559322033898304,1.694915254237288,0
E00117235,89,50,24,26,0,0,2,1,1,37,33,4,0,56.17977528089888,26.96629213483146,29.213483146067414,0,0,2.247191011235955,1.1235955056179776,1.1235955056179776,41.57303370786517,37.07865168539326,4.49438202247191,0
E00117236,140,69,27,42,0,0,56,51,5,13,9,4,2,49.28571428571429,19.28571428571429,30,0,0,40,36.42857142857142,3.571428571428571,9.285714285714286,6.428571428571428,2.857142857142857,1.4285714285714286
E00117237,151,124,89,35,0,0,11,11,0,16,11,5,0,82.11920529801324,58.94039735099338,23.178807947019866,0,0,7.28476821192053,7.28476821192053,0,10.596026490066226,7.28476821192053,3.3112582781456954,0
E00117238,169,82,60,22,0,0,4,2,2,83,79,4,0,48.5207100591716,35.50295857988166,13.017751479289942,0,0,2.366863905325444,1.183431952662722,1.183431952662722,49.112426035502956,46.74556213017752,2.366863905325444,0
E00117239,127,96,44,52,1,1,2,2,0,28,24,4,0,75.59055118110236,34.645669291338585,40.94488188976378,0.7874015748031495,0.7874015748031495,1.574803149606299,1.574803149606299,0,22.04724409448819,18.89763779527559,3.149606299212598,0
E00117240,150,131,83,48,2,2,9,1,8,8,8,0,0,87.33333333333333,55.333333333333336,32,1.3333333333333335,1.3333333333333335,6,0.6666666666666667,5.333333333333334,5.333333333333334,5.333333333333334,0,0
E00117241,141,118,54,64,0,0,10,2,8,13,13,0,0,83.68794326241135,38.297872340425535,45.39007092198582,0,0,7.092198581560284,1.4184397163120568,5.673758865248227,9.219858156028367,9.219858156028367,0,0
E00117242,188,151,124,27,5,5,6,1,5,26,19,7,0,80.31914893617021,65.95744680851064,14.361702127659576,2.6595744680851063,2.6595744680851063,3.1914893617021276,0.5319148936170213,2.6595744680851063,13.829787234042554,10.106382978723403,3.723404255319149,0
E00117243,71,3,2,1,0,0,62,3,59,6,6,0,0,4.225352112676056,2.8169014084507045,1.4084507042253522,0,0,87.32394366197182,4.225352112676056,83.09859154929578,8.450704225352112,8.450704225352112,0,0
E00117244,156,114,68,46,0,0,4,3,1,38,32,6,0,73.07692307692307,43.58974358974359,29.48717948717949,0,0,2.564102564102564,1.9230769230769231,0.641025641025641,24.358974358974358,20.51282051282051,3.8461538461538463,0
E00117245,161,118,64,54,0,0,13,3,10,30,25,5,0,73.29192546583852,39.75155279503105,33.54037267080746,0,0,8.074534161490684,1.8633540372670807,6.211180124223603,18.633540372670808,15.527950310559005,3.1055900621118013,0
E00117246,210,164,86,78,0,0,24,2,22,22,17,5,0,78.0952380952381,40.95238095238095,37.142857142857146,0,0,11.428571428571429,0.9523809523809524,10.476190476190476,10.476190476190476,8.095238095238095,2.380952380952381,0
E00117247,128,111,67,44,0,0,2,2,0,15,13,2,0,86.71875,52.34375,34.375,0,0,1.5625,1.5625,0,11.71875,10.15625,1.5625,0
E00117248,127,116,59,57,0,0,2,2,0,9,8,1,0,91.33858267716536,46.45669291338583,44.881889763779526,0,0,1.574803149606299,1.574803149606299,0,7.086614173228346,6.299212598425196,0.7874015748031495,0
E00117249,146,97,33,64,2,2,5,2,3,42,38,4,0,66.43835616438356,22.602739726027394,43.83561643835616,1.36986301369863,1.36986301369863,3.4246575342465753,1.36986301369863,2.054794520547945,28.767123287671232,26.027397260273972,2.73972602739726,0
E00117250,121,103,53,50,0,0,0,0,0,18,14,4,0,85.12396694214877,43.80165289256198,41.32231404958678,0,0,0,0,0,14.87603305785124,11.570247933884298,3.3057851239669422,0
E00117251,137,119,53,66,0,0,2,0,2,16,14,2,0,86.86131386861314,38.68613138686132,48.175182481751825,0,0,1.4598540145985401,0,1.4598540145985401,11.678832116788321,10.218978102189782,1.4598540145985401,0
E00117252,127,120,72,48,0,0,0,0,0,7,7,0,0,94.48818897637796,56.69291338582677,37.79527559055118,0,0,0,0,0,5.511811023622047,5.511811023622047,0,0
E00117253,132,119,53,66,0,0,0,0,0,13,13,0,0,90.15151515151516,40.15151515151515,50,0,0,0,0,0,9.848484848484848,9.848484848484848,0,0
E00117254,137,110,55,55,0,0,2,1,1,25,24,1,0,80.2919708029197,40.14598540145985,40.14598540145985,0,0,1.4598540145985401,0.7299270072992701,0.7299270072992701,18.248175182481752,17.51824817518248,0.7299270072992701,0
E00117255,131,111,62,49,0,0,0,0,0,20,17,3,0,84.7328244274809,47.32824427480916,37.404580152671755,0,0,0,0,0,15.267175572519085,12.977099236641221,2.2900763358778624,0
E00117256,121,96,70,26,1,1,2,0,2,22,17,5,0,79.33884297520662,57.85123966942148,21.487603305785125,0.8264462809917356,0.8264462809917356,1.6528925619834711,0,1.6528925619834711,18.181818181818183,14.049586776859504,4.132231404958678,0
E00117257,137,126,86,40,0,0,0,0,0,11,7,4,0,91.970802919708035,62.77372262773723,29.1970802919708,0,0,0,0,0,8.02919708029197,5.109489051094891,2.9197080291970803,0
E00117258,119,116,76,40,0,0,0,0,0,3,2,1,0,97.47899159663865,63.86554621848739,33.61344537815126,0,0,0,0,0,2.5210084033613445,1.680672268907563,0.8403361344537815,0
E00117259,125,118,80,38,1,1,2,1,1,4,4,0,0,94.39999999999999,64,30.4,0.8,0.8,1.6,0.8,0.8,3.2,3.2,0,0
E00117260,132,128,91,37,1,1,0,0,0,3,3,0,0,96.96969696969697,68.93939393939394,28.030303030303028,0.7575757575757576,0.7575757575757576,0,0,0,2.272727272727273,2.272727272727273,0,0
E00117261,145,108,60,48,1,1,16,3,13,20,16,4,0,74.48275862068967,41.37931034482759,33.10344827586207,0.6896551724137931,0.6896551724137931,11.03448275862069,2.0689655172413794,8.96551724137931,13.793103448275861,11.03448275862069,2.7586206896551726,0
E00117262,117,86,61,25,0,0,29,1,28,2,1,1,0,73.50427350427351,52.13675213675214,21.367521367521366,0,0,24.786324786324787,0.8547008547008548,23.931623931623932,1.7094017094017095,0.8547008547008548,0.8547008547008548,0
E00117263,121,94,64,30,0,0,14,12,2,12,12,0,1,77.68595041322314,52.892561983471076,24.793388429752067,0,0,11.570247933884298,9.917355371900827,1.6528925619834711,9.917355371900827,9.917355371900827,0,0.8264462809917356
E00117264,130,120,81,39,0,0,0,0,0,10,8,2,0,92.3076923076923,62.30769230769231,30,0,0,0,0,0,7.6923076923076925,6.153846153846154,1.5384615384615385,0
E00117265,178,113,45,68,1,1,25,6,19,39,32,7,0,63.48314606741573,25.280898876404496,38.20224719101123,0.5617977528089888,0.5617977528089888,14.04494382022472,3.3707865168539324,10.674157303370785,21.910112359550563,17.97752808988764,3.932584269662921,0
E00117266,127,117,66,51,0,0,2,2,0,8,8,0,0,92.1259842519685,51.96850393700787,40.15748031496063,0,0,1.574803149606299,1.574803149606299,0,6.299212598425196,6.299212598425196,0,0
E00117267,127,83,47,36,0,0,15,10,5,29,22,7,0,65.35433070866141,37.00787401574803,28.346456692913385,0,0,11.811023622047244,7.874015748031496,3.937007874015748,22.83464566929134,17.322834645669293,5.511811023622047,0
E00117268,172,89,54,35,3,3,20,12,8,60,56,4,0,51.74418604651163,31.3953488372093,20.348837209302324,1.744186046511628,1.744186046511628,11.627906976744185,6.976744186046512,4.651162790697675,34.883720930232556,32.55813953488372,2.3255813953488373,0
E00117269,202,28,8,20,3,3,109,41,68,62,59,3,0,13.861386138613863,3.9603960396039604,9.900990099009901,1.4851485148514851,1.4851485148514851,53.960396039603964,20.2970297029703,33.663366336633665,30.693069306930692,29.207920792079207,1.4851485148514851,0
E00117270,148,91,36,55,6,6,4,0,4,47,41,6,0,61.48648648648649,24.324324324324326,37.16216216216216,4.054054054054054,4.054054054054054,2.7027027027027026,0,2.7027027027027026,31.756756756756754,27.7027027027027,4.054054054054054,0
E00117271,152,117,50,67,2,2,11,5,6,22,22,0,0,76.97368421052632,32.89473684210527,44.07894736842105,1.3157894736842104,1.3157894736842104,7.236842105263158,3.289473684210526,3.9473684210526314,14.473684210526317,14.473684210526317,0,0
E00117272,116,61,23,38,2,2,44,43,1,9,8,1,0,52.58620689655172,19.82758620689655,32.758620689655174,1.7241379310344827,1.7241379310344827,37.93103448275862,37.06896551724138,0.8620689655172413,7.758620689655173,6.896551724137931,0.8620689655172413,0
E00117273,120,73,23,50,1,1,34,33,1,12,12,0,0,60.83333333333333,19.166666666666668,41.66666666666667,0.8333333333333334,0.8333333333333334,28.333333333333332,27.500000000000004,0.8333333333333334,10,10,0,0
E00117274,194,149,77,72,4,4,15,2,13,26,20,6,0,76.80412371134021,39.69072164948454,37.11340206185567,2.0618556701030926,2.0618556701030926,7.731958762886598,1.0309278350515463,6.701030927835052,13.402061855670103,10.309278350515463,3.0927835051546393,0
E00117275,108,72,39,33,0,0,29,26,3,7,5,2,0,66.66666666666666,36.11111111111111,30.555555555555557,0,0,26.851851851851855,24.074074074074073,2.7777777777777777,6.481481481481481,4.62962962962963,1.8518518518518516,0
E00117277,129,41,19,22,0,0,71,62,9,17,16,1,0,31.782945736434108,14.728682170542637,17.05426356589147,0,0,55.03875968992248,48.06201550387597,6.976744186046512,13.178294573643413,12.4031007751938,0.7751937984496124,0
E00117278,109,78,37,41,0,0,9,0,9,22,22,0,0,71.55963302752293,33.94495412844037,37.61467889908257,0,0,8.256880733944955,0,8.256880733944955,20.18348623853211,20.18348623853211,0,0
E00117279,119,80,42,38,1,1,9,5,4,29,24,5,0,67.22689075630252,35.294117647058826,31.932773109243694,0.8403361344537815,0.8403361344537815,7.563025210084033,4.201680672268908,3.361344537815126,24.369747899159663,20.168067226890756,4.201680672268908,0
E00117280,166,105,34,71,0,0,41,1,40,20,17,3,0,63.25301204819277,20.481927710843372,42.77108433734939,0,0,24.69879518072289,0.6024096385542169,24.096385542168676,12.048192771084338,10.240963855421686,1.8072289156626504,0
E00117281,120,93,42,51,1,1,2,2,0,24,23,1,0,77.5,35,42.5,0.8333333333333334,0.8333333333333334,1.6666666666666667,1.6666666666666667,0,20,19.166666666666668,0.8333333333333334,0
E00117282,153,49,25,24,1,1,93,75,18,9,7,2,1,32.02614379084967,16.33986928104575,15.686274509803921,0.6535947712418301,0.6535947712418301,60.78431372549019,49.01960784313725,11.76470588235294,5.88235294117647,4.57516339869281,1.3071895424836601,0.6535947712418301
E00117283,176,131,78,53,4,4,27,18,9,14,14,0,0,74.43181818181817,44.31818181818182,30.113636363636363,2.272727272727273,2.272727272727273,15.340909090909092,10.227272727272728,5.113636363636364,7.954545454545454,7.954545454545454,0,0
E00117284,121,77,40,37,3,3,17,1,16,24,21,3,0,63.63636363636363,33.057851239669425,30.57851239669421,2.479338842975207,2.479338842975207,14.049586776859504,0.8264462809917356,13.223140495867769,19.834710743801654,17.355371900826448,2.479338842975207,0
E00117285,132,114,62,52,0,0,4,3,1,14,12,2,0,86.36363636363636,46.96969696969697,39.39393939393939,0,0,3.0303030303030303,2.272727272727273,0.7575757575757576,10.606060606060606,9.090909090909092,1.5151515151515151,0
E00117286,123,93,53,40,0,0,4,0,4,26,25,1,0,75.60975609756098,43.08943089430895,32.52032520325203,0,0,3.2520325203252036,0,3.2520325203252036,21.138211382113823,20.32520325203252,0.8130081300813009,0
E00117287,217,165,85,80,3,3,30,2,28,19,16,3,0,76.036866359447,39.1705069124424,36.86635944700461,1.3824884792626728,1.3824884792626728,13.82488479262673,0.9216589861751152,12.903225806451612,8.755760368663594,7.373271889400922,1.3824884792626728,0
E00117288,137,105,53,52,1,1,5,1,4,26,23,3,0,76.64233576642336,38.68613138686132,37.95620437956204,0.7299270072992701,0.7299270072992701,3.64963503649635,0.7299270072992701,2.9197080291970803,18.97810218978102,16.78832116788321,2.18978102189781,0
E00117289,123,88,40,48,0,0,7,2,5,28,25,3,0,71.54471544715447,32.52032520325203,39.02439024390244,0,0,5.691056910569105,1.6260162601626018,4.0650406504065035,22.76422764227642,20.32520325203252,2.4390243902439024,0
E00117290,132,98,50,48,1,1,7,0,7,26,24,2,0,74.24242424242425,37.878787878787875,36.36363636363637,0.7575757575757576,0.7575757575757576,5.303030303030303,0,5.303030303030303,19.696969696969695,18.181818181818183,1.5151515151515151,0
E00117291,119,59,34,25,0,0,41,33,8,19,16,3,0,49.57983193277311,28.57142857142857,21.008403361344538,0,0,34.45378151260504,27.73109243697479,6.722689075630252,15.966386554621847,13.445378151260504,2.5210084033613445,0
E00117292,131,62,38,24,0,0,52,48,4,15,14,1,2,47.32824427480916,29.00763358778626,18.3206106870229,0,0,39.69465648854962,36.6412213740458,3.0534351145038165,11.450381679389313,10.687022900763358,0.7633587786259541,1.5267175572519083
E00117293,119,84,18,66,0,0,5,0,5,30,28,2,0,70.58823529411765,15.126050420168067,55.46218487394958,0,0,4.201680672268908,0,4.201680672268908,25.210084033613445,23.52941176470588,1.680672268907563,0
E00117294,117,90,31,59,0,0,0,0,0,27,26,1,0,76.92307692307693,26.495726495726498,50.427350427350426,0,0,0,0,0,23.076923076923077,22.22222222222222,0.8547008547008548,0
E00117295,125,72,41,31,1,1,41,35,6,11,9,2,0,57.599999999999994,32.800000000000004,24.8,0.8,0.8,32.800000000000004,28.000000000000004,4.8,8.799999999999999,7.199999999999999,1.6,0
E00117296,127,44,31,13,1,1,65,57,8,17,16,1,0,34.645669291338585,24.409448818897637,10.236220472440944,0.7874015748031495,0.7874015748031495,51.181102362204726,44.881889763779526,6.299212598425196,13.385826771653544,12.598425196850393,0.7874015748031495,0
E00117297,121,106,53,53,1,1,1,1,0,13,12,1,0,87.60330578512396,43.80165289256198,43.80165289256198,0.8264462809917356,0.8264462809917356,0.8264462809917356,0.8264462809917356,0,10.743801652892563,9.917355371900827,0.8264462809917356,0
E00117298,127,76,40,36,0,0,40,40,0,11,8,3,0,59.84251968503938,31.496062992125985,28.346456692913385,0,0,31.496062992125985,31.496062992125985,0,8.661417322834646,6.299212598425196,2.3622047244094486,0
E00117299,129,85,37,48,0,0,27,22,5,17,12,5,0,65.89147286821705,28.68217054263566,37.2093023255814,0,0,20.930232558139537,17.05426356589147,3.875968992248062,13.178294573643413,9.30232558139535,3.875968992248062,0
E00117300,109,85,46,39,0,0,2,2,0,22,19,3,0,77.98165137614679,42.201834862385326,35.77981651376147,0,0,1.834862385321101,1.834862385321101,0,20.18348623853211,17.431192660550458,2.7522935779816518,0
E00117301,125,98,38,60,0,0,3,2,1,24,23,1,0,78.4,30.4,48,0,0,2.4,1.6,0.8,19.2,18.4,0.8,0
E00117302,127,119,78,41,0,0,3,0,3,5,4,1,0,93.7007874015748,61.417322834645674,32.28346456692913,0,0,2.3622047244094486,0,2.3622047244094486,3.937007874015748,3.149606299212598,0.7874015748031495,0
E00117303,121,113,58,55,1,1,2,2,0,5,5,0,0,93.38842975206612,47.93388429752066,45.45454545454545,0.8264462809917356,0.8264462809917356,1.6528925619834711,1.6528925619834711,0,4.132231404958678,4.132231404958678,0,0
E00117304,132,85,31,54,0,0,25,20,5,22,21,1,0,64.39393939393939,23.484848484848484,40.909090909090914,0,0,18.939393939393938,15.151515151515152,3.787878787878788,16.666666666666664,15.909090909090908,0.7575757575757576,0
E00117305,127,113,62,51,0,0,2,1,1,12,9,3,0,88.9763779527559,48.818897637795274,40.15748031496063,0,0,1.574803149606299,0.7874015748031495,0.7874015748031495,9.448818897637794,7.086614173228346,2.3622047244094486,0
E00117306,121,106,59,47,0,0,11,11,0,4,1,3,0,87.60330578512396,48.760330578512395,38.84297520661157,0,0,9.090909090909092,9.090909090909092,0,3.3057851239669422,0.8264462809917356,2.479338842975207,0
E00117307,126,108,57,51,1,1,3,2,1,14,12,2,0,85.71428571428571,45.23809523809524,40.476190476190474,0.7936507936507936,0.7936507936507936,2.380952380952381,1.5873015873015872,0.7936507936507936,11.11111111111111,9.523809523809524,1.5873015873015872,0
E00117308,127,66,31,35,1,1,53,8,45,7,6,1,0,51.96850393700787,24.409448818897637,27.559055118110237,0.7874015748031495,0.7874015748031495,41.732283464566926,6.299212598425196,35.43307086614173,5.511811023622047,4.724409448818897,0.7874015748031495,0
E00117309,130,86,37,49,0,0,29,28,1,15,12,3,0,66.15384615384615,28.46153846153846,37.69230769230769,0,0,22.30769230769231,21.53846153846154,0.7692307692307693,11.538461538461538,9.230769230769232,2.307692307692308,0
E00117310,127,79,26,53,2,2,7,3,4,39,35,4,0,62.20472440944882,20.47244094488189,41.732283464566926,1.574803149606299,1.574803149606299,5.511811023622047,2.3622047244094486,3.149606299212598,30.708661417322837,27.559055118110237,3.149606299212598,0
E00117311,132,131,76,55,0,0,1,1,0,0,0,0,0,99.24242424242425,57.57575757575758,41.66666666666667,0,0,0.7575757575757576,0.7575757575757576,0,0,0,0,0
E00117312,119,106,58,48,0,0,1,0,1,12,12,0,0,89.07563025210085,48.739495798319325,40.33613445378151,0,0,0.8403361344537815,0,0.8403361344537815,10.084033613445378,10.084033613445378,0,0
E00117313,146,116,66,50,0,0,2,0,2,28,26,2,0,79.45205479452055,45.20547945205479,34.24657534246575,0,0,1.36986301369863,0,1.36986301369863,19.17808219178082,17.80821917808219,1.36986301369863,0
E00117314,148,118,53,65,0,0,0,0,0,30,28,2,0,79.72972972972973,35.810810810810814,43.91891891891892,0,0,0,0,0,20.27027027027027,18.91891891891892,1.3513513513513513,0
E00117315,143,102,58,44,2,2,2,1,1,37,31,6,0,71.32867132867133,40.55944055944056,30.76923076923077,1.3986013986013985,1.3986013986013985,1.3986013986013985,0.6993006993006993,0.6993006993006993,25.874125874125873,21.678321678321677,4.195804195804196,0
E00117316,139,99,37,62,0,0,2,0,2,38,35,3,0,71.22302158273382,26.618705035971225,44.60431654676259,0,0,1.4388489208633095,0,1.4388489208633095,27.33812949640288,25.179856115107913,2.158273381294964,0
E00117317,103,74,33,41,2,2,1,1,0,26,23,3,0,71.84466019417476,32.038834951456316,39.80582524271845,1.9417475728155338,1.9417475728155338,0.9708737864077669,0.9708737864077669,0,25.24271844660194,22.330097087378643,2.912621359223301,0
E00117318,112,84,32,52,0,0,1,1,0,27,25,2,0,75,28.57142857142857,46.42857142857143,0,0,0.8928571428571428,0.8928571428571428,0,24.107142857142858,22.321428571428573,1.7857142857142856,0
E00117319,123,63,27,36,0,0,56,55,1,4,3,1,0,51.21951219512195,21.951219512195124,29.268292682926827,0,0,45.52845528455284,44.71544715447154,0.8130081300813009,3.2520325203252036,2.4390243902439024,0.8130081300813009,0
E00117320,122,79,37,42,0,0,35,33,2,7,7,0,1,64.75409836065575,30.327868852459016,34.42622950819672,0,0,28.688524590163933,27.049180327868854,1.639344262295082,5.737704918032787,5.737704918032787,0,0.819672131147541
E00117321,113,69,31,38,0,0,25,19,6,19,15,4,0,61.06194690265486,27.43362831858407,33.6283185840708,0,0,22.123893805309734,16.8141592920354,5.3097345132743365,16.8141592920354,13.274336283185843,3.5398230088495577,0
E00117322,122,49,16,33,0,0,55,4,51,18,16,2,0,40.16393442622951,13.114754098360656,27.049180327868854,0,0,45.08196721311475,3.278688524590164,41.80327868852459,14.754098360655737,13.114754098360656,1.639344262295082,0
E00117323,125,97,55,42,1,1,16,12,4,11,10,1,0,77.60000000000001,44,33.6,0.8,0.8,12.8,9.6,3.2,8.799999999999999,8,0.8,0
E00117324,129,111,60,51,1,1,1,0,1,16,16,0,0,86.04651162790698,46.51162790697674,39.53488372093023,0.7751937984496124,0.7751937984496124,0.7751937984496124,0,0.7751937984496124,12.4031007751938,12.4031007751938,0,0
E00117325,118,80,27,53,0,0,2,2,0,36,34,2,0,67.79661016949152,22.88135593220339,44.91525423728814,0,0,1.694915254237288,1.694915254237288,0,30.508474576271187,28.8135593220339,1.694915254237288,0
E00117326,124,64,26,38,1,1,47,44,3,10,7,3,2,51.61290322580645,20.967741935483872,30.64516129032258,0.8064516129032258,0.8064516129032258,37.903225806451616,35.483870967741936,2.4193548387096775,8.064516129032258,5.64516129032258,2.4193548387096775,1.6129032258064515
E00117327,124,117,82,35,0,0,1,0,1,6,6,0,0,94.35483870967742,66.12903225806451,28.225806451612907,0,0,0.8064516129032258,0,0.8064516129032258,4.838709677419355,4.838709677419355,0,0
E00117328,119,101,70,31,0,0,13,13,0,5,5,0,0,84.87394957983193,58.82352941176471,26.05042016806723,0,0,10.92436974789916,10.92436974789916,0,4.201680672268908,4.201680672268908,0,0
E00117329,110,63,26,37,1,1,3,1,2,43,39,4,0,57.27272727272727,23.636363636363637,33.63636363636363,0.9090909090909091,0.9090909090909091,2.727272727272727,0.9090909090909091,1.8181818181818181,39.09090909090909,35.45454545454545,3.6363636363636362,0
E00171455,201,178,131,47,4,4,0,0,0,19,16,3,0,88.55721393034825,65.17412935323384,23.383084577114428,1.9900497512437811,1.9900497512437811,0,0,0,9.45273631840796,7.960199004975125,1.4925373134328357,0
E00171456,122,90,64,26,5,5,3,1,2,24,21,3,0,73.77049180327869,52.459016393442624,21.311475409836063,4.098360655737705,4.098360655737705,2.459016393442623,0.819672131147541,1.639344262295082,19.672131147540984,17.21311475409836,2.459016393442623,0
E00171457,95,22,11,11,3,3,59,7,52,11,11,0,0,23.157894736842106,11.578947368421053,11.578947368421053,3.1578947368421053,3.1578947368421053,62.10526315789474,7.368421052631578,54.736842105263165,11.578947368421053,11.578947368421053,0,0
E00171458,79,57,48,9,2,2,3,2,1,17,14,3,0,72.15189873417721,60.75949367088608,11.39240506329114,2.5316455696202533,2.5316455696202533,3.79746835443038,2.5316455696202533,1.2658227848101267,21.518987341772153,17.72151898734177,3.79746835443038,0
E00171459,110,41,25,16,14,14,53,2,51,2,2,0,0,37.27272727272727,22.727272727272727,14.545454545454545,12.727272727272727,12.727272727272727,48.18181818181818,1.8181818181818181,46.36363636363636,1.8181818181818181,1.8181818181818181,0,0
E00171460,108,37,20,17,0,0,66,1,65,5,3,2,0,34.25925925925926,18.51851851851852,15.74074074074074,0,0,61.111111111111114,0.9259259259259258,60.18518518518518,4.62962962962963,2.7777777777777777,1.8518518518518516,0
E00171461,53,32,16,16,0,0,11,10,1,10,8,2,0,60.37735849056604,30.18867924528302,30.18867924528302,0,0,20.754716981132077,18.867924528301888,1.8867924528301887,18.867924528301888,15.09433962264151,3.7735849056603774,0
E00171462,134,85,20,65,12,12,24,0,24,13,12,1,0,63.43283582089553,14.925373134328357,48.507462686567166,8.955223880597014,8.955223880597014,17.91044776119403,0,17.91044776119403,9.701492537313433,8.955223880597014,0.7462686567164178,0
E00171463,134,118,45,73,0,0,5,0,5,11,11,0,0,88.05970149253731,33.582089552238806,54.47761194029851,0,0,3.731343283582089,0,3.731343283582089,8.208955223880597,8.208955223880597,0,0
E00183035,139,87,51,36,1,1,23,23,0,28,17,11,0,62.589928057553955,36.69064748201439,25.899280575539567,0.7194244604316548,0.7194244604316548,16.546762589928058,16.546762589928058,0,20.14388489208633,12.23021582733813,7.913669064748201,0
E00183084,140,110,62,48,2,2,4,2,2,24,21,3,0,78.57142857142857,44.285714285714285,34.285714285714285,1.4285714285714286,1.4285714285714286,2.857142857142857,1.4285714285714286,1.4285714285714286,17.142857142857142,15,2.142857142857143,0
E00183088,124,64,9,55,27,27,23,22,1,10,8,2,0,51.61290322580645,7.258064516129033,44.354838709677416,21.774193548387096,21.774193548387096,18.548387096774192,17.741935483870968,0.8064516129032258,8.064516129032258,6.451612903225806,1.6129032258064515,0
