OA,ts0680001,ts0680002,ts0680003,ts0680002_PCT,ts0680003_PCT
E00038789,243,45,198,18.51851851851852,81.48148148148148
E00038790,433,66,367,15.242494226327944,84.75750577367207
E00038791,326,73,253,22.392638036809817,77.60736196319019
E00038792,331,76,255,22.9607250755287,77.0392749244713
E00038793,283,38,245,13.427561837455832,86.57243816254417
E00038794,229,31,198,13.537117903930133,86.46288209606988
E00038795,264,54,210,20.454545454545457,79.54545454545455
E00038796,266,48,218,18.045112781954884,81.95488721804512
E00038797,327,45,282,13.761467889908257,86.23853211009175
E00038798,137,22,115,16.05839416058394,83.94160583941606
E00038799,242,42,200,17.355371900826448,82.64462809917356
E00038800,384,91,293,23.697916666666664,76.30208333333334
E00038801,296,49,247,16.554054054054053,83.44594594594594
E00038802,262,44,218,16.793893129770993,83.20610687022901
E00038803,262,39,223,14.885496183206106,85.1145038167939
E00038804,245,49,196,20,80
E00038805,235,52,183,22.127659574468083,77.87234042553192
E00038806,247,32,215,12.955465587044534,87.04453441295547
E00038807,262,36,226,13.740458015267176,86.25954198473282
E00038808,280,32,248,11.428571428571429,88.57142857142857
E00038809,277,33,244,11.913357400722022,88.08664259927798
E00038810,201,36,165,17.91044776119403,82.08955223880598
E00038811,392,53,339,13.520408163265307,86.4795918367347
E00038812,267,74,193,27.715355805243448,72.28464419475655
E00038813,160,26,134,16.25,83.75
E00038814,281,49,232,17.437722419928825,82.56227758007117
E00038815,343,50,293,14.577259475218659,85.42274052478133
E00038816,354,66,288,18.64406779661017,81.35593220338984
E00038817,278,25,253,8.992805755395683,91.00719424460432
E00038818,240,35,205,14.583333333333334,85.41666666666666
E00038819,244,36,208,14.754098360655737,85.24590163934425
E00038820,286,38,248,13.286713286713287,86.7132867132867
E00038821,289,44,245,15.22491349480969,84.77508650519032
E00038822,293,58,235,19.795221843003414,80.2047781569966
E00038823,236,15,221,6.3559322033898304,93.64406779661016
E00038824,227,23,204,10.13215859030837,89.86784140969164
E00038825,272,43,229,15.808823529411764,84.19117647058823
E00038826,326,51,275,15.644171779141105,84.3558282208589
E00038827,319,48,271,15.047021943573668,84.95297805642633
E00038828,424,65,359,15.330188679245282,84.66981132075472
E00038829,391,97,294,24.808184143222505,75.1918158567775
E00038830,372,51,321,13.709677419354838,86.29032258064517
E00038831,229,32,197,13.973799126637553,86.02620087336244
E00038832,272,28,244,10.294117647058822,89.70588235294117
E00038834,465,97,368,20.86021505376344,79.13978494623656
E00038835,362,46,316,12.70718232044199,87.29281767955801
E00038836,322,96,226,29.81366459627329,70.1863354037267
E00038837,167,16,151,9.580838323353294,90.41916167664671
E00038838,215,18,197,8.372093023255815,91.62790697674419
E00038839,428,61,367,14.252336448598129,85.74766355140187
E00038840,286,75,211,26.223776223776223,73.77622377622379
E00038841,175,34,141,19.428571428571427,80.57142857142857
E00038842,335,66,269,19.701492537313435,80.29850746268656
E00038843,274,48,226,17.51824817518248,82.48175182481752
E00038844,289,70,219,24.22145328719723,75.77854671280276
E00038845,205,39,166,19.024390243902438,80.97560975609757
E00038846,350,37,313,10.571428571428571,89.42857142857143
E00038847,332,78,254,23.49397590361446,76.50602409638554
E00038848,172,27,145,15.69767441860465,84.30232558139535
E00038849,228,48,180,21.052631578947366,78.94736842105263
E00038850,289,49,240,16.955017301038062,83.04498269896193
E00038851,316,69,247,21.835443037974684,78.16455696202532
E00038852,384,71,313,18.489583333333336,81.51041666666666
E00038853,118,23,95,19.491525423728813,80.50847457627118
E00038855,416,75,341,18.028846153846153,81.97115384615384
E00038856,241,54,187,22.40663900414938,77.59336099585063
E00038858,306,64,242,20.915032679738562,79.08496732026144
E00038859,193,27,166,13.989637305699482,86.01036269430051
E00038860,257,49,208,19.06614785992218,80.93385214007782
E00038861,183,18,165,9.836065573770492,90.1639344262295
E00038862,188,39,149,20.74468085106383,79.25531914893617
E00038863,291,54,237,18.556701030927837,81.44329896907216
E00038864,210,33,177,15.714285714285714,84.28571428571429
E00038865,286,46,240,16.083916083916083,83.91608391608392
E00038866,450,104,346,23.11111111111111,76.88888888888889
E00038867,199,11,188,5.527638190954774,94.47236180904522
E00038868,283,29,254,10.247349823321555,89.75265017667844
E00038869,220,33,187,15,85
E00038870,178,28,150,15.730337078651685,84.26966292134831
E00038871,139,25,114,17.985611510791365,82.01438848920863
E00038872,272,56,216,20.588235294117645,79.41176470588235
E00038873,218,71,147,32.56880733944954,67.43119266055045
E00038876,170,25,145,14.705882352941178,85.29411764705883
E00038877,271,20,251,7.380073800738007,92.619926199262
E00038878,309,66,243,21.35922330097087,78.64077669902912
E00038879,337,72,265,21.364985163204746,78.63501483679525
E00038880,429,124,305,28.904428904428904,71.0955710955711
E00038881,331,94,237,28.3987915407855,71.6012084592145
E00038882,556,238,318,42.805755395683455,57.194244604316545
E00038883,341,59,282,17.302052785923756,82.69794721407625
E00038884,286,44,242,15.384615384615385,84.61538461538461
E00038885,364,91,273,25,75
E00038886,268,32,236,11.940298507462686,88.05970149253731
E00038887,260,82,178,31.538461538461537,68.46153846153847
E00038888,296,71,225,23.986486486486484,76.01351351351352
E00038889,229,55,174,24.017467248908297,75.9825327510917
E00038890,387,100,287,25.839793281653744,74.16020671834626
E00038891,290,69,221,23.79310344827586,76.20689655172413
E00038892,262,40,222,15.267175572519085,84.7328244274809
E00038893,238,46,192,19.327731092436977,80.67226890756302
E00038894,349,54,295,15.472779369627506,84.5272206303725
E00038895,230,22,208,9.565217391304348,90.43478260869566
E00038896,239,25,214,10.460251046025103,89.5397489539749
E00038897,278,33,245,11.870503597122301,88.12949640287769
E00038898,309,61,248,19.741100323624593,80.2588996763754
E00038899,295,38,257,12.88135593220339,87.11864406779661
E00038900,311,68,243,21.864951768488748,78.13504823151125
E00038901,394,117,277,29.695431472081218,70.30456852791879
E00038902,284,13,271,4.577464788732395,95.4225352112676
E00038903,443,94,349,21.21896162528217,78.78103837471784
E00038904,381,105,276,27.559055118110237,72.44094488188976
E00038905,422,135,287,31.990521327014214,68.00947867298578
E00038906,337,57,280,16.913946587537094,83.08605341246292
E00038907,348,97,251,27.873563218390807,72.12643678160919
E00038908,286,88,198,30.76923076923077,69.23076923076923
E00038909,365,43,322,11.78082191780822,88.21917808219179
E00038910,264,27,237,10.227272727272728,89.77272727272727
E00038911,378,70,308,18.51851851851852,81.48148148148148
E00038912,239,13,226,5.439330543933055,94.56066945606695
E00038913,239,42,197,17.573221757322173,82.42677824267783
E00038915,299,72,227,24.08026755852843,75.91973244147158
E00038916,227,28,199,12.334801762114537,87.66519823788546
E00038917,296,39,257,13.175675675675674,86.82432432432432
E00038918,318,67,251,21.069182389937108,78.9308176100629
E00038919,257,30,227,11.673151750972762,88.32684824902724
E00038920,256,21,235,8.203125,91.796875
E00038921,304,68,236,22.36842105263158,77.63157894736842
E00038922,260,38,222,14.615384615384617,85.38461538461539
E00038923,298,37,261,12.416107382550337,87.58389261744966
E00038924,143,5,138,3.4965034965034967,96.5034965034965
E00038925,328,75,253,22.865853658536587,77.13414634146342
E00038926,217,56,161,25.806451612903224,74.19354838709677
E00038927,295,44,251,14.915254237288137,85.08474576271186
E00038928,231,13,218,5.627705627705628,94.37229437229438
E00038929,263,57,206,21.673003802281368,78.32699619771863
E00038930,206,16,190,7.766990291262135,92.23300970873787
E00038931,236,30,206,12.711864406779661,87.28813559322035
E00038932,238,52,186,21.84873949579832,78.15126050420169
E00038933,286,39,247,13.636363636363635,86.36363636363636
E00038934,213,36,177,16.901408450704224,83.09859154929578
E00038935,398,81,317,20.35175879396985,79.64824120603015
E00038936,491,82,409,16.700610997963338,83.29938900203666
E00038937,490,94,396,19.183673469387756,80.81632653061224
E00038938,361,35,326,9.695290858725762,90.30470914127424
E00038939,545,118,427,21.65137614678899,78.34862385321101
E00038940,226,28,198,12.389380530973451,87.61061946902655
E00038941,240,22,218,9.166666666666666,90.83333333333333
E00038942,331,52,279,15.709969788519636,84.29003021148036
E00038943,275,28,247,10.181818181818182,89.81818181818181
E00038944,237,32,205,13.502109704641349,86.49789029535864
E00038945,356,66,290,18.53932584269663,81.46067415730337
E00038946,345,52,293,15.072463768115943,84.92753623188406
E00038947,298,25,273,8.389261744966444,91.61073825503355
E00038948,420,80,340,19.047619047619047,80.95238095238095
E00038949,481,119,362,24.74012474012474,75.25987525987526
E00038950,238,34,204,14.285714285714285,85.71428571428571
E00038951,248,5,243,2.0161290322580645,97.98387096774194
E00038952,301,45,256,14.950166112956811,85.04983388704319
E00038953,308,39,269,12.662337662337661,87.33766233766234
E00038954,295,52,243,17.627118644067796,82.37288135593221
E00038955,303,49,254,16.17161716171617,83.82838283828383
E00038956,328,44,284,13.414634146341465,86.58536585365853
E00038957,260,51,209,19.615384615384617,80.38461538461539
E00038958,258,53,205,20.54263565891473,79.45736434108527
E00038959,267,46,221,17.228464419475657,82.77153558052434
E00038960,211,41,170,19.431279620853083,80.56872037914692
E00038961,289,51,238,17.647058823529413,82.35294117647058
E00038962,347,42,305,12.103746397694524,87.89625360230548
E00038963,288,38,250,13.194444444444445,86.80555555555556
E00038964,316,50,266,15.822784810126583,84.17721518987342
E00038965,322,73,249,22.67080745341615,77.32919254658384
E00038966,264,55,209,20.833333333333336,79.16666666666666
E00038967,286,41,245,14.335664335664337,85.66433566433567
E00038970,318,54,264,16.9811320754717,83.01886792452831
E00038971,328,70,258,21.341463414634145,78.65853658536585
E00038972,264,32,232,12.121212121212121,87.87878787878788
E00038973,389,73,316,18.76606683804627,81.23393316195373
E00038974,309,53,256,17.15210355987055,82.84789644012946
E00038975,245,41,204,16.73469387755102,83.26530612244898
E00038976,254,16,238,6.299212598425196,93.7007874015748
E00038977,338,65,273,19.230769230769234,80.76923076923077
E00038978,263,44,219,16.730038022813687,83.26996197718631
E00038979,328,76,252,23.170731707317074,76.82926829268293
E00038980,221,33,188,14.93212669683258,85.06787330316742
E00038981,506,120,386,23.715415019762844,76.28458498023716
E00038982,358,75,283,20.949720670391063,79.05027932960894
E00038983,253,45,208,17.786561264822133,82.21343873517787
E00038984,371,88,283,23.71967654986523,76.28032345013477
E00038985,332,84,248,25.301204819277107,74.69879518072288
E00038986,321,89,232,27.725856697819314,72.27414330218068
E00038987,327,63,264,19.26605504587156,80.73394495412845
E00038988,313,50,263,15.974440894568689,84.02555910543131
E00038989,409,70,339,17.114914425427873,82.88508557457213
E00038991,280,47,233,16.785714285714285,83.21428571428572
E00038992,156,13,143,8.333333333333332,91.66666666666666
E00038993,315,33,282,10.476190476190476,89.52380952380953
E00038994,193,19,174,9.844559585492227,90.15544041450777
E00038995,347,66,281,19.020172910662826,80.97982708933718
E00038996,224,22,202,9.821428571428571,90.17857142857143
E00038997,131,22,109,16.793893129770993,83.20610687022901
E00038998,223,20,203,8.968609865470851,91.03139013452915
E00038999,376,57,319,15.159574468085108,84.8404255319149
E00039000,313,55,258,17.57188498402556,82.42811501597444
E00039001,317,33,284,10.410094637223976,89.58990536277602
E00039002,280,39,241,13.928571428571429,86.07142857142858
E00039003,292,42,250,14.383561643835616,85.61643835616438
E00039004,321,57,264,17.75700934579439,82.2429906542056
E00039005,298,64,234,21.476510067114095,78.52348993288591
E00039006,312,64,248,20.51282051282051,79.48717948717949
E00039007,284,45,239,15.845070422535212,84.15492957746478
E00039008,308,45,263,14.61038961038961,85.3896103896104
E00039009,261,36,225,13.793103448275861,86.20689655172413
E00039010,207,19,188,9.178743961352657,90.82125603864735
E00039011,550,146,404,26.545454545454543,73.45454545454545
E00039012,263,46,217,17.490494296577946,82.50950570342205
E00039013,284,61,223,21.47887323943662,78.52112676056338
E00039014,264,55,209,20.833333333333336,79.16666666666666
E00039015,381,68,313,17.84776902887139,82.1522309711286
E00039016,268,41,227,15.298507462686567,84.70149253731343
E00039017,229,43,186,18.777292576419214,81.22270742358079
E00039018,302,40,262,13.245033112582782,86.75496688741721
E00039019,289,66,223,22.837370242214533,77.16262975778547
E00039020,307,41,266,13.355048859934854,86.64495114006515
E00039021,263,38,225,14.44866920152091,85.55133079847909
E00039022,306,73,233,23.856209150326798,76.1437908496732
E00039023,243,12,231,4.938271604938271,95.06172839506173
E00039024,292,49,243,16.78082191780822,83.21917808219177
E00039025,262,29,233,11.068702290076336,88.93129770992367
E00039026,429,80,349,18.64801864801865,81.35198135198135
E00039027,280,35,245,12.5,87.5
E00039028,454,88,366,19.383259911894275,80.61674008810573
E00039030,332,109,223,32.831325301204814,67.16867469879519
E00039031,261,48,213,18.39080459770115,81.60919540229885
E00039032,323,66,257,20.43343653250774,79.56656346749226
E00039034,516,100,416,19.379844961240313,80.62015503875969
E00039035,346,69,277,19.942196531791907,80.05780346820809
E00039036,329,73,256,22.188449848024316,77.81155015197568
E00039037,333,58,275,17.417417417417415,82.58258258258259
E00039038,256,50,206,19.53125,80.46875
E00039039,323,76,247,23.52941176470588,76.47058823529412
E00039040,406,92,314,22.660098522167488,77.33990147783251
E00039041,292,70,222,23.972602739726025,76.02739726027397
E00039042,223,42,181,18.83408071748879,81.16591928251121
E00039043,343,74,269,21.574344023323615,78.4256559766764
E00039044,345,83,262,24.057971014492754,75.94202898550725
E00039045,278,55,223,19.784172661870503,80.2158273381295
E00039046,276,35,241,12.681159420289855,87.31884057971014
E00039047,304,62,242,20.394736842105264,79.60526315789474
E00039048,279,64,215,22.939068100358423,77.06093189964157
E00039049,351,66,285,18.803418803418804,81.19658119658119
E00039050,262,32,230,12.213740458015266,87.78625954198473
E00039051,256,32,224,12.5,87.5
E00039052,292,54,238,18.493150684931507,81.5068493150685
E00039053,322,55,267,17.080745341614907,82.91925465838509
E00039054,297,59,238,19.865319865319865,80.13468013468014
E00039055,389,107,282,27.506426735218508,72.49357326478149
E00039056,305,67,238,21.9672131147541,78.0327868852459
E00039057,277,46,231,16.60649819494585,83.39350180505414
E00039058,318,64,254,20.125786163522015,79.87421383647799
E00039059,101,6,95,5.9405940594059405,94.05940594059405
E00039060,318,62,256,19.49685534591195,80.50314465408806
E00039061,404,75,329,18.564356435643564,81.43564356435643
E00039062,438,63,375,14.383561643835616,85.61643835616438
E00039063,286,42,244,14.685314685314685,85.3146853146853
E00039064,277,53,224,19.133574007220215,80.86642599277978
E00039065,410,94,316,22.926829268292686,77.07317073170732
E00039066,447,83,364,18.568232662192393,81.4317673378076
E00039067,339,79,260,23.303834808259587,76.69616519174042
E00039068,251,34,217,13.545816733067728,86.45418326693228
E00039069,258,42,216,16.27906976744186,83.72093023255815
E00039070,277,30,247,10.830324909747292,89.16967509025271
E00039071,276,54,222,19.565217391304348,80.43478260869566
E00039072,244,62,182,25.40983606557377,74.59016393442623
E00039073,213,14,199,6.572769953051644,93.42723004694837
E00039074,369,92,277,24.932249322493224,75.06775067750678
E00039075,170,11,159,6.470588235294119,93.52941176470588
E00039076,280,53,227,18.928571428571427,81.07142857142857
E00039077,308,65,243,21.1038961038961,78.8961038961039
E00039078,323,81,242,25.077399380804955,74.92260061919505
E00039079,404,114,290,28.217821782178216,71.78217821782178
E00039080,439,128,311,29.157175398633257,70.84282460136674
E00039081,374,84,290,22.459893048128343,77.54010695187165
E00039082,280,53,227,18.928571428571427,81.07142857142857
E00039083,161,17,144,10.559006211180124,89.44099378881988
E00039084,279,40,239,14.336917562724013,85.66308243727599
E00039085,238,51,187,21.428571428571427,78.57142857142857
E00039086,380,113,267,29.736842105263158,70.26315789473684
E00039087,364,102,262,28.021978021978022,71.97802197802197
E00039088,250,29,221,11.600000000000001,88.4
E00039089,304,109,195,35.85526315789473,64.14473684210526
E00039090,378,99,279,26.190476190476193,73.80952380952381
E00039091,162,17,145,10.493827160493826,89.50617283950618
E00039092,405,114,291,28.14814814814815,71.85185185185186
E00039094,275,29,246,10.545454545454545,89.45454545454545
E00039095,173,23,150,13.294797687861271,86.70520231213872
E00039096,299,85,214,28.428093645484946,71.57190635451505
E00039097,359,115,244,32.03342618384401,67.96657381615599
E00039098,364,88,276,24.175824175824175,75.82417582417582
E00039099,253,32,221,12.648221343873518,87.35177865612648
E00039100,287,64,223,22.299651567944252,77.70034843205575
E00039101,321,54,267,16.822429906542055,83.17757009345794
E00039102,279,63,216,22.58064516129032,77.41935483870968
E00039104,210,15,195,7.142857142857142,92.85714285714286
E00039105,261,53,208,20.306513409961685,79.6934865900383
E00039106,224,37,187,16.517857142857142,83.48214285714286
E00039107,463,87,376,18.790496760259177,81.20950323974083
E00039108,273,62,211,22.71062271062271,77.2893772893773
E00039109,248,50,198,20.161290322580644,79.83870967741935
E00039110,198,30,168,15.151515151515152,84.84848484848484
E00039111,256,38,218,14.84375,85.15625
E00039112,347,90,257,25.936599423631122,74.06340057636888
E00039114,284,34,250,11.971830985915492,88.02816901408451
E00039115,292,58,234,19.863013698630137,80.13698630136986
E00039116,357,72,285,20.168067226890756,79.83193277310924
E00039117,171,17,154,9.941520467836257,90.05847953216374
E00039118,275,66,209,24,76
E00039119,241,27,214,11.20331950207469,88.79668049792531
E00039120,227,40,187,17.62114537444934,82.37885462555066
E00039121,272,59,213,21.691176470588236,78.30882352941177
E00039122,218,32,186,14.678899082568808,85.3211009174312
E00039123,280,47,233,16.785714285714285,83.21428571428572
E00039124,277,95,182,34.29602888086642,65.70397111913357
E00039125,275,55,220,20,80
E00039126,296,48,248,16.216216216216218,83.78378378378379
E00039127,282,60,222,21.27659574468085,78.72340425531915
E00039128,201,22,179,10.945273631840797,89.05472636815921
E00039130,168,21,147,12.5,87.5
E00039131,235,19,216,8.085106382978724,91.91489361702128
E00039132,245,26,219,10.612244897959183,89.38775510204081
E00039133,153,20,133,13.071895424836603,86.9281045751634
E00039134,288,40,248,13.88888888888889,86.11111111111111
E00039135,344,81,263,23.546511627906977,76.45348837209302
E00039137,271,55,216,20.29520295202952,79.70479704797047
E00039138,306,44,262,14.37908496732026,85.62091503267973
E00039139,322,54,268,16.77018633540373,83.22981366459628
E00039140,287,43,244,14.982578397212542,85.01742160278745
E00039141,245,28,217,11.428571428571429,88.57142857142857
E00039142,247,38,209,15.384615384615385,84.61538461538461
E00039143,279,52,227,18.63799283154122,81.36200716845879
E00039144,321,69,252,21.49532710280374,78.50467289719626
E00039145,433,56,377,12.933025404157044,87.06697459584296
E00039146,351,40,311,11.396011396011396,88.6039886039886
E00039147,249,28,221,11.244979919678714,88.75502008032129
E00039148,177,27,150,15.254237288135593,84.7457627118644
E00039149,253,46,207,18.181818181818183,81.81818181818183
E00039150,271,21,250,7.7490774907749085,92.25092250922509
E00039151,270,41,229,15.185185185185185,84.81481481481481
E00039152,206,25,181,12.135922330097088,87.86407766990291
E00039153,297,57,240,19.19191919191919,80.8080808080808
E00039154,291,51,240,17.525773195876287,82.4742268041237
E00039155,218,21,197,9.63302752293578,90.36697247706422
E00039156,181,24,157,13.259668508287293,86.74033149171271
E00039157,215,17,198,7.906976744186046,92.09302325581396
E00039158,271,53,218,19.557195571955717,80.44280442804428
E00039159,170,14,156,8.235294117647058,91.76470588235294
E00039160,262,49,213,18.702290076335878,81.29770992366412
E00039161,227,43,184,18.94273127753304,81.05726872246696
E00039162,208,31,177,14.903846153846153,85.09615384615384
E00039163,248,40,208,16.129032258064516,83.87096774193549
E00039164,146,9,137,6.164383561643835,93.83561643835617
E00039165,216,31,185,14.351851851851851,85.64814814814815
E00039166,298,40,258,13.422818791946309,86.57718120805369
E00039167,156,11,145,7.051282051282051,92.94871794871796
E00039168,265,51,214,19.245283018867926,80.75471698113208
E00039169,232,39,193,16.810344827586206,83.1896551724138
E00039170,204,17,187,8.333333333333332,91.66666666666666
E00039171,257,31,226,12.062256809338521,87.93774319066148
E00039172,242,29,213,11.983471074380166,88.01652892561982
E00039173,189,13,176,6.878306878306878,93.12169312169311
E00039174,238,20,218,8.403361344537815,91.59663865546219
E00039175,193,16,177,8.290155440414509,91.70984455958549
E00039176,323,107,216,33.126934984520126,66.87306501547987
E00039177,188,10,178,5.319148936170213,94.68085106382979
E00039178,337,120,217,35.60830860534125,64.39169139465875
E00039179,331,92,239,27.794561933534744,72.20543806646525
E00039180,365,71,294,19.45205479452055,80.54794520547945
E00039181,312,43,269,13.782051282051283,86.21794871794873
E00039182,297,66,231,22.22222222222222,77.77777777777779
E00039183,417,73,344,17.505995203836928,82.49400479616307
E00039184,199,16,183,8.040201005025125,91.95979899497488
E00039185,251,61,190,24.302788844621514,75.69721115537848
E00039186,311,93,218,29.903536977491964,70.09646302250803
E00039187,390,122,268,31.28205128205128,68.71794871794872
E00039188,101,3,98,2.9702970297029703,97.02970297029702
E00039189,343,109,234,31.778425655976676,68.22157434402332
E00039190,228,46,182,20.175438596491226,79.82456140350878
E00039191,254,50,204,19.68503937007874,80.31496062992126
E00039192,333,91,242,27.32732732732733,72.67267267267268
E00039193,324,97,227,29.938271604938272,70.06172839506173
E00039194,315,106,209,33.65079365079365,66.34920634920634
E00039195,358,106,252,29.608938547486037,70.39106145251397
E00039196,349,99,250,28.36676217765043,71.63323782234957
E00039197,342,100,242,29.239766081871345,70.76023391812866
E00039198,211,32,179,15.165876777251185,84.83412322274881
E00039199,201,38,163,18.90547263681592,81.09452736318407
E00039200,325,84,241,25.846153846153847,74.15384615384616
E00039201,252,60,192,23.809523809523807,76.19047619047619
E00039202,333,86,247,25.825825825825827,74.17417417417418
E00039203,190,36,154,18.947368421052634,81.05263157894737
E00039204,347,88,259,25.360230547550433,74.63976945244957
E00039205,279,65,214,23.297491039426525,76.70250896057348
E00039206,347,71,276,20.461095100864554,79.53890489913545
E00039207,256,32,224,12.5,87.5
E00039208,246,31,215,12.601626016260163,87.39837398373984
E00039209,300,29,271,9.666666666666666,90.33333333333333
E00039210,257,22,235,8.560311284046692,91.43968871595331
E00039211,272,43,229,15.808823529411764,84.19117647058823
E00039212,280,32,248,11.428571428571429,88.57142857142857
E00039213,271,31,240,11.439114391143912,88.56088560885608
E00039214,250,35,215,14.000000000000002,86
E00039215,238,33,205,13.865546218487395,86.1344537815126
E00039216,316,58,258,18.354430379746837,81.64556962025317
E00039217,333,49,284,14.714714714714713,85.28528528528528
E00039218,333,49,284,14.714714714714713,85.28528528528528
E00039219,317,40,277,12.618296529968454,87.38170347003155
E00039220,260,25,235,9.615384615384617,90.38461538461539
E00039221,255,21,234,8.235294117647058,91.76470588235294
E00039222,268,53,215,19.776119402985074,80.22388059701493
E00039223,276,64,212,23.18840579710145,76.81159420289855
E00039224,279,75,204,26.881720430107524,73.11827956989248
E00039225,221,17,204,7.6923076923076925,92.3076923076923
E00039226,279,45,234,16.129032258064516,83.87096774193549
E00039227,257,46,211,17.898832684824903,82.10116731517509
E00039228,312,56,256,17.94871794871795,82.05128205128204
E00039229,308,53,255,17.20779220779221,82.79220779220779
E00039230,362,73,289,20.165745856353592,79.8342541436464
E00039231,230,46,184,20,80
E00039232,335,102,233,30.447761194029848,69.55223880597015
E00039233,284,44,240,15.492957746478872,84.50704225352112
E00039234,287,61,226,21.254355400696863,78.74564459930313
E00039235,305,79,226,25.901639344262296,74.09836065573771
E00039236,259,55,204,21.235521235521233,78.76447876447877
E00039237,265,57,208,21.50943396226415,78.49056603773586
E00039238,265,30,235,11.320754716981133,88.67924528301887
E00039239,269,72,197,26.765799256505574,73.23420074349443
E00039240,287,35,252,12.195121951219512,87.8048780487805
E00039241,272,46,226,16.911764705882355,83.08823529411765
E00039242,194,29,165,14.948453608247423,85.05154639175258
E00039243,190,18,172,9.473684210526317,90.52631578947368
E00039244,274,50,224,18.248175182481752,81.75182481751825
E00039245,341,69,272,20.234604105571847,79.76539589442815
E00039246,298,31,267,10.40268456375839,89.59731543624162
E00039247,453,53,400,11.699779249448124,88.30022075055187
E00039248,303,59,244,19.471947194719473,80.52805280528052
E00039249,402,79,323,19.65174129353234,80.34825870646766
E00039250,331,53,278,16.012084592145015,83.98791540785498
E00039251,303,37,266,12.211221122112212,87.78877887788778
E00039252,267,16,251,5.992509363295881,94.00749063670412
E00039253,300,63,237,21,79
E00039254,280,53,227,18.928571428571427,81.07142857142857
E00039255,393,70,323,17.8117048346056,82.1882951653944
E00039256,296,56,240,18.91891891891892,81.08108108108108
E00039257,407,66,341,16.216216216216218,83.78378378378379
E00039258,299,52,247,17.391304347826086,82.6086956521739
E00039259,254,52,202,20.47244094488189,79.52755905511812
E00039260,222,34,188,15.315315315315313,84.68468468468468
E00039261,290,50,240,17.24137931034483,82.75862068965517
E00039262,308,39,269,12.662337662337661,87.33766233766234
E00039263,239,60,179,25.10460251046025,74.89539748953975
E00039264,202,29,173,14.356435643564355,85.64356435643565
E00039265,235,33,202,14.042553191489363,85.95744680851064
E00039266,248,35,213,14.112903225806454,85.88709677419355
E00039267,301,68,233,22.591362126245848,77.40863787375415
E00039269,347,56,291,16.138328530259365,83.86167146974063
E00039270,294,68,226,23.12925170068027,76.87074829931973
E00039271,477,96,381,20.125786163522015,79.87421383647799
E00039272,260,57,203,21.923076923076923,78.07692307692308
E00039273,287,42,245,14.634146341463413,85.36585365853658
E00039274,217,22,195,10.138248847926267,89.86175115207374
E00039275,479,71,408,14.822546972860126,85.17745302713988
E00039276,429,97,332,22.61072261072261,77.3892773892774
E00039277,333,64,269,19.21921921921922,80.78078078078079
E00039278,397,60,337,15.113350125944585,84.88664987405542
E00039279,249,24,225,9.63855421686747,90.36144578313254
E00039280,244,37,207,15.163934426229508,84.8360655737705
E00039281,232,36,196,15.517241379310345,84.48275862068965
E00039282,252,56,196,22.22222222222222,77.77777777777779
E00039283,226,28,198,12.389380530973451,87.61061946902655
E00039284,254,40,214,15.748031496062993,84.25196850393701
E00039285,255,62,193,24.313725490196077,75.68627450980392
E00039286,279,65,214,23.297491039426525,76.70250896057348
E00039287,220,43,177,19.545454545454547,80.45454545454545
E00039288,114,12,102,10.526315789473683,89.47368421052632
E00039289,215,33,182,15.348837209302326,84.65116279069768
E00039290,295,38,257,12.88135593220339,87.11864406779661
E00039291,375,51,324,13.600000000000001,86.4
E00039292,275,28,247,10.181818181818182,89.81818181818181
E00039293,258,52,206,20.155038759689923,79.84496124031007
E00039294,236,47,189,19.915254237288135,80.08474576271186
E00039295,292,51,241,17.465753424657535,82.53424657534246
E00039296,382,135,247,35.340314136125656,64.65968586387434
E00039297,295,61,234,20.677966101694913,79.3220338983051
E00039298,294,91,203,30.952380952380953,69.04761904761905
E00039299,236,41,195,17.372881355932204,82.62711864406779
E00039300,275,87,188,31.636363636363633,68.36363636363636
E00039301,159,15,144,9.433962264150944,90.56603773584906
E00039302,228,27,201,11.842105263157894,88.1578947368421
E00039303,370,71,299,19.18918918918919,80.8108108108108
E00039304,200,37,163,18.5,81.5
E00039305,159,20,139,12.578616352201259,87.42138364779875
E00039306,205,42,163,20.48780487804878,79.51219512195122
E00039307,229,41,188,17.903930131004365,82.09606986899564
E00039308,305,65,240,21.311475409836063,78.68852459016394
E00039309,197,30,167,15.228426395939088,84.77157360406092
E00039310,247,31,216,12.550607287449392,87.4493927125506
E00039311,226,65,161,28.761061946902654,71.23893805309734
E00039312,296,61,235,20.60810810810811,79.3918918918919
E00039313,216,17,199,7.87037037037037,92.12962962962963
E00039314,208,16,192,7.6923076923076925,92.3076923076923
E00039315,273,56,217,20.51282051282051,79.48717948717949
E00039316,288,51,237,17.708333333333336,82.29166666666666
E00039317,238,19,219,7.9831932773109235,92.01680672268907
E00039318,184,19,165,10.326086956521738,89.67391304347827
E00039319,318,61,257,19.18238993710692,80.81761006289308
E00039320,264,47,217,17.803030303030305,82.1969696969697
E00039321,243,43,200,17.695473251028808,82.3045267489712
E00039322,242,30,212,12.396694214876034,87.60330578512396
E00039323,220,32,188,14.545454545454545,85.45454545454545
E00039324,213,37,176,17.370892018779344,82.62910798122066
E00039325,250,60,190,24,76
E00039326,260,28,232,10.76923076923077,89.23076923076924
E00039327,256,42,214,16.40625,83.59375
E00039328,299,49,250,16.387959866220736,83.61204013377926
E00039329,296,59,237,19.93243243243243,80.06756756756756
E00039330,302,54,248,17.880794701986755,82.11920529801324
E00039331,230,54,176,23.47826086956522,76.52173913043478
E00039332,231,47,184,20.346320346320347,79.65367965367966
E00039333,263,52,211,19.771863117870723,80.22813688212928
E00039334,293,54,239,18.43003412969283,81.56996587030717
E00039335,148,25,123,16.89189189189189,83.1081081081081
E00039336,390,74,316,18.974358974358974,81.02564102564102
E00039337,345,96,249,27.82608695652174,72.17391304347827
E00039338,343,89,254,25.94752186588921,74.05247813411079
E00039339,323,104,219,32.19814241486068,67.80185758513932
E00039340,303,76,227,25.082508250825082,74.91749174917491
E00039341,293,29,264,9.897610921501707,90.10238907849829
E00039342,356,103,253,28.932584269662918,71.06741573033707
E00039343,334,90,244,26.94610778443114,73.05389221556887
E00039344,283,56,227,19.78798586572438,80.21201413427562
E00039345,351,93,258,26.495726495726498,73.50427350427351
E00039346,294,50,244,17.006802721088434,82.99319727891157
E00039347,205,34,171,16.585365853658537,83.41463414634146
E00039348,258,40,218,15.503875968992247,84.49612403100775
E00039349,257,35,222,13.618677042801556,86.38132295719845
E00039350,284,62,222,21.830985915492956,78.16901408450704
E00039351,311,93,218,29.903536977491964,70.09646302250803
E00039352,298,74,224,24.832214765100673,75.16778523489933
E00039353,284,99,185,34.859154929577464,65.14084507042254
E00039354,384,104,280,27.083333333333332,72.91666666666666
E00039355,361,93,268,25.761772853185594,74.23822714681441
E00039356,372,84,288,22.58064516129032,77.41935483870968
E00039357,350,95,255,27.142857142857142,72.85714285714285
E00039358,272,74,198,27.205882352941174,72.79411764705883
E00039359,279,64,215,22.939068100358423,77.06093189964157
E00039360,320,76,244,23.75,76.25
E00039361,198,20,178,10.1010101010101,89.8989898989899
E00039362,348,76,272,21.839080459770116,78.16091954022988
E00039363,296,84,212,28.37837837837838,71.62162162162163
E00039364,344,115,229,33.43023255813954,66.56976744186046
E00039366,262,40,222,15.267175572519085,84.7328244274809
E00039367,254,47,207,18.503937007874015,81.49606299212599
E00039368,275,53,222,19.272727272727273,80.72727272727272
E00039369,330,80,250,24.242424242424242,75.75757575757575
E00039370,295,72,223,24.40677966101695,75.59322033898304
E00039371,308,80,228,25.97402597402597,74.02597402597402
E00039372,300,61,239,20.333333333333332,79.66666666666666
E00039373,246,33,213,13.414634146341465,86.58536585365853
E00039375,219,59,160,26.94063926940639,73.0593607305936
E00039376,265,76,189,28.67924528301887,71.32075471698113
E00039377,274,41,233,14.963503649635038,85.03649635036497
E00039378,279,53,226,18.996415770609318,81.00358422939068
E00039379,261,63,198,24.137931034482758,75.86206896551724
E00039380,277,38,239,13.718411552346572,86.28158844765343
E00039381,334,65,269,19.46107784431138,80.53892215568862
E00039382,388,89,299,22.938144329896907,77.0618556701031
E00039383,227,39,188,17.180616740088105,82.81938325991189
E00039384,313,77,236,24.600638977635782,75.39936102236422
E00039385,242,47,195,19.421487603305785,80.57851239669421
E00039386,221,37,184,16.7420814479638,83.2579185520362
E00039387,285,63,222,22.105263157894736,77.89473684210526
E00039388,245,50,195,20.408163265306122,79.59183673469387
E00039389,249,32,217,12.851405622489958,87.14859437751004
E00039390,331,63,268,19.033232628398792,80.96676737160121
E00039391,264,42,222,15.909090909090908,84.0909090909091
E00039392,449,87,362,19.37639198218263,80.62360801781738
E00039393,327,72,255,22.018348623853214,77.98165137614679
E00039394,312,73,239,23.397435897435898,76.6025641025641
E00039395,305,76,229,24.91803278688525,75.08196721311475
E00039396,258,41,217,15.891472868217054,84.10852713178295
E00039397,292,46,246,15.753424657534246,84.24657534246576
E00039398,400,52,348,13,87
E00039400,316,82,234,25.949367088607595,74.0506329113924
E00039401,271,27,244,9.96309963099631,90.03690036900369
E00039402,348,34,314,9.770114942528735,90.22988505747126
E00039403,295,38,257,12.88135593220339,87.11864406779661
E00039404,273,58,215,21.245421245421245,78.75457875457876
E00039405,198,32,166,16.161616161616163,83.83838383838383
E00039406,255,42,213,16.470588235294116,83.52941176470588
E00039407,219,24,195,10.95890410958904,89.04109589041096
E00039408,291,54,237,18.556701030927837,81.44329896907216
E00039409,386,72,314,18.65284974093264,81.34715025906736
E00039411,398,72,326,18.090452261306535,81.90954773869346
E00039412,253,52,201,20.55335968379447,79.44664031620553
E00039413,218,45,173,20.642201834862387,79.35779816513761
E00039414,268,45,223,16.791044776119403,83.2089552238806
E00039415,251,32,219,12.749003984063744,87.25099601593625
E00039416,218,17,201,7.79816513761468,92.20183486238533
E00039417,206,33,173,16.019417475728158,83.98058252427184
E00039418,266,45,221,16.917293233082706,83.0827067669173
E00039419,273,35,238,12.82051282051282,87.17948717948718
E00039420,175,8,167,4.571428571428571,95.42857142857143
E00039421,236,52,184,22.033898305084744,77.96610169491525
E00039422,211,19,192,9.004739336492891,90.99526066350711
E00039423,171,27,144,15.789473684210526,84.21052631578947
E00039425,241,43,198,17.842323651452283,82.15767634854771
E00039426,292,69,223,23.63013698630137,76.36986301369863
E00039427,205,39,166,19.024390243902438,80.97560975609757
E00039428,290,73,217,25.17241379310345,74.82758620689656
E00039429,267,59,208,22.09737827715356,77.90262172284645
E00039430,244,40,204,16.39344262295082,83.60655737704919
E00039431,263,46,217,17.490494296577946,82.50950570342205
E00039432,216,40,176,18.51851851851852,81.48148148148148
E00039433,335,87,248,25.970149253731346,74.02985074626865
E00039434,288,60,228,20.833333333333336,79.16666666666666
E00039435,238,27,211,11.344537815126051,88.65546218487394
E00039436,287,74,213,25.78397212543554,74.21602787456446
E00039437,375,68,307,18.133333333333333,81.86666666666666
E00039438,277,37,240,13.357400722021662,86.64259927797833
E00039439,333,65,268,19.51951951951952,80.48048048048048
E00039440,198,44,154,22.22222222222222,77.77777777777779
E00039441,336,80,256,23.809523809523807,76.19047619047619
E00039442,238,58,180,24.369747899159663,75.63025210084034
E00039443,329,106,223,32.21884498480243,67.78115501519757
E00039444,352,55,297,15.625,84.375
E00039445,341,64,277,18.7683284457478,81.23167155425219
E00039446,460,106,354,23.043478260869566,76.95652173913044
E00039447,288,68,220,23.61111111111111,76.38888888888889
E00039448,253,35,218,13.83399209486166,86.16600790513834
E00039449,242,30,212,12.396694214876034,87.60330578512396
E00039450,248,61,187,24.596774193548388,75.40322580645162
E00039451,237,36,201,15.18987341772152,84.81012658227847
E00039452,325,34,291,10.461538461538462,89.53846153846153
E00039453,288,43,245,14.930555555555555,85.06944444444444
E00039454,444,79,365,17.792792792792792,82.2072072072072
E00039455,218,29,189,13.302752293577983,86.69724770642202
E00039456,294,58,236,19.727891156462583,80.27210884353741
E00039457,279,43,236,15.412186379928317,84.58781362007169
E00039458,261,50,211,19.157088122605366,80.84291187739464
E00039459,251,36,215,14.342629482071715,85.65737051792829
E00039460,383,65,318,16.971279373368144,83.02872062663185
E00039461,260,36,224,13.846153846153847,86.15384615384616
E00039462,277,43,234,15.523465703971121,84.47653429602889
E00039463,308,42,266,13.636363636363635,86.36363636363636
E00039464,126,9,117,7.142857142857142,92.85714285714286
E00039465,203,18,185,8.866995073891626,91.13300492610837
E00039466,229,28,201,12.22707423580786,87.77292576419214
E00039468,241,30,211,12.448132780082988,87.55186721991701
E00039469,296,38,258,12.837837837837837,87.16216216216216
E00039470,269,29,240,10.780669144981413,89.21933085501858
E00039471,362,31,331,8.56353591160221,91.4364640883978
E00039472,336,56,280,16.666666666666664,83.33333333333334
E00039473,349,20,329,5.730659025787966,94.26934097421203
E00039474,293,32,261,10.921501706484642,89.07849829351537
E00039475,313,42,271,13.418530351437699,86.5814696485623
E00039476,273,38,235,13.91941391941392,86.08058608058609
E00039477,417,111,306,26.618705035971225,73.38129496402878
E00039478,206,27,179,13.106796116504855,86.89320388349515
E00039479,245,38,207,15.510204081632653,84.48979591836735
E00039480,197,21,176,10.65989847715736,89.34010152284264
E00039481,189,34,155,17.989417989417987,82.01058201058201
E00039482,189,18,171,9.523809523809524,90.47619047619048
E00039483,369,45,324,12.195121951219512,87.8048780487805
E00039484,251,46,205,18.326693227091635,81.67330677290838
E00039485,230,43,187,18.695652173913043,81.30434782608695
E00039486,359,83,276,23.119777158774372,76.88022284122563
E00039487,329,57,272,17.325227963525837,82.67477203647417
E00039488,256,35,221,13.671875,86.328125
E00039489,274,62,212,22.62773722627737,77.37226277372264
E00039490,261,35,226,13.409961685823754,86.59003831417624
E00039491,183,15,168,8.19672131147541,91.80327868852459
E00039492,262,40,222,15.267175572519085,84.7328244274809
E00039494,279,64,215,22.939068100358423,77.06093189964157
E00039495,233,20,213,8.583690987124463,91.41630901287554
E00039496,191,22,169,11.518324607329843,88.48167539267016
E00039497,273,47,226,17.216117216117215,82.78388278388277
E00039498,257,44,213,17.120622568093385,82.87937743190662
E00039499,314,80,234,25.477707006369428,74.52229299363057
E00039500,277,39,238,14.079422382671481,85.92057761732852
E00039501,293,73,220,24.914675767918087,75.0853242320819
E00039502,218,32,186,14.678899082568808,85.3211009174312
E00039503,199,33,166,16.582914572864322,83.41708542713567
E00039504,211,17,194,8.056872037914692,91.9431279620853
E00039505,232,25,207,10.775862068965516,89.22413793103449
E00039506,299,53,246,17.725752508361204,82.2742474916388
E00039507,281,40,241,14.23487544483986,85.76512455516014
E00039508,279,46,233,16.48745519713262,83.51254480286738
E00039509,286,35,251,12.237762237762238,87.76223776223776
E00039510,299,38,261,12.709030100334449,87.29096989966555
E00039511,282,50,232,17.73049645390071,82.26950354609929
E00039512,240,42,198,17.5,82.5
E00039513,311,81,230,26.04501607717042,73.95498392282958
E00039514,313,77,236,24.600638977635782,75.39936102236422
E00039515,247,30,217,12.145748987854251,87.85425101214574
E00039516,261,37,224,14.17624521072797,85.82375478927203
E00039517,301,38,263,12.624584717607974,87.37541528239203
E00039518,276,27,249,9.782608695652174,90.21739130434783
E00039519,250,47,203,18.8,81.2
E00039520,289,67,222,23.18339100346021,76.8166089965398
E00039521,224,26,198,11.607142857142858,88.39285714285714
E00039522,268,51,217,19.029850746268657,80.97014925373134
E00039523,306,67,239,21.895424836601308,78.10457516339869
E00039524,418,107,311,25.598086124401913,74.4019138755981
E00039525,282,66,216,23.404255319148938,76.59574468085107
E00039526,258,47,211,18.217054263565892,81.78294573643412
E00039528,260,36,224,13.846153846153847,86.15384615384616
E00039529,239,36,203,15.062761506276152,84.93723849372385
E00039530,305,74,231,24.262295081967213,75.73770491803279
E00039531,259,59,200,22.779922779922778,77.22007722007721
E00039532,290,47,243,16.206896551724135,83.79310344827586
E00039533,311,79,232,25.401929260450164,74.59807073954984
E00039534,265,44,221,16.60377358490566,83.39622641509435
E00039535,223,40,183,17.937219730941703,82.0627802690583
E00039536,248,54,194,21.774193548387096,78.2258064516129
E00039537,243,39,204,16.049382716049383,83.9506172839506
E00039538,263,38,225,14.44866920152091,85.55133079847909
E00039539,330,51,279,15.454545454545453,84.54545454545455
E00039540,269,39,230,14.49814126394052,85.50185873605948
E00039541,286,30,256,10.48951048951049,89.5104895104895
E00039542,331,47,284,14.19939577039275,85.80060422960725
E00039543,302,59,243,19.5364238410596,80.4635761589404
E00039544,309,57,252,18.446601941747574,81.55339805825243
E00039545,295,61,234,20.677966101694913,79.3220338983051
E00039546,242,41,201,16.94214876033058,83.05785123966942
E00039547,311,64,247,20.578778135048232,79.42122186495176
E00039548,263,64,199,24.334600760456272,75.66539923954373
E00039549,490,94,396,19.183673469387756,80.81632653061224
E00039550,259,31,228,11.96911196911197,88.03088803088804
E00039552,229,46,183,20.087336244541483,79.91266375545851
E00039553,302,59,243,19.5364238410596,80.4635761589404
E00039554,119,11,108,9.243697478991598,90.75630252100841
E00039555,234,46,188,19.65811965811966,80.34188034188034
E00039556,236,37,199,15.677966101694915,84.32203389830508
E00039557,258,35,223,13.565891472868216,86.43410852713178
E00039558,495,112,383,22.626262626262626,77.37373737373737
E00039559,317,58,259,18.29652996845426,81.70347003154575
E00039560,290,61,229,21.03448275862069,78.96551724137932
E00039561,238,34,204,14.285714285714285,85.71428571428571
E00039562,290,44,246,15.172413793103448,84.82758620689656
E00039563,259,59,200,22.779922779922778,77.22007722007721
E00039564,304,58,246,19.078947368421055,80.92105263157895
E00039565,262,39,223,14.885496183206106,85.1145038167939
E00039566,239,45,194,18.828451882845187,81.17154811715481
E00039567,264,47,217,17.803030303030305,82.1969696969697
E00039568,158,24,134,15.18987341772152,84.81012658227847
E00039569,257,63,194,24.5136186770428,75.4863813229572
E00039570,235,34,201,14.468085106382977,85.53191489361703
E00039571,256,32,224,12.5,87.5
E00039572,290,53,237,18.275862068965516,81.72413793103448
E00039573,205,34,171,16.585365853658537,83.41463414634146
E00039574,158,23,135,14.556962025316455,85.44303797468355
E00039575,256,51,205,19.921875,80.078125
E00039576,238,48,190,20.168067226890756,79.83193277310924
E00039577,233,32,201,13.733905579399142,86.26609442060087
E00039578,314,47,267,14.968152866242038,85.03184713375796
E00039579,284,67,217,23.591549295774648,76.40845070422534
E00039580,259,40,219,15.444015444015443,84.55598455598455
E00039581,238,24,214,10.084033613445378,89.91596638655463
E00039582,232,35,197,15.086206896551724,84.91379310344827
E00039583,336,90,246,26.785714285714285,73.21428571428571
E00039584,303,49,254,16.17161716171617,83.82838283828383
E00039585,394,55,339,13.959390862944163,86.04060913705584
E00039586,247,56,191,22.672064777327936,77.32793522267207
E00039587,250,47,203,18.8,81.2
E00039588,297,49,248,16.4983164983165,83.5016835016835
E00039589,382,41,341,10.732984293193718,89.26701570680629
E00039590,233,27,206,11.587982832618025,88.41201716738198
E00039591,287,67,220,23.34494773519164,76.65505226480836
E00039592,315,67,248,21.26984126984127,78.73015873015873
E00039593,430,92,338,21.3953488372093,78.6046511627907
E00039594,295,64,231,21.694915254237287,78.30508474576271
E00039595,330,44,286,13.333333333333334,86.66666666666667
E00039596,301,56,245,18.6046511627907,81.3953488372093
E00039597,326,47,279,14.417177914110429,85.58282208588957
E00039598,330,68,262,20.606060606060606,79.39393939393939
E00039599,285,46,239,16.140350877192983,83.85964912280703
E00039600,286,54,232,18.88111888111888,81.11888111888112
E00039602,361,62,299,17.174515235457065,82.82548476454294
E00039603,338,88,250,26.035502958579883,73.96449704142012
E00039604,222,38,184,17.117117117117118,82.88288288288288
E00039605,219,28,191,12.785388127853881,87.21461187214612
E00039606,223,52,171,23.318385650224215,76.68161434977578
E00039607,232,32,200,13.793103448275861,86.20689655172413
E00039608,250,46,204,18.4,81.6
E00039609,248,49,199,19.758064516129032,80.24193548387096
E00039610,265,39,226,14.716981132075471,85.28301886792453
E00039611,315,75,240,23.809523809523807,76.19047619047619
E00039612,320,108,212,33.75,66.25
E00039613,245,43,202,17.551020408163264,82.44897959183673
E00039614,291,66,225,22.68041237113402,77.31958762886599
E00039615,302,52,250,17.218543046357617,82.78145695364239
E00039616,317,91,226,28.706624605678233,71.29337539432177
E00039617,320,35,285,10.9375,89.0625
E00039618,278,41,237,14.748201438848922,85.25179856115108
E00168753,255,62,193,24.313725490196077,75.68627450980392
E00168754,302,74,228,24.503311258278146,75.49668874172185
E00168755,238,37,201,15.546218487394958,84.45378151260505
E00168756,268,30,238,11.194029850746269,88.80597014925374
E00168757,392,104,288,26.53061224489796,73.46938775510205
E00168758,188,46,142,24.46808510638298,75.53191489361703
E00168759,198,34,164,17.17171717171717,82.82828282828282
E00168761,426,111,315,26.056338028169012,73.94366197183099
E00168762,271,53,218,19.557195571955717,80.44280442804428
E00168764,318,80,238,25.157232704402517,74.84276729559748
E00168765,304,78,226,25.657894736842106,74.3421052631579
E00168766,286,68,218,23.776223776223777,76.22377622377621
E00168767,274,80,194,29.1970802919708,70.8029197080292
E00168768,246,66,180,26.82926829268293,73.17073170731707
E00168769,251,47,204,18.725099601593627,81.27490039840637
E00168770,338,100,238,29.585798816568047,70.41420118343196
E00168771,325,88,237,27.076923076923077,72.92307692307692
E00168772,207,27,180,13.043478260869565,86.95652173913044
E00168773,491,121,370,24.643584521384927,75.35641547861506
E00168774,328,72,256,21.951219512195124,78.04878048780488
E00168775,337,59,278,17.50741839762611,82.49258160237389
E00168776,316,79,237,25,75
E00168777,261,55,206,21.0727969348659,78.9272030651341
E00168778,298,61,237,20.469798657718123,79.53020134228188
E00168779,190,49,141,25.789473684210527,74.21052631578947
E00168780,254,33,221,12.992125984251967,87.00787401574803
E00168781,214,69,145,32.242990654205606,67.7570093457944
E00168782,246,57,189,23.170731707317074,76.82926829268293
E00168783,284,87,197,30.633802816901408,69.36619718309859
E00168784,249,21,228,8.433734939759036,91.56626506024097
E00168785,180,30,150,16.666666666666664,83.33333333333334
E00168787,134,26,108,19.402985074626866,80.59701492537313
E00168788,237,43,194,18.143459915611814,81.85654008438819
E00168789,192,38,154,19.791666666666664,80.20833333333334
E00168790,338,42,296,12.42603550295858,87.57396449704143
E00168791,293,53,240,18.088737201365188,81.91126279863481
E00182649,371,52,319,14.016172506738545,85.98382749326146
E00182650,542,113,429,20.84870848708487,79.15129151291514
E00182654,440,105,335,23.863636363636363,76.13636363636364
E00182655,310,37,273,11.935483870967742,88.06451612903226
E00182656,146,36,110,24.65753424657534,75.34246575342466
E00182657,562,179,383,31.85053380782918,68.14946619217082
E00182662,223,46,177,20.62780269058296,79.37219730941703
E00182663,293,67,226,22.866894197952217,77.13310580204778
E00182665,120,4,116,3.3333333333333335,96.66666666666667
E00182669,267,57,210,21.34831460674157,78.65168539325843
E00182670,183,33,150,18.0327868852459,81.9672131147541
E00182671,363,82,281,22.58953168044077,77.41046831955923
E00182673,123,34,89,27.64227642276423,72.35772357723577
E00182678,392,88,304,22.448979591836736,77.55102040816327
E00182680,131,18,113,13.740458015267176,86.25954198473282
E00182682,260,37,223,14.23076923076923,85.76923076923076
E00182686,345,71,274,20.579710144927535,79.42028985507247
E00182687,275,48,227,17.454545454545457,82.54545454545455
E00182690,350,72,278,20.57142857142857,79.42857142857143
E00182691,328,39,289,11.890243902439025,88.10975609756098
E00182694,509,160,349,31.43418467583497,68.56581532416503
E00182697,139,23,116,16.546762589928058,83.45323741007195
E00182702,280,27,253,9.642857142857144,90.35714285714286
E00182703,307,49,258,15.960912052117262,84.03908794788273
E00182709,328,72,256,21.951219512195124,78.04878048780488
E00182710,441,119,322,26.984126984126984,73.01587301587301
E00182712,477,113,364,23.68972746331237,76.31027253668763
E00182714,120,47,73,39.166666666666664,60.83333333333333
E00182716,455,105,350,23.076923076923077,76.92307692307693
E00182722,429,118,311,27.505827505827508,72.49417249417249
E00182723,344,69,275,20.058139534883722,79.94186046511628
E00182725,187,48,139,25.668449197860966,74.33155080213903
E00182727,489,68,421,13.905930470347649,86.09406952965234
E00182728,348,86,262,24.71264367816092,75.28735632183908
E00182730,228,18,210,7.894736842105263,92.10526315789474
E00182741,493,113,380,22.920892494929006,77.079107505071
E00182742,248,63,185,25.403225806451612,74.59677419354838
E00182744,136,18,118,13.23529411764706,86.76470588235294
E00182745,357,59,298,16.5266106442577,83.4733893557423
