OA,ts0540001,ts0540002,ts0540003,ts0540004,ts0540005,ts0540006,ts0540007,ts0540008,ts0540009,ts0540010,ts0540011,ts0540012,ts0540013,ts0540002_PCT,ts0540003_PCT,ts0540004_PCT,ts0540005_PCT,ts0540006_PCT,ts0540007_PCT,ts0540008_PCT,ts0540009_PCT,ts0540010_PCT,ts0540011_PCT,ts0540012_PCT,ts0540013_PCT
E00037829,114,76,35,41,0,0,5,4,1,33,32,1,0,66.66666666666666,30.701754385964914,35.96491228070175,0,0,4.385964912280701,3.508771929824561,0.8771929824561403,28.947368421052634,28.07017543859649,0.8771929824561403,0
E00037830,141,80,51,29,0,0,15,13,2,46,44,2,0,56.73758865248227,36.17021276595745,20.56737588652482,0,0,10.638297872340425,9.219858156028367,1.4184397163120568,32.62411347517731,31.20567375886525,1.4184397163120568,0
E00037831,132,90,45,45,0,0,19,18,1,23,18,5,0,68.18181818181817,34.090909090909086,34.090909090909086,0,0,14.393939393939394,13.636363636363635,0.7575757575757576,17.424242424242426,13.636363636363635,3.787878787878788,0
E00037832,127,98,49,49,0,0,4,2,2,25,21,4,0,77.16535433070865,38.582677165354326,38.582677165354326,0,0,3.149606299212598,1.574803149606299,1.574803149606299,19.68503937007874,16.535433070866144,3.149606299212598,0
E00037833,134,37,20,17,0,0,71,65,6,23,21,2,3,27.611940298507463,14.925373134328357,12.686567164179104,0,0,52.98507462686567,48.507462686567166,4.477611940298507,17.16417910447761,15.671641791044777,1.4925373134328357,2.2388059701492535
E00037834,155,121,57,64,0,0,1,0,1,33,31,2,0,78.06451612903226,36.774193548387096,41.29032258064516,0,0,0.6451612903225806,0,0.6451612903225806,21.29032258064516,20,1.2903225806451613,0
E00037835,134,70,29,41,0,0,55,54,1,9,6,3,0,52.23880597014925,21.641791044776117,30.597014925373134,0,0,41.04477611940299,40.298507462686565,0.7462686567164178,6.7164179104477615,4.477611940298507,2.2388059701492535,0
E00037836,137,82,33,49,5,5,38,36,2,12,9,3,0,59.854014598540154,24.087591240875913,35.76642335766424,3.64963503649635,3.64963503649635,27.73722627737226,26.277372262773724,1.4598540145985401,8.75912408759124,6.569343065693431,2.18978102189781,0
E00037837,122,108,84,24,0,0,2,2,0,12,6,6,0,88.52459016393442,68.85245901639344,19.672131147540984,0,0,1.639344262295082,1.639344262295082,0,9.836065573770492,4.918032786885246,4.918032786885246,0
E00037838,111,74,32,42,0,0,24,23,1,13,13,0,0,66.66666666666666,28.82882882882883,37.83783783783784,0,0,21.62162162162162,20.72072072072072,0.9009009009009009,11.711711711711711,11.711711711711711,0,0
E00037839,124,115,74,41,0,0,1,1,0,8,7,1,0,92.74193548387096,59.67741935483871,33.064516129032256,0,0,0.8064516129032258,0.8064516129032258,0,6.451612903225806,5.64516129032258,0.8064516129032258,0
E00037840,115,107,68,39,0,0,3,3,0,5,5,0,0,93.04347826086956,59.130434782608695,33.91304347826087,0,0,2.608695652173913,2.608695652173913,0,4.3478260869565215,4.3478260869565215,0,0
E00037841,146,100,49,51,0,0,25,25,0,21,18,3,0,68.4931506849315,33.56164383561644,34.93150684931507,0,0,17.123287671232877,17.123287671232877,0,14.383561643835616,12.32876712328767,2.054794520547945,0
E00037843,131,66,25,41,0,0,40,34,6,25,19,6,0,50.38167938931297,19.083969465648856,31.297709923664126,0,0,30.53435114503817,25.954198473282442,4.580152671755725,19.083969465648856,14.50381679389313,4.580152671755725,0
E00037844,121,62,30,32,0,0,33,31,2,26,22,4,0,51.2396694214876,24.793388429752067,26.446280991735538,0,0,27.27272727272727,25.6198347107438,1.6528925619834711,21.487603305785125,18.181818181818183,3.3057851239669422,0
E00037845,144,87,43,44,0,0,26,10,16,30,24,6,1,60.416666666666664,29.86111111111111,30.555555555555557,0,0,18.055555555555554,6.944444444444445,11.11111111111111,20.833333333333336,16.666666666666664,4.166666666666666,0.6944444444444444
E00037846,128,75,25,50,3,3,39,31,8,11,8,3,0,58.59375,19.53125,39.0625,2.34375,2.34375,30.46875,24.21875,6.25,8.59375,6.25,2.34375,0
E00037847,124,67,24,43,0,0,35,34,1,22,20,2,0,54.03225806451613,19.35483870967742,34.67741935483871,0,0,28.225806451612907,27.419354838709676,0.8064516129032258,17.741935483870968,16.129032258064516,1.6129032258064515,0
E00037848,125,56,29,27,0,0,30,25,5,38,36,2,1,44.800000000000004,23.200000000000003,21.6,0,0,24,20,4,30.4,28.799999999999997,1.6,0.8
E00037849,109,53,34,19,0,0,43,21,22,13,12,1,0,48.62385321100918,31.19266055045872,17.431192660550458,0,0,39.44954128440367,19.26605504587156,20.18348623853211,11.926605504587156,11.009174311926607,0.9174311926605505,0
E00037850,119,70,34,36,0,0,30,30,0,19,16,3,0,58.82352941176471,28.57142857142857,30.252100840336134,0,0,25.210084033613445,25.210084033613445,0,15.966386554621847,13.445378151260504,2.5210084033613445,0
E00037851,114,108,87,21,0,0,1,0,1,5,4,1,0,94.73684210526315,76.31578947368422,18.421052631578945,0,0,0.8771929824561403,0,0.8771929824561403,4.385964912280701,3.508771929824561,0.8771929824561403,0
E00037852,110,67,26,41,0,0,30,30,0,11,5,6,2,60.909090909090914,23.636363636363637,37.27272727272727,0,0,27.27272727272727,27.27272727272727,0,10,4.545454545454546,5.454545454545454,1.8181818181818181
E00037853,101,60,22,38,0,0,18,18,0,22,20,2,1,59.4059405940594,21.782178217821784,37.62376237623762,0,0,17.82178217821782,17.82178217821782,0,21.782178217821784,19.801980198019802,1.9801980198019802,0.9900990099009901
E00037854,117,105,69,36,0,0,2,2,0,10,6,4,0,89.74358974358975,58.97435897435898,30.76923076923077,0,0,1.7094017094017095,1.7094017094017095,0,8.547008547008547,5.128205128205128,3.418803418803419,0
E00037855,123,111,91,20,2,2,0,0,0,10,6,4,0,90.2439024390244,73.98373983739837,16.260162601626014,1.6260162601626018,1.6260162601626018,0,0,0,8.130081300813007,4.878048780487805,3.2520325203252036,0
E00037856,107,81,46,35,0,0,12,10,2,14,11,3,0,75.70093457943925,42.99065420560748,32.71028037383177,0,0,11.214953271028037,9.345794392523365,1.8691588785046727,13.084112149532709,10.2803738317757,2.803738317757009,0
E00037857,139,116,56,60,0,0,0,0,0,23,18,5,0,83.45323741007195,40.28776978417266,43.16546762589928,0,0,0,0,0,16.546762589928058,12.949640287769784,3.5971223021582732,0
E00037858,108,38,20,18,0,0,47,43,4,23,23,0,0,35.18518518518518,18.51851851851852,16.666666666666664,0,0,43.51851851851852,39.81481481481482,3.7037037037037033,21.296296296296298,21.296296296296298,0,0
E00037859,123,78,43,35,0,0,5,3,2,40,33,7,0,63.41463414634146,34.959349593495936,28.455284552845526,0,0,4.0650406504065035,2.4390243902439024,1.6260162601626018,32.52032520325203,26.82926829268293,5.691056910569105,0
E00037860,121,67,37,30,0,0,41,39,2,12,12,0,1,55.371900826446286,30.57851239669421,24.793388429752067,0,0,33.88429752066116,32.231404958677686,1.6528925619834711,9.917355371900827,9.917355371900827,0,0.8264462809917356
E00037861,119,55,36,19,0,0,49,48,1,15,10,5,0,46.21848739495798,30.252100840336134,15.966386554621847,0,0,41.17647058823529,40.33613445378151,0.8403361344537815,12.605042016806722,8.403361344537815,4.201680672268908,0
E00037862,111,69,27,42,0,0,18,17,1,24,19,5,0,62.16216216216216,24.324324324324326,37.83783783783784,0,0,16.216216216216218,15.315315315315313,0.9009009009009009,21.62162162162162,17.117117117117118,4.504504504504505,0
E00037863,117,14,7,7,0,0,91,44,47,10,8,2,2,11.965811965811966,5.982905982905983,5.982905982905983,0,0,77.77777777777779,37.60683760683761,40.17094017094017,8.547008547008547,6.837606837606838,1.7094017094017095,1.7094017094017095
E00037864,103,64,27,37,0,0,10,8,2,29,25,4,0,62.13592233009708,26.21359223300971,35.92233009708738,0,0,9.70873786407767,7.766990291262135,1.9417475728155338,28.155339805825243,24.271844660194176,3.8834951456310676,0
E00037865,117,95,47,48,1,1,3,3,0,18,16,2,0,81.19658119658119,40.17094017094017,41.02564102564102,0.8547008547008548,0.8547008547008548,2.564102564102564,2.564102564102564,0,15.384615384615385,13.675213675213676,1.7094017094017095,0
E00037866,119,56,30,26,1,1,53,51,2,9,9,0,0,47.05882352941176,25.210084033613445,21.84873949579832,0.8403361344537815,0.8403361344537815,44.537815126050425,42.857142857142854,1.680672268907563,7.563025210084033,7.563025210084033,0,0
E00037867,132,29,15,14,0,0,80,78,2,19,17,2,4,21.96969696969697,11.363636363636363,10.606060606060606,0,0,60.60606060606061,59.09090909090909,1.5151515151515151,14.393939393939394,12.878787878787879,1.5151515151515151,3.0303030303030303
E00037868,113,13,6,7,0,0,93,90,3,5,4,1,2,11.504424778761061,5.3097345132743365,6.1946902654867255,0,0,82.30088495575221,79.64601769911505,2.6548672566371683,4.424778761061947,3.5398230088495577,0.8849557522123894,1.7699115044247788
E00037869,116,51,26,25,0,0,35,24,11,29,25,4,1,43.96551724137931,22.413793103448278,21.551724137931032,0,0,30.17241379310345,20.689655172413794,9.482758620689655,25,21.551724137931032,3.4482758620689653,0.8620689655172413
E00037870,118,59,34,25,0,0,12,12,0,47,43,4,0,50,28.8135593220339,21.1864406779661,0,0,10.16949152542373,10.16949152542373,0,39.83050847457627,36.440677966101696,3.389830508474576,0
E00037871,229,154,49,105,12,12,41,39,2,22,17,5,0,67.24890829694323,21.397379912663755,45.851528384279476,5.240174672489083,5.240174672489083,17.903930131004365,17.03056768558952,0.8733624454148471,9.606986899563319,7.423580786026202,2.1834061135371177,0
E00037872,106,27,9,18,0,0,71,36,35,7,7,0,1,25.471698113207548,8.49056603773585,16.9811320754717,0,0,66.98113207547169,33.9622641509434,33.0188679245283,6.60377358490566,6.60377358490566,0,0.9433962264150944
E00037873,62,53,19,34,0,0,3,1,2,6,5,1,0,85.48387096774194,30.64516129032258,54.83870967741935,0,0,4.838709677419355,1.6129032258064515,3.225806451612903,9.67741935483871,8.064516129032258,1.6129032258064515,0
E00037874,135,112,53,59,1,1,0,0,0,22,20,2,0,82.96296296296296,39.25925925925926,43.7037037037037,0.7407407407407408,0.7407407407407408,0,0,0,16.296296296296298,14.814814814814813,1.4814814814814816,0
E00037875,119,55,26,29,0,0,45,44,1,18,14,4,1,46.21848739495798,21.84873949579832,24.369747899159663,0,0,37.81512605042017,36.97478991596639,0.8403361344537815,15.126050420168067,11.76470588235294,3.361344537815126,0.8403361344537815
E00037876,117,61,47,14,0,0,41,2,39,15,14,1,0,52.13675213675214,40.17094017094017,11.965811965811966,0,0,35.04273504273504,1.7094017094017095,33.33333333333333,12.82051282051282,11.965811965811966,0.8547008547008548,0
E00037877,130,81,35,46,0,0,39,39,0,7,4,3,3,62.30769230769231,26.923076923076923,35.38461538461539,0,0,30,30,0,5.384615384615385,3.076923076923077,2.307692307692308,2.307692307692308
E00037878,119,101,65,36,0,0,2,2,0,16,10,6,0,84.87394957983193,54.621848739495796,30.252100840336134,0,0,1.680672268907563,1.680672268907563,0,13.445378151260504,8.403361344537815,5.042016806722689,0
E00037879,141,116,70,46,0,0,9,8,1,16,15,1,0,82.26950354609929,49.645390070921984,32.62411347517731,0,0,6.382978723404255,5.673758865248227,0.7092198581560284,11.347517730496454,10.638297872340425,0.7092198581560284,0
E00037880,133,78,30,48,0,0,39,39,0,16,11,5,0,58.64661654135338,22.55639097744361,36.09022556390977,0,0,29.32330827067669,29.32330827067669,0,12.030075187969924,8.270676691729323,3.7593984962406015,0
E00037881,137,76,27,49,0,0,45,39,6,16,14,2,0,55.47445255474452,19.708029197080293,35.76642335766424,0,0,32.846715328467155,28.467153284671532,4.37956204379562,11.678832116788321,10.218978102189782,1.4598540145985401,0
E00037882,111,39,18,21,0,0,33,31,2,39,34,5,0,35.13513513513514,16.216216216216218,18.91891891891892,0,0,29.72972972972973,27.927927927927925,1.8018018018018018,35.13513513513514,30.630630630630627,4.504504504504505,0
E00037883,159,112,53,59,0,0,7,7,0,40,31,9,0,70.44025157232704,33.33333333333333,37.10691823899371,0,0,4.40251572327044,4.40251572327044,0,25.157232704402517,19.49685534591195,5.660377358490567,0
E00037884,171,93,40,53,0,0,30,27,3,48,45,3,0,54.385964912280706,23.391812865497073,30.994152046783626,0,0,17.543859649122805,15.789473684210526,1.7543859649122806,28.07017543859649,26.31578947368421,1.7543859649122806,0
E00037885,136,100,72,28,0,0,18,14,4,18,14,4,0,73.52941176470588,52.94117647058824,20.588235294117645,0,0,13.23529411764706,10.294117647058822,2.941176470588235,13.23529411764706,10.294117647058822,2.941176470588235,0
E00037886,131,113,65,48,0,0,3,2,1,15,10,5,0,86.25954198473282,49.61832061068702,36.6412213740458,0,0,2.2900763358778624,1.5267175572519083,0.7633587786259541,11.450381679389313,7.633587786259542,3.816793893129771,0
E00037887,102,90,62,28,0,0,0,0,0,12,11,1,0,88.23529411764706,60.78431372549019,27.450980392156865,0,0,0,0,0,11.76470588235294,10.784313725490197,0.9803921568627451,0
E00037888,123,87,53,34,0,0,22,19,3,14,9,5,0,70.73170731707317,43.08943089430895,27.64227642276423,0,0,17.88617886178862,15.447154471544716,2.4390243902439024,11.38211382113821,7.317073170731707,4.0650406504065035,0
E00037889,115,95,60,35,3,3,5,4,1,12,12,0,0,82.6086956521739,52.17391304347826,30.434782608695656,2.608695652173913,2.608695652173913,4.3478260869565215,3.4782608695652173,0.8695652173913043,10.434782608695652,10.434782608695652,0,0
E00037890,122,111,88,23,0,0,5,4,1,6,5,1,0,90.98360655737704,72.1311475409836,18.852459016393443,0,0,4.098360655737705,3.278688524590164,0.819672131147541,4.918032786885246,4.098360655737705,0.819672131147541,0
E00037891,154,139,40,99,0,0,0,0,0,15,14,1,0,90.25974025974025,25.97402597402597,64.28571428571429,0,0,0,0,0,9.740259740259742,9.090909090909092,0.6493506493506493,0
E00037892,100,93,39,54,0,0,1,1,0,6,5,1,0,93,39,54,0,0,1,1,0,6,5,1,0
E00037893,149,104,42,62,0,0,18,15,3,26,23,3,1,69.79865771812081,28.187919463087248,41.61073825503356,0,0,12.080536912751679,10.06711409395973,2.013422818791946,17.449664429530202,15.436241610738255,2.013422818791946,0.6711409395973155
E00037894,143,93,41,52,3,3,17,17,0,30,29,1,0,65.03496503496503,28.671328671328673,36.36363636363637,2.097902097902098,2.097902097902098,11.888111888111888,11.888111888111888,0,20.97902097902098,20.27972027972028,0.6993006993006993,0
E00037895,130,99,54,45,0,0,18,17,1,13,11,2,0,76.15384615384615,41.53846153846154,34.61538461538461,0,0,13.846153846153847,13.076923076923078,0.7692307692307693,10,8.461538461538462,1.5384615384615385,0
E00037896,163,57,32,25,0,0,72,22,50,34,31,3,0,34.96932515337423,19.631901840490798,15.337423312883436,0,0,44.171779141104295,13.496932515337424,30.67484662576687,20.858895705521473,19.018404907975462,1.8404907975460123,0
E00037897,143,72,30,42,0,0,25,22,3,45,42,3,1,50.349650349650354,20.97902097902098,29.37062937062937,0,0,17.482517482517483,15.384615384615385,2.097902097902098,31.46853146853147,29.37062937062937,2.097902097902098,0.6993006993006993
E00037898,130,84,38,46,0,0,20,16,4,26,23,3,0,64.61538461538461,29.230769230769234,35.38461538461539,0,0,15.384615384615385,12.307692307692308,3.076923076923077,20,17.692307692307693,2.307692307692308,0
E00037899,121,60,33,27,0,0,38,36,2,21,20,1,2,49.586776859504134,27.27272727272727,22.31404958677686,0,0,31.40495867768595,29.75206611570248,1.6528925619834711,17.355371900826448,16.528925619834713,0.8264462809917356,1.6528925619834711
E00037900,110,32,12,20,0,0,70,44,26,7,7,0,1,29.09090909090909,10.909090909090908,18.181818181818183,0,0,63.63636363636363,40,23.636363636363637,6.363636363636363,6.363636363636363,0,0.9090909090909091
E00037901,143,80,32,48,0,0,25,23,2,38,36,2,0,55.94405594405595,22.377622377622377,33.56643356643357,0,0,17.482517482517483,16.083916083916083,1.3986013986013985,26.573426573426573,25.174825174825177,1.3986013986013985,0
E00037902,125,90,36,54,0,0,13,10,3,22,20,2,0,72,28.799999999999997,43.2,0,0,10.4,8,2.4,17.599999999999998,16,1.6,0
E00037903,141,70,27,43,0,0,35,8,27,36,32,4,0,49.645390070921984,19.148936170212767,30.49645390070922,0,0,24.822695035460992,5.673758865248227,19.148936170212767,25.53191489361702,22.69503546099291,2.8368794326241136,0
E00037904,142,81,30,51,0,0,14,14,0,47,46,1,0,57.04225352112676,21.12676056338028,35.91549295774648,0,0,9.859154929577464,9.859154929577464,0,33.098591549295776,32.3943661971831,0.7042253521126761,0
E00037905,137,38,11,27,0,0,92,88,4,3,3,0,4,27.73722627737226,8.02919708029197,19.708029197080293,0,0,67.15328467153284,64.23357664233576,2.9197080291970803,2.18978102189781,2.18978102189781,0,2.9197080291970803
E00037906,88,77,47,30,0,0,4,3,1,7,6,1,0,87.5,53.40909090909091,34.090909090909086,0,0,4.545454545454546,3.4090909090909087,1.1363636363636365,7.954545454545454,6.8181818181818175,1.1363636363636365,0
E00037908,146,82,43,39,0,0,18,18,0,45,41,4,1,56.16438356164384,29.45205479452055,26.71232876712329,0,0,12.32876712328767,12.32876712328767,0,30.82191780821918,28.08219178082192,2.73972602739726,0.684931506849315
E00037909,136,64,33,31,0,0,44,42,2,28,23,5,0,47.05882352941176,24.264705882352942,22.794117647058822,0,0,32.35294117647059,30.88235294117647,1.4705882352941175,20.588235294117645,16.911764705882355,3.6764705882352944,0
E00037910,129,100,48,52,0,0,7,3,4,22,22,0,0,77.51937984496125,37.2093023255814,40.310077519379846,0,0,5.426356589147287,2.3255813953488373,3.10077519379845,17.05426356589147,17.05426356589147,0,0
E00037912,158,110,71,39,2,2,17,11,6,29,26,3,0,69.62025316455697,44.936708860759495,24.68354430379747,1.2658227848101267,1.2658227848101267,10.759493670886076,6.962025316455696,3.79746835443038,18.354430379746837,16.455696202531644,1.89873417721519,0
E00037913,135,81,31,50,0,0,18,17,1,35,30,5,1,60,22.962962962962962,37.03703703703704,0,0,13.333333333333334,12.592592592592592,0.7407407407407408,25.925925925925924,22.22222222222222,3.7037037037037033,0.7407407407407408
E00037914,120,74,44,30,0,0,30,30,0,16,14,2,0,61.66666666666667,36.666666666666664,25,0,0,25,25,0,13.333333333333334,11.666666666666666,1.6666666666666667,0
E00037915,128,111,79,32,0,0,1,0,1,16,13,3,0,86.71875,61.71875,25,0,0,0.78125,0,0.78125,12.5,10.15625,2.34375,0
E00037916,116,92,65,27,0,0,6,4,2,17,15,2,1,79.3103448275862,56.03448275862068,23.275862068965516,0,0,5.172413793103448,3.4482758620689653,1.7241379310344827,14.655172413793101,12.931034482758621,1.7241379310344827,0.8620689655172413
E00037917,147,112,68,44,0,0,16,15,1,19,16,3,0,76.19047619047619,46.25850340136054,29.931972789115648,0,0,10.884353741496598,10.204081632653061,0.6802721088435374,12.925170068027212,10.884353741496598,2.0408163265306123,0
E00037918,125,110,80,30,0,0,1,0,1,14,9,5,0,88,64,24,0,0,0.8,0,0.8,11.200000000000001,7.199999999999999,4,0
E00037919,132,103,65,38,0,0,0,0,0,29,24,5,0,78.03030303030303,49.24242424242424,28.78787878787879,0,0,0,0,0,21.96969696969697,18.181818181818183,3.787878787878788,0
E00037920,120,98,59,39,1,1,1,1,0,20,16,4,0,81.66666666666667,49.166666666666664,32.5,0.8333333333333334,0.8333333333333334,0.8333333333333334,0.8333333333333334,0,16.666666666666664,13.333333333333334,3.3333333333333335,0
E00037921,107,99,71,28,1,1,0,0,0,7,4,3,0,92.5233644859813,66.35514018691589,26.168224299065418,0.9345794392523363,0.9345794392523363,0,0,0,6.5420560747663545,3.7383177570093453,2.803738317757009,0
E00037922,108,96,87,9,0,0,3,2,1,8,4,4,1,88.88888888888889,80.55555555555556,8.333333333333332,0,0,2.7777777777777777,1.8518518518518516,0.9259259259259258,7.4074074074074066,3.7037037037037033,3.7037037037037033,0.9259259259259258
E00037923,106,84,53,31,0,0,13,13,0,9,8,1,0,79.24528301886792,50,29.245283018867923,0,0,12.264150943396226,12.264150943396226,0,8.49056603773585,7.547169811320755,0.9433962264150944,0
E00037924,113,97,61,36,0,0,4,4,0,12,12,0,0,85.84070796460178,53.98230088495575,31.858407079646017,0,0,3.5398230088495577,3.5398230088495577,0,10.619469026548673,10.619469026548673,0,0
E00037925,115,68,31,37,0,0,25,24,1,22,18,4,0,59.130434782608695,26.956521739130434,32.17391304347826,0,0,21.73913043478261,20.869565217391305,0.8695652173913043,19.130434782608695,15.65217391304348,3.4782608695652173,0
E00037926,127,119,85,34,0,0,1,1,0,7,6,1,0,93.7007874015748,66.92913385826772,26.77165354330709,0,0,0.7874015748031495,0.7874015748031495,0,5.511811023622047,4.724409448818897,0.7874015748031495,0
E00037927,122,102,67,35,2,2,1,1,0,17,13,4,0,83.60655737704919,54.91803278688525,28.688524590163933,1.639344262295082,1.639344262295082,0.819672131147541,0.819672131147541,0,13.934426229508196,10.655737704918032,3.278688524590164,0
E00037928,130,123,86,37,0,0,2,2,0,5,4,1,0,94.61538461538461,66.15384615384615,28.46153846153846,0,0,1.5384615384615385,1.5384615384615385,0,3.8461538461538463,3.076923076923077,0.7692307692307693,0
E00037929,148,133,63,70,0,0,3,1,2,12,11,1,0,89.86486486486487,42.567567567567565,47.2972972972973,0,0,2.027027027027027,0.6756756756756757,1.3513513513513513,8.108108108108109,7.4324324324324325,0.6756756756756757,0
E00037930,208,90,14,76,3,3,106,85,21,6,3,3,3,43.269230769230774,6.730769230769231,36.53846153846153,1.4423076923076923,1.4423076923076923,50.96153846153846,40.86538461538461,10.096153846153847,2.8846153846153846,1.4423076923076923,1.4423076923076923,1.4423076923076923
E00037931,113,89,52,37,0,0,2,1,1,22,19,3,0,78.76106194690266,46.017699115044245,32.743362831858406,0,0,1.7699115044247788,0.8849557522123894,0.8849557522123894,19.469026548672566,16.8141592920354,2.6548672566371683,0
E00037932,124,79,33,46,1,1,1,1,0,43,43,0,0,63.70967741935484,26.61290322580645,37.096774193548384,0.8064516129032258,0.8064516129032258,0.8064516129032258,0.8064516129032258,0,34.67741935483871,34.67741935483871,0,0
E00037933,131,99,52,47,0,0,7,7,0,23,22,1,2,75.57251908396947,39.69465648854962,35.87786259541985,0,0,5.343511450381679,5.343511450381679,0,17.557251908396946,16.793893129770993,0.7633587786259541,1.5267175572519083
E00037934,140,115,58,57,1,1,9,6,3,15,13,2,0,82.14285714285714,41.42857142857143,40.714285714285715,0.7142857142857143,0.7142857142857143,6.428571428571428,4.285714285714286,2.142857142857143,10.714285714285714,9.285714285714286,1.4285714285714286,0
E00037935,122,104,65,39,1,1,1,1,0,16,12,4,0,85.24590163934425,53.278688524590166,31.967213114754102,0.819672131147541,0.819672131147541,0.819672131147541,0.819672131147541,0,13.114754098360656,9.836065573770492,3.278688524590164,0
E00037936,151,100,37,63,0,0,33,27,6,18,15,3,0,66.22516556291392,24.503311258278146,41.72185430463576,0,0,21.85430463576159,17.880794701986755,3.9735099337748347,11.920529801324504,9.933774834437086,1.9867549668874174,0
E00037937,142,119,66,53,0,0,2,1,1,21,17,4,0,83.80281690140845,46.478873239436616,37.32394366197183,0,0,1.4084507042253522,0.7042253521126761,0.7042253521126761,14.788732394366196,11.971830985915492,2.8169014084507045,0
E00037938,113,94,62,32,0,0,3,2,1,16,13,3,0,83.1858407079646,54.86725663716814,28.31858407079646,0,0,2.6548672566371683,1.7699115044247788,0.8849557522123894,14.15929203539823,11.504424778761061,2.6548672566371683,0
E00037939,150,141,102,39,0,0,2,2,0,7,6,1,0,94,68,26,0,0,1.3333333333333335,1.3333333333333335,0,4.666666666666667,4,0.6666666666666667,0
E00037940,120,103,73,30,0,0,3,2,1,14,13,1,0,85.83333333333333,60.83333333333333,25,0,0,2.5,1.6666666666666667,0.8333333333333334,11.666666666666666,10.833333333333334,0.8333333333333334,0
E00037941,138,74,50,24,0,0,43,40,3,21,18,3,0,53.62318840579711,36.231884057971016,17.391304347826086,0,0,31.15942028985507,28.985507246376812,2.1739130434782608,15.217391304347828,13.043478260869565,2.1739130434782608,0
E00037942,177,102,39,63,0,0,31,25,6,44,43,1,0,57.6271186440678,22.033898305084744,35.59322033898305,0,0,17.51412429378531,14.124293785310735,3.389830508474576,24.858757062146893,24.293785310734464,0.5649717514124294,0
E00037943,139,71,41,30,0,0,14,14,0,54,50,4,0,51.07913669064749,29.496402877697843,21.58273381294964,0,0,10.071942446043165,10.071942446043165,0,38.84892086330935,35.97122302158273,2.877697841726619,0
E00037944,187,103,40,63,6,6,61,36,25,17,14,3,0,55.080213903743314,21.390374331550802,33.68983957219251,3.2085561497326207,3.2085561497326207,32.62032085561498,19.25133689839572,13.368983957219251,9.090909090909092,7.4866310160427805,1.6042780748663104,0
E00037945,150,46,18,28,0,0,85,80,5,18,16,2,1,30.666666666666664,12,18.666666666666668,0,0,56.666666666666664,53.333333333333336,3.3333333333333335,12,10.666666666666668,1.3333333333333335,0.6666666666666667
E00037946,117,68,37,31,0,0,16,16,0,32,29,3,1,58.119658119658126,31.62393162393162,26.495726495726498,0,0,13.675213675213676,13.675213675213676,0,27.350427350427353,24.786324786324787,2.564102564102564,0.8547008547008548
E00037947,116,62,34,28,0,0,30,29,1,24,23,1,0,53.44827586206896,29.310344827586203,24.137931034482758,0,0,25.862068965517242,25,0.8620689655172413,20.689655172413794,19.82758620689655,0.8620689655172413,0
E00037948,131,69,41,28,1,1,9,9,0,52,49,3,0,52.67175572519084,31.297709923664126,21.374045801526716,0.7633587786259541,0.7633587786259541,6.870229007633588,6.870229007633588,0,39.69465648854962,37.404580152671755,2.2900763358778624,0
E00037949,195,64,28,36,8,8,77,24,53,46,40,6,0,32.82051282051282,14.358974358974358,18.461538461538463,4.102564102564102,4.102564102564102,39.48717948717949,12.307692307692308,27.17948717948718,23.589743589743588,20.51282051282051,3.076923076923077,0
E00037950,128,41,20,21,0,0,66,63,3,17,15,2,4,32.03125,15.625,16.40625,0,0,51.5625,49.21875,2.34375,13.28125,11.71875,1.5625,3.125
E00037951,123,48,32,16,1,1,7,6,1,67,64,3,0,39.02439024390244,26.01626016260163,13.008130081300814,0.8130081300813009,0.8130081300813009,5.691056910569105,4.878048780487805,0.8130081300813009,54.47154471544715,52.03252032520326,2.4390243902439024,0
E00037952,119,65,36,29,1,1,4,4,0,49,44,5,0,54.621848739495796,30.252100840336134,24.369747899159663,0.8403361344537815,0.8403361344537815,3.361344537815126,3.361344537815126,0,41.17647058823529,36.97478991596639,4.201680672268908,0
E00037954,138,105,72,33,1,1,3,2,1,29,27,2,0,76.08695652173914,52.17391304347826,23.91304347826087,0.7246376811594203,0.7246376811594203,2.1739130434782608,1.4492753623188406,0.7246376811594203,21.014492753623188,19.565217391304348,1.4492753623188406,0
E00037955,118,45,23,22,0,0,60,56,4,13,13,0,0,38.13559322033898,19.491525423728813,18.64406779661017,0,0,50.847457627118644,47.45762711864407,3.389830508474576,11.016949152542372,11.016949152542372,0,0
E00037956,147,95,56,39,1,1,3,2,1,48,45,3,0,64.62585034013605,38.095238095238095,26.53061224489796,0.6802721088435374,0.6802721088435374,2.0408163265306123,1.3605442176870748,0.6802721088435374,32.6530612244898,30.612244897959183,2.0408163265306123,0
E00037957,128,92,67,25,0,0,3,2,1,33,31,2,0,71.875,52.34375,19.53125,0,0,2.34375,1.5625,0.78125,25.78125,24.21875,1.5625,0
E00037958,129,115,65,50,0,0,4,2,2,10,6,4,0,89.14728682170544,50.3875968992248,38.759689922480625,0,0,3.10077519379845,1.550387596899225,1.550387596899225,7.751937984496124,4.651162790697675,3.10077519379845,0
E00037959,58,51,29,22,0,0,0,0,0,7,4,3,0,87.93103448275862,50,37.93103448275862,0,0,0,0,0,12.068965517241379,6.896551724137931,5.172413793103448,0
E00037960,89,77,47,30,0,0,5,4,1,7,4,3,0,86.51685393258427,52.80898876404494,33.70786516853933,0,0,5.617977528089887,4.49438202247191,1.1235955056179776,7.865168539325842,4.49438202247191,3.3707865168539324,0
E00037961,150,124,72,52,0,0,9,4,5,17,8,9,0,82.66666666666667,48,34.66666666666667,0,0,6,2.666666666666667,3.3333333333333335,11.333333333333332,5.333333333333334,6,0
E00037962,133,73,39,34,0,0,51,51,0,7,4,3,2,54.88721804511278,29.32330827067669,25.563909774436087,0,0,38.34586466165413,38.34586466165413,0,5.263157894736842,3.007518796992481,2.2556390977443606,1.5037593984962405
E00037963,139,111,53,58,0,0,6,5,1,22,18,4,0,79.85611510791367,38.1294964028777,41.726618705035975,0,0,4.316546762589928,3.5971223021582732,0.7194244604316548,15.827338129496402,12.949640287769784,2.877697841726619,0
E00037964,204,166,75,91,0,0,13,12,1,25,17,8,0,81.37254901960785,36.76470588235294,44.6078431372549,0,0,6.372549019607843,5.88235294117647,0.49019607843137253,12.254901960784313,8.333333333333332,3.9215686274509802,0
E00037965,120,58,30,28,0,0,48,47,1,10,8,2,4,48.333333333333336,25,23.333333333333332,0,0,40,39.166666666666664,0.8333333333333334,8.333333333333332,6.666666666666667,1.6666666666666667,3.3333333333333335
E00037966,114,80,43,37,0,0,26,24,2,8,6,2,0,70.17543859649122,37.719298245614034,32.45614035087719,0,0,22.807017543859647,21.052631578947366,1.7543859649122806,7.017543859649122,5.263157894736842,1.7543859649122806,0
E00037967,112,94,57,37,0,0,10,4,6,8,6,2,0,83.92857142857143,50.89285714285714,33.035714285714285,0,0,8.928571428571429,3.571428571428571,5.357142857142857,7.142857142857142,5.357142857142857,1.7857142857142856,0
E00037968,139,129,87,42,0,0,1,1,0,9,4,5,0,92.80575539568345,62.589928057553955,30.215827338129497,0,0,0.7194244604316548,0.7194244604316548,0,6.474820143884892,2.877697841726619,3.5971223021582732,0
E00037969,128,100,61,39,1,1,1,1,0,26,21,5,0,78.125,47.65625,30.46875,0.78125,0.78125,0.78125,0.78125,0,20.3125,16.40625,3.90625,0
E00037970,134,115,76,39,0,0,5,0,5,14,12,2,0,85.82089552238806,56.71641791044776,29.1044776119403,0,0,3.731343283582089,0,3.731343283582089,10.44776119402985,8.955223880597014,1.4925373134328357,0
E00037971,122,115,92,23,0,0,0,0,0,7,6,1,0,94.26229508196722,75.40983606557377,18.852459016393443,0,0,0,0,0,5.737704918032787,4.918032786885246,0.819672131147541,0
E00037972,121,109,61,48,0,0,1,1,0,11,8,3,0,90.08264462809917,50.413223140495866,39.66942148760331,0,0,0.8264462809917356,0.8264462809917356,0,9.090909090909092,6.6115702479338845,2.479338842975207,0
E00037973,134,99,58,41,0,0,2,1,1,33,27,6,0,73.88059701492537,43.28358208955223,30.597014925373134,0,0,1.4925373134328357,0.7462686567164178,0.7462686567164178,24.62686567164179,20.149253731343283,4.477611940298507,0
E00037974,125,95,54,41,0,0,10,10,0,20,15,5,0,76,43.2,32.800000000000004,0,0,8,8,0,16,12,4,0
E00037975,110,63,29,34,0,0,35,34,1,12,11,1,0,57.27272727272727,26.36363636363636,30.909090909090907,0,0,31.818181818181817,30.909090909090907,0.9090909090909091,10.909090909090908,10,0.9090909090909091,0
E00037976,106,60,22,38,0,0,25,25,0,21,18,3,0,56.60377358490566,20.754716981132077,35.84905660377358,0,0,23.58490566037736,23.58490566037736,0,19.81132075471698,16.9811320754717,2.8301886792452833,0
E00037977,64,52,34,18,0,0,0,0,0,12,10,2,0,81.25,53.125,28.125,0,0,0,0,0,18.75,15.625,3.125,0
E00037978,67,65,36,29,0,0,2,0,2,0,0,0,0,97.01492537313433,53.73134328358209,43.28358208955223,0,0,2.9850746268656714,0,2.9850746268656714,0,0,0,0
E00037979,144,79,44,35,0,0,8,5,3,57,54,3,0,54.861111111111114,30.555555555555557,24.305555555555554,0,0,5.555555555555555,3.4722222222222223,2.083333333333333,39.58333333333333,37.5,2.083333333333333,0
E00037980,129,73,34,39,0,0,37,36,1,18,17,1,1,56.58914728682171,26.356589147286826,30.23255813953488,0,0,28.68217054263566,27.906976744186046,0.7751937984496124,13.953488372093023,13.178294573643413,0.7751937984496124,0.7751937984496124
E00037981,140,117,65,52,0,0,1,1,0,22,20,2,0,83.57142857142857,46.42857142857143,37.142857142857146,0,0,0.7142857142857143,0.7142857142857143,0,15.714285714285714,14.285714285714285,1.4285714285714286,0
E00037982,133,78,38,40,0,0,33,29,4,20,18,2,2,58.64661654135338,28.57142857142857,30.075187969924812,0,0,24.81203007518797,21.804511278195488,3.007518796992481,15.037593984962406,13.533834586466165,1.5037593984962405,1.5037593984962405
E00037983,139,70,44,26,3,3,48,33,15,17,15,2,1,50.35971223021583,31.654676258992804,18.705035971223023,2.158273381294964,2.158273381294964,34.53237410071942,23.741007194244602,10.79136690647482,12.23021582733813,10.79136690647482,1.4388489208633095,0.7194244604316548
E00037984,141,120,63,57,0,0,4,4,0,17,15,2,0,85.1063829787234,44.680851063829785,40.42553191489361,0,0,2.8368794326241136,2.8368794326241136,0,12.056737588652481,10.638297872340425,1.4184397163120568,0
E00037985,130,33,15,18,1,1,73,70,3,23,16,7,0,25.384615384615383,11.538461538461538,13.846153846153847,0.7692307692307693,0.7692307692307693,56.15384615384615,53.84615384615385,2.307692307692308,17.692307692307693,12.307692307692308,5.384615384615385,0
E00037986,107,21,11,10,0,0,73,63,10,12,12,0,1,19.626168224299064,10.2803738317757,9.345794392523365,0,0,68.22429906542055,58.87850467289719,9.345794392523365,11.214953271028037,11.214953271028037,0,0.9345794392523363
E00037987,201,160,81,79,1,1,3,0,3,37,31,6,0,79.60199004975125,40.298507462686565,39.30348258706468,0.4975124378109453,0.4975124378109453,1.4925373134328357,0,1.4925373134328357,18.407960199004975,15.422885572139302,2.9850746268656714,0
E00037988,132,113,45,68,0,0,1,1,0,18,17,1,0,85.60606060606061,34.090909090909086,51.515151515151516,0,0,0.7575757575757576,0.7575757575757576,0,13.636363636363635,12.878787878787879,0.7575757575757576,0
E00037989,179,75,24,51,3,3,73,50,23,27,18,9,1,41.899441340782126,13.40782122905028,28.49162011173184,1.675977653631285,1.675977653631285,40.78212290502793,27.932960893854748,12.849162011173185,15.083798882681565,10.05586592178771,5.027932960893855,0.5586592178770949
E00037990,133,49,21,28,0,0,64,57,7,20,19,1,0,36.84210526315789,15.789473684210526,21.052631578947366,0,0,48.1203007518797,42.857142857142854,5.263157894736842,15.037593984962406,14.285714285714285,0.7518796992481203,0
E00037991,134,63,37,26,1,1,55,53,2,15,13,2,0,47.01492537313433,27.611940298507463,19.402985074626866,0.7462686567164178,0.7462686567164178,41.04477611940299,39.55223880597015,1.4925373134328357,11.194029850746269,9.701492537313433,1.4925373134328357,0
E00037992,161,53,31,22,0,0,33,25,8,75,72,3,0,32.91925465838509,19.25465838509317,13.664596273291925,0,0,20.496894409937887,15.527950310559005,4.968944099378882,46.58385093167702,44.72049689440994,1.8633540372670807,0
E00037993,129,56,30,26,0,0,23,9,14,44,41,3,6,43.41085271317829,23.25581395348837,20.155038759689923,0,0,17.829457364341085,6.976744186046512,10.852713178294573,34.10852713178294,31.782945736434108,2.3255813953488373,4.651162790697675
E00037994,132,42,16,26,1,1,71,34,37,15,12,3,3,31.818181818181817,12.121212121212121,19.696969696969695,0.7575757575757576,0.7575757575757576,53.78787878787878,25.757575757575758,28.030303030303028,11.363636363636363,9.090909090909092,2.272727272727273,2.272727272727273
E00037995,140,60,22,38,0,0,62,62,0,15,15,0,3,42.857142857142854,15.714285714285714,27.142857142857142,0,0,44.285714285714285,44.285714285714285,0,10.714285714285714,10.714285714285714,0,2.142857142857143
E00037996,125,102,65,37,0,0,8,7,1,15,9,6,0,81.6,52,29.599999999999998,0,0,6.4,5.6000000000000005,0.8,12,7.199999999999999,4.8,0
E00037997,122,53,32,21,0,0,47,45,2,21,13,8,1,43.44262295081967,26.229508196721312,17.21311475409836,0,0,38.52459016393443,36.885245901639344,1.639344262295082,17.21311475409836,10.655737704918032,6.557377049180328,0.819672131147541
E00037998,130,96,49,47,0,0,6,5,1,28,26,2,0,73.84615384615385,37.69230769230769,36.15384615384615,0,0,4.615384615384616,3.8461538461538463,0.7692307692307693,21.53846153846154,20,1.5384615384615385,0
E00037999,127,31,15,16,0,0,89,86,3,7,7,0,0,24.409448818897637,11.811023622047244,12.598425196850393,0,0,70.07874015748031,67.71653543307087,2.3622047244094486,5.511811023622047,5.511811023622047,0,0
E00038000,128,33,12,21,0,0,73,72,1,22,17,5,0,25.78125,9.375,16.40625,0,0,57.03125,56.25,0.78125,17.1875,13.28125,3.90625,0
E00038001,112,74,45,29,0,0,0,0,0,38,35,3,0,66.07142857142857,40.17857142857143,25.892857142857146,0,0,0,0,0,33.92857142857143,31.25,2.6785714285714284,0
E00038002,127,118,87,31,0,0,1,1,0,8,8,0,0,92.91338582677166,68.50393700787401,24.409448818897637,0,0,0.7874015748031495,0.7874015748031495,0,6.299212598425196,6.299212598425196,0,0
E00038003,130,113,61,52,0,0,1,1,0,16,14,2,0,86.92307692307692,46.92307692307692,40,0,0,0.7692307692307693,0.7692307692307693,0,12.307692307692308,10.76923076923077,1.5384615384615385,0
E00038004,151,77,29,48,0,0,47,41,6,27,24,3,0,50.993377483443716,19.205298013245034,31.788079470198678,0,0,31.125827814569533,27.1523178807947,3.9735099337748347,17.880794701986755,15.894039735099339,1.9867549668874174,0
E00038006,121,66,36,30,0,0,16,15,1,39,34,5,0,54.54545454545454,29.75206611570248,24.793388429752067,0,0,13.223140495867769,12.396694214876034,0.8264462809917356,32.231404958677686,28.09917355371901,4.132231404958678,0
E00038007,125,45,24,21,0,0,70,68,2,8,6,2,2,36,19.2,16.8,0,0,56.00000000000001,54.400000000000006,1.6,6.4,4.8,1.6,1.6
E00038008,114,98,74,24,0,0,3,3,0,12,10,2,1,85.96491228070175,64.91228070175438,21.052631578947366,0,0,2.631578947368421,2.631578947368421,0,10.526315789473683,8.771929824561402,1.7543859649122806,0.8771929824561403
E00038009,116,94,50,44,0,0,2,2,0,20,17,3,0,81.03448275862068,43.103448275862064,37.93103448275862,0,0,1.7241379310344827,1.7241379310344827,0,17.24137931034483,14.655172413793101,2.586206896551724,0
E00038010,124,107,80,27,0,0,3,2,1,14,9,5,0,86.29032258064517,64.51612903225806,21.774193548387096,0,0,2.4193548387096775,1.6129032258064515,0.8064516129032258,11.29032258064516,7.258064516129033,4.032258064516129,0
E00038011,145,122,62,60,0,0,8,2,6,15,11,4,0,84.13793103448276,42.758620689655174,41.37931034482759,0,0,5.517241379310345,1.3793103448275863,4.137931034482759,10.344827586206897,7.586206896551724,2.7586206896551726,0
E00038012,103,94,52,42,1,1,0,0,0,8,6,2,0,91.2621359223301,50.48543689320388,40.77669902912621,0.9708737864077669,0.9708737864077669,0,0,0,7.766990291262135,5.825242718446602,1.9417475728155338,0
E00038013,149,131,68,63,0,0,3,1,2,15,13,2,0,87.91946308724832,45.63758389261745,42.281879194630875,0,0,2.013422818791946,0.6711409395973155,1.342281879194631,10.06711409395973,8.724832214765101,1.342281879194631,0
E00038014,110,94,65,29,1,1,2,2,0,13,10,3,0,85.45454545454545,59.09090909090909,26.36363636363636,0.9090909090909091,0.9090909090909091,1.8181818181818181,1.8181818181818181,0,11.818181818181818,9.090909090909092,2.727272727272727,0
E00038015,129,116,52,64,0,0,6,5,1,7,6,1,0,89.92248062015504,40.310077519379846,49.6124031007752,0,0,4.651162790697675,3.875968992248062,0.7751937984496124,5.426356589147287,4.651162790697675,0.7751937984496124,0
E00038016,121,52,29,23,1,1,9,8,1,58,54,4,1,42.97520661157025,23.96694214876033,19.00826446280992,0.8264462809917356,0.8264462809917356,7.43801652892562,6.6115702479338845,0.8264462809917356,47.93388429752066,44.62809917355372,3.3057851239669422,0.8264462809917356
E00038017,176,114,44,70,8,8,3,0,3,51,45,6,0,64.77272727272727,25,39.77272727272727,4.545454545454546,4.545454545454546,1.7045454545454544,0,1.7045454545454544,28.97727272727273,25.568181818181817,3.4090909090909087,0
E00038018,126,90,45,45,1,1,1,1,0,34,32,2,0,71.42857142857143,35.714285714285715,35.714285714285715,0.7936507936507936,0.7936507936507936,0.7936507936507936,0.7936507936507936,0,26.984126984126984,25.396825396825395,1.5873015873015872,0
E00038019,223,73,47,26,1,1,51,47,4,97,92,5,1,32.73542600896861,21.076233183856502,11.659192825112108,0.4484304932735426,0.4484304932735426,22.869955156950674,21.076233183856502,1.7937219730941705,43.49775784753363,41.25560538116592,2.242152466367713,0.4484304932735426
E00038020,145,54,32,22,1,1,21,15,6,66,59,7,3,37.24137931034483,22.06896551724138,15.172413793103448,0.6896551724137931,0.6896551724137931,14.482758620689657,10.344827586206897,4.137931034482759,45.51724137931035,40.689655172413794,4.827586206896552,2.0689655172413794
E00038021,137,28,13,15,0,0,92,50,42,16,13,3,1,20.437956204379564,9.48905109489051,10.948905109489052,0,0,67.15328467153284,36.496350364963504,30.656934306569344,11.678832116788321,9.48905109489051,2.18978102189781,0.7299270072992701
E00038022,143,54,16,38,0,0,65,60,5,24,20,4,0,37.76223776223776,11.188811188811188,26.573426573426573,0,0,45.45454545454545,41.95804195804196,3.4965034965034967,16.783216783216783,13.986013986013987,2.797202797202797,0
E00038023,133,84,34,50,0,0,29,27,2,17,15,2,3,63.1578947368421,25.563909774436087,37.59398496240601,0,0,21.804511278195488,20.30075187969925,1.5037593984962405,12.781954887218044,11.278195488721805,1.5037593984962405,2.2556390977443606
E00038024,154,36,22,14,0,0,75,67,8,42,37,5,1,23.376623376623375,14.285714285714285,9.090909090909092,0,0,48.701298701298704,43.506493506493506,5.194805194805195,27.27272727272727,24.025974025974026,3.2467532467532463,0.6493506493506493
E00038025,194,119,76,43,10,10,22,3,19,43,38,5,0,61.34020618556701,39.175257731958766,22.164948453608247,5.154639175257731,5.154639175257731,11.34020618556701,1.5463917525773196,9.793814432989691,22.164948453608247,19.587628865979383,2.5773195876288657,0
E00038026,161,48,25,23,1,1,85,58,27,27,25,2,0,29.81366459627329,15.527950310559005,14.285714285714285,0.6211180124223602,0.6211180124223602,52.79503105590062,36.024844720496894,16.77018633540373,16.77018633540373,15.527950310559005,1.2422360248447204,0
E00038028,102,88,72,16,5,5,2,1,1,6,6,0,1,86.27450980392157,70.58823529411765,15.686274509803921,4.901960784313726,4.901960784313726,1.9607843137254901,0.9803921568627451,0.9803921568627451,5.88235294117647,5.88235294117647,0,0.9803921568627451
E00038029,162,87,57,30,0,0,28,18,10,47,45,2,0,53.70370370370371,35.18518518518518,18.51851851851852,0,0,17.28395061728395,11.11111111111111,6.172839506172839,29.01234567901235,27.77777777777778,1.2345679012345678,0
E00038030,143,53,22,31,0,0,53,52,1,35,30,5,2,37.06293706293706,15.384615384615385,21.678321678321677,0,0,37.06293706293706,36.36363636363637,0.6993006993006993,24.475524475524477,20.97902097902098,3.4965034965034967,1.3986013986013985
E00038031,164,112,51,61,1,1,1,0,1,50,46,4,0,68.29268292682927,31.097560975609756,37.19512195121951,0.6097560975609756,0.6097560975609756,0.6097560975609756,0,0.6097560975609756,30.48780487804878,28.04878048780488,2.4390243902439024,0
E00038032,130,72,32,40,0,0,38,33,5,20,14,6,0,55.38461538461539,24.615384615384617,30.76923076923077,0,0,29.230769230769234,25.384615384615383,3.8461538461538463,15.384615384615385,10.76923076923077,4.615384615384616,0
E00038033,131,68,34,34,1,1,30,26,4,32,29,3,0,51.908396946564885,25.954198473282442,25.954198473282442,0.7633587786259541,0.7633587786259541,22.900763358778626,19.84732824427481,3.0534351145038165,24.427480916030532,22.137404580152673,2.2900763358778624,0
E00038034,125,36,18,18,0,0,61,55,6,27,24,3,1,28.799999999999997,14.399999999999999,14.399999999999999,0,0,48.8,44,4.8,21.6,19.2,2.4,0.8
E00038035,111,52,47,5,1,1,48,43,5,6,5,1,4,46.846846846846844,42.34234234234234,4.504504504504505,0.9009009009009009,0.9009009009009009,43.24324324324324,38.73873873873874,4.504504504504505,5.405405405405405,4.504504504504505,0.9009009009009009,3.6036036036036037
E00038036,125,39,16,23,1,1,67,47,20,15,12,3,3,31.2,12.8,18.4,0.8,0.8,53.6,37.6,16,12,9.6,2.4,2.4
E00038037,155,96,57,39,0,0,41,35,6,17,15,2,1,61.935483870967744,36.774193548387096,25.161290322580644,0,0,26.451612903225808,22.58064516129032,3.870967741935484,10.967741935483872,9.67741935483871,1.2903225806451613,0.6451612903225806
E00038038,145,64,30,34,0,0,35,31,4,46,42,4,0,44.13793103448276,20.689655172413794,23.448275862068964,0,0,24.137931034482758,21.379310344827587,2.7586206896551726,31.724137931034484,28.965517241379313,2.7586206896551726,0
E00038039,112,35,19,16,0,0,48,47,1,29,28,1,0,31.25,16.964285714285715,14.285714285714285,0,0,42.857142857142854,41.964285714285715,0.8928571428571428,25.892857142857146,25,0.8928571428571428,0
E00038040,128,48,23,25,0,0,45,40,5,35,34,1,0,37.5,17.96875,19.53125,0,0,35.15625,31.25,3.90625,27.34375,26.5625,0.78125,0
E00038041,143,126,81,45,0,0,3,3,0,14,11,3,0,88.11188811188812,56.64335664335665,31.46853146853147,0,0,2.097902097902098,2.097902097902098,0,9.79020979020979,7.6923076923076925,2.097902097902098,0
E00038042,114,44,21,23,0,0,2,2,0,67,59,8,1,38.59649122807017,18.421052631578945,20.175438596491226,0,0,1.7543859649122806,1.7543859649122806,0,58.77192982456141,51.75438596491229,7.017543859649122,0.8771929824561403
E00038043,109,73,35,38,0,0,26,25,1,10,8,2,0,66.97247706422019,32.11009174311927,34.862385321100916,0,0,23.853211009174313,22.93577981651376,0.9174311926605505,9.174311926605505,7.339449541284404,1.834862385321101,0
E00038044,138,125,73,52,0,0,5,5,0,8,6,2,0,90.57971014492753,52.89855072463768,37.68115942028986,0,0,3.6231884057971016,3.6231884057971016,0,5.797101449275362,4.3478260869565215,1.4492753623188406,0
E00038045,145,59,28,31,0,0,18,13,5,67,66,1,1,40.689655172413794,19.310344827586206,21.379310344827587,0,0,12.413793103448276,8.96551724137931,3.4482758620689653,46.206896551724135,45.51724137931035,0.6896551724137931,0.6896551724137931
E00038046,123,39,24,15,0,0,32,30,2,51,50,1,1,31.70731707317073,19.51219512195122,12.195121951219512,0,0,26.01626016260163,24.390243902439025,1.6260162601626018,41.46341463414634,40.65040650406504,0.8130081300813009,0.8130081300813009
E00038047,121,79,44,35,2,2,21,20,1,18,15,3,1,65.28925619834712,36.36363636363637,28.92561983471074,1.6528925619834711,1.6528925619834711,17.355371900826448,16.528925619834713,0.8264462809917356,14.87603305785124,12.396694214876034,2.479338842975207,0.8264462809917356
E00038048,163,22,18,4,0,0,99,23,76,42,41,1,0,13.496932515337424,11.042944785276074,2.4539877300613497,0,0,60.73619631901841,14.11042944785276,46.62576687116564,25.766871165644172,25.153374233128833,0.6134969325153374,0
E00038049,138,39,20,19,1,1,63,59,4,34,32,2,1,28.26086956521739,14.492753623188406,13.768115942028986,0.7246376811594203,0.7246376811594203,45.65217391304348,42.7536231884058,2.898550724637681,24.637681159420293,23.18840579710145,1.4492753623188406,0.7246376811594203
E00038050,120,52,28,24,20,20,27,18,9,20,19,1,1,43.333333333333336,23.333333333333332,20,16.666666666666664,16.666666666666664,22.5,15,7.5,16.666666666666664,15.833333333333332,0.8333333333333334,0.8333333333333334
E00038051,137,60,34,26,0,0,32,24,8,45,43,2,0,43.79562043795621,24.817518248175183,18.97810218978102,0,0,23.357664233576642,17.51824817518248,5.839416058394161,32.846715328467155,31.386861313868614,1.4598540145985401,0
E00038052,160,118,46,72,0,0,20,19,1,21,19,2,1,73.75,28.749999999999996,45,0,0,12.5,11.875,0.625,13.125,11.875,1.25,0.625
E00038053,140,71,38,33,1,1,17,10,7,51,48,3,0,50.71428571428571,27.142857142857142,23.57142857142857,0.7142857142857143,0.7142857142857143,12.142857142857142,7.142857142857142,5,36.42857142857142,34.285714285714285,2.142857142857143,0
E00038054,130,59,40,19,0,0,10,1,9,61,54,7,0,45.38461538461539,30.76923076923077,14.615384615384617,0,0,7.6923076923076925,0.7692307692307693,6.923076923076923,46.92307692307692,41.53846153846154,5.384615384615385,0
E00038055,134,84,44,40,0,0,24,23,1,24,19,5,2,62.68656716417911,32.83582089552239,29.850746268656714,0,0,17.91044776119403,17.16417910447761,0.7462686567164178,17.91044776119403,14.17910447761194,3.731343283582089,1.4925373134328357
E00038056,132,32,15,17,1,1,77,73,4,20,15,5,2,24.242424242424242,11.363636363636363,12.878787878787879,0.7575757575757576,0.7575757575757576,58.333333333333336,55.3030303030303,3.0303030303030303,15.151515151515152,11.363636363636363,3.787878787878788,1.5151515151515151
E00038057,118,77,30,47,0,0,13,12,1,28,26,2,0,65.2542372881356,25.423728813559322,39.83050847457627,0,0,11.016949152542372,10.16949152542373,0.847457627118644,23.728813559322035,22.033898305084744,1.694915254237288,0
E00038058,118,81,33,48,0,0,17,13,4,20,12,8,0,68.64406779661016,27.966101694915253,40.67796610169492,0,0,14.40677966101695,11.016949152542372,3.389830508474576,16.94915254237288,10.16949152542373,6.779661016949152,0
E00038059,141,91,47,44,1,1,23,22,1,26,20,6,0,64.53900709219859,33.33333333333333,31.20567375886525,0.7092198581560284,0.7092198581560284,16.312056737588655,15.602836879432624,0.7092198581560284,18.439716312056735,14.184397163120568,4.25531914893617,0
E00038060,128,87,50,37,1,1,9,8,1,31,26,5,0,67.96875,39.0625,28.90625,0.78125,0.78125,7.03125,6.25,0.78125,24.21875,20.3125,3.90625,0
E00038061,117,59,22,37,2,2,39,37,2,17,16,1,0,50.427350427350426,18.803418803418804,31.62393162393162,1.7094017094017095,1.7094017094017095,33.33333333333333,31.62393162393162,1.7094017094017095,14.529914529914532,13.675213675213676,0.8547008547008548,0
E00038062,183,44,26,18,1,1,98,5,93,40,37,3,0,24.043715846994534,14.207650273224044,9.836065573770492,0.546448087431694,0.546448087431694,53.551912568306015,2.73224043715847,50.81967213114754,21.85792349726776,20.21857923497268,1.639344262295082,0
E00038063,130,85,40,45,0,0,26,19,7,19,14,5,0,65.38461538461539,30.76923076923077,34.61538461538461,0,0,20,14.615384615384617,5.384615384615385,14.615384615384617,10.76923076923077,3.8461538461538463,0
E00038064,77,38,16,22,0,0,0,0,0,39,35,4,0,49.35064935064935,20.77922077922078,28.57142857142857,0,0,0,0,0,50.649350649350644,45.45454545454545,5.194805194805195,0
E00038065,142,133,84,49,0,0,1,1,0,8,6,2,0,93.66197183098592,59.154929577464785,34.50704225352113,0,0,0.7042253521126761,0.7042253521126761,0,5.633802816901409,4.225352112676056,1.4084507042253522,0
E00038066,115,58,25,33,0,0,41,36,5,12,12,0,4,50.43478260869565,21.73913043478261,28.695652173913043,0,0,35.65217391304348,31.30434782608696,4.3478260869565215,10.434782608695652,10.434782608695652,0,3.4782608695652173
E00038067,118,79,51,28,0,0,28,23,5,11,9,2,0,66.94915254237289,43.22033898305085,23.728813559322035,0,0,23.728813559322035,19.491525423728813,4.23728813559322,9.322033898305085,7.627118644067797,1.694915254237288,0
E00038068,141,106,54,52,0,0,21,21,0,13,9,4,1,75.177304964539,38.297872340425535,36.87943262411347,0,0,14.893617021276595,14.893617021276595,0,9.219858156028367,6.382978723404255,2.8368794326241136,0.7092198581560284
E00038069,128,81,39,42,1,1,29,26,3,17,15,2,0,63.28125,30.46875,32.8125,0.78125,0.78125,22.65625,20.3125,2.34375,13.28125,11.71875,1.5625,0
E00038070,126,102,49,53,0,0,11,10,1,11,8,3,2,80.95238095238095,38.88888888888889,42.06349206349206,0,0,8.73015873015873,7.936507936507936,0.7936507936507936,8.73015873015873,6.349206349206349,2.380952380952381,1.5873015873015872
E00038071,122,91,47,44,0,0,12,10,2,19,14,5,0,74.59016393442623,38.52459016393443,36.0655737704918,0,0,9.836065573770492,8.19672131147541,1.639344262295082,15.573770491803279,11.475409836065573,4.098360655737705,0
E00038072,114,52,23,29,0,0,51,51,0,11,8,3,0,45.614035087719294,20.175438596491226,25.438596491228072,0,0,44.73684210526316,44.73684210526316,0,9.649122807017543,7.017543859649122,2.631578947368421,0
E00038073,130,100,55,45,0,0,6,2,4,24,20,4,0,76.92307692307693,42.30769230769231,34.61538461538461,0,0,4.615384615384616,1.5384615384615385,3.076923076923077,18.461538461538463,15.384615384615385,3.076923076923077,0
E00038074,126,75,35,40,0,0,25,25,0,26,22,4,0,59.523809523809526,27.77777777777778,31.746031746031743,0,0,19.841269841269842,19.841269841269842,0,20.634920634920633,17.46031746031746,3.1746031746031744,0
E00038075,116,71,36,35,0,0,32,32,0,13,11,2,0,61.206896551724135,31.03448275862069,30.17241379310345,0,0,27.586206896551722,27.586206896551722,0,11.206896551724139,9.482758620689655,1.7241379310344827,0
E00038076,147,74,39,35,0,0,62,58,4,11,8,3,0,50.34013605442177,26.53061224489796,23.809523809523807,0,0,42.17687074829932,39.455782312925166,2.7210884353741496,7.482993197278912,5.442176870748299,2.0408163265306123,0
E00038077,110,76,31,45,0,0,18,17,1,16,14,2,0,69.0909090909091,28.18181818181818,40.909090909090914,0,0,16.363636363636363,15.454545454545453,0.9090909090909091,14.545454545454545,12.727272727272727,1.8181818181818181,0
E00038078,132,86,64,22,0,0,34,29,5,10,7,3,2,65.15151515151516,48.484848484848484,16.666666666666664,0,0,25.757575757575758,21.96969696969697,3.787878787878788,7.575757575757576,5.303030303030303,2.272727272727273,1.5151515151515151
E00038080,139,56,26,30,0,0,4,3,1,79,75,4,0,40.28776978417266,18.705035971223023,21.58273381294964,0,0,2.877697841726619,2.158273381294964,0.7194244604316548,56.83453237410072,53.956834532374096,2.877697841726619,0
E00038081,115,90,42,48,1,1,1,1,0,23,17,6,0,78.26086956521739,36.52173913043478,41.73913043478261,0.8695652173913043,0.8695652173913043,0.8695652173913043,0.8695652173913043,0,20,14.782608695652174,5.217391304347826,0
E00038082,160,100,44,56,0,0,2,1,1,58,54,4,0,62.5,27.500000000000004,35,0,0,1.25,0.625,0.625,36.25,33.75,2.5,0
E00038083,129,72,36,36,0,0,3,2,1,54,49,5,0,55.81395348837209,27.906976744186046,27.906976744186046,0,0,2.3255813953488373,1.550387596899225,0.7751937984496124,41.86046511627907,37.98449612403101,3.875968992248062,0
E00038084,121,50,25,25,0,0,1,1,0,70,56,14,0,41.32231404958678,20.66115702479339,20.66115702479339,0,0,0.8264462809917356,0.8264462809917356,0,57.85123966942148,46.28099173553719,11.570247933884298,0
E00038085,178,115,57,58,1,1,39,30,9,23,23,0,0,64.60674157303372,32.02247191011236,32.58426966292135,0.5617977528089888,0.5617977528089888,21.910112359550563,16.853932584269664,5.056179775280898,12.921348314606742,12.921348314606742,0,0
E00038086,151,89,42,47,0,0,3,3,0,59,55,4,0,58.94039735099338,27.81456953642384,31.125827814569533,0,0,1.9867549668874174,1.9867549668874174,0,39.0728476821192,36.423841059602644,2.6490066225165565,0
E00038087,134,116,55,61,1,1,7,7,0,10,7,3,0,86.56716417910447,41.04477611940299,45.52238805970149,0.7462686567164178,0.7462686567164178,5.223880597014925,5.223880597014925,0,7.462686567164178,5.223880597014925,2.2388059701492535,0
E00038088,197,174,70,104,2,2,4,2,2,17,12,5,0,88.3248730964467,35.53299492385787,52.79187817258884,1.015228426395939,1.015228426395939,2.030456852791878,1.015228426395939,1.015228426395939,8.629441624365482,6.091370558375635,2.5380710659898478,0
E00038089,136,69,28,41,1,1,56,54,2,10,8,2,0,50.73529411764706,20.588235294117645,30.14705882352941,0.7352941176470588,0.7352941176470588,41.17647058823529,39.705882352941174,1.4705882352941175,7.352941176470589,5.88235294117647,1.4705882352941175,0
E00038090,110,63,38,25,0,0,2,2,0,44,40,4,1,57.27272727272727,34.54545454545455,22.727272727272727,0,0,1.8181818181818181,1.8181818181818181,0,40,36.36363636363637,3.6363636363636362,0.9090909090909091
E00038091,164,113,63,50,0,0,5,5,0,46,44,2,0,68.90243902439023,38.41463414634146,30.48780487804878,0,0,3.048780487804878,3.048780487804878,0,28.04878048780488,26.82926829268293,1.2195121951219512,0
E00038092,139,124,75,49,0,0,0,0,0,15,12,3,0,89.20863309352518,53.956834532374096,35.25179856115108,0,0,0,0,0,10.79136690647482,8.633093525179856,2.158273381294964,0
E00038093,129,54,22,32,1,1,34,34,0,40,39,1,0,41.86046511627907,17.05426356589147,24.8062015503876,0.7751937984496124,0.7751937984496124,26.356589147286826,26.356589147286826,0,31.007751937984494,30.23255813953488,0.7751937984496124,0
E00038094,138,56,25,31,0,0,6,3,3,76,69,7,0,40.57971014492754,18.115942028985508,22.463768115942027,0,0,4.3478260869565215,2.1739130434782608,2.1739130434782608,55.072463768115945,50,5.072463768115942,0
E00038095,137,27,19,8,0,0,7,3,4,103,96,7,0,19.708029197080293,13.86861313868613,5.839416058394161,0,0,5.109489051094891,2.18978102189781,2.9197080291970803,75.18248175182481,70.07299270072993,5.109489051094891,0
E00038096,118,83,46,37,0,0,12,11,1,23,18,5,0,70.33898305084746,38.983050847457626,31.35593220338983,0,0,10.16949152542373,9.322033898305085,0.847457627118644,19.491525423728813,15.254237288135593,4.23728813559322,0
E00038097,124,62,21,41,1,1,52,48,4,7,7,0,2,50,16.93548387096774,33.064516129032256,0.8064516129032258,0.8064516129032258,41.935483870967744,38.70967741935484,3.225806451612903,5.64516129032258,5.64516129032258,0,1.6129032258064515
E00038098,62,60,19,41,0,0,0,0,0,2,1,1,0,96.7741935483871,30.64516129032258,66.12903225806451,0,0,0,0,0,3.225806451612903,1.6129032258064515,1.6129032258064515,0
E00038099,147,101,38,63,0,0,15,14,1,31,29,2,0,68.70748299319727,25.850340136054424,42.857142857142854,0,0,10.204081632653061,9.523809523809524,0.6802721088435374,21.08843537414966,19.727891156462583,1.3605442176870748,0
E00038100,152,134,71,63,0,0,7,7,0,11,9,2,0,88.1578947368421,46.71052631578947,41.44736842105263,0,0,4.605263157894736,4.605263157894736,0,7.236842105263158,5.921052631578947,1.3157894736842104,0
E00038101,156,104,47,57,2,2,7,6,1,43,40,3,0,66.66666666666666,30.128205128205128,36.53846153846153,1.282051282051282,1.282051282051282,4.487179487179487,3.8461538461538463,0.641025641025641,27.564102564102566,25.64102564102564,1.9230769230769231,0
E00038102,126,44,19,25,0,0,66,63,3,12,8,4,4,34.92063492063492,15.079365079365079,19.841269841269842,0,0,52.38095238095239,50,2.380952380952381,9.523809523809524,6.349206349206349,3.1746031746031744,3.1746031746031744
E00038103,118,45,27,18,0,0,46,42,4,25,20,5,2,38.13559322033898,22.88135593220339,15.254237288135593,0,0,38.983050847457626,35.59322033898305,3.389830508474576,21.1864406779661,16.94915254237288,4.23728813559322,1.694915254237288
E00038104,118,109,80,29,0,0,1,0,1,7,6,1,1,92.37288135593221,67.79661016949152,24.576271186440678,0,0,0.847457627118644,0,0.847457627118644,5.932203389830509,5.084745762711865,0.847457627118644,0.847457627118644
E00038105,145,71,24,47,0,0,46,45,1,27,18,9,1,48.96551724137931,16.551724137931036,32.41379310344827,0,0,31.724137931034484,31.03448275862069,0.6896551724137931,18.620689655172416,12.413793103448276,6.206896551724138,0.6896551724137931
E00038107,124,72,26,46,0,0,27,27,0,25,23,2,0,58.06451612903226,20.967741935483872,37.096774193548384,0,0,21.774193548387096,21.774193548387096,0,20.161290322580644,18.548387096774192,1.6129032258064515,0
E00038108,128,121,72,49,0,0,0,0,0,7,6,1,0,94.53125,56.25,38.28125,0,0,0,0,0,5.46875,4.6875,0.78125,0
E00038109,130,60,27,33,0,0,43,43,0,26,24,2,1,46.15384615384615,20.76923076923077,25.384615384615383,0,0,33.07692307692307,33.07692307692307,0,20,18.461538461538463,1.5384615384615385,0.7692307692307693
E00038112,120,72,39,33,1,1,24,23,1,23,23,0,0,60,32.5,27.500000000000004,0.8333333333333334,0.8333333333333334,20,19.166666666666668,0.8333333333333334,19.166666666666668,19.166666666666668,0,0
E00038113,131,84,42,42,0,0,33,31,2,14,11,3,0,64.12213740458014,32.06106870229007,32.06106870229007,0,0,25.190839694656486,23.66412213740458,1.5267175572519083,10.687022900763358,8.396946564885496,2.2900763358778624,0
E00038114,120,65,23,42,0,0,29,29,0,24,21,3,2,54.166666666666664,19.166666666666668,35,0,0,24.166666666666668,24.166666666666668,0,20,17.5,2.5,1.6666666666666667
E00038115,124,108,63,45,0,0,2,2,0,14,12,2,0,87.09677419354838,50.806451612903224,36.29032258064516,0,0,1.6129032258064515,1.6129032258064515,0,11.29032258064516,9.67741935483871,1.6129032258064515,0
E00038116,118,70,33,37,0,0,27,27,0,20,20,0,1,59.32203389830508,27.966101694915253,31.35593220338983,0,0,22.88135593220339,22.88135593220339,0,16.94915254237288,16.94915254237288,0,0.847457627118644
E00038117,131,114,61,53,2,2,3,3,0,12,10,2,0,87.02290076335878,46.56488549618321,40.458015267175576,1.5267175572519083,1.5267175572519083,2.2900763358778624,2.2900763358778624,0,9.16030534351145,7.633587786259542,1.5267175572519083,0
E00038118,123,32,15,17,0,0,80,78,2,8,8,0,3,26.01626016260163,12.195121951219512,13.821138211382115,0,0,65.04065040650406,63.41463414634146,1.6260162601626018,6.504065040650407,6.504065040650407,0,2.4390243902439024
E00038120,130,123,73,50,0,0,1,1,0,6,6,0,0,94.61538461538461,56.15384615384615,38.46153846153847,0,0,0.7692307692307693,0.7692307692307693,0,4.615384615384616,4.615384615384616,0,0
E00038121,131,72,33,39,0,0,35,32,3,24,21,3,0,54.961832061068705,25.190839694656486,29.770992366412212,0,0,26.717557251908396,24.427480916030532,2.2900763358778624,18.3206106870229,16.030534351145036,2.2900763358778624,0
E00038122,138,101,55,46,0,0,2,1,1,35,30,5,0,73.18840579710145,39.85507246376812,33.33333333333333,0,0,1.4492753623188406,0.7246376811594203,0.7246376811594203,25.36231884057971,21.73913043478261,3.6231884057971016,0
E00038123,137,28,14,14,1,1,101,47,54,7,4,3,0,20.437956204379564,10.218978102189782,10.218978102189782,0.7299270072992701,0.7299270072992701,73.72262773722628,34.306569343065696,39.416058394160586,5.109489051094891,2.9197080291970803,2.18978102189781,0
E00038124,164,115,79,36,2,2,8,5,3,39,34,5,0,70.1219512195122,48.170731707317074,21.951219512195124,1.2195121951219512,1.2195121951219512,4.878048780487805,3.048780487804878,1.8292682926829267,23.78048780487805,20.73170731707317,3.048780487804878,0
E00038125,115,110,77,33,0,0,1,1,0,4,3,1,0,95.65217391304348,66.95652173913044,28.695652173913043,0,0,0.8695652173913043,0.8695652173913043,0,3.4782608695652173,2.608695652173913,0.8695652173913043,0
E00038126,129,124,77,47,0,0,1,0,1,4,4,0,0,96.12403100775194,59.68992248062015,36.434108527131784,0,0,0.7751937984496124,0,0.7751937984496124,3.10077519379845,3.10077519379845,0,0
E00038127,128,123,73,50,0,0,0,0,0,5,1,4,0,96.09375,57.03125,39.0625,0,0,0,0,0,3.90625,0.78125,3.125,0
E00038128,117,21,16,5,0,0,82,77,5,11,10,1,3,17.94871794871795,13.675213675213676,4.273504273504273,0,0,70.08547008547008,65.8119658119658,4.273504273504273,9.401709401709402,8.547008547008547,0.8547008547008548,2.564102564102564
E00038129,146,104,60,44,0,0,20,19,1,22,20,2,0,71.23287671232876,41.0958904109589,30.136986301369863,0,0,13.698630136986301,13.013698630136986,0.684931506849315,15.068493150684931,13.698630136986301,1.36986301369863,0
E00038130,138,126,70,56,0,0,1,1,0,11,9,2,0,91.30434782608695,50.72463768115942,40.57971014492754,0,0,0.7246376811594203,0.7246376811594203,0,7.971014492753622,6.521739130434782,1.4492753623188406,0
E00038131,131,120,75,45,0,0,3,3,0,8,6,2,0,91.6030534351145,57.25190839694656,34.35114503816794,0,0,2.2900763358778624,2.2900763358778624,0,6.106870229007633,4.580152671755725,1.5267175572519083,0
E00038132,97,35,19,16,0,0,52,5,47,10,7,3,0,36.08247422680412,19.587628865979383,16.49484536082474,0,0,53.608247422680414,5.154639175257731,48.45360824742268,10.309278350515463,7.216494845360824,3.0927835051546393,0
E00038133,121,105,76,29,2,2,1,1,0,13,8,5,0,86.77685950413223,62.8099173553719,23.96694214876033,1.6528925619834711,1.6528925619834711,0.8264462809917356,0.8264462809917356,0,10.743801652892563,6.6115702479338845,4.132231404958678,0
E00038134,116,98,60,38,0,0,3,3,0,15,11,4,0,84.48275862068965,51.724137931034484,32.758620689655174,0,0,2.586206896551724,2.586206896551724,0,12.931034482758621,9.482758620689655,3.4482758620689653,0
E00038135,119,108,77,31,0,0,0,0,0,11,9,2,0,90.75630252100841,64.70588235294117,26.05042016806723,0,0,0,0,0,9.243697478991598,7.563025210084033,1.680672268907563,0
E00038136,120,101,67,34,0,0,1,0,1,18,14,4,0,84.16666666666667,55.833333333333336,28.333333333333332,0,0,0.8333333333333334,0,0.8333333333333334,15,11.666666666666666,3.3333333333333335,0
E00038137,120,102,76,26,1,1,3,2,1,13,9,4,1,85,63.33333333333333,21.666666666666668,0.8333333333333334,0.8333333333333334,2.5,1.6666666666666667,0.8333333333333334,10.833333333333334,7.5,3.3333333333333335,0.8333333333333334
E00038138,126,90,65,25,0,0,6,1,5,30,26,4,0,71.42857142857143,51.587301587301596,19.841269841269842,0,0,4.761904761904762,0.7936507936507936,3.968253968253968,23.809523809523807,20.634920634920633,3.1746031746031744,0
E00038139,135,115,64,51,0,0,0,0,0,20,17,3,0,85.18518518518519,47.40740740740741,37.77777777777778,0,0,0,0,0,14.814814814814813,12.592592592592592,2.2222222222222223,0
E00038140,137,109,76,33,0,0,3,2,1,25,15,10,0,79.56204379562044,55.47445255474452,24.087591240875913,0,0,2.18978102189781,1.4598540145985401,0.7299270072992701,18.248175182481752,10.948905109489052,7.2992700729927,0
E00038141,152,106,61,45,0,0,0,0,0,46,44,2,0,69.73684210526315,40.131578947368425,29.605263157894733,0,0,0,0,0,30.263157894736842,28.947368421052634,1.3157894736842104,0
E00038142,141,96,42,54,0,0,18,16,2,27,24,3,0,68.08510638297872,29.78723404255319,38.297872340425535,0,0,12.76595744680851,11.347517730496454,1.4184397163120568,19.148936170212767,17.02127659574468,2.127659574468085,0
E00038143,129,92,49,43,0,0,19,18,1,18,16,2,0,71.31782945736434,37.98449612403101,33.33333333333333,0,0,14.728682170542637,13.953488372093023,0.7751937984496124,13.953488372093023,12.4031007751938,1.550387596899225,0
E00038144,139,83,38,45,0,0,33,21,12,23,22,1,0,59.71223021582733,27.33812949640288,32.37410071942446,0,0,23.741007194244602,15.107913669064748,8.633093525179856,16.546762589928058,15.827338129496402,0.7194244604316548,0
E00038145,115,62,26,36,1,1,32,31,1,20,20,0,0,53.91304347826087,22.608695652173914,31.30434782608696,0.8695652173913043,0.8695652173913043,27.82608695652174,26.956521739130434,0.8695652173913043,17.391304347826086,17.391304347826086,0,0
E00038146,124,116,98,18,0,0,1,1,0,7,3,4,0,93.54838709677419,79.03225806451613,14.516129032258066,0,0,0.8064516129032258,0.8064516129032258,0,5.64516129032258,2.4193548387096775,3.225806451612903,0
E00038147,145,135,80,55,0,0,2,2,0,8,7,1,0,93.10344827586206,55.172413793103445,37.93103448275862,0,0,1.3793103448275863,1.3793103448275863,0,5.517241379310345,4.827586206896552,0.6896551724137931,0
E00038148,134,74,42,32,0,0,1,1,0,59,51,8,0,55.223880597014926,31.343283582089555,23.88059701492537,0,0,0.7462686567164178,0.7462686567164178,0,44.02985074626866,38.059701492537314,5.970149253731343,0
E00038149,126,76,45,31,0,0,8,2,6,41,38,3,1,60.317460317460316,35.714285714285715,24.6031746031746,0,0,6.349206349206349,1.5873015873015872,4.761904761904762,32.53968253968254,30.158730158730158,2.380952380952381,0.7936507936507936
E00038150,150,51,24,27,0,0,8,3,5,91,87,4,0,34,16,18,0,0,5.333333333333334,2,3.3333333333333335,60.66666666666667,57.99999999999999,2.666666666666667,0
E00038151,134,32,26,6,2,2,16,7,9,84,78,6,0,23.88059701492537,19.402985074626866,4.477611940298507,1.4925373134328357,1.4925373134328357,11.940298507462686,5.223880597014925,6.7164179104477615,62.68656716417911,58.2089552238806,4.477611940298507,0
E00038152,159,98,51,47,0,0,36,36,0,24,21,3,1,61.63522012578616,32.075471698113205,29.559748427672954,0,0,22.641509433962266,22.641509433962266,0,15.09433962264151,13.20754716981132,1.8867924528301887,0.628930817610063
E00038153,96,44,25,19,0,0,2,1,1,50,49,1,0,45.83333333333333,26.041666666666668,19.791666666666664,0,0,2.083333333333333,1.0416666666666665,1.0416666666666665,52.083333333333336,51.041666666666664,1.0416666666666665,0
E00038154,156,18,11,7,1,1,9,2,7,127,120,7,1,11.538461538461538,7.051282051282051,4.487179487179487,0.641025641025641,0.641025641025641,5.769230769230769,1.282051282051282,4.487179487179487,81.41025641025641,76.92307692307693,4.487179487179487,0.641025641025641
E00038155,180,48,27,21,2,2,17,2,15,113,106,7,0,26.666666666666668,15,11.666666666666666,1.1111111111111112,1.1111111111111112,9.444444444444445,1.1111111111111112,8.333333333333332,62.77777777777778,58.88888888888889,3.888888888888889,0
E00038156,124,51,33,18,0,0,4,4,0,69,67,2,0,41.12903225806452,26.61290322580645,14.516129032258066,0,0,3.225806451612903,3.225806451612903,0,55.64516129032258,54.03225806451613,1.6129032258064515,0
E00038157,130,39,19,20,0,0,4,1,3,86,83,3,1,30,14.615384615384617,15.384615384615385,0,0,3.076923076923077,0.7692307692307693,2.307692307692308,66.15384615384615,63.84615384615384,2.307692307692308,0.7692307692307693
E00038158,153,41,27,14,0,0,8,4,4,104,103,1,0,26.797385620915033,17.647058823529413,9.15032679738562,0,0,5.228758169934641,2.6143790849673203,2.6143790849673203,67.97385620915033,67.3202614379085,0.6535947712418301,0
E00038159,130,54,30,24,1,1,36,19,17,39,36,3,0,41.53846153846154,23.076923076923077,18.461538461538463,0.7692307692307693,0.7692307692307693,27.692307692307693,14.615384615384617,13.076923076923078,30,27.692307692307693,2.307692307692308,0
E00038160,195,65,34,31,1,1,5,3,2,122,115,7,2,33.33333333333333,17.435897435897434,15.897435897435896,0.5128205128205128,0.5128205128205128,2.564102564102564,1.5384615384615385,1.0256410256410255,62.56410256410256,58.97435897435898,3.5897435897435894,1.0256410256410255
E00038161,139,30,23,7,1,1,6,1,5,102,94,8,0,21.58273381294964,16.546762589928058,5.0359712230215825,0.7194244604316548,0.7194244604316548,4.316546762589928,0.7194244604316548,3.5971223021582732,73.38129496402878,67.62589928057554,5.755395683453238,0
E00038162,143,4,4,0,0,0,126,117,9,10,10,0,3,2.797202797202797,2.797202797202797,0,0,0,88.11188811188812,81.81818181818183,6.293706293706294,6.993006993006993,6.993006993006993,0,2.097902097902098
E00038163,137,3,0,3,0,0,122,116,6,11,8,3,1,2.18978102189781,0,2.18978102189781,0,0,89.05109489051095,84.67153284671532,4.37956204379562,8.02919708029197,5.839416058394161,2.18978102189781,0.7299270072992701
E00038164,146,34,24,10,0,0,25,8,17,87,82,5,0,23.28767123287671,16.43835616438356,6.8493150684931505,0,0,17.123287671232877,5.47945205479452,11.643835616438356,59.589041095890416,56.16438356164384,3.4246575342465753,0
E00038165,110,17,12,5,0,0,23,10,13,70,51,19,0,15.454545454545453,10.909090909090908,4.545454545454546,0,0,20.909090909090907,9.090909090909092,11.818181818181818,63.63636363636363,46.36363636363636,17.272727272727273,0
E00038166,123,28,16,12,1,1,17,3,14,77,76,1,0,22.76422764227642,13.008130081300814,9.75609756097561,0.8130081300813009,0.8130081300813009,13.821138211382115,2.4390243902439024,11.38211382113821,62.601626016260155,61.78861788617886,0.8130081300813009,0
E00038167,141,12,3,9,0,0,115,109,6,13,10,3,1,8.51063829787234,2.127659574468085,6.382978723404255,0,0,81.56028368794325,77.30496453900709,4.25531914893617,9.219858156028367,7.092198581560284,2.127659574468085,0.7092198581560284
E00038168,169,56,37,19,0,0,34,26,8,79,76,3,0,33.13609467455622,21.893491124260358,11.242603550295858,0,0,20.118343195266274,15.384615384615385,4.733727810650888,46.74556213017752,44.97041420118343,1.7751479289940828,0
E00038169,123,45,24,21,0,0,44,43,1,34,32,2,0,36.58536585365854,19.51219512195122,17.073170731707318,0,0,35.77235772357724,34.959349593495936,0.8130081300813009,27.64227642276423,26.01626016260163,1.6260162601626018,0
E00038170,119,21,11,10,0,0,74,19,55,24,24,0,0,17.647058823529413,9.243697478991598,8.403361344537815,0,0,62.18487394957983,15.966386554621847,46.21848739495798,20.168067226890756,20.168067226890756,0,0
E00038171,153,12,10,2,0,0,130,123,7,8,8,0,3,7.8431372549019605,6.535947712418301,1.3071895424836601,0,0,84.9673202614379,80.3921568627451,4.57516339869281,5.228758169934641,5.228758169934641,0,1.9607843137254901
E00038172,115,6,4,2,0,0,100,98,2,9,7,2,0,5.217391304347826,3.4782608695652173,1.7391304347826086,0,0,86.95652173913044,85.21739130434783,1.7391304347826086,7.82608695652174,6.086956521739131,1.7391304347826086,0
E00038173,158,52,21,31,1,1,12,7,5,93,85,8,0,32.91139240506329,13.291139240506327,19.62025316455696,0.6329113924050633,0.6329113924050633,7.59493670886076,4.430379746835443,3.1645569620253164,58.86075949367089,53.79746835443038,5.063291139240507,0
E00038174,117,52,26,26,0,0,5,2,3,60,56,4,0,44.44444444444444,22.22222222222222,22.22222222222222,0,0,4.273504273504273,1.7094017094017095,2.564102564102564,51.28205128205128,47.863247863247864,3.418803418803419,0
E00038175,126,43,23,20,0,0,19,13,6,64,56,8,0,34.12698412698413,18.253968253968253,15.873015873015872,0,0,15.079365079365079,10.317460317460316,4.761904761904762,50.79365079365079,44.44444444444444,6.349206349206349,0
E00038177,116,17,8,9,0,0,69,60,9,29,24,5,1,14.655172413793101,6.896551724137931,7.758620689655173,0,0,59.48275862068966,51.724137931034484,7.758620689655173,25,20.689655172413794,4.310344827586207,0.8620689655172413
E00038179,139,4,3,1,0,0,121,114,7,13,11,2,1,2.877697841726619,2.158273381294964,0.7194244604316548,0,0,87.05035971223022,82.01438848920863,5.0359712230215825,9.352517985611511,7.913669064748201,1.4388489208633095,0.7194244604316548
E00038180,124,59,35,24,0,0,1,0,1,64,62,2,0,47.58064516129033,28.225806451612907,19.35483870967742,0,0,0.8064516129032258,0,0.8064516129032258,51.61290322580645,50,1.6129032258064515,0
E00038181,133,47,30,17,0,0,76,53,23,9,9,0,1,35.338345864661655,22.55639097744361,12.781954887218044,0,0,57.14285714285714,39.849624060150376,17.293233082706767,6.7669172932330826,6.7669172932330826,0,0.7518796992481203
E00038182,116,62,33,29,0,0,7,3,4,47,40,7,0,53.44827586206896,28.448275862068968,25,0,0,6.0344827586206895,2.586206896551724,3.4482758620689653,40.51724137931034,34.48275862068966,6.0344827586206895,0
E00038183,137,71,33,38,1,1,0,0,0,65,60,5,0,51.82481751824818,24.087591240875913,27.73722627737226,0.7299270072992701,0.7299270072992701,0,0,0,47.44525547445255,43.79562043795621,3.64963503649635,0
E00038184,142,71,40,31,0,0,51,24,27,20,17,3,0,50,28.169014084507044,21.830985915492956,0,0,35.91549295774648,16.901408450704224,19.014084507042252,14.084507042253522,11.971830985915492,2.112676056338028,0
E00038185,123,48,28,20,0,0,43,3,40,32,29,3,0,39.02439024390244,22.76422764227642,16.260162601626014,0,0,34.959349593495936,2.4390243902439024,32.52032520325203,26.01626016260163,23.577235772357724,2.4390243902439024,0
E00038186,133,24,14,10,1,1,57,12,45,51,49,2,0,18.045112781954884,10.526315789473683,7.518796992481203,0.7518796992481203,0.7518796992481203,42.857142857142854,9.022556390977442,33.83458646616541,38.34586466165413,36.84210526315789,1.5037593984962405,0
E00038187,168,47,16,31,0,0,89,82,7,30,30,0,2,27.976190476190478,9.523809523809524,18.452380952380953,0,0,52.976190476190474,48.80952380952381,4.166666666666666,17.857142857142858,17.857142857142858,0,1.1904761904761905
E00038188,137,12,7,5,0,0,116,82,34,9,8,1,0,8.75912408759124,5.109489051094891,3.64963503649635,0,0,84.67153284671532,59.854014598540154,24.817518248175183,6.569343065693431,5.839416058394161,0.7299270072992701,0
E00038189,105,82,40,42,0,0,8,8,0,15,12,3,0,78.0952380952381,38.095238095238095,40,0,0,7.6190476190476195,7.6190476190476195,0,14.285714285714285,11.428571428571429,2.857142857142857,0
E00038190,97,89,68,21,0,0,1,0,1,7,5,2,0,91.75257731958763,70.10309278350515,21.649484536082475,0,0,1.0309278350515463,0,1.0309278350515463,7.216494845360824,5.154639175257731,2.0618556701030926,0
E00038191,144,60,24,36,0,0,62,59,3,22,21,1,0,41.66666666666667,16.666666666666664,25,0,0,43.05555555555556,40.97222222222222,2.083333333333333,15.277777777777779,14.583333333333334,0.6944444444444444,0
E00038192,112,71,35,36,0,0,10,10,0,30,26,4,1,63.39285714285714,31.25,32.142857142857146,0,0,8.928571428571429,8.928571428571429,0,26.785714285714285,23.214285714285715,3.571428571428571,0.8928571428571428
E00038193,177,103,60,43,0,0,47,43,4,27,26,1,0,58.19209039548022,33.89830508474576,24.293785310734464,0,0,26.55367231638418,24.293785310734464,2.2598870056497176,15.254237288135593,14.689265536723164,0.5649717514124294,0
E00038194,120,38,18,20,0,0,56,55,1,25,22,3,1,31.666666666666664,15,16.666666666666664,0,0,46.666666666666664,45.83333333333333,0.8333333333333334,20.833333333333336,18.333333333333332,2.5,0.8333333333333334
E00038196,133,21,7,14,1,1,92,86,6,17,13,4,2,15.789473684210526,5.263157894736842,10.526315789473683,0.7518796992481203,0.7518796992481203,69.17293233082707,64.66165413533834,4.511278195488721,12.781954887218044,9.774436090225564,3.007518796992481,1.5037593984962405
E00038197,120,33,18,15,0,0,80,77,3,6,4,2,1,27.500000000000004,15,12.5,0,0,66.66666666666666,64.16666666666667,2.5,5,3.3333333333333335,1.6666666666666667,0.8333333333333334
E00038198,140,110,82,28,0,0,11,2,9,19,16,3,0,78.57142857142857,58.57142857142858,20,0,0,7.857142857142857,1.4285714285714286,6.428571428571428,13.571428571428571,11.428571428571429,2.142857142857143,0
E00038199,122,36,17,19,0,0,72,71,1,13,13,0,1,29.508196721311474,13.934426229508196,15.573770491803279,0,0,59.01639344262295,58.19672131147541,0.819672131147541,10.655737704918032,10.655737704918032,0,0.819672131147541
E00038200,131,25,12,13,1,1,101,100,1,4,4,0,0,19.083969465648856,9.16030534351145,9.923664122137405,0.7633587786259541,0.7633587786259541,77.09923664122137,76.33587786259542,0.7633587786259541,3.0534351145038165,3.0534351145038165,0,0
E00038202,138,62,25,37,0,0,4,4,0,72,67,5,0,44.927536231884055,18.115942028985508,26.811594202898554,0,0,2.898550724637681,2.898550724637681,0,52.17391304347826,48.55072463768116,3.6231884057971016,0
E00038203,117,21,7,14,0,0,89,56,33,6,6,0,1,17.94871794871795,5.982905982905983,11.965811965811966,0,0,76.06837606837607,47.863247863247864,28.205128205128204,5.128205128205128,5.128205128205128,0,0.8547008547008548
E00038204,149,39,25,14,0,0,89,48,41,19,12,7,2,26.174496644295303,16.778523489932887,9.395973154362416,0,0,59.73154362416108,32.21476510067114,27.516778523489933,12.751677852348994,8.053691275167784,4.697986577181208,1.342281879194631
E00038205,125,83,37,46,0,0,23,20,3,18,14,4,1,66.4,29.599999999999998,36.8,0,0,18.4,16,2.4,14.399999999999999,11.200000000000001,3.2,0.8
E00038206,126,33,12,21,0,0,88,86,2,5,3,2,0,26.190476190476193,9.523809523809524,16.666666666666664,0,0,69.84126984126983,68.25396825396825,1.5873015873015872,3.968253968253968,2.380952380952381,1.5873015873015872,0
E00038207,121,82,44,38,0,0,24,11,13,15,12,3,0,67.76859504132231,36.36363636363637,31.40495867768595,0,0,19.834710743801654,9.090909090909092,10.743801652892563,12.396694214876034,9.917355371900827,2.479338842975207,0
E00038208,117,91,51,40,0,0,15,14,1,11,9,2,0,77.77777777777779,43.58974358974359,34.18803418803419,0,0,12.82051282051282,11.965811965811966,0.8547008547008548,9.401709401709402,7.6923076923076925,1.7094017094017095,0
E00038209,133,95,36,59,0,0,6,4,2,31,30,1,1,71.42857142857143,27.06766917293233,44.3609022556391,0,0,4.511278195488721,3.007518796992481,1.5037593984962405,23.308270676691727,22.55639097744361,0.7518796992481203,0.7518796992481203
E00038210,126,55,44,11,0,0,55,52,3,14,13,1,2,43.65079365079365,34.92063492063492,8.73015873015873,0,0,43.65079365079365,41.269841269841265,2.380952380952381,11.11111111111111,10.317460317460316,0.7936507936507936,1.5873015873015872
E00038211,148,90,49,41,1,1,25,12,13,32,27,5,0,60.810810810810814,33.108108108108105,27.7027027027027,0.6756756756756757,0.6756756756756757,16.89189189189189,8.108108108108109,8.783783783783784,21.62162162162162,18.243243243243242,3.3783783783783785,0
E00038212,112,88,48,40,0,0,11,10,1,13,12,1,0,78.57142857142857,42.857142857142854,35.714285714285715,0,0,9.821428571428571,8.928571428571429,0.8928571428571428,11.607142857142858,10.714285714285714,0.8928571428571428,0
E00038213,115,85,45,40,0,0,13,13,0,17,15,2,0,73.91304347826086,39.130434782608695,34.78260869565217,0,0,11.304347826086957,11.304347826086957,0,14.782608695652174,13.043478260869565,1.7391304347826086,0
E00038214,136,119,79,40,1,1,2,2,0,14,11,3,0,87.5,58.08823529411765,29.411764705882355,0.7352941176470588,0.7352941176470588,1.4705882352941175,1.4705882352941175,0,10.294117647058822,8.088235294117647,2.2058823529411766,0
E00038215,150,71,48,23,0,0,4,1,3,75,70,5,0,47.333333333333336,32,15.333333333333332,0,0,2.666666666666667,0.6666666666666667,2,50,46.666666666666664,3.3333333333333335,0
E00038216,119,83,49,34,1,1,21,21,0,11,10,1,3,69.74789915966386,41.17647058823529,28.57142857142857,0.8403361344537815,0.8403361344537815,17.647058823529413,17.647058823529413,0,9.243697478991598,8.403361344537815,0.8403361344537815,2.5210084033613445
E00038217,128,62,31,31,0,0,38,37,1,27,15,12,1,48.4375,24.21875,24.21875,0,0,29.6875,28.90625,0.78125,21.09375,11.71875,9.375,0.78125
E00038218,114,100,51,49,0,0,2,2,0,12,9,3,0,87.71929824561403,44.73684210526316,42.98245614035088,0,0,1.7543859649122806,1.7543859649122806,0,10.526315789473683,7.894736842105263,2.631578947368421,0
E00038219,152,119,66,53,0,0,4,2,2,29,22,7,0,78.28947368421053,43.42105263157895,34.868421052631575,0,0,2.631578947368421,1.3157894736842104,1.3157894736842104,19.078947368421055,14.473684210526317,4.605263157894736,0
E00038220,135,89,40,49,0,0,29,29,0,17,12,5,0,65.92592592592592,29.629629629629626,36.2962962962963,0,0,21.48148148148148,21.48148148148148,0,12.592592592592592,8.88888888888889,3.7037037037037033,0
E00038221,128,71,29,42,0,0,45,43,2,11,10,1,1,55.46875,22.65625,32.8125,0,0,35.15625,33.59375,1.5625,8.59375,7.8125,0.78125,0.78125
E00038222,118,68,43,25,0,0,31,31,0,19,14,5,0,57.6271186440678,36.440677966101696,21.1864406779661,0,0,26.27118644067797,26.27118644067797,0,16.101694915254235,11.864406779661017,4.23728813559322,0
E00038223,135,87,40,47,1,1,36,36,0,10,7,3,1,64.44444444444444,29.629629629629626,34.81481481481482,0.7407407407407408,0.7407407407407408,26.666666666666668,26.666666666666668,0,7.4074074074074066,5.185185185185185,2.2222222222222223,0.7407407407407408
E00038224,154,86,41,45,0,0,43,34,9,25,20,5,0,55.84415584415584,26.623376623376622,29.22077922077922,0,0,27.92207792207792,22.07792207792208,5.844155844155844,16.233766233766232,12.987012987012985,3.2467532467532463,0
E00038225,133,51,30,21,0,0,66,62,4,13,10,3,3,38.34586466165413,22.55639097744361,15.789473684210526,0,0,49.62406015037594,46.616541353383454,3.007518796992481,9.774436090225564,7.518796992481203,2.2556390977443606,2.2556390977443606
E00038226,130,101,57,44,0,0,14,14,0,15,13,2,0,77.6923076923077,43.84615384615385,33.84615384615385,0,0,10.76923076923077,10.76923076923077,0,11.538461538461538,10,1.5384615384615385,0
E00038227,124,85,48,37,0,0,14,13,1,25,19,6,0,68.54838709677419,38.70967741935484,29.838709677419356,0,0,11.29032258064516,10.483870967741936,0.8064516129032258,20.161290322580644,15.32258064516129,4.838709677419355,0
E00038228,119,94,55,39,0,0,10,10,0,13,9,4,2,78.99159663865547,46.21848739495798,32.773109243697476,0,0,8.403361344537815,8.403361344537815,0,10.92436974789916,7.563025210084033,3.361344537815126,1.680672268907563
E00038229,137,24,14,10,1,1,99,97,2,4,4,0,9,17.51824817518248,10.218978102189782,7.2992700729927,0.7299270072992701,0.7299270072992701,72.26277372262774,70.8029197080292,1.4598540145985401,2.9197080291970803,2.9197080291970803,0,6.569343065693431
E00038230,147,51,25,26,0,0,77,72,5,17,17,0,2,34.69387755102041,17.006802721088434,17.687074829931973,0,0,52.38095238095239,48.97959183673469,3.4013605442176873,11.564625850340136,11.564625850340136,0,1.3605442176870748
E00038231,113,28,13,15,0,0,73,69,4,11,11,0,1,24.778761061946902,11.504424778761061,13.274336283185843,0,0,64.60176991150442,61.06194690265486,3.5398230088495577,9.734513274336283,9.734513274336283,0,0.8849557522123894
E00038232,118,83,52,31,0,0,7,5,2,28,21,7,0,70.33898305084746,44.06779661016949,26.27118644067797,0,0,5.932203389830509,4.23728813559322,1.694915254237288,23.728813559322035,17.796610169491526,5.932203389830509,0
E00038233,139,119,71,48,0,0,7,6,1,13,4,9,0,85.61151079136691,51.07913669064749,34.53237410071942,0,0,5.0359712230215825,4.316546762589928,0.7194244604316548,9.352517985611511,2.877697841726619,6.474820143884892,0
E00038234,144,46,16,30,0,0,86,80,6,10,10,0,2,31.944444444444443,11.11111111111111,20.833333333333336,0,0,59.72222222222222,55.55555555555556,4.166666666666666,6.944444444444445,6.944444444444445,0,1.3888888888888888
E00038235,145,108,58,50,0,0,14,14,0,23,20,3,0,74.48275862068967,40,34.48275862068966,0,0,9.655172413793103,9.655172413793103,0,15.862068965517242,13.793103448275861,2.0689655172413794,0
E00038236,117,94,46,48,0,0,1,0,1,22,20,2,0,80.34188034188034,39.31623931623932,41.02564102564102,0,0,0.8547008547008548,0,0.8547008547008548,18.803418803418804,17.094017094017094,1.7094017094017095,0
E00038238,100,76,21,55,0,0,1,1,0,23,21,2,0,76,21,55.00000000000001,0,0,1,1,0,23,21,2,0
E00038239,145,57,26,31,0,0,12,12,0,76,73,3,0,39.310344827586206,17.93103448275862,21.379310344827587,0,0,8.275862068965518,8.275862068965518,0,52.41379310344828,50.3448275862069,2.0689655172413794,0
E00038240,128,98,37,61,0,0,3,2,1,27,20,7,0,76.5625,28.90625,47.65625,0,0,2.34375,1.5625,0.78125,21.09375,15.625,5.46875,0
E00038241,139,49,31,18,0,0,41,16,25,49,48,1,0,35.25179856115108,22.302158273381295,12.949640287769784,0,0,29.496402877697843,11.510791366906476,17.985611510791365,35.25179856115108,34.53237410071942,0.7194244604316548,0
E00038242,105,43,24,19,0,0,9,9,0,53,52,1,0,40.95238095238095,22.857142857142858,18.095238095238095,0,0,8.571428571428571,8.571428571428571,0,50.476190476190474,49.523809523809526,0.9523809523809524,0
E00038243,134,70,33,37,0,0,18,14,4,46,46,0,0,52.23880597014925,24.62686567164179,27.611940298507463,0,0,13.432835820895523,10.44776119402985,2.9850746268656714,34.32835820895522,34.32835820895522,0,0
E00038244,137,71,28,43,0,0,9,9,0,57,55,2,0,51.82481751824818,20.437956204379564,31.386861313868614,0,0,6.569343065693431,6.569343065693431,0,41.605839416058394,40.14598540145985,1.4598540145985401,0
E00038245,127,69,36,33,0,0,11,8,3,47,43,4,0,54.330708661417326,28.346456692913385,25.984251968503933,0,0,8.661417322834646,6.299212598425196,2.3622047244094486,37.00787401574803,33.85826771653544,3.149606299212598,0
E00038246,132,97,64,33,0,0,15,14,1,20,20,0,0,73.48484848484848,48.484848484848484,25,0,0,11.363636363636363,10.606060606060606,0.7575757575757576,15.151515151515152,15.151515151515152,0,0
E00038247,164,25,16,9,6,6,120,68,52,12,8,4,1,15.24390243902439,9.75609756097561,5.487804878048781,3.6585365853658534,3.6585365853658534,73.17073170731707,41.46341463414634,31.70731707317073,7.317073170731707,4.878048780487805,2.4390243902439024,0.6097560975609756
E00038248,135,73,40,33,0,0,32,31,1,29,25,4,1,54.074074074074076,29.629629629629626,24.444444444444443,0,0,23.703703703703706,22.962962962962962,0.7407407407407408,21.48148148148148,18.51851851851852,2.9629629629629632,0.7407407407407408
E00038249,119,82,40,42,0,0,20,18,2,17,15,2,0,68.90756302521008,33.61344537815126,35.294117647058826,0,0,16.80672268907563,15.126050420168067,1.680672268907563,14.285714285714285,12.605042016806722,1.680672268907563,0
E00038250,118,72,33,39,0,0,28,27,1,18,16,2,0,61.016949152542374,27.966101694915253,33.05084745762712,0,0,23.728813559322035,22.88135593220339,0.847457627118644,15.254237288135593,13.559322033898304,1.694915254237288,0
E00038251,113,73,29,44,2,2,14,12,2,24,20,4,0,64.60176991150442,25.663716814159294,38.93805309734513,1.7699115044247788,1.7699115044247788,12.389380530973451,10.619469026548673,1.7699115044247788,21.238938053097346,17.699115044247787,3.5398230088495577,0
E00038253,137,87,51,36,1,1,33,23,10,16,13,3,0,63.503649635036496,37.22627737226277,26.277372262773724,0.7299270072992701,0.7299270072992701,24.087591240875913,16.78832116788321,7.2992700729927,11.678832116788321,9.48905109489051,2.18978102189781,0
E00038254,119,68,35,33,5,5,16,6,10,30,26,4,0,57.14285714285714,29.411764705882355,27.73109243697479,4.201680672268908,4.201680672268908,13.445378151260504,5.042016806722689,8.403361344537815,25.210084033613445,21.84873949579832,3.361344537815126,0
E00038255,145,99,51,48,1,1,32,31,1,13,10,3,0,68.27586206896552,35.172413793103445,33.10344827586207,0.6896551724137931,0.6896551724137931,22.06896551724138,21.379310344827587,0.6896551724137931,8.96551724137931,6.896551724137931,2.0689655172413794,0
E00038256,120,76,37,39,0,0,29,27,2,14,13,1,1,63.33333333333333,30.833333333333336,32.5,0,0,24.166666666666668,22.5,1.6666666666666667,11.666666666666666,10.833333333333334,0.8333333333333334,0.8333333333333334
E00038257,131,54,27,27,0,0,58,53,5,17,16,1,2,41.221374045801525,20.610687022900763,20.610687022900763,0,0,44.274809160305345,40.458015267175576,3.816793893129771,12.977099236641221,12.213740458015266,0.7633587786259541,1.5267175572519083
E00038258,137,65,34,31,1,1,56,54,2,12,10,2,3,47.44525547445255,24.817518248175183,22.62773722627737,0.7299270072992701,0.7299270072992701,40.87591240875913,39.416058394160586,1.4598540145985401,8.75912408759124,7.2992700729927,1.4598540145985401,2.18978102189781
E00038259,143,87,45,42,1,1,43,28,15,11,7,4,1,60.83916083916085,31.46853146853147,29.37062937062937,0.6993006993006993,0.6993006993006993,30.069930069930066,19.58041958041958,10.48951048951049,7.6923076923076925,4.895104895104895,2.797202797202797,0.6993006993006993
E00038260,147,102,51,51,1,1,35,26,9,9,7,2,0,69.38775510204081,34.69387755102041,34.69387755102041,0.6802721088435374,0.6802721088435374,23.809523809523807,17.687074829931973,6.122448979591836,6.122448979591836,4.761904761904762,1.3605442176870748,0
E00038261,123,59,29,30,0,0,47,43,4,16,15,1,1,47.96747967479675,23.577235772357724,24.390243902439025,0,0,38.21138211382114,34.959349593495936,3.2520325203252036,13.008130081300814,12.195121951219512,0.8130081300813009,0.8130081300813009
E00038262,121,97,60,37,1,1,1,1,0,22,19,3,0,80.16528925619835,49.586776859504134,30.57851239669421,0.8264462809917356,0.8264462809917356,0.8264462809917356,0.8264462809917356,0,18.181818181818183,15.702479338842975,2.479338842975207,0
E00038263,135,76,42,34,0,0,41,39,2,17,13,4,1,56.2962962962963,31.11111111111111,25.185185185185183,0,0,30.37037037037037,28.888888888888886,1.4814814814814816,12.592592592592592,9.62962962962963,2.9629629629629632,0.7407407407407408
E00038264,128,124,74,50,0,0,1,1,0,3,3,0,0,96.875,57.8125,39.0625,0,0,0.78125,0.78125,0,2.34375,2.34375,0,0
E00038265,125,67,35,32,0,0,3,2,1,55,49,6,0,53.6,28.000000000000004,25.6,0,0,2.4,1.6,0.8,44,39.2,4.8,0
E00038266,115,81,41,40,0,0,2,1,1,32,31,1,0,70.43478260869566,35.65217391304348,34.78260869565217,0,0,1.7391304347826086,0.8695652173913043,0.8695652173913043,27.82608695652174,26.956521739130434,0.8695652173913043,0
E00038267,115,85,59,26,0,0,16,14,2,12,6,6,2,73.91304347826086,51.30434782608696,22.608695652173914,0,0,13.91304347826087,12.173913043478262,1.7391304347826086,10.434782608695652,5.217391304347826,5.217391304347826,1.7391304347826086
E00038268,109,96,73,23,0,0,4,4,0,9,7,2,0,88.07339449541286,66.97247706422019,21.100917431192663,0,0,3.669724770642202,3.669724770642202,0,8.256880733944955,6.422018348623854,1.834862385321101,0
E00038269,148,131,68,63,0,0,0,0,0,17,16,1,0,88.51351351351352,45.94594594594595,42.567567567567565,0,0,0,0,0,11.486486486486488,10.81081081081081,0.6756756756756757,0
E00038270,143,125,76,49,0,0,2,2,0,16,12,4,0,87.41258741258741,53.14685314685315,34.26573426573427,0,0,1.3986013986013985,1.3986013986013985,0,11.188811188811188,8.391608391608392,2.797202797202797,0
E00038271,128,120,48,72,0,0,2,2,0,6,5,1,0,93.75,37.5,56.25,0,0,1.5625,1.5625,0,4.6875,3.90625,0.78125,0
E00038272,157,129,62,67,1,1,1,1,0,26,23,3,0,82.16560509554141,39.490445859872615,42.675159235668794,0.6369426751592357,0.6369426751592357,0.6369426751592357,0.6369426751592357,0,16.560509554140125,14.64968152866242,1.910828025477707,0
E00038273,125,96,61,35,0,0,18,18,0,11,5,6,0,76.8,48.8,28.000000000000004,0,0,14.399999999999999,14.399999999999999,0,8.799999999999999,4,4.8,0
E00038274,142,129,80,49,0,0,2,2,0,11,8,3,0,90.84507042253522,56.33802816901409,34.50704225352113,0,0,1.4084507042253522,1.4084507042253522,0,7.746478873239436,5.633802816901409,2.112676056338028,0
E00038275,127,112,62,50,0,0,1,1,0,14,9,5,0,88.18897637795276,48.818897637795274,39.37007874015748,0,0,0.7874015748031495,0.7874015748031495,0,11.023622047244094,7.086614173228346,3.937007874015748,0
E00038276,110,100,43,57,0,0,0,0,0,10,9,1,0,90.9090909090909,39.09090909090909,51.81818181818182,0,0,0,0,0,9.090909090909092,8.181818181818182,0.9090909090909091,0
E00038277,117,101,42,59,2,2,0,0,0,14,11,3,0,86.32478632478633,35.8974358974359,50.427350427350426,1.7094017094017095,1.7094017094017095,0,0,0,11.965811965811966,9.401709401709402,2.564102564102564,0
E00038278,132,106,62,44,1,1,9,8,1,16,13,3,0,80.3030303030303,46.96969696969697,33.33333333333333,0.7575757575757576,0.7575757575757576,6.8181818181818175,6.0606060606060606,0.7575757575757576,12.121212121212121,9.848484848484848,2.272727272727273,0
E00038279,133,103,51,52,0,0,4,3,1,26,23,3,0,77.44360902255639,38.34586466165413,39.097744360902254,0,0,3.007518796992481,2.2556390977443606,0.7518796992481203,19.548872180451127,17.293233082706767,2.2556390977443606,0
E00038280,125,30,13,17,0,0,87,87,0,6,5,1,2,24,10.4,13.600000000000001,0,0,69.6,69.6,0,4.8,4,0.8,1.6
E00038281,121,96,50,46,0,0,16,16,0,9,6,3,0,79.33884297520662,41.32231404958678,38.01652892561984,0,0,13.223140495867769,13.223140495867769,0,7.43801652892562,4.958677685950414,2.479338842975207,0
E00038282,150,137,87,50,0,0,2,0,2,11,11,0,0,91.33333333333333,57.99999999999999,33.33333333333333,0,0,1.3333333333333335,0,1.3333333333333335,7.333333333333333,7.333333333333333,0,0
E00038283,202,178,87,91,9,9,7,1,6,8,8,0,0,88.11881188118812,43.06930693069307,45.04950495049505,4.455445544554455,4.455445544554455,3.4653465346534658,0.49504950495049505,2.9702970297029703,3.9603960396039604,3.9603960396039604,0,0
E00038284,123,54,22,32,0,0,47,46,1,21,16,5,1,43.90243902439025,17.88617886178862,26.01626016260163,0,0,38.21138211382114,37.39837398373984,0.8130081300813009,17.073170731707318,13.008130081300814,4.0650406504065035,0.8130081300813009
E00038285,121,99,59,40,0,0,15,14,1,7,5,2,0,81.81818181818183,48.760330578512395,33.057851239669425,0,0,12.396694214876034,11.570247933884298,0.8264462809917356,5.785123966942149,4.132231404958678,1.6528925619834711,0
E00038286,145,116,69,47,0,0,19,19,0,10,9,1,0,80,47.58620689655172,32.41379310344827,0,0,13.10344827586207,13.10344827586207,0,6.896551724137931,6.206896551724138,0.6896551724137931,0
E00038287,122,93,42,51,0,0,17,16,1,12,10,2,0,76.22950819672131,34.42622950819672,41.80327868852459,0,0,13.934426229508196,13.114754098360656,0.819672131147541,9.836065573770492,8.19672131147541,1.639344262295082,0
E00038288,124,65,29,36,0,0,42,38,4,17,16,1,0,52.41935483870967,23.387096774193548,29.03225806451613,0,0,33.87096774193548,30.64516129032258,3.225806451612903,13.709677419354838,12.903225806451612,0.8064516129032258,0
E00038289,211,155,73,82,1,1,6,0,6,49,38,11,0,73.45971563981043,34.59715639810427,38.862559241706165,0.47393364928909953,0.47393364928909953,2.843601895734597,0,2.843601895734597,23.22274881516588,18.009478672985782,5.213270142180095,0
E00038290,147,114,73,41,1,1,4,3,1,28,21,7,0,77.55102040816327,49.65986394557823,27.89115646258503,0.6802721088435374,0.6802721088435374,2.7210884353741496,2.0408163265306123,0.6802721088435374,19.047619047619047,14.285714285714285,4.761904761904762,0
E00038291,122,101,59,42,0,0,7,4,3,14,11,3,0,82.78688524590164,48.36065573770492,34.42622950819672,0,0,5.737704918032787,3.278688524590164,2.459016393442623,11.475409836065573,9.01639344262295,2.459016393442623,0
E00038292,124,86,47,39,0,0,22,22,0,15,11,4,1,69.35483870967742,37.903225806451616,31.451612903225808,0,0,17.741935483870968,17.741935483870968,0,12.096774193548388,8.870967741935484,3.225806451612903,0.8064516129032258
E00038293,124,47,34,13,0,0,66,63,3,9,5,4,2,37.903225806451616,27.419354838709676,10.483870967741936,0,0,53.2258064516129,50.806451612903224,2.4193548387096775,7.258064516129033,4.032258064516129,3.225806451612903,1.6129032258064515
E00038294,138,118,75,43,0,0,7,1,6,13,7,6,0,85.5072463768116,54.347826086956516,31.15942028985507,0,0,5.072463768115942,0.7246376811594203,4.3478260869565215,9.420289855072465,5.072463768115942,4.3478260869565215,0
E00038295,127,90,46,44,0,0,18,18,0,19,14,5,0,70.86614173228347,36.22047244094488,34.645669291338585,0,0,14.173228346456693,14.173228346456693,0,14.960629921259844,11.023622047244094,3.937007874015748,0
E00038296,136,63,32,31,0,0,49,47,2,24,20,4,0,46.32352941176471,23.52941176470588,22.794117647058822,0,0,36.029411764705884,34.55882352941176,1.4705882352941175,17.647058823529413,14.705882352941178,2.941176470588235,0
E00038297,133,114,75,39,0,0,9,8,1,10,5,5,0,85.71428571428571,56.390977443609025,29.32330827067669,0,0,6.7669172932330826,6.015037593984962,0.7518796992481203,7.518796992481203,3.7593984962406015,3.7593984962406015,0
E00038298,112,89,60,29,0,0,3,1,2,20,18,2,0,79.46428571428571,53.57142857142857,25.892857142857146,0,0,2.6785714285714284,0.8928571428571428,1.7857142857142856,17.857142857142858,16.071428571428573,1.7857142857142856,0
E00038299,132,103,76,27,0,0,1,1,0,28,24,4,0,78.03030303030303,57.57575757575758,20.454545454545457,0,0,0.7575757575757576,0.7575757575757576,0,21.21212121212121,18.181818181818183,3.0303030303030303,0
E00038300,125,104,63,41,0,0,1,1,0,20,15,5,0,83.2,50.4,32.800000000000004,0,0,0.8,0.8,0,16,12,4,0
E00038301,111,75,43,32,0,0,17,17,0,19,18,1,0,67.56756756756756,38.73873873873874,28.82882882882883,0,0,15.315315315315313,15.315315315315313,0,17.117117117117118,16.216216216216218,0.9009009009009009,0
E00038302,133,112,58,54,0,0,0,0,0,21,18,3,0,84.21052631578947,43.609022556390975,40.6015037593985,0,0,0,0,0,15.789473684210526,13.533834586466165,2.2556390977443606,0
E00038303,147,122,80,42,2,2,7,6,1,16,15,1,0,82.99319727891157,54.421768707483,28.57142857142857,1.3605442176870748,1.3605442176870748,4.761904761904762,4.081632653061225,0.6802721088435374,10.884353741496598,10.204081632653061,0.6802721088435374,0
E00038305,116,97,61,36,0,0,7,6,1,12,10,2,0,83.62068965517241,52.58620689655172,31.03448275862069,0,0,6.0344827586206895,5.172413793103448,0.8620689655172413,10.344827586206897,8.620689655172415,1.7241379310344827,0
E00038306,103,99,50,49,0,0,1,0,1,3,3,0,0,96.11650485436894,48.54368932038835,47.57281553398058,0,0,0.9708737864077669,0,0.9708737864077669,2.912621359223301,2.912621359223301,0,0
E00038307,114,107,84,23,0,0,2,1,1,5,5,0,0,93.85964912280701,73.68421052631578,20.175438596491226,0,0,1.7543859649122806,0.8771929824561403,0.8771929824561403,4.385964912280701,4.385964912280701,0,0
E00038308,114,105,75,30,2,2,1,1,0,6,5,1,0,92.10526315789474,65.78947368421053,26.31578947368421,1.7543859649122806,1.7543859649122806,0.8771929824561403,0.8771929824561403,0,5.263157894736842,4.385964912280701,0.8771929824561403,0
E00038309,165,145,121,24,0,0,2,2,0,18,10,8,0,87.87878787878788,73.33333333333333,14.545454545454545,0,0,1.2121212121212122,1.2121212121212122,0,10.909090909090908,6.0606060606060606,4.848484848484849,0
E00038310,119,94,65,29,1,1,5,3,2,19,13,6,0,78.99159663865547,54.621848739495796,24.369747899159663,0.8403361344537815,0.8403361344537815,4.201680672268908,2.5210084033613445,1.680672268907563,15.966386554621847,10.92436974789916,5.042016806722689,0
E00038311,134,84,38,46,0,0,22,22,0,28,24,4,0,62.68656716417911,28.35820895522388,34.32835820895522,0,0,16.417910447761194,16.417910447761194,0,20.8955223880597,17.91044776119403,2.9850746268656714,0
E00038312,112,100,56,44,1,1,1,1,0,10,10,0,0,89.28571428571429,50,39.285714285714285,0.8928571428571428,0.8928571428571428,0.8928571428571428,0.8928571428571428,0,8.928571428571429,8.928571428571429,0,0
E00038313,137,53,23,30,0,0,63,53,10,20,16,4,1,38.68613138686132,16.78832116788321,21.897810218978105,0,0,45.98540145985402,38.68613138686132,7.2992700729927,14.5985401459854,11.678832116788321,2.9197080291970803,0.7299270072992701
E00038314,175,91,29,62,0,0,30,28,2,54,46,8,0,52,16.57142857142857,35.42857142857142,0,0,17.142857142857142,16,1.1428571428571428,30.857142857142854,26.285714285714285,4.571428571428571,0
E00038315,124,80,45,35,0,0,18,17,1,26,19,7,0,64.51612903225806,36.29032258064516,28.225806451612907,0,0,14.516129032258066,13.709677419354838,0.8064516129032258,20.967741935483872,15.32258064516129,5.64516129032258,0
E00038316,154,102,40,62,0,0,0,0,0,51,50,1,1,66.23376623376623,25.97402597402597,40.25974025974026,0,0,0,0,0,33.116883116883116,32.467532467532465,0.6493506493506493,0.6493506493506493
E00038317,166,130,56,74,0,0,9,5,4,27,24,3,0,78.3132530120482,33.734939759036145,44.57831325301205,0,0,5.421686746987952,3.0120481927710845,2.4096385542168677,16.265060240963855,14.457831325301203,1.8072289156626504,0
E00038318,121,89,51,38,0,0,10,9,1,22,15,7,0,73.55371900826447,42.14876033057851,31.40495867768595,0,0,8.264462809917356,7.43801652892562,0.8264462809917356,18.181818181818183,12.396694214876034,5.785123966942149,0
E00038319,121,105,63,42,0,0,7,3,4,9,8,1,0,86.77685950413223,52.066115702479344,34.710743801652896,0,0,5.785123966942149,2.479338842975207,3.3057851239669422,7.43801652892562,6.6115702479338845,0.8264462809917356,0
E00038320,116,62,22,40,0,0,43,42,1,11,11,0,0,53.44827586206896,18.96551724137931,34.48275862068966,0,0,37.06896551724138,36.206896551724135,0.8620689655172413,9.482758620689655,9.482758620689655,0,0
E00038321,141,86,38,48,0,0,29,29,0,26,23,3,0,60.99290780141844,26.95035460992908,34.04255319148936,0,0,20.56737588652482,20.56737588652482,0,18.439716312056735,16.312056737588655,2.127659574468085,0
E00038322,123,55,24,31,1,1,53,52,1,14,13,1,0,44.71544715447154,19.51219512195122,25.203252032520325,0.8130081300813009,0.8130081300813009,43.08943089430895,42.27642276422765,0.8130081300813009,11.38211382113821,10.569105691056912,0.8130081300813009,0
E00038323,125,42,21,21,0,0,56,54,2,24,23,1,3,33.6,16.8,16.8,0,0,44.800000000000004,43.2,1.6,19.2,18.4,0.8,2.4
E00038324,138,58,20,38,0,0,63,51,12,16,14,2,1,42.028985507246375,14.492753623188406,27.536231884057973,0,0,45.65217391304348,36.95652173913043,8.695652173913043,11.594202898550725,10.144927536231885,1.4492753623188406,0.7246376811594203
E00038325,133,116,56,60,0,0,3,3,0,14,13,1,0,87.21804511278195,42.10526315789473,45.11278195488722,0,0,2.2556390977443606,2.2556390977443606,0,10.526315789473683,9.774436090225564,0.7518796992481203,0
E00038326,131,106,73,33,0,0,17,15,2,8,3,5,0,80.91603053435115,55.72519083969466,25.190839694656486,0,0,12.977099236641221,11.450381679389313,1.5267175572519083,6.106870229007633,2.2900763358778624,3.816793893129771,0
E00038327,130,54,36,18,1,1,60,55,5,13,11,2,2,41.53846153846154,27.692307692307693,13.846153846153847,0.7692307692307693,0.7692307692307693,46.15384615384615,42.30769230769231,3.8461538461538463,10,8.461538461538462,1.5384615384615385,1.5384615384615385
E00038328,112,55,20,35,0,0,43,42,1,11,8,3,3,49.107142857142854,17.857142857142858,31.25,0,0,38.392857142857146,37.5,0.8928571428571428,9.821428571428571,7.142857142857142,2.6785714285714284,2.6785714285714284
E00038329,134,58,24,34,0,0,62,51,11,14,10,4,0,43.28358208955223,17.91044776119403,25.37313432835821,0,0,46.26865671641791,38.059701492537314,8.208955223880597,10.44776119402985,7.462686567164178,2.9850746268656714,0
E00038330,119,100,56,44,0,0,2,2,0,17,15,2,0,84.03361344537815,47.05882352941176,36.97478991596639,0,0,1.680672268907563,1.680672268907563,0,14.285714285714285,12.605042016806722,1.680672268907563,0
E00038331,150,132,70,62,0,0,0,0,0,18,17,1,0,88,46.666666666666664,41.333333333333336,0,0,0,0,0,12,11.333333333333332,0.6666666666666667,0
E00038332,140,51,28,23,0,0,59,43,16,30,25,5,0,36.42857142857142,20,16.428571428571427,0,0,42.142857142857146,30.714285714285715,11.428571428571429,21.428571428571427,17.857142857142858,3.571428571428571,0
E00038333,117,71,31,40,0,0,25,25,0,21,18,3,0,60.68376068376068,26.495726495726498,34.18803418803419,0,0,21.367521367521366,21.367521367521366,0,17.94871794871795,15.384615384615385,2.564102564102564,0
E00038334,121,44,18,26,0,0,70,68,2,5,5,0,2,36.36363636363637,14.87603305785124,21.487603305785125,0,0,57.85123966942148,56.19834710743802,1.6528925619834711,4.132231404958678,4.132231404958678,0,1.6528925619834711
E00038335,126,102,58,44,0,0,0,0,0,24,21,3,0,80.95238095238095,46.03174603174603,34.92063492063492,0,0,0,0,0,19.047619047619047,16.666666666666664,2.380952380952381,0
E00038336,122,96,75,21,2,2,3,1,2,21,16,5,0,78.68852459016394,61.47540983606557,17.21311475409836,1.639344262295082,1.639344262295082,2.459016393442623,0.819672131147541,1.639344262295082,17.21311475409836,13.114754098360656,4.098360655737705,0
E00038337,125,95,42,53,1,1,5,4,1,23,18,5,1,76,33.6,42.4,0.8,0.8,4,3.2,0.8,18.4,14.399999999999999,4,0.8
E00038338,136,6,3,3,0,0,98,92,6,29,7,22,3,4.411764705882353,2.2058823529411766,2.2058823529411766,0,0,72.05882352941177,67.64705882352942,4.411764705882353,21.323529411764707,5.147058823529411,16.176470588235293,2.2058823529411766
E00038339,116,85,43,42,0,0,8,6,2,23,17,6,0,73.27586206896551,37.06896551724138,36.206896551724135,0,0,6.896551724137931,5.172413793103448,1.7241379310344827,19.82758620689655,14.655172413793101,5.172413793103448,0
E00038340,129,65,29,36,0,0,34,31,3,30,24,6,0,50.3875968992248,22.48062015503876,27.906976744186046,0,0,26.356589147286826,24.031007751937985,2.3255813953488373,23.25581395348837,18.6046511627907,4.651162790697675,0
E00038341,122,50,18,32,0,0,53,52,1,17,15,2,2,40.98360655737705,14.754098360655737,26.229508196721312,0,0,43.44262295081967,42.62295081967213,0.819672131147541,13.934426229508196,12.295081967213115,1.639344262295082,1.639344262295082
E00038342,117,50,15,35,0,0,49,46,3,18,15,3,0,42.73504273504273,12.82051282051282,29.914529914529915,0,0,41.88034188034188,39.31623931623932,2.564102564102564,15.384615384615385,12.82051282051282,2.564102564102564,0
E00038343,118,63,29,34,0,0,37,35,2,17,16,1,1,53.38983050847458,24.576271186440678,28.8135593220339,0,0,31.35593220338983,29.66101694915254,1.694915254237288,14.40677966101695,13.559322033898304,0.847457627118644,0.847457627118644
E00038344,143,98,48,50,1,1,11,7,4,33,28,5,0,68.53146853146853,33.56643356643357,34.96503496503497,0.6993006993006993,0.6993006993006993,7.6923076923076925,4.895104895104895,2.797202797202797,23.076923076923077,19.58041958041958,3.4965034965034967,0
E00038345,117,78,33,45,0,0,18,18,0,21,17,4,0,66.66666666666666,28.205128205128204,38.46153846153847,0,0,15.384615384615385,15.384615384615385,0,17.94871794871795,14.529914529914532,3.418803418803419,0
E00038346,119,49,18,31,0,0,51,50,1,19,19,0,0,41.17647058823529,15.126050420168067,26.05042016806723,0,0,42.857142857142854,42.016806722689076,0.8403361344537815,15.966386554621847,15.966386554621847,0,0
E00038347,126,72,23,49,1,1,25,25,0,28,26,2,0,57.14285714285714,18.253968253968253,38.88888888888889,0.7936507936507936,0.7936507936507936,19.841269841269842,19.841269841269842,0,22.22222222222222,20.634920634920633,1.5873015873015872,0
E00038348,122,56,25,31,0,0,48,48,0,16,11,5,2,45.90163934426229,20.491803278688526,25.40983606557377,0,0,39.34426229508197,39.34426229508197,0,13.114754098360656,9.01639344262295,4.098360655737705,1.639344262295082
E00038349,142,71,37,34,1,1,31,31,0,39,36,3,0,50,26.056338028169012,23.943661971830984,0.7042253521126761,0.7042253521126761,21.830985915492956,21.830985915492956,0,27.464788732394368,25.352112676056336,2.112676056338028,0
E00038350,129,106,57,49,0,0,1,0,1,22,18,4,0,82.17054263565892,44.18604651162791,37.98449612403101,0,0,0.7751937984496124,0,0.7751937984496124,17.05426356589147,13.953488372093023,3.10077519379845,0
E00038351,130,58,23,35,0,0,51,48,3,20,17,3,1,44.61538461538462,17.692307692307693,26.923076923076923,0,0,39.23076923076923,36.92307692307693,2.307692307692308,15.384615384615385,13.076923076923078,2.307692307692308,0.7692307692307693
E00038352,121,58,26,32,0,0,43,43,0,20,17,3,0,47.93388429752066,21.487603305785125,26.446280991735538,0,0,35.53719008264463,35.53719008264463,0,16.528925619834713,14.049586776859504,2.479338842975207,0
E00038353,92,45,16,29,0,0,38,32,6,9,9,0,0,48.91304347826087,17.391304347826086,31.521739130434785,0,0,41.30434782608695,34.78260869565217,6.521739130434782,9.782608695652174,9.782608695652174,0,0
E00038354,126,66,31,35,0,0,37,34,3,22,20,2,1,52.38095238095239,24.6031746031746,27.77777777777778,0,0,29.365079365079367,26.984126984126984,2.380952380952381,17.46031746031746,15.873015873015872,1.5873015873015872,0.7936507936507936
E00038355,130,114,69,45,0,0,0,0,0,16,10,6,0,87.6923076923077,53.07692307692308,34.61538461538461,0,0,0,0,0,12.307692307692308,7.6923076923076925,4.615384615384616,0
E00038356,128,105,72,33,0,0,6,3,3,17,15,2,0,82.03125,56.25,25.78125,0,0,4.6875,2.34375,2.34375,13.28125,11.71875,1.5625,0
E00038357,122,77,32,45,0,0,30,29,1,15,15,0,0,63.114754098360656,26.229508196721312,36.885245901639344,0,0,24.59016393442623,23.770491803278688,0.819672131147541,12.295081967213115,12.295081967213115,0,0
E00038358,118,58,31,27,4,4,40,36,4,16,14,2,0,49.152542372881356,26.27118644067797,22.88135593220339,3.389830508474576,3.389830508474576,33.89830508474576,30.508474576271187,3.389830508474576,13.559322033898304,11.864406779661017,1.694915254237288,0
E00038359,138,129,88,41,0,0,2,2,0,7,6,1,0,93.47826086956522,63.76811594202898,29.71014492753623,0,0,1.4492753623188406,1.4492753623188406,0,5.072463768115942,4.3478260869565215,0.7246376811594203,0
E00038360,110,66,25,41,0,0,29,28,1,15,15,0,0,60,22.727272727272727,37.27272727272727,0,0,26.36363636363636,25.454545454545453,0.9090909090909091,13.636363636363635,13.636363636363635,0,0
E00038361,136,50,30,20,0,0,18,5,13,68,66,2,0,36.76470588235294,22.058823529411764,14.705882352941178,0,0,13.23529411764706,3.6764705882352944,9.558823529411764,50,48.529411764705884,1.4705882352941175,0
E00038362,136,62,33,29,0,0,59,57,2,15,14,1,0,45.588235294117645,24.264705882352942,21.323529411764707,0,0,43.38235294117647,41.911764705882355,1.4705882352941175,11.029411764705882,10.294117647058822,0.7352941176470588,0
E00038363,169,59,21,38,1,1,21,12,9,88,83,5,0,34.9112426035503,12.42603550295858,22.485207100591715,0.591715976331361,0.591715976331361,12.42603550295858,7.100591715976331,5.325443786982249,52.071005917159766,49.112426035502956,2.9585798816568047,0
E00038364,141,65,27,38,0,0,19,1,18,57,50,7,0,46.09929078014184,19.148936170212767,26.95035460992908,0,0,13.47517730496454,0.7092198581560284,12.76595744680851,40.42553191489361,35.46099290780142,4.964539007092199,0
E00038365,143,94,69,25,0,0,18,17,1,31,24,7,0,65.73426573426573,48.25174825174825,17.482517482517483,0,0,12.587412587412588,11.888111888111888,0.6993006993006993,21.678321678321677,16.783216783216783,4.895104895104895,0
E00038366,115,68,33,35,0,0,20,12,8,27,23,4,0,59.130434782608695,28.695652173913043,30.434782608695656,0,0,17.391304347826086,10.434782608695652,6.956521739130435,23.47826086956522,20,3.4782608695652173,0
E00038367,125,49,27,22,0,0,40,26,14,36,34,2,0,39.2,21.6,17.599999999999998,0,0,32,20.8,11.200000000000001,28.799999999999997,27.200000000000003,1.6,0
E00038368,161,83,37,46,0,0,9,5,4,69,66,3,0,51.5527950310559,22.981366459627328,28.57142857142857,0,0,5.590062111801243,3.1055900621118013,2.484472049689441,42.857142857142854,40.993788819875775,1.8633540372670807,0
E00038369,154,88,48,40,0,0,14,11,3,52,46,6,0,57.14285714285714,31.16883116883117,25.97402597402597,0,0,9.090909090909092,7.142857142857142,1.948051948051948,33.76623376623377,29.87012987012987,3.896103896103896,0
E00038370,126,97,75,22,1,1,18,17,1,8,5,3,2,76.98412698412699,59.523809523809526,17.46031746031746,0.7936507936507936,0.7936507936507936,14.285714285714285,13.492063492063492,0.7936507936507936,6.349206349206349,3.968253968253968,2.380952380952381,1.5873015873015872
E00038371,116,51,24,27,0,0,56,53,3,9,8,1,0,43.96551724137931,20.689655172413794,23.275862068965516,0,0,48.275862068965516,45.689655172413794,2.586206896551724,7.758620689655173,6.896551724137931,0.8620689655172413,0
E00038372,117,112,90,22,0,0,0,0,0,5,3,2,0,95.72649572649573,76.92307692307693,18.803418803418804,0,0,0,0,0,4.273504273504273,2.564102564102564,1.7094017094017095,0
E00038373,111,53,18,35,0,0,48,43,5,9,8,1,1,47.74774774774775,16.216216216216218,31.53153153153153,0,0,43.24324324324324,38.73873873873874,4.504504504504505,8.108108108108109,7.207207207207207,0.9009009009009009,0.9009009009009009
E00038374,127,94,55,39,0,0,22,22,0,11,11,0,0,74.01574803149606,43.30708661417323,30.708661417322837,0,0,17.322834645669293,17.322834645669293,0,8.661417322834646,8.661417322834646,0,0
E00038375,130,28,14,14,0,0,92,89,3,6,5,1,4,21.53846153846154,10.76923076923077,10.76923076923077,0,0,70.76923076923077,68.46153846153847,2.307692307692308,4.615384615384616,3.8461538461538463,0.7692307692307693,3.076923076923077
E00038376,124,39,16,23,1,1,71,58,13,12,12,0,1,31.451612903225808,12.903225806451612,18.548387096774192,0.8064516129032258,0.8064516129032258,57.25806451612904,46.774193548387096,10.483870967741936,9.67741935483871,9.67741935483871,0,0.8064516129032258
E00038377,107,101,80,21,0,0,2,2,0,4,4,0,0,94.39252336448598,74.76635514018692,19.626168224299064,0,0,1.8691588785046727,1.8691588785046727,0,3.7383177570093453,3.7383177570093453,0,0
E00038378,110,33,19,14,0,0,66,64,2,9,8,1,2,30,17.272727272727273,12.727272727272727,0,0,60,58.18181818181818,1.8181818181818181,8.181818181818182,7.2727272727272725,0.9090909090909091,1.8181818181818181
E00038379,135,36,13,23,0,0,86,85,1,12,11,1,1,26.666666666666668,9.62962962962963,17.037037037037038,0,0,63.70370370370371,62.96296296296296,0.7407407407407408,8.88888888888889,8.148148148148149,0.7407407407407408,0.7407407407407408
E00038380,142,35,18,17,0,0,87,84,3,20,19,1,0,24.647887323943664,12.676056338028168,11.971830985915492,0,0,61.267605633802816,59.154929577464785,2.112676056338028,14.084507042253522,13.380281690140844,0.7042253521126761,0
E00038381,127,105,66,39,0,0,3,3,0,19,13,6,0,82.67716535433071,51.96850393700787,30.708661417322837,0,0,2.3622047244094486,2.3622047244094486,0,14.960629921259844,10.236220472440944,4.724409448818897,0
E00038382,133,16,9,7,0,0,112,109,3,1,1,0,4,12.030075187969924,6.7669172932330826,5.263157894736842,0,0,84.21052631578947,81.95488721804512,2.2556390977443606,0.7518796992481203,0.7518796992481203,0,3.007518796992481
E00038383,108,91,41,50,0,0,10,10,0,7,7,0,0,84.25925925925925,37.96296296296296,46.2962962962963,0,0,9.25925925925926,9.25925925925926,0,6.481481481481481,6.481481481481481,0,0
E00038384,106,76,40,36,4,4,18,8,10,8,7,1,0,71.69811320754717,37.735849056603776,33.9622641509434,3.7735849056603774,3.7735849056603774,16.9811320754717,7.547169811320755,9.433962264150944,7.547169811320755,6.60377358490566,0.9433962264150944,0
E00038385,94,82,60,22,1,1,4,4,0,7,6,1,0,87.2340425531915,63.829787234042556,23.404255319148938,1.0638297872340425,1.0638297872340425,4.25531914893617,4.25531914893617,0,7.446808510638298,6.382978723404255,1.0638297872340425,0
E00038386,127,41,18,23,0,0,73,72,1,13,9,4,0,32.28346456692913,14.173228346456693,18.11023622047244,0,0,57.48031496062992,56.69291338582677,0.7874015748031495,10.236220472440944,7.086614173228346,3.149606299212598,0
E00038387,54,9,3,6,0,0,37,35,2,8,7,1,0,16.666666666666664,5.555555555555555,11.11111111111111,0,0,68.51851851851852,64.81481481481481,3.7037037037037033,14.814814814814813,12.962962962962962,1.8518518518518516,0
E00038388,153,97,53,44,1,1,33,26,7,22,19,3,0,63.39869281045751,34.64052287581699,28.75816993464052,0.6535947712418301,0.6535947712418301,21.568627450980394,16.99346405228758,4.57516339869281,14.37908496732026,12.418300653594772,1.9607843137254901,0
E00038389,162,22,13,9,0,0,130,126,4,9,9,0,1,13.580246913580247,8.024691358024691,5.555555555555555,0,0,80.24691358024691,77.77777777777779,2.4691358024691357,5.555555555555555,5.555555555555555,0,0.6172839506172839
E00038390,140,68,31,37,0,0,10,8,2,62,60,2,0,48.57142857142857,22.142857142857142,26.42857142857143,0,0,7.142857142857142,5.714285714285714,1.4285714285714286,44.285714285714285,42.857142857142854,1.4285714285714286,0
E00038392,113,63,38,25,0,0,14,4,10,36,35,1,0,55.75221238938053,33.6283185840708,22.123893805309734,0,0,12.389380530973451,3.5398230088495577,8.849557522123893,31.858407079646017,30.973451327433626,0.8849557522123894,0
E00038393,134,54,23,31,0,0,71,71,0,9,9,0,0,40.298507462686565,17.16417910447761,23.134328358208954,0,0,52.98507462686567,52.98507462686567,0,6.7164179104477615,6.7164179104477615,0,0
E00038394,133,47,26,21,0,0,39,34,5,47,44,3,0,35.338345864661655,19.548872180451127,15.789473684210526,0,0,29.32330827067669,25.563909774436087,3.7593984962406015,35.338345864661655,33.08270676691729,2.2556390977443606,0
E00038395,123,50,28,22,1,1,8,3,5,64,60,4,0,40.65040650406504,22.76422764227642,17.88617886178862,0.8130081300813009,0.8130081300813009,6.504065040650407,2.4390243902439024,4.0650406504065035,52.03252032520326,48.78048780487805,3.2520325203252036,0
E00038396,125,109,60,49,0,0,8,7,1,8,7,1,0,87.2,48,39.2,0,0,6.4,5.6000000000000005,0.8,6.4,5.6000000000000005,0.8,0
E00038397,134,40,16,24,0,0,73,38,35,21,19,2,0,29.850746268656714,11.940298507462686,17.91044776119403,0,0,54.47761194029851,28.35820895522388,26.119402985074625,15.671641791044777,14.17910447761194,1.4925373134328357,0
E00038399,122,74,35,39,0,0,36,35,1,12,11,1,0,60.65573770491803,28.688524590163933,31.967213114754102,0,0,29.508196721311474,28.688524590163933,0.819672131147541,9.836065573770492,9.01639344262295,0.819672131147541,0
E00038400,137,102,53,49,0,0,22,22,0,13,12,1,0,74.45255474452554,38.68613138686132,35.76642335766424,0,0,16.05839416058394,16.05839416058394,0,9.48905109489051,8.75912408759124,0.7299270072992701,0
E00038401,109,54,32,22,0,0,16,10,6,39,37,2,0,49.54128440366973,29.357798165137616,20.18348623853211,0,0,14.678899082568808,9.174311926605505,5.5045871559633035,35.77981651376147,33.94495412844037,1.834862385321101,0
E00038402,153,77,33,44,0,0,31,5,26,45,38,7,0,50.326797385620914,21.568627450980394,28.75816993464052,0,0,20.26143790849673,3.2679738562091507,16.99346405228758,29.411764705882355,24.836601307189543,4.57516339869281,0
E00038403,138,75,44,31,0,0,8,7,1,55,47,8,0,54.347826086956516,31.88405797101449,22.463768115942027,0,0,5.797101449275362,5.072463768115942,0.7246376811594203,39.85507246376812,34.05797101449276,5.797101449275362,0
E00038404,109,22,9,13,1,1,39,18,21,47,43,4,0,20.18348623853211,8.256880733944955,11.926605504587156,0.9174311926605505,0.9174311926605505,35.77981651376147,16.51376146788991,19.26605504587156,43.11926605504588,39.44954128440367,3.669724770642202,0
E00038405,128,67,30,37,0,0,40,36,4,20,17,3,1,52.34375,23.4375,28.90625,0,0,31.25,28.125,3.125,15.625,13.28125,2.34375,0.78125
E00038406,224,116,51,65,5,5,47,23,24,56,52,4,0,51.78571428571429,22.767857142857142,29.017857142857146,2.232142857142857,2.232142857142857,20.982142857142858,10.267857142857142,10.714285714285714,25,23.214285714285715,1.7857142857142856,0
E00038407,135,52,29,23,0,0,15,7,8,68,63,5,0,38.51851851851852,21.48148148148148,17.037037037037038,0,0,11.11111111111111,5.185185185185185,5.9259259259259265,50.37037037037037,46.666666666666664,3.7037037037037033,0
E00038410,133,92,48,44,1,1,32,31,1,6,4,2,2,69.17293233082707,36.09022556390977,33.08270676691729,0.7518796992481203,0.7518796992481203,24.06015037593985,23.308270676691727,0.7518796992481203,4.511278195488721,3.007518796992481,1.5037593984962405,1.5037593984962405
E00038411,159,133,86,47,0,0,4,3,1,22,17,5,0,83.64779874213836,54.088050314465406,29.559748427672954,0,0,2.515723270440252,1.8867924528301887,0.628930817610063,13.836477987421384,10.69182389937107,3.1446540880503147,0
E00038412,139,110,82,28,0,0,4,3,1,25,20,5,0,79.13669064748201,58.992805755395686,20.14388489208633,0,0,2.877697841726619,2.158273381294964,0.7194244604316548,17.985611510791365,14.388489208633093,3.5971223021582732,0
E00038413,136,100,73,27,1,1,2,0,2,33,31,2,0,73.52941176470588,53.67647058823529,19.852941176470587,0.7352941176470588,0.7352941176470588,1.4705882352941175,0,1.4705882352941175,24.264705882352942,22.794117647058822,1.4705882352941175,0
E00038414,145,134,83,51,0,0,3,1,2,8,7,1,0,92.41379310344827,57.24137931034483,35.172413793103445,0,0,2.0689655172413794,0.6896551724137931,1.3793103448275863,5.517241379310345,4.827586206896552,0.6896551724137931,0
E00038415,129,121,83,38,0,0,3,2,1,5,4,1,0,93.7984496124031,64.34108527131784,29.457364341085274,0,0,2.3255813953488373,1.550387596899225,0.7751937984496124,3.875968992248062,3.10077519379845,0.7751937984496124,0
E00038416,111,102,73,29,0,0,4,3,1,5,4,1,0,91.8918918918919,65.76576576576578,26.126126126126124,0,0,3.6036036036036037,2.7027027027027026,0.9009009009009009,4.504504504504505,3.6036036036036037,0.9009009009009009,0
E00038417,156,15,8,7,16,16,117,79,38,5,5,0,3,9.615384615384617,5.128205128205128,4.487179487179487,10.256410256410255,10.256410256410255,75,50.641025641025635,24.358974358974358,3.205128205128205,3.205128205128205,0,1.9230769230769231
E00038418,161,33,18,15,0,0,122,100,22,6,5,1,0,20.496894409937887,11.180124223602485,9.316770186335404,0,0,75.77639751552795,62.11180124223602,13.664596273291925,3.7267080745341614,3.1055900621118013,0.6211180124223602,0
E00038419,144,97,43,54,0,0,1,1,0,46,43,3,0,67.36111111111111,29.86111111111111,37.5,0,0,0.6944444444444444,0.6944444444444444,0,31.944444444444443,29.86111111111111,2.083333333333333,0
E00038420,166,128,63,65,0,0,25,25,0,12,10,2,1,77.10843373493977,37.95180722891566,39.1566265060241,0,0,15.060240963855422,15.060240963855422,0,7.228915662650602,6.024096385542169,1.2048192771084338,0.6024096385542169
E00038421,135,104,51,53,1,1,5,2,3,25,22,3,0,77.03703703703704,37.77777777777778,39.25925925925926,0.7407407407407408,0.7407407407407408,3.7037037037037033,1.4814814814814816,2.2222222222222223,18.51851851851852,16.296296296296298,2.2222222222222223,0
E00038422,131,75,48,27,0,0,39,35,4,17,16,1,0,57.25190839694656,36.6412213740458,20.610687022900763,0,0,29.770992366412212,26.717557251908396,3.0534351145038165,12.977099236641221,12.213740458015266,0.7633587786259541,0
E00038423,141,122,68,54,0,0,3,2,1,16,10,6,0,86.52482269503547,48.226950354609926,38.297872340425535,0,0,2.127659574468085,1.4184397163120568,0.7092198581560284,11.347517730496454,7.092198581560284,4.25531914893617,0
E00038424,116,96,53,43,0,0,10,9,1,10,6,4,0,82.75862068965517,45.689655172413794,37.06896551724138,0,0,8.620689655172415,7.758620689655173,0.8620689655172413,8.620689655172415,5.172413793103448,3.4482758620689653,0
E00038425,91,54,28,26,0,0,7,2,5,30,29,1,0,59.34065934065934,30.76923076923077,28.57142857142857,0,0,7.6923076923076925,2.197802197802198,5.4945054945054945,32.967032967032964,31.868131868131865,1.098901098901099,0
E00038426,95,55,39,16,0,0,9,9,0,31,26,5,0,57.89473684210527,41.05263157894737,16.842105263157894,0,0,9.473684210526317,9.473684210526317,0,32.631578947368425,27.368421052631582,5.263157894736842,0
E00038427,78,58,34,24,0,0,5,3,2,15,13,2,0,74.35897435897436,43.58974358974359,30.76923076923077,0,0,6.41025641025641,3.8461538461538463,2.564102564102564,19.230769230769234,16.666666666666664,2.564102564102564,0
E00038428,111,99,69,30,0,0,2,0,2,10,10,0,0,89.1891891891892,62.16216216216216,27.027027027027028,0,0,1.8018018018018018,0,1.8018018018018018,9.00900900900901,9.00900900900901,0,0
E00038429,112,92,60,32,0,0,1,1,0,19,15,4,0,82.14285714285714,53.57142857142857,28.57142857142857,0,0,0.8928571428571428,0.8928571428571428,0,16.964285714285715,13.392857142857142,3.571428571428571,0
E00038430,85,51,30,21,0,0,2,2,0,32,28,4,0,60,35.294117647058826,24.705882352941178,0,0,2.3529411764705883,2.3529411764705883,0,37.64705882352941,32.94117647058823,4.705882352941177,0
E00038431,66,55,26,29,0,0,4,1,3,7,5,2,0,83.33333333333334,39.39393939393939,43.93939393939394,0,0,6.0606060606060606,1.5151515151515151,4.545454545454546,10.606060606060606,7.575757575757576,3.0303030303030303,0
E00038432,196,114,51,63,0,0,9,8,1,73,62,11,0,58.16326530612245,26.02040816326531,32.142857142857146,0,0,4.591836734693878,4.081632653061225,0.5102040816326531,37.244897959183675,31.63265306122449,5.612244897959184,0
E00038433,122,89,51,38,1,1,1,0,1,31,26,5,0,72.95081967213115,41.80327868852459,31.147540983606557,0.819672131147541,0.819672131147541,0.819672131147541,0,0.819672131147541,25.40983606557377,21.311475409836063,4.098360655737705,0
E00038434,135,95,45,50,0,0,0,0,0,40,35,5,0,70.37037037037037,33.33333333333333,37.03703703703704,0,0,0,0,0,29.629629629629626,25.925925925925924,3.7037037037037033,0
E00038435,130,96,48,48,0,0,3,3,0,31,27,4,0,73.84615384615385,36.92307692307693,36.92307692307693,0,0,2.307692307692308,2.307692307692308,0,23.846153846153847,20.76923076923077,3.076923076923077,0
E00038436,113,100,65,35,0,0,2,0,2,11,10,1,0,88.49557522123894,57.52212389380531,30.973451327433626,0,0,1.7699115044247788,0,1.7699115044247788,9.734513274336283,8.849557522123893,0.8849557522123894,0
E00038437,112,102,56,46,0,0,1,0,1,9,9,0,0,91.07142857142857,50,41.07142857142857,0,0,0.8928571428571428,0,0.8928571428571428,8.035714285714286,8.035714285714286,0,0
E00038438,128,97,49,48,0,0,4,4,0,27,22,5,0,75.78125,38.28125,37.5,0,0,3.125,3.125,0,21.09375,17.1875,3.90625,0
E00038439,148,120,66,54,0,0,1,0,1,27,20,7,0,81.08108108108108,44.5945945945946,36.486486486486484,0,0,0.6756756756756757,0,0.6756756756756757,18.243243243243242,13.513513513513514,4.72972972972973,0
E00038440,132,108,52,56,0,0,0,0,0,24,19,5,0,81.81818181818183,39.39393939393939,42.42424242424242,0,0,0,0,0,18.181818181818183,14.393939393939394,3.787878787878788,0
E00038441,132,98,47,51,0,0,18,16,2,16,14,2,0,74.24242424242425,35.60606060606061,38.63636363636363,0,0,13.636363636363635,12.121212121212121,1.5151515151515151,12.121212121212121,10.606060606060606,1.5151515151515151,0
E00038442,138,114,58,56,0,0,3,3,0,21,17,4,0,82.6086956521739,42.028985507246375,40.57971014492754,0,0,2.1739130434782608,2.1739130434782608,0,15.217391304347828,12.318840579710146,2.898550724637681,0
E00038443,121,106,61,45,0,0,1,0,1,13,13,0,1,87.60330578512396,50.413223140495866,37.1900826446281,0,0,0.8264462809917356,0,0.8264462809917356,10.743801652892563,10.743801652892563,0,0.8264462809917356
E00038444,105,100,66,34,0,0,0,0,0,5,4,1,0,95.23809523809523,62.857142857142854,32.38095238095238,0,0,0,0,0,4.761904761904762,3.8095238095238098,0.9523809523809524,0
E00038445,100,78,45,33,0,0,0,0,0,22,18,4,0,78,45,33,0,0,0,0,0,22,18,4,0
E00038446,134,86,38,48,0,0,2,0,2,46,44,2,0,64.17910447761194,28.35820895522388,35.82089552238806,0,0,1.4925373134328357,0,1.4925373134328357,34.32835820895522,32.83582089552239,1.4925373134328357,0
E00038447,123,113,58,55,0,0,3,1,2,7,6,1,0,91.869918699187,47.15447154471545,44.71544715447154,0,0,2.4390243902439024,0.8130081300813009,1.6260162601626018,5.691056910569105,4.878048780487805,0.8130081300813009,0
E00038448,109,98,56,42,0,0,4,3,1,7,7,0,0,89.90825688073394,51.37614678899083,38.53211009174312,0,0,3.669724770642202,2.7522935779816518,0.9174311926605505,6.422018348623854,6.422018348623854,0,0
E00038449,143,124,52,72,0,0,1,1,0,18,18,0,0,86.7132867132867,36.36363636363637,50.349650349650354,0,0,0.6993006993006993,0.6993006993006993,0,12.587412587412588,12.587412587412588,0,0
E00038450,123,98,58,40,18,18,2,2,0,5,4,1,0,79.67479674796748,47.15447154471545,32.52032520325203,14.634146341463413,14.634146341463413,1.6260162601626018,1.6260162601626018,0,4.0650406504065035,3.2520325203252036,0.8130081300813009,0
E00038451,126,113,49,64,0,0,2,2,0,11,9,2,0,89.68253968253968,38.88888888888889,50.79365079365079,0,0,1.5873015873015872,1.5873015873015872,0,8.73015873015873,7.142857142857142,1.5873015873015872,0
E00038452,115,100,56,44,0,0,2,2,0,13,12,1,0,86.95652173913044,48.69565217391305,38.26086956521739,0,0,1.7391304347826086,1.7391304347826086,0,11.304347826086957,10.434782608695652,0.8695652173913043,0
E00038453,133,59,37,22,1,1,63,57,6,10,8,2,0,44.3609022556391,27.819548872180448,16.541353383458645,0.7518796992481203,0.7518796992481203,47.368421052631575,42.857142857142854,4.511278195488721,7.518796992481203,6.015037593984962,1.5037593984962405,0
E00038454,134,124,93,31,0,0,1,1,0,9,6,3,0,92.53731343283582,69.40298507462687,23.134328358208954,0,0,0.7462686567164178,0.7462686567164178,0,6.7164179104477615,4.477611940298507,2.2388059701492535,0
E00038455,111,93,36,57,0,0,1,0,1,17,14,3,0,83.78378378378379,32.432432432432435,51.35135135135135,0,0,0.9009009009009009,0,0.9009009009009009,15.315315315315313,12.612612612612612,2.7027027027027026,0
E00038456,109,91,74,17,0,0,3,1,2,15,10,5,0,83.4862385321101,67.88990825688074,15.59633027522936,0,0,2.7522935779816518,0.9174311926605505,1.834862385321101,13.761467889908257,9.174311926605505,4.587155963302752,0
E00038458,131,120,73,47,1,1,1,0,1,9,7,2,0,91.6030534351145,55.72519083969466,35.87786259541985,0.7633587786259541,0.7633587786259541,0.7633587786259541,0,0.7633587786259541,6.870229007633588,5.343511450381679,1.5267175572519083,0
E00038459,138,49,19,30,1,1,60,55,5,27,21,6,1,35.507246376811594,13.768115942028986,21.73913043478261,0.7246376811594203,0.7246376811594203,43.47826086956522,39.85507246376812,3.6231884057971016,19.565217391304348,15.217391304347828,4.3478260869565215,0.7246376811594203
E00038460,119,70,28,42,0,0,33,25,8,16,16,0,0,58.82352941176471,23.52941176470588,35.294117647058826,0,0,27.73109243697479,21.008403361344538,6.722689075630252,13.445378151260504,13.445378151260504,0,0
E00038461,158,138,53,85,0,0,0,0,0,20,19,1,0,87.34177215189874,33.54430379746836,53.79746835443038,0,0,0,0,0,12.658227848101266,12.025316455696203,0.6329113924050633,0
E00038462,125,31,18,13,0,0,84,83,1,6,5,1,4,24.8,14.399999999999999,10.4,0,0,67.2,66.4,0.8,4.8,4,0.8,3.2
E00038463,127,75,42,33,0,0,41,40,1,11,8,3,0,59.055118110236215,33.07086614173229,25.984251968503933,0,0,32.28346456692913,31.496062992125985,0.7874015748031495,8.661417322834646,6.299212598425196,2.3622047244094486,0
E00038464,147,125,87,38,0,0,5,5,0,17,10,7,0,85.03401360544217,59.183673469387756,25.850340136054424,0,0,3.4013605442176873,3.4013605442176873,0,11.564625850340136,6.802721088435375,4.761904761904762,0
E00038465,185,47,10,37,0,0,100,91,9,36,32,4,2,25.405405405405407,5.405405405405405,20,0,0,54.054054054054056,49.18918918918919,4.864864864864865,19.45945945945946,17.2972972972973,2.1621621621621623,1.0810810810810811
E00038466,124,117,74,43,0,0,1,0,1,6,4,2,0,94.35483870967742,59.67741935483871,34.67741935483871,0,0,0.8064516129032258,0,0.8064516129032258,4.838709677419355,3.225806451612903,1.6129032258064515,0
E00038467,132,102,48,54,0,0,11,8,3,19,17,2,0,77.27272727272727,36.36363636363637,40.909090909090914,0,0,8.333333333333332,6.0606060606060606,2.272727272727273,14.393939393939394,12.878787878787879,1.5151515151515151,0
E00038468,143,124,74,50,1,1,1,1,0,17,15,2,0,86.7132867132867,51.74825174825175,34.96503496503497,0.6993006993006993,0.6993006993006993,0.6993006993006993,0.6993006993006993,0,11.888111888111888,10.48951048951049,1.3986013986013985,0
E00038469,177,144,87,57,1,1,2,2,0,30,29,1,0,81.35593220338984,49.152542372881356,32.20338983050847,0.5649717514124294,0.5649717514124294,1.1299435028248588,1.1299435028248588,0,16.94915254237288,16.38418079096045,0.5649717514124294,0
E00038470,128,86,34,52,0,0,9,9,0,32,29,3,1,67.1875,26.5625,40.625,0,0,7.03125,7.03125,0,25,22.65625,2.34375,0.78125
E00038471,134,86,51,35,0,0,19,18,1,28,26,2,1,64.17910447761194,38.059701492537314,26.119402985074625,0,0,14.17910447761194,13.432835820895523,0.7462686567164178,20.8955223880597,19.402985074626866,1.4925373134328357,0.7462686567164178
E00038472,153,73,40,33,0,0,21,20,1,59,58,1,0,47.712418300653596,26.143790849673206,21.568627450980394,0,0,13.725490196078432,13.071895424836603,0.6535947712418301,38.56209150326798,37.908496732026144,0.6535947712418301,0
E00038473,146,38,15,23,0,0,35,32,3,73,72,1,0,26.027397260273972,10.273972602739725,15.753424657534246,0,0,23.972602739726025,21.91780821917808,2.054794520547945,50,49.31506849315068,0.684931506849315,0
E00038474,124,114,76,38,0,0,0,0,0,10,9,1,0,91.93548387096774,61.29032258064516,30.64516129032258,0,0,0,0,0,8.064516129032258,7.258064516129033,0.8064516129032258,0
E00038475,139,115,78,37,0,0,0,0,0,24,19,5,0,82.73381294964028,56.11510791366906,26.618705035971225,0,0,0,0,0,17.26618705035971,13.66906474820144,3.5971223021582732,0
E00038476,112,105,66,39,0,0,1,1,0,6,5,1,0,93.75,58.92857142857143,34.82142857142857,0,0,0.8928571428571428,0.8928571428571428,0,5.357142857142857,4.464285714285714,0.8928571428571428,0
E00038477,125,116,72,44,0,0,1,1,0,8,7,1,0,92.80000000000001,57.599999999999994,35.199999999999996,0,0,0.8,0.8,0,6.4,5.6000000000000005,0.8,0
E00038478,126,77,35,42,1,1,32,32,0,16,15,1,0,61.111111111111114,27.77777777777778,33.33333333333333,0.7936507936507936,0.7936507936507936,25.396825396825395,25.396825396825395,0,12.698412698412698,11.904761904761903,0.7936507936507936,0
E00038479,122,80,30,50,10,10,9,1,8,23,20,3,0,65.57377049180327,24.59016393442623,40.98360655737705,8.19672131147541,8.19672131147541,7.377049180327869,0.819672131147541,6.557377049180328,18.852459016393443,16.39344262295082,2.459016393442623,0
E00038480,146,66,28,38,0,0,15,14,1,65,58,7,0,45.20547945205479,19.17808219178082,26.027397260273972,0,0,10.273972602739725,9.58904109589041,0.684931506849315,44.52054794520548,39.726027397260275,4.794520547945205,0
E00038481,114,82,48,34,0,0,18,18,0,14,8,6,0,71.9298245614035,42.10526315789473,29.82456140350877,0,0,15.789473684210526,15.789473684210526,0,12.280701754385964,7.017543859649122,5.263157894736842,0
E00038482,126,85,42,43,0,0,23,20,3,18,15,3,0,67.46031746031747,33.33333333333333,34.12698412698413,0,0,18.253968253968253,15.873015873015872,2.380952380952381,14.285714285714285,11.904761904761903,2.380952380952381,0
E00038483,126,28,14,14,0,0,75,72,3,22,21,1,1,22.22222222222222,11.11111111111111,11.11111111111111,0,0,59.523809523809526,57.14285714285714,2.380952380952381,17.46031746031746,16.666666666666664,0.7936507936507936,0.7936507936507936
E00038484,111,68,39,29,0,0,26,24,2,17,16,1,0,61.261261261261254,35.13513513513514,26.126126126126124,0,0,23.423423423423422,21.62162162162162,1.8018018018018018,15.315315315315313,14.414414414414415,0.9009009009009009,0
E00038485,148,119,32,87,0,0,1,1,0,28,28,0,0,80.4054054054054,21.62162162162162,58.78378378378378,0,0,0.6756756756756757,0.6756756756756757,0,18.91891891891892,18.91891891891892,0,0
E00038486,120,82,47,35,0,0,16,15,1,22,17,5,0,68.33333333333333,39.166666666666664,29.166666666666668,0,0,13.333333333333334,12.5,0.8333333333333334,18.333333333333332,14.166666666666666,4.166666666666666,0
E00038487,124,82,39,43,0,0,14,13,1,28,22,6,0,66.12903225806451,31.451612903225808,34.67741935483871,0,0,11.29032258064516,10.483870967741936,0.8064516129032258,22.58064516129032,17.741935483870968,4.838709677419355,0
E00038489,119,81,29,52,0,0,12,11,1,26,20,6,0,68.0672268907563,24.369747899159663,43.69747899159664,0,0,10.084033613445378,9.243697478991598,0.8403361344537815,21.84873949579832,16.80672268907563,5.042016806722689,0
E00038490,105,29,11,18,1,1,62,53,9,11,9,2,2,27.61904761904762,10.476190476190476,17.142857142857142,0.9523809523809524,0.9523809523809524,59.04761904761905,50.476190476190474,8.571428571428571,10.476190476190476,8.571428571428571,1.9047619047619049,1.9047619047619049
E00038491,120,66,34,32,0,0,27,26,1,26,21,5,1,55.00000000000001,28.333333333333332,26.666666666666668,0,0,22.5,21.666666666666668,0.8333333333333334,21.666666666666668,17.5,4.166666666666666,0.8333333333333334
E00038492,120,76,34,42,0,0,19,19,0,25,21,4,0,63.33333333333333,28.333333333333332,35,0,0,15.833333333333332,15.833333333333332,0,20.833333333333336,17.5,3.3333333333333335,0
E00038493,119,83,45,38,0,0,6,6,0,30,22,8,0,69.74789915966386,37.81512605042017,31.932773109243694,0,0,5.042016806722689,5.042016806722689,0,25.210084033613445,18.487394957983195,6.722689075630252,0
E00038494,113,78,35,43,0,0,8,8,0,27,24,3,0,69.02654867256636,30.973451327433626,38.05309734513274,0,0,7.079646017699115,7.079646017699115,0,23.893805309734514,21.238938053097346,2.6548672566371683,0
E00038495,130,99,61,38,0,0,13,13,0,18,16,2,0,76.15384615384615,46.92307692307692,29.230769230769234,0,0,10,10,0,13.846153846153847,12.307692307692308,1.5384615384615385,0
E00038496,130,90,49,41,1,1,7,7,0,32,26,6,0,69.23076923076923,37.69230769230769,31.538461538461537,0.7692307692307693,0.7692307692307693,5.384615384615385,5.384615384615385,0,24.615384615384617,20,4.615384615384616,0
E00038497,138,46,24,22,0,0,74,72,2,16,15,1,2,33.33333333333333,17.391304347826086,15.942028985507244,0,0,53.62318840579711,52.17391304347826,1.4492753623188406,11.594202898550725,10.869565217391305,0.7246376811594203,1.4492753623188406
E00038498,131,77,43,34,0,0,44,42,2,9,8,1,1,58.778625954198475,32.82442748091603,25.954198473282442,0,0,33.587786259541986,32.06106870229007,1.5267175572519083,6.870229007633588,6.106870229007633,0.7633587786259541,0.7633587786259541
E00038499,126,94,55,39,24,24,1,1,0,7,3,4,0,74.60317460317461,43.65079365079365,30.952380952380953,19.047619047619047,19.047619047619047,0.7936507936507936,0.7936507936507936,0,5.555555555555555,2.380952380952381,3.1746031746031744,0
E00038500,109,96,50,46,0,0,3,3,0,10,8,2,0,88.07339449541286,45.87155963302752,42.201834862385326,0,0,2.7522935779816518,2.7522935779816518,0,9.174311926605505,7.339449541284404,1.834862385321101,0
E00038501,112,100,53,47,0,0,1,0,1,11,11,0,0,89.28571428571429,47.32142857142857,41.964285714285715,0,0,0.8928571428571428,0,0.8928571428571428,9.821428571428571,9.821428571428571,0,0
E00038502,118,114,76,38,1,1,0,0,0,2,2,0,1,96.61016949152543,64.40677966101694,32.20338983050847,0.847457627118644,0.847457627118644,0,0,0,1.694915254237288,1.694915254237288,0,0.847457627118644
E00038503,132,41,23,18,0,0,78,77,1,11,9,2,2,31.060606060606062,17.424242424242426,13.636363636363635,0,0,59.09090909090909,58.333333333333336,0.7575757575757576,8.333333333333332,6.8181818181818175,1.5151515151515151,1.5151515151515151
E00038504,135,35,17,18,0,0,87,84,3,12,11,1,1,25.925925925925924,12.592592592592592,13.333333333333334,0,0,64.44444444444444,62.22222222222222,2.2222222222222223,8.88888888888889,8.148148148148149,0.7407407407407408,0.7407407407407408
E00038505,223,162,76,86,1,1,8,4,4,52,47,5,0,72.6457399103139,34.08071748878923,38.56502242152467,0.4484304932735426,0.4484304932735426,3.587443946188341,1.7937219730941705,1.7937219730941705,23.318385650224215,21.076233183856502,2.242152466367713,0
E00038506,108,96,57,39,0,0,5,5,0,7,7,0,0,88.88888888888889,52.77777777777778,36.11111111111111,0,0,4.62962962962963,4.62962962962963,0,6.481481481481481,6.481481481481481,0,0
E00038507,135,77,49,28,0,0,40,38,2,18,14,4,0,57.03703703703704,36.2962962962963,20.74074074074074,0,0,29.629629629629626,28.14814814814815,1.4814814814814816,13.333333333333334,10.37037037037037,2.9629629629629632,0
E00038508,135,118,68,50,1,1,0,0,0,16,12,4,0,87.4074074074074,50.37037037037037,37.03703703703704,0.7407407407407408,0.7407407407407408,0,0,0,11.851851851851853,8.88888888888889,2.9629629629629632,0
E00038509,148,127,85,42,0,0,0,0,0,21,19,2,0,85.8108108108108,57.432432432432435,28.37837837837838,0,0,0,0,0,14.18918918918919,12.837837837837837,1.3513513513513513,0
E00038510,145,135,88,47,0,0,2,1,1,8,6,2,0,93.10344827586206,60.689655172413794,32.41379310344827,0,0,1.3793103448275863,0.6896551724137931,0.6896551724137931,5.517241379310345,4.137931034482759,1.3793103448275863,0
E00038511,127,118,78,40,0,0,1,1,0,7,7,0,1,92.91338582677166,61.417322834645674,31.496062992125985,0,0,0.7874015748031495,0.7874015748031495,0,5.511811023622047,5.511811023622047,0,0.7874015748031495
E00038512,130,119,77,42,0,0,1,1,0,10,10,0,0,91.53846153846153,59.23076923076923,32.30769230769231,0,0,0.7692307692307693,0.7692307692307693,0,7.6923076923076925,7.6923076923076925,0,0
E00038513,139,131,85,46,0,0,2,2,0,6,4,2,0,94.24460431654677,61.15107913669065,33.093525179856115,0,0,1.4388489208633095,1.4388489208633095,0,4.316546762589928,2.877697841726619,1.4388489208633095,0
E00038514,140,100,52,48,0,0,3,3,0,37,31,6,0,71.42857142857143,37.142857142857146,34.285714285714285,0,0,2.142857142857143,2.142857142857143,0,26.42857142857143,22.142857142857142,4.285714285714286,0
E00038515,121,104,74,30,0,0,1,1,0,16,14,2,0,85.9504132231405,61.15702479338842,24.793388429752067,0,0,0.8264462809917356,0.8264462809917356,0,13.223140495867769,11.570247933884298,1.6528925619834711,0
E00038516,110,99,65,34,0,0,1,1,0,10,9,1,0,90,59.09090909090909,30.909090909090907,0,0,0.9090909090909091,0.9090909090909091,0,9.090909090909092,8.181818181818182,0.9090909090909091,0
E00038517,121,106,71,35,2,2,0,0,0,13,10,3,0,87.60330578512396,58.67768595041323,28.92561983471074,1.6528925619834711,1.6528925619834711,0,0,0,10.743801652892563,8.264462809917356,2.479338842975207,0
E00038518,129,122,78,44,0,0,0,0,0,7,4,3,0,94.57364341085271,60.46511627906976,34.10852713178294,0,0,0,0,0,5.426356589147287,3.10077519379845,2.3255813953488373,0
E00038520,127,114,80,34,0,0,2,2,0,11,5,6,0,89.76377952755905,62.99212598425197,26.77165354330709,0,0,1.574803149606299,1.574803149606299,0,8.661417322834646,3.937007874015748,4.724409448818897,0
E00038521,219,124,30,94,0,0,0,0,0,95,91,4,0,56.62100456621004,13.698630136986301,42.922374429223744,0,0,0,0,0,43.37899543378995,41.55251141552511,1.82648401826484,0
E00038522,222,189,77,112,2,2,8,8,0,23,21,2,0,85.13513513513513,34.68468468468468,50.45045045045045,0.9009009009009009,0.9009009009009009,3.6036036036036037,3.6036036036036037,0,10.36036036036036,9.45945945945946,0.9009009009009009,0
E00038524,124,107,72,35,0,0,0,0,0,17,15,2,0,86.29032258064517,58.06451612903226,28.225806451612907,0,0,0,0,0,13.709677419354838,12.096774193548388,1.6129032258064515,0
E00038525,107,93,59,34,0,0,1,1,0,13,11,2,0,86.91588785046729,55.140186915887845,31.775700934579437,0,0,0.9345794392523363,0.9345794392523363,0,12.149532710280374,10.2803738317757,1.8691588785046727,0
E00038526,118,112,89,23,0,0,0,0,0,6,5,1,0,94.91525423728814,75.42372881355932,19.491525423728813,0,0,0,0,0,5.084745762711865,4.23728813559322,0.847457627118644,0
E00038527,167,101,24,77,0,0,7,1,6,59,55,4,0,60.47904191616767,14.37125748502994,46.10778443113773,0,0,4.191616766467066,0.5988023952095809,3.592814371257485,35.32934131736527,32.93413173652694,2.3952095808383236,0
E00038530,126,106,68,38,0,0,2,2,0,17,17,0,1,84.12698412698413,53.96825396825397,30.158730158730158,0,0,1.5873015873015872,1.5873015873015872,0,13.492063492063492,13.492063492063492,0,0.7936507936507936
E00038531,136,93,49,44,0,0,21,21,0,22,22,0,0,68.38235294117648,36.029411764705884,32.35294117647059,0,0,15.441176470588236,15.441176470588236,0,16.176470588235293,16.176470588235293,0,0
E00038532,134,115,71,44,0,0,1,1,0,17,17,0,1,85.82089552238806,52.98507462686567,32.83582089552239,0,0,0.7462686567164178,0.7462686567164178,0,12.686567164179104,12.686567164179104,0,0.7462686567164178
E00038533,126,108,65,43,0,0,7,5,2,9,8,1,2,85.71428571428571,51.587301587301596,34.12698412698413,0,0,5.555555555555555,3.968253968253968,1.5873015873015872,7.142857142857142,6.349206349206349,0.7936507936507936,1.5873015873015872
E00038534,153,129,88,41,1,1,2,2,0,21,19,2,0,84.31372549019608,57.51633986928104,26.797385620915033,0.6535947712418301,0.6535947712418301,1.3071895424836601,1.3071895424836601,0,13.725490196078432,12.418300653594772,1.3071895424836601,0
E00038535,121,50,29,21,3,3,54,26,28,14,13,1,0,41.32231404958678,23.96694214876033,17.355371900826448,2.479338842975207,2.479338842975207,44.62809917355372,21.487603305785125,23.140495867768596,11.570247933884298,10.743801652892563,0.8264462809917356,0
E00038536,206,125,48,77,0,0,57,54,3,24,21,3,0,60.679611650485434,23.300970873786408,37.37864077669903,0,0,27.669902912621357,26.21359223300971,1.4563106796116505,11.650485436893204,10.194174757281553,1.4563106796116505,0
E00038537,150,132,69,63,0,0,1,1,0,17,14,3,0,88,46,42,0,0,0.6666666666666667,0.6666666666666667,0,11.333333333333332,9.333333333333334,2,0
E00038538,141,131,108,23,2,2,0,0,0,8,6,2,0,92.90780141843972,76.59574468085107,16.312056737588655,1.4184397163120568,1.4184397163120568,0,0,0,5.673758865248227,4.25531914893617,1.4184397163120568,0
E00038539,154,74,35,39,0,0,22,2,20,58,50,8,0,48.05194805194805,22.727272727272727,25.324675324675322,0,0,14.285714285714285,1.2987012987012987,12.987012987012985,37.66233766233766,32.467532467532465,5.194805194805195,0
E00038540,177,128,90,38,0,0,2,1,1,47,43,4,0,72.31638418079096,50.847457627118644,21.468926553672315,0,0,1.1299435028248588,0.5649717514124294,0.5649717514124294,26.55367231638418,24.293785310734464,2.2598870056497176,0
E00038541,136,119,75,44,0,0,2,2,0,15,12,3,0,87.5,55.14705882352941,32.35294117647059,0,0,1.4705882352941175,1.4705882352941175,0,11.029411764705882,8.823529411764707,2.2058823529411766,0
E00038542,169,135,43,92,0,0,2,2,0,32,28,4,0,79.88165680473372,25.443786982248522,54.437869822485204,0,0,1.183431952662722,1.183431952662722,0,18.93491124260355,16.56804733727811,2.366863905325444,0
E00038543,137,124,79,45,0,0,1,1,0,12,9,3,0,90.51094890510949,57.66423357664233,32.846715328467155,0,0,0.7299270072992701,0.7299270072992701,0,8.75912408759124,6.569343065693431,2.18978102189781,0
E00038544,111,85,52,33,0,0,17,17,0,9,5,4,0,76.57657657657657,46.846846846846844,29.72972972972973,0,0,15.315315315315313,15.315315315315313,0,8.108108108108109,4.504504504504505,3.6036036036036037,0
E00038545,184,153,72,81,1,1,0,0,0,30,25,5,0,83.15217391304348,39.130434782608695,44.02173913043478,0.5434782608695652,0.5434782608695652,0,0,0,16.304347826086957,13.586956521739129,2.717391304347826,0
E00038546,122,107,54,53,0,0,2,2,0,13,8,5,0,87.70491803278688,44.26229508196721,43.44262295081967,0,0,1.639344262295082,1.639344262295082,0,10.655737704918032,6.557377049180328,4.098360655737705,0
E00038547,125,114,77,37,0,0,2,1,1,9,7,2,0,91.2,61.6,29.599999999999998,0,0,1.6,0.8,0.8,7.199999999999999,5.6000000000000005,1.6,0
E00038548,135,129,88,41,0,0,1,0,1,5,3,2,0,95.55555555555556,65.18518518518519,30.37037037037037,0,0,0.7407407407407408,0,0.7407407407407408,3.7037037037037033,2.2222222222222223,1.4814814814814816,0
E00038550,117,94,61,33,0,0,2,2,0,21,15,6,0,80.34188034188034,52.13675213675214,28.205128205128204,0,0,1.7094017094017095,1.7094017094017095,0,17.94871794871795,12.82051282051282,5.128205128205128,0
E00038551,202,178,98,80,1,1,14,1,13,9,7,2,0,88.11881188118812,48.51485148514851,39.603960396039604,0.49504950495049505,0.49504950495049505,6.9306930693069315,0.49504950495049505,6.435643564356436,4.455445544554455,3.4653465346534658,0.9900990099009901,0
E00038552,108,72,41,31,0,0,26,24,2,10,9,1,0,66.66666666666666,37.96296296296296,28.703703703703702,0,0,24.074074074074073,22.22222222222222,1.8518518518518516,9.25925925925926,8.333333333333332,0.9259259259259258,0
E00038553,131,119,80,39,0,0,1,1,0,11,7,4,0,90.83969465648855,61.06870229007634,29.770992366412212,0,0,0.7633587786259541,0.7633587786259541,0,8.396946564885496,5.343511450381679,3.0534351145038165,0
E00038554,124,111,77,34,0,0,3,2,1,10,7,3,0,89.51612903225806,62.096774193548384,27.419354838709676,0,0,2.4193548387096775,1.6129032258064515,0.8064516129032258,8.064516129032258,5.64516129032258,2.4193548387096775,0
E00038555,180,150,71,79,2,2,13,11,2,15,9,6,0,83.33333333333334,39.44444444444444,43.888888888888886,1.1111111111111112,1.1111111111111112,7.222222222222221,6.111111111111111,1.1111111111111112,8.333333333333332,5,3.3333333333333335,0
E00038556,129,124,81,43,0,0,1,1,0,4,3,1,0,96.12403100775194,62.7906976744186,33.33333333333333,0,0,0.7751937984496124,0.7751937984496124,0,3.10077519379845,2.3255813953488373,0.7751937984496124,0
E00038557,193,156,74,82,0,0,15,9,6,21,11,10,1,80.82901554404145,38.34196891191709,42.487046632124354,0,0,7.772020725388601,4.66321243523316,3.1088082901554404,10.880829015544041,5.699481865284974,5.181347150259067,0.5181347150259068
E00038558,147,138,69,69,0,0,1,0,1,8,3,5,0,93.87755102040816,46.93877551020408,46.93877551020408,0,0,0.6802721088435374,0,0.6802721088435374,5.442176870748299,2.0408163265306123,3.4013605442176873,0
E00038559,116,113,76,37,0,0,2,2,0,1,1,0,0,97.41379310344827,65.51724137931035,31.896551724137932,0,0,1.7241379310344827,1.7241379310344827,0,0.8620689655172413,0.8620689655172413,0,0
E00038560,115,90,51,39,0,0,1,1,0,24,20,4,0,78.26086956521739,44.34782608695652,33.91304347826087,0,0,0.8695652173913043,0.8695652173913043,0,20.869565217391305,17.391304347826086,3.4782608695652173,0
E00038561,113,100,73,27,0,0,2,2,0,11,9,2,0,88.49557522123894,64.60176991150442,23.893805309734514,0,0,1.7699115044247788,1.7699115044247788,0,9.734513274336283,7.964601769911504,1.7699115044247788,0
E00038562,106,100,52,48,0,0,0,0,0,6,4,2,0,94.33962264150944,49.056603773584904,45.28301886792453,0,0,0,0,0,5.660377358490567,3.7735849056603774,1.8867924528301887,0
E00038563,119,108,74,34,0,0,1,1,0,10,7,3,0,90.75630252100841,62.18487394957983,28.57142857142857,0,0,0.8403361344537815,0.8403361344537815,0,8.403361344537815,5.88235294117647,2.5210084033613445,0
E00038564,130,113,65,48,1,1,1,1,0,15,13,2,0,86.92307692307692,50,36.92307692307693,0.7692307692307693,0.7692307692307693,0.7692307692307693,0.7692307692307693,0,11.538461538461538,10,1.5384615384615385,0
E00038565,104,86,46,40,0,0,1,0,1,17,14,3,0,82.6923076923077,44.230769230769226,38.46153846153847,0,0,0.9615384615384616,0,0.9615384615384616,16.346153846153847,13.461538461538462,2.8846153846153846,0
E00038566,127,85,44,41,0,0,32,29,3,8,7,1,2,66.92913385826772,34.645669291338585,32.28346456692913,0,0,25.196850393700785,22.83464566929134,2.3622047244094486,6.299212598425196,5.511811023622047,0.7874015748031495,1.574803149606299
E00038567,119,109,81,28,1,1,0,0,0,9,8,1,0,91.59663865546219,68.0672268907563,23.52941176470588,0.8403361344537815,0.8403361344537815,0,0,0,7.563025210084033,6.722689075630252,0.8403361344537815,0
E00038568,80,70,48,22,0,0,4,4,0,6,6,0,0,87.5,60,27.500000000000004,0,0,5,5,0,7.5,7.5,0,0
E00038569,70,65,31,34,0,0,3,2,1,2,1,1,0,92.85714285714286,44.285714285714285,48.57142857142857,0,0,4.285714285714286,2.857142857142857,1.4285714285714286,2.857142857142857,1.4285714285714286,1.4285714285714286,0
E00038570,104,86,60,26,1,1,7,6,1,7,6,1,3,82.6923076923077,57.692307692307686,25,0.9615384615384616,0.9615384615384616,6.730769230769231,5.769230769230769,0.9615384615384616,6.730769230769231,5.769230769230769,0.9615384615384616,2.8846153846153846
E00038571,54,43,26,17,0,0,5,3,2,6,5,1,0,79.62962962962963,48.148148148148145,31.48148148148148,0,0,9.25925925925926,5.555555555555555,3.7037037037037033,11.11111111111111,9.25925925925926,1.8518518518518516,0
E00038572,126,118,71,47,0,0,0,0,0,8,6,2,0,93.65079365079364,56.34920634920635,37.301587301587304,0,0,0,0,0,6.349206349206349,4.761904761904762,1.5873015873015872,0
E00038573,126,114,63,51,0,0,1,1,0,11,9,2,0,90.47619047619048,50,40.476190476190474,0,0,0.7936507936507936,0.7936507936507936,0,8.73015873015873,7.142857142857142,1.5873015873015872,0
E00038574,101,93,71,22,0,0,1,0,1,7,5,2,0,92.07920792079209,70.29702970297029,21.782178217821784,0,0,0.9900990099009901,0,0.9900990099009901,6.9306930693069315,4.9504950495049505,1.9801980198019802,0
E00038575,127,114,70,44,2,2,2,1,1,9,6,3,0,89.76377952755905,55.118110236220474,34.645669291338585,1.574803149606299,1.574803149606299,1.574803149606299,0.7874015748031495,0.7874015748031495,7.086614173228346,4.724409448818897,2.3622047244094486,0
E00038576,150,98,47,51,0,0,6,6,0,46,39,7,0,65.33333333333333,31.333333333333336,34,0,0,4,4,0,30.666666666666664,26,4.666666666666667,0
E00038577,139,124,73,51,0,0,1,1,0,14,11,3,0,89.20863309352518,52.51798561151079,36.69064748201439,0,0,0.7194244604316548,0.7194244604316548,0,10.071942446043165,7.913669064748201,2.158273381294964,0
E00038578,129,117,81,36,0,0,1,1,0,11,9,2,0,90.69767441860465,62.7906976744186,27.906976744186046,0,0,0.7751937984496124,0.7751937984496124,0,8.527131782945736,6.976744186046512,1.550387596899225,0
E00038579,141,140,88,52,0,0,0,0,0,1,1,0,0,99.29078014184397,62.4113475177305,36.87943262411347,0,0,0,0,0,0.7092198581560284,0.7092198581560284,0,0
E00038580,126,110,83,27,1,1,1,0,1,14,12,2,0,87.3015873015873,65.87301587301587,21.428571428571427,0.7936507936507936,0.7936507936507936,0.7936507936507936,0,0.7936507936507936,11.11111111111111,9.523809523809524,1.5873015873015872,0
E00038581,125,112,66,46,0,0,2,2,0,11,3,8,0,89.60000000000001,52.800000000000004,36.8,0,0,1.6,1.6,0,8.799999999999999,2.4,6.4,0
E00038582,175,155,103,52,0,0,0,0,0,20,18,2,0,88.57142857142857,58.857142857142854,29.714285714285715,0,0,0,0,0,11.428571428571429,10.285714285714285,1.1428571428571428,0
E00038583,141,134,63,71,0,0,0,0,0,7,7,0,0,95.0354609929078,44.680851063829785,50.35460992907801,0,0,0,0,0,4.964539007092199,4.964539007092199,0,0
E00038584,162,142,88,54,0,0,4,3,1,16,14,2,0,87.65432098765432,54.32098765432099,33.33333333333333,0,0,2.4691358024691357,1.8518518518518516,0.6172839506172839,9.876543209876543,8.641975308641975,1.2345679012345678,0
E00038585,128,121,71,50,0,0,0,0,0,7,7,0,0,94.53125,55.46875,39.0625,0,0,0,0,0,5.46875,5.46875,0,0
E00038586,112,93,50,43,0,0,7,5,2,12,9,3,0,83.03571428571429,44.642857142857146,38.392857142857146,0,0,6.25,4.464285714285714,1.7857142857142856,10.714285714285714,8.035714285714286,2.6785714285714284,0
E00038587,119,110,59,51,0,0,0,0,0,9,8,1,0,92.43697478991596,49.57983193277311,42.857142857142854,0,0,0,0,0,7.563025210084033,6.722689075630252,0.8403361344537815,0
E00038588,128,95,62,33,0,0,19,14,5,14,7,7,0,74.21875,48.4375,25.78125,0,0,14.84375,10.9375,3.90625,10.9375,5.46875,5.46875,0
E00038589,120,108,89,19,0,0,6,4,2,6,4,2,0,90,74.16666666666667,15.833333333333332,0,0,5,3.3333333333333335,1.6666666666666667,5,3.3333333333333335,1.6666666666666667,0
E00038590,117,98,63,35,0,0,11,10,1,8,7,1,0,83.76068376068376,53.84615384615385,29.914529914529915,0,0,9.401709401709402,8.547008547008547,0.8547008547008548,6.837606837606838,5.982905982905983,0.8547008547008548,0
E00038591,120,89,56,33,0,0,10,10,0,21,19,2,0,74.16666666666667,46.666666666666664,27.500000000000004,0,0,8.333333333333332,8.333333333333332,0,17.5,15.833333333333332,1.6666666666666667,0
E00038592,130,120,69,51,0,0,2,2,0,8,8,0,0,92.3076923076923,53.07692307692308,39.23076923076923,0,0,1.5384615384615385,1.5384615384615385,0,6.153846153846154,6.153846153846154,0,0
E00038593,132,100,56,44,0,0,14,13,1,18,16,2,0,75.75757575757575,42.42424242424242,33.33333333333333,0,0,10.606060606060606,9.848484848484848,0.7575757575757576,13.636363636363635,12.121212121212121,1.5151515151515151,0
E00038594,127,123,85,38,0,0,1,1,0,3,2,1,0,96.8503937007874,66.92913385826772,29.92125984251969,0,0,0.7874015748031495,0.7874015748031495,0,2.3622047244094486,1.574803149606299,0.7874015748031495,0
E00038595,127,100,63,37,5,5,10,4,6,12,11,1,0,78.74015748031496,49.60629921259843,29.133858267716533,3.937007874015748,3.937007874015748,7.874015748031496,3.149606299212598,4.724409448818897,9.448818897637794,8.661417322834646,0.7874015748031495,0
E00038596,114,98,76,22,0,0,1,1,0,15,10,5,0,85.96491228070175,66.66666666666666,19.298245614035086,0,0,0.8771929824561403,0.8771929824561403,0,13.157894736842104,8.771929824561402,4.385964912280701,0
E00038597,59,44,27,17,0,0,1,1,0,14,12,2,0,74.57627118644068,45.76271186440678,28.8135593220339,0,0,1.694915254237288,1.694915254237288,0,23.728813559322035,20.33898305084746,3.389830508474576,0
E00038598,126,63,34,29,1,1,46,41,5,16,13,3,0,50,26.984126984126984,23.015873015873016,0.7936507936507936,0.7936507936507936,36.507936507936506,32.53968253968254,3.968253968253968,12.698412698412698,10.317460317460316,2.380952380952381,0
E00038599,120,98,62,36,0,0,0,0,0,22,17,5,0,81.66666666666667,51.66666666666667,30,0,0,0,0,0,18.333333333333332,14.166666666666666,4.166666666666666,0
E00038600,115,85,65,20,0,0,0,0,0,30,23,7,0,73.91304347826086,56.52173913043478,17.391304347826086,0,0,0,0,0,26.08695652173913,20,6.086956521739131,0
E00038601,114,81,41,40,1,1,18,17,1,14,12,2,0,71.05263157894737,35.96491228070175,35.08771929824561,0.8771929824561403,0.8771929824561403,15.789473684210526,14.912280701754385,0.8771929824561403,12.280701754385964,10.526315789473683,1.7543859649122806,0
E00038602,114,63,47,16,0,0,21,20,1,30,30,0,0,55.26315789473685,41.228070175438596,14.035087719298245,0,0,18.421052631578945,17.543859649122805,0.8771929824561403,26.31578947368421,26.31578947368421,0,0
E00038603,135,100,65,35,1,1,15,12,3,19,15,4,0,74.07407407407408,48.148148148148145,25.925925925925924,0.7407407407407408,0.7407407407407408,11.11111111111111,8.88888888888889,2.2222222222222223,14.074074074074074,11.11111111111111,2.9629629629629632,0
E00038604,126,121,98,23,0,0,0,0,0,5,4,1,0,96.03174603174604,77.77777777777779,18.253968253968253,0,0,0,0,0,3.968253968253968,3.1746031746031744,0.7936507936507936,0
E00038605,123,106,79,27,0,0,0,0,0,17,15,2,0,86.1788617886179,64.22764227642277,21.951219512195124,0,0,0,0,0,13.821138211382115,12.195121951219512,1.6260162601626018,0
E00038606,135,114,81,33,0,0,4,3,1,17,14,3,0,84.44444444444444,60,24.444444444444443,0,0,2.9629629629629632,2.2222222222222223,0.7407407407407408,12.592592592592592,10.37037037037037,2.2222222222222223,0
E00038607,126,49,25,24,0,0,57,37,20,18,14,4,2,38.88888888888889,19.841269841269842,19.047619047619047,0,0,45.23809523809524,29.365079365079367,15.873015873015872,14.285714285714285,11.11111111111111,3.1746031746031744,1.5873015873015872
E00038608,136,120,86,34,0,0,0,0,0,16,11,5,0,88.23529411764706,63.23529411764706,25,0,0,0,0,0,11.76470588235294,8.088235294117647,3.6764705882352944,0
E00038609,123,104,62,42,0,0,6,6,0,13,11,2,0,84.5528455284553,50.40650406504065,34.146341463414636,0,0,4.878048780487805,4.878048780487805,0,10.569105691056912,8.94308943089431,1.6260162601626018,0
E00038610,139,104,70,34,0,0,16,13,3,19,16,3,0,74.82014388489209,50.35971223021583,24.46043165467626,0,0,11.510791366906476,9.352517985611511,2.158273381294964,13.66906474820144,11.510791366906476,2.158273381294964,0
E00038611,181,162,81,81,0,0,2,2,0,17,13,4,0,89.50276243093923,44.751381215469614,44.751381215469614,0,0,1.1049723756906076,1.1049723756906076,0,9.392265193370166,7.18232044198895,2.209944751381215,0
E00038612,97,86,50,36,0,0,1,1,0,10,9,1,0,88.65979381443299,51.546391752577314,37.11340206185567,0,0,1.0309278350515463,1.0309278350515463,0,10.309278350515463,9.278350515463918,1.0309278350515463,0
E00038613,124,50,23,27,6,6,52,46,6,14,13,1,2,40.32258064516129,18.548387096774192,21.774193548387096,4.838709677419355,4.838709677419355,41.935483870967744,37.096774193548384,4.838709677419355,11.29032258064516,10.483870967741936,0.8064516129032258,1.6129032258064515
E00038614,122,110,75,35,0,0,0,0,0,11,9,2,1,90.1639344262295,61.47540983606557,28.688524590163933,0,0,0,0,0,9.01639344262295,7.377049180327869,1.639344262295082,0.819672131147541
E00038615,133,126,94,32,0,0,1,1,0,6,6,0,0,94.73684210526315,70.67669172932331,24.06015037593985,0,0,0.7518796992481203,0.7518796992481203,0,4.511278195488721,4.511278195488721,0,0
E00038616,134,121,84,37,0,0,3,2,1,10,7,3,0,90.29850746268657,62.68656716417911,27.611940298507463,0,0,2.2388059701492535,1.4925373134328357,0.7462686567164178,7.462686567164178,5.223880597014925,2.2388059701492535,0
E00038617,242,182,50,132,0,0,6,2,4,54,51,3,0,75.20661157024794,20.66115702479339,54.54545454545454,0,0,2.479338842975207,0.8264462809917356,1.6528925619834711,22.31404958677686,21.074380165289256,1.2396694214876034,0
E00038618,131,120,77,43,0,0,0,0,0,11,11,0,0,91.6030534351145,58.778625954198475,32.82442748091603,0,0,0,0,0,8.396946564885496,8.396946564885496,0,0
E00038619,116,102,77,25,0,0,2,2,0,12,11,1,0,87.93103448275862,66.37931034482759,21.551724137931032,0,0,1.7241379310344827,1.7241379310344827,0,10.344827586206897,9.482758620689655,0.8620689655172413,0
E00038620,169,148,83,65,1,1,6,0,6,14,12,2,0,87.57396449704143,49.112426035502956,38.46153846153847,0.591715976331361,0.591715976331361,3.5502958579881656,0,3.5502958579881656,8.284023668639055,7.100591715976331,1.183431952662722,0
E00038621,121,109,81,28,2,2,0,0,0,10,7,3,0,90.08264462809917,66.94214876033058,23.140495867768596,1.6528925619834711,1.6528925619834711,0,0,0,8.264462809917356,5.785123966942149,2.479338842975207,0
E00038622,104,81,47,34,15,15,1,1,0,7,7,0,0,77.88461538461539,45.19230769230769,32.69230769230769,14.423076923076922,14.423076923076922,0.9615384615384616,0.9615384615384616,0,6.730769230769231,6.730769230769231,0,0
E00038623,119,74,31,43,1,1,21,20,1,23,21,2,0,62.18487394957983,26.05042016806723,36.134453781512605,0.8403361344537815,0.8403361344537815,17.647058823529413,16.80672268907563,0.8403361344537815,19.327731092436977,17.647058823529413,1.680672268907563,0
E00038624,173,66,37,29,5,5,74,46,28,28,24,4,0,38.15028901734104,21.38728323699422,16.76300578034682,2.8901734104046244,2.8901734104046244,42.77456647398844,26.589595375722542,16.184971098265898,16.184971098265898,13.872832369942195,2.312138728323699,0
E00038625,137,100,50,50,0,0,0,0,0,37,34,3,0,72.99270072992701,36.496350364963504,36.496350364963504,0,0,0,0,0,27.00729927007299,24.817518248175183,2.18978102189781,0
E00038626,141,124,101,23,0,0,0,0,0,17,11,6,0,87.94326241134752,71.63120567375887,16.312056737588655,0,0,0,0,0,12.056737588652481,7.801418439716312,4.25531914893617,0
E00038627,128,124,95,29,0,0,1,1,0,3,3,0,0,96.875,74.21875,22.65625,0,0,0.78125,0.78125,0,2.34375,2.34375,0,0
E00038628,118,99,81,18,0,0,3,3,0,16,10,6,0,83.89830508474576,68.64406779661016,15.254237288135593,0,0,2.5423728813559325,2.5423728813559325,0,13.559322033898304,8.47457627118644,5.084745762711865,0
E00038629,115,68,38,30,0,0,39,38,1,8,7,1,0,59.130434782608695,33.04347826086956,26.08695652173913,0,0,33.91304347826087,33.04347826086956,0.8695652173913043,6.956521739130435,6.086956521739131,0.8695652173913043,0
E00038630,114,105,77,28,0,0,1,0,1,8,4,4,0,92.10526315789474,67.54385964912281,24.561403508771928,0,0,0.8771929824561403,0,0.8771929824561403,7.017543859649122,3.508771929824561,3.508771929824561,0
E00038631,138,100,61,39,0,0,17,15,2,21,20,1,0,72.46376811594203,44.20289855072464,28.26086956521739,0,0,12.318840579710146,10.869565217391305,1.4492753623188406,15.217391304347828,14.492753623188406,0.7246376811594203,0
E00038632,233,186,52,134,1,1,6,0,6,39,34,5,1,79.82832618025752,22.317596566523605,57.5107296137339,0.4291845493562232,0.4291845493562232,2.575107296137339,0,2.575107296137339,16.738197424892704,14.592274678111588,2.1459227467811157,0.4291845493562232
E00038633,131,119,97,22,2,2,4,4,0,6,4,2,0,90.83969465648855,74.04580152671755,16.793893129770993,1.5267175572519083,1.5267175572519083,3.0534351145038165,3.0534351145038165,0,4.580152671755725,3.0534351145038165,1.5267175572519083,0
E00038634,135,126,105,21,0,0,3,3,0,6,6,0,0,93.33333333333333,77.77777777777779,15.555555555555555,0,0,2.2222222222222223,2.2222222222222223,0,4.444444444444445,4.444444444444445,0,0
E00038635,139,131,66,65,0,0,0,0,0,8,7,1,0,94.24460431654677,47.482014388489205,46.76258992805755,0,0,0,0,0,5.755395683453238,5.0359712230215825,0.7194244604316548,0
E00038636,131,100,51,49,0,0,0,0,0,30,26,4,1,76.33587786259542,38.93129770992366,37.404580152671755,0,0,0,0,0,22.900763358778626,19.84732824427481,3.0534351145038165,0.7633587786259541
E00038637,125,109,54,55,0,0,3,2,1,13,12,1,0,87.2,43.2,44,0,0,2.4,1.6,0.8,10.4,9.6,0.8,0
E00038638,133,120,53,67,0,0,2,2,0,11,9,2,0,90.22556390977444,39.849624060150376,50.37593984962406,0,0,1.5037593984962405,1.5037593984962405,0,8.270676691729323,6.7669172932330826,1.5037593984962405,0
E00038639,146,119,71,48,2,2,7,3,4,18,16,2,0,81.5068493150685,48.63013698630137,32.87671232876712,1.36986301369863,1.36986301369863,4.794520547945205,2.054794520547945,2.73972602739726,12.32876712328767,10.95890410958904,1.36986301369863,0
E00038640,121,112,68,44,0,0,3,1,2,6,6,0,0,92.56198347107438,56.19834710743802,36.36363636363637,0,0,2.479338842975207,0.8264462809917356,1.6528925619834711,4.958677685950414,4.958677685950414,0,0
E00038641,164,100,41,59,0,0,23,22,1,39,33,6,2,60.97560975609756,25,35.97560975609756,0,0,14.02439024390244,13.414634146341465,0.6097560975609756,23.78048780487805,20.121951219512198,3.6585365853658534,1.2195121951219512
E00038642,149,95,36,59,0,0,41,36,5,11,7,4,2,63.758389261744966,24.161073825503358,39.59731543624161,0,0,27.516778523489933,24.161073825503358,3.3557046979865772,7.38255033557047,4.697986577181208,2.684563758389262,1.342281879194631
E00038643,139,47,28,19,0,0,62,59,3,29,26,3,1,33.81294964028777,20.14388489208633,13.66906474820144,0,0,44.60431654676259,42.44604316546763,2.158273381294964,20.863309352517987,18.705035971223023,2.158273381294964,0.7194244604316548
E00038644,152,72,44,28,1,1,53,53,0,23,23,0,3,47.368421052631575,28.947368421052634,18.421052631578945,0.6578947368421052,0.6578947368421052,34.868421052631575,34.868421052631575,0,15.131578947368421,15.131578947368421,0,1.9736842105263157
E00038645,118,44,20,24,2,2,48,48,0,24,21,3,0,37.28813559322034,16.94915254237288,20.33898305084746,1.694915254237288,1.694915254237288,40.67796610169492,40.67796610169492,0,20.33898305084746,17.796610169491526,2.5423728813559325,0
E00038646,128,58,36,22,0,0,48,45,3,22,19,3,0,45.3125,28.125,17.1875,0,0,37.5,35.15625,2.34375,17.1875,14.84375,2.34375,0
E00038647,81,43,12,31,0,0,28,27,1,10,9,1,0,53.086419753086425,14.814814814814813,38.2716049382716,0,0,34.5679012345679,33.33333333333333,1.2345679012345678,12.345679012345679,11.11111111111111,1.2345679012345678,0
E00038648,140,31,16,15,0,0,79,31,48,30,28,2,0,22.142857142857142,11.428571428571429,10.714285714285714,0,0,56.42857142857143,22.142857142857142,34.285714285714285,21.428571428571427,20,1.4285714285714286,0
E00038649,120,25,13,12,0,0,83,81,2,10,9,1,2,20.833333333333336,10.833333333333334,10,0,0,69.16666666666667,67.5,1.6666666666666667,8.333333333333332,7.5,0.8333333333333334,1.6666666666666667
E00038650,154,65,57,8,2,2,41,16,25,46,37,9,0,42.2077922077922,37.01298701298701,5.194805194805195,1.2987012987012987,1.2987012987012987,26.623376623376622,10.38961038961039,16.233766233766232,29.87012987012987,24.025974025974026,5.844155844155844,0
E00038651,146,118,70,48,1,1,3,3,0,23,19,4,1,80.82191780821918,47.94520547945205,32.87671232876712,0.684931506849315,0.684931506849315,2.054794520547945,2.054794520547945,0,15.753424657534246,13.013698630136986,2.73972602739726,0.684931506849315
E00038652,123,38,22,16,0,0,60,57,3,23,22,1,2,30.89430894308943,17.88617886178862,13.008130081300814,0,0,48.78048780487805,46.34146341463415,2.4390243902439024,18.69918699186992,17.88617886178862,0.8130081300813009,1.6260162601626018
E00038653,126,85,53,32,0,0,1,1,0,40,36,4,0,67.46031746031747,42.06349206349206,25.396825396825395,0,0,0.7936507936507936,0.7936507936507936,0,31.746031746031743,28.57142857142857,3.1746031746031744,0
E00038654,127,86,46,40,0,0,25,25,0,16,15,1,0,67.71653543307087,36.22047244094488,31.496062992125985,0,0,19.68503937007874,19.68503937007874,0,12.598425196850393,11.811023622047244,0.7874015748031495,0
E00038655,113,27,12,15,0,0,78,73,5,8,8,0,0,23.893805309734514,10.619469026548673,13.274336283185843,0,0,69.02654867256636,64.60176991150442,4.424778761061947,7.079646017699115,7.079646017699115,0,0
E00038656,175,87,32,55,0,0,52,52,0,36,31,5,0,49.714285714285715,18.285714285714285,31.428571428571427,0,0,29.714285714285715,29.714285714285715,0,20.57142857142857,17.71428571428571,2.857142857142857,0
E00038657,118,49,23,26,0,0,53,51,2,16,12,4,0,41.52542372881356,19.491525423728813,22.033898305084744,0,0,44.91525423728814,43.22033898305085,1.694915254237288,13.559322033898304,10.16949152542373,3.389830508474576,0
E00038658,135,71,46,25,1,1,37,33,4,25,23,2,1,52.59259259259259,34.074074074074076,18.51851851851852,0.7407407407407408,0.7407407407407408,27.40740740740741,24.444444444444443,2.9629629629629632,18.51851851851852,17.037037037037038,1.4814814814814816,0.7407407407407408
E00038659,105,45,21,24,0,0,45,44,1,13,13,0,2,42.857142857142854,20,22.857142857142858,0,0,42.857142857142854,41.904761904761905,0.9523809523809524,12.380952380952381,12.380952380952381,0,1.9047619047619049
E00038660,163,69,37,32,0,0,37,36,1,57,54,3,0,42.331288343558285,22.699386503067483,19.631901840490798,0,0,22.699386503067483,22.085889570552148,0.6134969325153374,34.96932515337423,33.12883435582822,1.8404907975460123,0
E00038661,191,169,109,60,0,0,11,9,2,11,9,2,0,88.48167539267016,57.06806282722513,31.413612565445025,0,0,5.7591623036649215,4.712041884816754,1.0471204188481675,5.7591623036649215,4.712041884816754,1.0471204188481675,0
E00038662,114,62,52,10,2,2,35,14,21,15,14,1,0,54.385964912280706,45.614035087719294,8.771929824561402,1.7543859649122806,1.7543859649122806,30.701754385964914,12.280701754385964,18.421052631578945,13.157894736842104,12.280701754385964,0.8771929824561403,0
E00038663,110,101,91,10,0,0,1,0,1,8,4,4,0,91.81818181818183,82.72727272727273,9.090909090909092,0,0,0.9090909090909091,0,0.9090909090909091,7.2727272727272725,3.6363636363636362,3.6363636363636362,0
E00038664,210,44,9,35,0,0,157,96,61,8,7,1,1,20.952380952380953,4.285714285714286,16.666666666666664,0,0,74.76190476190476,45.714285714285715,29.04761904761905,3.8095238095238098,3.3333333333333335,0.4761904761904762,0.4761904761904762
E00038665,142,70,37,33,0,0,54,42,12,17,17,0,1,49.29577464788733,26.056338028169012,23.239436619718308,0,0,38.028169014084504,29.577464788732392,8.450704225352112,11.971830985915492,11.971830985915492,0,0.7042253521126761
E00038666,70,59,51,8,0,0,4,4,0,7,7,0,0,84.28571428571429,72.85714285714285,11.428571428571429,0,0,5.714285714285714,5.714285714285714,0,10,10,0,0
E00038667,158,53,28,25,0,0,50,31,19,55,50,5,0,33.54430379746836,17.72151898734177,15.822784810126583,0,0,31.645569620253166,19.62025316455696,12.025316455696203,34.810126582278485,31.645569620253166,3.1645569620253164,0
E00038668,142,71,44,27,0,0,38,36,2,27,23,4,6,50,30.985915492957744,19.014084507042252,0,0,26.76056338028169,25.352112676056336,1.4084507042253522,19.014084507042252,16.19718309859155,2.8169014084507045,4.225352112676056
E00038669,145,129,92,37,1,1,3,3,0,12,6,6,0,88.96551724137932,63.44827586206897,25.517241379310345,0.6896551724137931,0.6896551724137931,2.0689655172413794,2.0689655172413794,0,8.275862068965518,4.137931034482759,4.137931034482759,0
E00038670,154,118,43,75,7,7,7,2,5,22,19,3,0,76.62337662337663,27.92207792207792,48.701298701298704,4.545454545454546,4.545454545454546,4.545454545454546,1.2987012987012987,3.2467532467532463,14.285714285714285,12.337662337662337,1.948051948051948,0
E00038671,163,148,81,67,0,0,2,2,0,13,9,4,0,90.79754601226993,49.693251533742334,41.104294478527606,0,0,1.2269938650306749,1.2269938650306749,0,7.975460122699387,5.521472392638037,2.4539877300613497,0
E00038672,141,89,46,43,0,0,24,22,2,27,25,2,1,63.12056737588653,32.62411347517731,30.49645390070922,0,0,17.02127659574468,15.602836879432624,1.4184397163120568,19.148936170212767,17.73049645390071,1.4184397163120568,0.7092198581560284
E00038673,128,81,39,42,0,0,17,16,1,30,27,3,0,63.28125,30.46875,32.8125,0,0,13.28125,12.5,0.78125,23.4375,21.09375,2.34375,0
E00038674,128,27,16,11,1,1,91,82,9,7,6,1,2,21.09375,12.5,8.59375,0.78125,0.78125,71.09375,64.0625,7.03125,5.46875,4.6875,0.78125,1.5625
E00038675,164,100,44,56,1,1,7,6,1,56,49,7,0,60.97560975609756,26.82926829268293,34.146341463414636,0.6097560975609756,0.6097560975609756,4.2682926829268295,3.6585365853658534,0.6097560975609756,34.146341463414636,29.878048780487802,4.2682926829268295,0
E00038676,143,67,33,34,1,1,56,55,1,17,12,5,2,46.85314685314685,23.076923076923077,23.776223776223777,0.6993006993006993,0.6993006993006993,39.16083916083916,38.46153846153847,0.6993006993006993,11.888111888111888,8.391608391608392,3.4965034965034967,1.3986013986013985
E00038677,143,89,62,27,0,0,27,22,5,27,22,5,0,62.23776223776224,43.35664335664335,18.88111888111888,0,0,18.88111888111888,15.384615384615385,3.4965034965034967,18.88111888111888,15.384615384615385,3.4965034965034967,0
E00038678,150,88,60,28,0,0,43,14,29,19,17,2,0,58.666666666666664,40,18.666666666666668,0,0,28.666666666666668,9.333333333333334,19.333333333333332,12.666666666666668,11.333333333333332,1.3333333333333335,0
E00038679,230,73,46,27,25,25,52,6,46,80,68,12,0,31.73913043478261,20,11.73913043478261,10.869565217391305,10.869565217391305,22.608695652173914,2.608695652173913,20,34.78260869565217,29.565217391304348,5.217391304347826,0
E00038680,184,148,83,65,6,6,8,8,0,22,17,5,0,80.43478260869566,45.108695652173914,35.32608695652174,3.260869565217391,3.260869565217391,4.3478260869565215,4.3478260869565215,0,11.956521739130435,9.239130434782608,2.717391304347826,0
E00038681,113,31,19,12,1,1,60,60,0,21,20,1,0,27.43362831858407,16.8141592920354,10.619469026548673,0.8849557522123894,0.8849557522123894,53.09734513274337,53.09734513274337,0,18.58407079646018,17.699115044247787,0.8849557522123894,0
E00038682,171,88,41,47,0,0,27,26,1,56,50,6,0,51.461988304093566,23.976608187134502,27.485380116959064,0,0,15.789473684210526,15.204678362573098,0.5847953216374269,32.748538011695906,29.239766081871345,3.508771929824561,0
E00038683,127,66,31,35,0,0,46,45,1,15,13,2,0,51.96850393700787,24.409448818897637,27.559055118110237,0,0,36.22047244094488,35.43307086614173,0.7874015748031495,11.811023622047244,10.236220472440944,1.574803149606299,0
E00038684,135,94,64,30,0,0,16,16,0,24,19,5,1,69.62962962962963,47.40740740740741,22.22222222222222,0,0,11.851851851851853,11.851851851851853,0,17.77777777777778,14.074074074074074,3.7037037037037033,0.7407407407407408
E00038685,148,84,37,47,0,0,46,43,3,17,16,1,1,56.75675675675676,25,31.756756756756754,0,0,31.08108108108108,29.054054054054053,2.027027027027027,11.486486486486488,10.81081081081081,0.6756756756756757,0.6756756756756757
E00038686,120,67,26,41,0,0,36,36,0,16,15,1,1,55.833333333333336,21.666666666666668,34.166666666666664,0,0,30,30,0,13.333333333333334,12.5,0.8333333333333334,0.8333333333333334
E00038687,115,70,41,29,1,1,18,18,0,26,24,2,0,60.86956521739131,35.65217391304348,25.217391304347824,0.8695652173913043,0.8695652173913043,15.65217391304348,15.65217391304348,0,22.608695652173914,20.869565217391305,1.7391304347826086,0
E00038688,129,66,26,40,0,0,30,30,0,33,30,3,0,51.162790697674424,20.155038759689923,31.007751937984494,0,0,23.25581395348837,23.25581395348837,0,25.581395348837212,23.25581395348837,2.3255813953488373,0
E00038689,159,134,94,40,1,1,1,1,0,23,20,3,0,84.27672955974843,59.11949685534591,25.157232704402517,0.628930817610063,0.628930817610063,0.628930817610063,0.628930817610063,0,14.465408805031446,12.578616352201259,1.8867924528301887,0
E00038690,130,116,83,33,0,0,1,0,1,13,11,2,0,89.23076923076924,63.84615384615384,25.384615384615383,0,0,0.7692307692307693,0,0.7692307692307693,10,8.461538461538462,1.5384615384615385,0
E00038691,131,114,64,50,0,0,1,1,0,16,12,4,0,87.02290076335878,48.854961832061065,38.16793893129771,0,0,0.7633587786259541,0.7633587786259541,0,12.213740458015266,9.16030534351145,3.0534351145038165,0
E00038692,91,68,50,18,0,0,2,2,0,21,16,5,0,74.72527472527473,54.94505494505495,19.78021978021978,0,0,2.197802197802198,2.197802197802198,0,23.076923076923077,17.582417582417584,5.4945054945054945,0
E00038693,136,85,47,38,0,0,20,17,3,30,29,1,1,62.5,34.55882352941176,27.941176470588236,0,0,14.705882352941178,12.5,2.2058823529411766,22.058823529411764,21.323529411764707,0.7352941176470588,0.7352941176470588
E00038694,127,89,52,37,0,0,7,7,0,31,27,4,0,70.07874015748031,40.94488188976378,29.133858267716533,0,0,5.511811023622047,5.511811023622047,0,24.409448818897637,21.25984251968504,3.149606299212598,0
E00038695,166,136,71,65,0,0,12,6,6,18,15,3,0,81.92771084337349,42.77108433734939,39.1566265060241,0,0,7.228915662650602,3.614457831325301,3.614457831325301,10.843373493975903,9.036144578313253,1.8072289156626504,0
E00038696,111,66,35,31,0,0,23,22,1,22,22,0,0,59.45945945945946,31.53153153153153,27.927927927927925,0,0,20.72072072072072,19.81981981981982,0.9009009009009009,19.81981981981982,19.81981981981982,0,0
E00038697,125,79,36,43,0,0,20,18,2,25,21,4,1,63.2,28.799999999999997,34.4,0,0,16,14.399999999999999,1.6,20,16.8,3.2,0.8
E00038698,132,58,38,20,1,1,36,33,3,37,34,3,0,43.93939393939394,28.78787878787879,15.151515151515152,0.7575757575757576,0.7575757575757576,27.27272727272727,25,2.272727272727273,28.030303030303028,25.757575757575758,2.272727272727273,0
E00038699,143,55,27,28,0,0,39,26,13,47,46,1,2,38.46153846153847,18.88111888111888,19.58041958041958,0,0,27.27272727272727,18.181818181818183,9.090909090909092,32.86713286713287,32.16783216783217,0.6993006993006993,1.3986013986013985
E00038700,135,76,48,28,0,0,25,25,0,33,30,3,1,56.2962962962963,35.55555555555556,20.74074074074074,0,0,18.51851851851852,18.51851851851852,0,24.444444444444443,22.22222222222222,2.2222222222222223,0.7407407407407408
E00038701,129,75,39,36,1,1,25,25,0,27,24,3,1,58.139534883720934,30.23255813953488,27.906976744186046,0.7751937984496124,0.7751937984496124,19.379844961240313,19.379844961240313,0,20.930232558139537,18.6046511627907,2.3255813953488373,0.7751937984496124
E00038702,108,51,26,25,0,0,31,28,3,26,24,2,0,47.22222222222222,24.074074074074073,23.14814814814815,0,0,28.703703703703702,25.925925925925924,2.7777777777777777,24.074074074074073,22.22222222222222,1.8518518518518516,0
E00038703,170,106,54,52,2,2,18,8,10,44,36,8,0,62.35294117647059,31.76470588235294,30.58823529411765,1.1764705882352942,1.1764705882352942,10.588235294117647,4.705882352941177,5.88235294117647,25.882352941176475,21.176470588235293,4.705882352941177,0
E00038704,132,79,40,39,1,1,31,29,2,21,19,2,0,59.84848484848485,30.303030303030305,29.545454545454547,0.7575757575757576,0.7575757575757576,23.484848484848484,21.96969696969697,1.5151515151515151,15.909090909090908,14.393939393939394,1.5151515151515151,0
E00038706,135,69,41,28,0,0,58,53,5,7,6,1,1,51.11111111111111,30.37037037037037,20.74074074074074,0,0,42.96296296296296,39.25925925925926,3.7037037037037033,5.185185185185185,4.444444444444445,0.7407407407407408,0.7407407407407408
E00038707,199,170,119,51,0,0,8,5,3,21,19,2,0,85.42713567839196,59.798994974874375,25.628140703517587,0,0,4.0201005025125625,2.512562814070352,1.507537688442211,10.552763819095476,9.547738693467336,1.0050251256281406,0
E00038708,132,47,22,25,0,0,18,11,7,67,66,1,0,35.60606060606061,16.666666666666664,18.939393939393938,0,0,13.636363636363635,8.333333333333332,5.303030303030303,50.75757575757576,50,0.7575757575757576,0
E00038709,153,79,46,33,0,0,34,24,10,39,37,2,1,51.633986928104584,30.065359477124183,21.568627450980394,0,0,22.22222222222222,15.686274509803921,6.535947712418301,25.49019607843137,24.183006535947712,1.3071895424836601,0.6535947712418301
E00038710,136,65,30,35,0,0,42,39,3,29,26,3,0,47.794117647058826,22.058823529411764,25.735294117647058,0,0,30.88235294117647,28.676470588235293,2.2058823529411766,21.323529411764707,19.11764705882353,2.2058823529411766,0
E00038711,119,87,53,34,0,0,2,2,0,30,25,5,0,73.10924369747899,44.537815126050425,28.57142857142857,0,0,1.680672268907563,1.680672268907563,0,25.210084033613445,21.008403361344538,4.201680672268908,0
E00038712,216,154,65,89,6,6,33,5,28,23,20,3,0,71.29629629629629,30.09259259259259,41.2037037037037,2.7777777777777777,2.7777777777777777,15.277777777777779,2.314814814814815,12.962962962962962,10.648148148148149,9.25925925925926,1.3888888888888888,0
E00038713,119,66,31,35,0,0,35,34,1,18,17,1,0,55.46218487394958,26.05042016806723,29.411764705882355,0,0,29.411764705882355,28.57142857142857,0.8403361344537815,15.126050420168067,14.285714285714285,0.8403361344537815,0
E00038714,134,70,31,39,0,0,38,29,9,26,23,3,0,52.23880597014925,23.134328358208954,29.1044776119403,0,0,28.35820895522388,21.641791044776117,6.7164179104477615,19.402985074626866,17.16417910447761,2.2388059701492535,0
E00038715,119,80,47,33,0,0,2,1,1,37,31,6,0,67.22689075630252,39.49579831932773,27.73109243697479,0,0,1.680672268907563,0.8403361344537815,0.8403361344537815,31.092436974789916,26.05042016806723,5.042016806722689,0
E00038716,120,102,55,47,0,0,1,1,0,17,14,3,0,85,45.83333333333333,39.166666666666664,0,0,0.8333333333333334,0.8333333333333334,0,14.166666666666666,11.666666666666666,2.5,0
E00038717,134,98,44,54,1,1,2,1,1,33,28,5,0,73.13432835820896,32.83582089552239,40.298507462686565,0.7462686567164178,0.7462686567164178,1.4925373134328357,0.7462686567164178,0.7462686567164178,24.62686567164179,20.8955223880597,3.731343283582089,0
E00038718,130,92,50,42,0,0,1,0,1,37,33,4,0,70.76923076923077,38.46153846153847,32.30769230769231,0,0,0.7692307692307693,0,0.7692307692307693,28.46153846153846,25.384615384615383,3.076923076923077,0
E00038719,188,70,44,26,1,1,15,2,13,102,97,5,0,37.234042553191486,23.404255319148938,13.829787234042554,0.5319148936170213,0.5319148936170213,7.9787234042553195,1.0638297872340425,6.914893617021277,54.25531914893617,51.59574468085106,2.6595744680851063,0
E00038720,205,31,18,13,3,3,35,5,30,136,132,4,0,15.121951219512194,8.780487804878048,6.341463414634147,1.4634146341463417,1.4634146341463417,17.073170731707318,2.4390243902439024,14.634146341463413,66.34146341463415,64.39024390243902,1.951219512195122,0
E00038721,122,94,43,51,0,0,1,1,0,27,26,1,0,77.04918032786885,35.24590163934426,41.80327868852459,0,0,0.819672131147541,0.819672131147541,0,22.131147540983605,21.311475409836063,0.819672131147541,0
E00038722,114,72,34,38,0,0,5,4,1,37,34,3,0,63.1578947368421,29.82456140350877,33.33333333333333,0,0,4.385964912280701,3.508771929824561,0.8771929824561403,32.45614035087719,29.82456140350877,2.631578947368421,0
E00038723,189,33,17,16,0,0,41,8,33,115,100,15,0,17.46031746031746,8.994708994708994,8.465608465608465,0,0,21.693121693121693,4.232804232804233,17.46031746031746,60.84656084656085,52.910052910052904,7.936507936507936,0
E00038724,119,98,52,46,0,0,1,1,0,18,15,3,2,82.35294117647058,43.69747899159664,38.655462184873954,0,0,0.8403361344537815,0.8403361344537815,0,15.126050420168067,12.605042016806722,2.5210084033613445,1.680672268907563
E00038725,179,99,48,51,0,0,4,1,3,76,73,3,0,55.3072625698324,26.81564245810056,28.49162011173184,0,0,2.2346368715083798,0.5586592178770949,1.675977653631285,42.45810055865922,40.78212290502793,1.675977653631285,0
E00038727,127,105,58,47,0,0,3,2,1,18,16,2,1,82.67716535433071,45.66929133858268,37.00787401574803,0,0,2.3622047244094486,1.574803149606299,0.7874015748031495,14.173228346456693,12.598425196850393,1.574803149606299,0.7874015748031495
E00038728,133,105,54,51,0,0,18,1,17,10,7,3,0,78.94736842105263,40.6015037593985,38.34586466165413,0,0,13.533834586466165,0.7518796992481203,12.781954887218044,7.518796992481203,5.263157894736842,2.2556390977443606,0
E00038730,121,100,52,48,1,1,3,2,1,17,13,4,0,82.64462809917356,42.97520661157025,39.66942148760331,0.8264462809917356,0.8264462809917356,2.479338842975207,1.6528925619834711,0.8264462809917356,14.049586776859504,10.743801652892563,3.3057851239669422,0
E00038731,146,56,43,13,0,0,9,4,5,81,75,6,0,38.35616438356164,29.45205479452055,8.904109589041095,0,0,6.164383561643835,2.73972602739726,3.4246575342465753,55.47945205479452,51.369863013698634,4.10958904109589,0
E00038732,135,55,37,18,1,1,5,0,5,74,71,3,0,40.74074074074074,27.40740740740741,13.333333333333334,0.7407407407407408,0.7407407407407408,3.7037037037037033,0,3.7037037037037033,54.81481481481482,52.59259259259259,2.2222222222222223,0
E00038733,159,42,29,13,0,0,9,2,7,108,104,4,0,26.41509433962264,18.238993710691823,8.176100628930817,0,0,5.660377358490567,1.257861635220126,4.40251572327044,67.9245283018868,65.40880503144653,2.515723270440252,0
E00038734,145,61,28,33,0,0,56,52,4,28,27,1,0,42.06896551724138,19.310344827586206,22.758620689655174,0,0,38.62068965517241,35.86206896551724,2.7586206896551726,19.310344827586206,18.620689655172416,0.6896551724137931,0
E00038735,155,61,43,18,1,1,7,2,5,86,81,5,0,39.35483870967742,27.741935483870968,11.612903225806452,0.6451612903225806,0.6451612903225806,4.516129032258064,1.2903225806451613,3.225806451612903,55.483870967741936,52.25806451612903,3.225806451612903,0
E00038736,140,40,19,21,0,0,79,75,4,21,18,3,0,28.57142857142857,13.571428571428571,15,0,0,56.42857142857143,53.57142857142857,2.857142857142857,15,12.857142857142856,2.142857142857143,0
E00038737,118,40,19,21,0,0,56,53,3,19,13,6,3,33.89830508474576,16.101694915254235,17.796610169491526,0,0,47.45762711864407,44.91525423728814,2.5423728813559325,16.101694915254235,11.016949152542372,5.084745762711865,2.5423728813559325
E00038738,114,68,27,41,1,1,11,3,8,34,30,4,0,59.64912280701754,23.684210526315788,35.96491228070175,0.8771929824561403,0.8771929824561403,9.649122807017543,2.631578947368421,7.017543859649122,29.82456140350877,26.31578947368421,3.508771929824561,0
E00038739,143,101,59,42,1,1,0,0,0,41,36,5,0,70.62937062937063,41.25874125874126,29.37062937062937,0.6993006993006993,0.6993006993006993,0,0,0,28.671328671328673,25.174825174825177,3.4965034965034967,0
E00038740,112,51,30,21,0,0,36,13,23,25,19,6,0,45.535714285714285,26.785714285714285,18.75,0,0,32.142857142857146,11.607142857142858,20.535714285714285,22.321428571428573,16.964285714285715,5.357142857142857,0
E00038741,154,100,59,41,0,0,1,1,0,53,53,0,0,64.93506493506493,38.311688311688314,26.623376623376622,0,0,0.6493506493506493,0.6493506493506493,0,34.41558441558442,34.41558441558442,0,0
E00038742,149,98,64,34,1,1,0,0,0,50,45,5,0,65.77181208053692,42.95302013422819,22.818791946308725,0.6711409395973155,0.6711409395973155,0,0,0,33.557046979865774,30.201342281879196,3.3557046979865772,0
E00038743,114,34,24,10,2,2,8,3,5,69,63,6,1,29.82456140350877,21.052631578947366,8.771929824561402,1.7543859649122806,1.7543859649122806,7.017543859649122,2.631578947368421,4.385964912280701,60.526315789473685,55.26315789473685,5.263157894736842,0.8771929824561403
E00038744,130,74,37,37,0,0,9,3,6,47,45,2,0,56.92307692307692,28.46153846153846,28.46153846153846,0,0,6.923076923076923,2.307692307692308,4.615384615384616,36.15384615384615,34.61538461538461,1.5384615384615385,0
E00038745,239,38,21,17,0,0,13,3,10,188,184,4,0,15.899581589958158,8.786610878661087,7.112970711297072,0,0,5.439330543933055,1.2552301255230125,4.184100418410042,78.66108786610879,76.98744769874477,1.6736401673640167,0
E00038746,164,73,46,27,0,0,10,1,9,81,76,5,0,44.51219512195122,28.04878048780488,16.463414634146343,0,0,6.097560975609756,0.6097560975609756,5.487804878048781,49.390243902439025,46.34146341463415,3.048780487804878,0
E00038747,215,35,16,19,1,1,12,5,7,166,157,9,1,16.27906976744186,7.441860465116279,8.837209302325581,0.46511627906976744,0.46511627906976744,5.5813953488372094,2.3255813953488373,3.255813953488372,77.20930232558139,73.0232558139535,4.186046511627907,0.46511627906976744
E00038748,139,58,34,24,1,1,7,2,5,73,71,2,0,41.726618705035975,24.46043165467626,17.26618705035971,0.7194244604316548,0.7194244604316548,5.0359712230215825,1.4388489208633095,3.5971223021582732,52.51798561151079,51.07913669064749,1.4388489208633095,0
E00038749,127,83,45,38,0,0,1,1,0,43,39,4,0,65.35433070866141,35.43307086614173,29.92125984251969,0,0,0.7874015748031495,0.7874015748031495,0,33.85826771653544,30.708661417322837,3.149606299212598,0
E00038751,145,117,54,63,0,0,5,5,0,23,18,5,0,80.6896551724138,37.24137931034483,43.44827586206896,0,0,3.4482758620689653,3.4482758620689653,0,15.862068965517242,12.413793103448276,3.4482758620689653,0
E00038752,156,44,23,21,0,0,24,17,7,88,80,8,0,28.205128205128204,14.743589743589745,13.461538461538462,0,0,15.384615384615385,10.897435897435898,4.487179487179487,56.41025641025641,51.28205128205128,5.128205128205128,0
E00038753,155,20,13,7,0,0,23,12,11,109,100,9,3,12.903225806451612,8.38709677419355,4.516129032258064,0,0,14.838709677419354,7.741935483870968,7.096774193548387,70.3225806451613,64.51612903225806,5.806451612903226,1.935483870967742
E00038755,157,30,20,10,3,3,29,5,24,95,91,4,0,19.10828025477707,12.738853503184714,6.369426751592357,1.910828025477707,1.910828025477707,18.471337579617835,3.1847133757961785,15.286624203821656,60.509554140127385,57.961783439490446,2.547770700636943,0
E00038756,133,81,42,39,2,2,37,36,1,13,12,1,0,60.902255639097746,31.57894736842105,29.32330827067669,1.5037593984962405,1.5037593984962405,27.819548872180448,27.06766917293233,0.7518796992481203,9.774436090225564,9.022556390977442,0.7518796992481203,0
E00038757,135,76,25,51,0,0,39,35,4,20,19,1,0,56.2962962962963,18.51851851851852,37.77777777777778,0,0,28.888888888888886,25.925925925925924,2.9629629629629632,14.814814814814813,14.074074074074074,0.7407407407407408,0
E00038758,189,40,24,16,0,0,122,67,55,26,22,4,1,21.164021164021165,12.698412698412698,8.465608465608465,0,0,64.55026455026454,35.44973544973545,29.100529100529098,13.756613756613756,11.64021164021164,2.1164021164021163,0.5291005291005291
E00038759,129,82,34,48,0,0,22,22,0,24,20,4,1,63.565891472868216,26.356589147286826,37.2093023255814,0,0,17.05426356589147,17.05426356589147,0,18.6046511627907,15.503875968992247,3.10077519379845,0.7751937984496124
E00038760,140,69,32,37,0,0,49,46,3,20,18,2,2,49.28571428571429,22.857142857142858,26.42857142857143,0,0,35,32.857142857142854,2.142857142857143,14.285714285714285,12.857142857142856,1.4285714285714286,1.4285714285714286
E00038761,189,117,34,83,0,0,53,52,1,17,13,4,2,61.904761904761905,17.989417989417987,43.91534391534391,0,0,28.04232804232804,27.513227513227513,0.5291005291005291,8.994708994708994,6.878306878306878,2.1164021164021163,1.0582010582010581
E00038762,138,81,33,48,0,0,42,41,1,14,11,3,1,58.69565217391305,23.91304347826087,34.78260869565217,0,0,30.434782608695656,29.71014492753623,0.7246376811594203,10.144927536231885,7.971014492753622,2.1739130434782608,0.7246376811594203
E00038763,141,101,69,32,0,0,28,27,1,9,8,1,3,71.63120567375887,48.93617021276596,22.69503546099291,0,0,19.858156028368796,19.148936170212767,0.7092198581560284,6.382978723404255,5.673758865248227,0.7092198581560284,2.127659574468085
E00038764,132,107,64,43,1,1,1,0,1,23,20,3,0,81.06060606060606,48.484848484848484,32.57575757575758,0.7575757575757576,0.7575757575757576,0.7575757575757576,0,0.7575757575757576,17.424242424242426,15.151515151515152,2.272727272727273,0
E00038765,117,95,54,41,0,0,0,0,0,22,18,4,0,81.19658119658119,46.15384615384615,35.04273504273504,0,0,0,0,0,18.803418803418804,15.384615384615385,3.418803418803419,0
E00038766,144,68,31,37,0,0,60,29,31,15,14,1,1,47.22222222222222,21.52777777777778,25.694444444444443,0,0,41.66666666666667,20.13888888888889,21.52777777777778,10.416666666666668,9.722222222222223,0.6944444444444444,0.6944444444444444
E00038767,120,99,55,44,0,0,3,3,0,18,15,3,0,82.5,45.83333333333333,36.666666666666664,0,0,2.5,2.5,0,15,12.5,2.5,0
E00038768,132,84,37,47,0,0,33,30,3,15,13,2,0,63.63636363636363,28.030303030303028,35.60606060606061,0,0,25,22.727272727272727,2.272727272727273,11.363636363636363,9.848484848484848,1.5151515151515151,0
E00038769,161,42,17,25,0,0,98,91,7,21,18,3,0,26.08695652173913,10.559006211180124,15.527950310559005,0,0,60.86956521739131,56.52173913043478,4.3478260869565215,13.043478260869565,11.180124223602485,1.8633540372670807,0
E00038770,134,53,35,18,0,0,73,71,2,7,7,0,1,39.55223880597015,26.119402985074625,13.432835820895523,0,0,54.47761194029851,52.98507462686567,1.4925373134328357,5.223880597014925,5.223880597014925,0,0.7462686567164178
E00038771,94,3,1,2,0,0,71,68,3,20,7,13,0,3.1914893617021276,1.0638297872340425,2.127659574468085,0,0,75.53191489361703,72.3404255319149,3.1914893617021276,21.27659574468085,7.446808510638298,13.829787234042554,0
E00038772,131,76,29,47,1,1,24,24,0,30,27,3,0,58.01526717557252,22.137404580152673,35.87786259541985,0.7633587786259541,0.7633587786259541,18.3206106870229,18.3206106870229,0,22.900763358778626,20.610687022900763,2.2900763358778624,0
E00038773,135,35,18,17,0,0,89,83,6,9,8,1,2,25.925925925925924,13.333333333333334,12.592592592592592,0,0,65.92592592592592,61.48148148148148,4.444444444444445,6.666666666666667,5.9259259259259265,0.7407407407407408,1.4814814814814816
E00038774,131,65,23,42,0,0,36,32,4,29,27,2,1,49.61832061068702,17.557251908396946,32.06106870229007,0,0,27.480916030534353,24.427480916030532,3.0534351145038165,22.137404580152673,20.610687022900763,1.5267175572519083,0.7633587786259541
E00038775,130,79,33,46,1,1,21,19,2,29,27,2,0,60.76923076923077,25.384615384615383,35.38461538461539,0.7692307692307693,0.7692307692307693,16.153846153846153,14.615384615384617,1.5384615384615385,22.30769230769231,20.76923076923077,1.5384615384615385,0
E00038776,139,96,49,47,0,0,1,0,1,42,40,2,0,69.06474820143885,35.25179856115108,33.81294964028777,0,0,0.7194244604316548,0,0.7194244604316548,30.215827338129497,28.776978417266186,1.4388489208633095,0
E00038777,128,93,42,51,1,1,5,4,1,29,26,3,0,72.65625,32.8125,39.84375,0.78125,0.78125,3.90625,3.125,0.78125,22.65625,20.3125,2.34375,0
E00038778,137,86,39,47,0,0,20,17,3,31,29,2,0,62.77372262773723,28.467153284671532,34.306569343065696,0,0,14.5985401459854,12.408759124087592,2.18978102189781,22.62773722627737,21.16788321167883,1.4598540145985401,0
E00038779,120,80,39,41,0,0,4,4,0,36,34,2,0,66.66666666666666,32.5,34.166666666666664,0,0,3.3333333333333335,3.3333333333333335,0,30,28.333333333333332,1.6666666666666667,0
E00038780,136,44,26,18,0,0,7,5,2,85,78,7,0,32.35294117647059,19.11764705882353,13.23529411764706,0,0,5.147058823529411,3.6764705882352944,1.4705882352941175,62.5,57.35294117647059,5.147058823529411,0
E00038781,121,79,39,40,0,0,6,3,3,36,33,3,0,65.28925619834712,32.231404958677686,33.057851239669425,0,0,4.958677685950414,2.479338842975207,2.479338842975207,29.75206611570248,27.27272727272727,2.479338842975207,0
E00038782,131,89,52,37,0,0,1,1,0,40,34,6,1,67.93893129770993,39.69465648854962,28.24427480916031,0,0,0.7633587786259541,0.7633587786259541,0,30.53435114503817,25.954198473282442,4.580152671755725,0.7633587786259541
E00038783,123,78,44,34,0,0,5,3,2,40,39,1,0,63.41463414634146,35.77235772357724,27.64227642276423,0,0,4.0650406504065035,2.4390243902439024,1.6260162601626018,32.52032520325203,31.70731707317073,0.8130081300813009,0
E00038784,117,43,18,25,1,1,18,4,14,55,52,3,0,36.75213675213676,15.384615384615385,21.367521367521366,0.8547008547008548,0.8547008547008548,15.384615384615385,3.418803418803419,11.965811965811966,47.008547008547005,44.44444444444444,2.564102564102564,0
E00038785,123,68,39,29,0,0,6,1,5,49,48,1,0,55.28455284552846,31.70731707317073,23.577235772357724,0,0,4.878048780487805,0.8130081300813009,4.0650406504065035,39.83739837398374,39.02439024390244,0.8130081300813009,0
E00038786,127,89,51,38,0,0,0,0,0,38,34,4,0,70.07874015748031,40.15748031496063,29.92125984251969,0,0,0,0,0,29.92125984251969,26.77165354330709,3.149606299212598,0
E00038787,145,41,27,14,0,0,21,7,14,82,80,2,1,28.27586206896552,18.620689655172416,9.655172413793103,0,0,14.482758620689657,4.827586206896552,9.655172413793103,56.55172413793104,55.172413793103445,1.3793103448275863,0.6896551724137931
E00038788,149,37,21,16,0,0,18,5,13,94,89,5,0,24.832214765100673,14.093959731543624,10.738255033557047,0,0,12.080536912751679,3.3557046979865772,8.724832214765101,63.08724832214765,59.73154362416108,3.3557046979865772,0
E00172372,129,120,62,58,0,0,0,0,0,9,9,0,0,93.02325581395348,48.06201550387597,44.96124031007752,0,0,0,0,0,6.976744186046512,6.976744186046512,0,0
E00172373,102,59,16,43,0,0,9,7,2,34,30,4,0,57.84313725490197,15.686274509803921,42.15686274509804,0,0,8.823529411764707,6.862745098039216,1.9607843137254901,33.33333333333333,29.411764705882355,3.9215686274509802,0
E00172374,91,40,22,18,0,0,1,0,1,50,49,1,0,43.956043956043956,24.175824175824175,19.78021978021978,0,0,1.098901098901099,0,1.098901098901099,54.94505494505495,53.84615384615385,1.098901098901099,0
E00172375,132,102,61,41,0,0,4,3,1,26,25,1,0,77.27272727272727,46.21212121212121,31.060606060606062,0,0,3.0303030303030303,2.272727272727273,0.7575757575757576,19.696969696969695,18.939393939393938,0.7575757575757576,0
E00172376,115,61,22,39,0,0,11,0,11,43,40,3,0,53.04347826086957,19.130434782608695,33.91304347826087,0,0,9.565217391304348,0,9.565217391304348,37.391304347826086,34.78260869565217,2.608695652173913,0
E00172377,55,21,2,19,0,0,11,8,3,23,23,0,0,38.18181818181819,3.6363636363636362,34.54545454545455,0,0,20,14.545454545454545,5.454545454545454,41.81818181818181,41.81818181818181,0,0
E00172378,121,54,8,46,0,0,1,1,0,66,62,4,0,44.62809917355372,6.6115702479338845,38.01652892561984,0,0,0.8264462809917356,0.8264462809917356,0,54.54545454545454,51.2396694214876,3.3057851239669422,0
E00172379,130,95,18,77,0,0,0,0,0,35,31,4,0,73.07692307692307,13.846153846153847,59.23076923076923,0,0,0,0,0,26.923076923076923,23.846153846153847,3.076923076923077,0
E00172380,107,43,4,39,0,0,5,4,1,59,57,2,0,40.18691588785047,3.7383177570093453,36.44859813084112,0,0,4.672897196261682,3.7383177570093453,0.9345794392523363,55.140186915887845,53.271028037383175,1.8691588785046727,0
E00172381,115,55,8,47,1,1,6,5,1,53,52,1,0,47.82608695652174,6.956521739130435,40.869565217391305,0.8695652173913043,0.8695652173913043,5.217391304347826,4.3478260869565215,0.8695652173913043,46.08695652173913,45.21739130434783,0.8695652173913043,0
E00172382,96,53,21,32,0,0,1,0,1,42,39,3,0,55.208333333333336,21.875,33.33333333333333,0,0,1.0416666666666665,0,1.0416666666666665,43.75,40.625,3.125,0
E00172383,96,38,8,30,0,0,3,3,0,53,49,4,2,39.58333333333333,8.333333333333332,31.25,0,0,3.125,3.125,0,55.208333333333336,51.041666666666664,4.166666666666666,2.083333333333333
E00172384,124,79,21,58,1,1,3,1,2,41,35,6,0,63.70967741935484,16.93548387096774,46.774193548387096,0.8064516129032258,0.8064516129032258,2.4193548387096775,0.8064516129032258,1.6129032258064515,33.064516129032256,28.225806451612907,4.838709677419355,0
E00172385,90,42,8,34,0,0,2,2,0,46,44,2,0,46.666666666666664,8.88888888888889,37.77777777777778,0,0,2.2222222222222223,2.2222222222222223,0,51.11111111111111,48.888888888888886,2.2222222222222223,0
E00172386,157,92,19,73,0,0,3,3,0,62,58,4,0,58.59872611464968,12.101910828025478,46.496815286624205,0,0,1.910828025477707,1.910828025477707,0,39.490445859872615,36.94267515923567,2.547770700636943,0
E00172388,121,89,37,52,1,1,0,0,0,31,28,3,0,73.55371900826447,30.57851239669421,42.97520661157025,0.8264462809917356,0.8264462809917356,0,0,0,25.6198347107438,23.140495867768596,2.479338842975207,0
E00172389,101,86,28,58,0,0,2,2,0,13,11,2,0,85.14851485148515,27.722772277227726,57.42574257425742,0,0,1.9801980198019802,1.9801980198019802,0,12.871287128712872,10.891089108910892,1.9801980198019802,0
E00172390,133,119,58,61,0,0,0,0,0,14,11,3,0,89.47368421052632,43.609022556390975,45.86466165413533,0,0,0,0,0,10.526315789473683,8.270676691729323,2.2556390977443606,0
E00172391,132,88,30,58,0,0,0,0,0,44,39,5,0,66.66666666666666,22.727272727272727,43.93939393939394,0,0,0,0,0,33.33333333333333,29.545454545454547,3.787878787878788,0
E00172392,81,53,17,36,0,0,3,2,1,25,24,1,0,65.4320987654321,20.98765432098765,44.44444444444444,0,0,3.7037037037037033,2.4691358024691357,1.2345679012345678,30.864197530864196,29.629629629629626,1.2345679012345678,0
E00172393,74,56,28,28,0,0,1,1,0,17,15,2,0,75.67567567567568,37.83783783783784,37.83783783783784,0,0,1.3513513513513513,1.3513513513513513,0,22.972972972972975,20.27027027027027,2.7027027027027026,0
E00172394,208,107,29,78,0,0,21,1,20,80,72,8,0,51.442307692307686,13.942307692307693,37.5,0,0,10.096153846153847,0.4807692307692308,9.615384615384617,38.46153846153847,34.61538461538461,3.8461538461538463,0
E00172395,115,92,24,68,0,0,1,1,0,22,20,2,0,80,20.869565217391305,59.130434782608695,0,0,0.8695652173913043,0.8695652173913043,0,19.130434782608695,17.391304347826086,1.7391304347826086,0
E00172396,104,87,59,28,1,1,3,3,0,13,9,4,0,83.65384615384616,56.730769230769226,26.923076923076923,0.9615384615384616,0.9615384615384616,2.8846153846153846,2.8846153846153846,0,12.5,8.653846153846153,3.8461538461538463,0
E00172397,121,80,32,48,2,2,6,6,0,32,29,3,1,66.11570247933885,26.446280991735538,39.66942148760331,1.6528925619834711,1.6528925619834711,4.958677685950414,4.958677685950414,0,26.446280991735538,23.96694214876033,2.479338842975207,0.8264462809917356
E00172398,89,61,25,36,0,0,7,7,0,21,20,1,0,68.53932584269663,28.08988764044944,40.44943820224719,0,0,7.865168539325842,7.865168539325842,0,23.595505617977526,22.47191011235955,1.1235955056179776,0
E00172399,136,85,25,60,0,0,1,1,0,50,35,15,0,62.5,18.38235294117647,44.11764705882353,0,0,0.7352941176470588,0.7352941176470588,0,36.76470588235294,25.735294117647058,11.029411764705882,0
E00172401,51,35,16,19,1,1,1,1,0,14,14,0,0,68.62745098039215,31.372549019607842,37.254901960784316,1.9607843137254901,1.9607843137254901,1.9607843137254901,1.9607843137254901,0,27.450980392156865,27.450980392156865,0,0
E00182647,143,112,75,37,1,1,13,13,0,17,14,3,0,78.32167832167832,52.44755244755245,25.874125874125873,0.6993006993006993,0.6993006993006993,9.090909090909092,9.090909090909092,0,11.888111888111888,9.79020979020979,2.097902097902098,0
E00182648,247,220,126,94,2,2,5,5,0,20,14,6,0,89.06882591093117,51.012145748987855,38.05668016194332,0.8097165991902834,0.8097165991902834,2.0242914979757085,2.0242914979757085,0,8.097165991902834,5.668016194331984,2.42914979757085,0
E00182651,207,147,8,139,13,13,28,2,26,19,19,0,0,71.01449275362319,3.864734299516908,67.14975845410628,6.280193236714976,6.280193236714976,13.526570048309178,0.966183574879227,12.560386473429952,9.178743961352657,9.178743961352657,0,0
E00182652,72,58,31,27,0,0,3,2,1,11,11,0,0,80.55555555555556,43.05555555555556,37.5,0,0,4.166666666666666,2.7777777777777777,1.3888888888888888,15.277777777777779,15.277777777777779,0,0
E00182653,187,5,1,4,0,0,19,8,11,163,161,2,0,2.6737967914438503,0.53475935828877,2.13903743315508,0,0,10.16042780748663,4.27807486631016,5.88235294117647,87.16577540106952,86.09625668449198,1.06951871657754,0
E00182658,75,68,37,31,0,0,0,0,0,7,6,1,0,90.66666666666666,49.333333333333336,41.333333333333336,0,0,0,0,0,9.333333333333334,8,1.3333333333333335,0
E00182659,128,108,7,101,0,0,7,3,4,13,13,0,0,84.375,5.46875,78.90625,0,0,5.46875,2.34375,3.125,10.15625,10.15625,0,0
E00182660,60,56,2,54,0,0,3,2,1,1,1,0,0,93.33333333333333,3.3333333333333335,90,0,0,5,3.3333333333333335,1.6666666666666667,1.6666666666666667,1.6666666666666667,0,0
E00182661,112,99,16,83,1,1,2,1,1,10,8,2,0,88.39285714285714,14.285714285714285,74.10714285714286,0.8928571428571428,0.8928571428571428,1.7857142857142856,0.8928571428571428,0.8928571428571428,8.928571428571429,7.142857142857142,1.7857142857142856,0
E00182664,213,155,35,120,1,1,1,1,0,56,55,1,0,72.76995305164318,16.431924882629108,56.33802816901409,0.4694835680751174,0.4694835680751174,0.4694835680751174,0.4694835680751174,0,26.291079812206576,25.821596244131456,0.4694835680751174,0
E00182666,130,50,26,24,0,0,7,3,4,73,68,5,0,38.46153846153847,20,18.461538461538463,0,0,5.384615384615385,2.307692307692308,3.076923076923077,56.15384615384615,52.307692307692314,3.8461538461538463,0
E00182667,136,67,33,34,0,0,45,31,14,23,20,3,1,49.26470588235294,24.264705882352942,25,0,0,33.088235294117645,22.794117647058822,10.294117647058822,16.911764705882355,14.705882352941178,2.2058823529411766,0.7352941176470588
E00182668,66,38,11,27,9,9,2,1,1,17,17,0,0,57.57575757575758,16.666666666666664,40.909090909090914,13.636363636363635,13.636363636363635,3.0303030303030303,1.5151515151515151,1.5151515151515151,25.757575757575758,25.757575757575758,0,0
E00182672,48,42,2,40,0,0,2,2,0,4,4,0,0,87.5,4.166666666666666,83.33333333333334,0,0,4.166666666666666,4.166666666666666,0,8.333333333333332,8.333333333333332,0,0
E00182674,142,133,19,114,0,0,1,0,1,8,5,3,0,93.66197183098592,13.380281690140844,80.28169014084507,0,0,0.7042253521126761,0,0.7042253521126761,5.633802816901409,3.5211267605633805,2.112676056338028,0
E00182675,139,75,45,30,0,0,6,3,3,58,52,6,0,53.956834532374096,32.37410071942446,21.58273381294964,0,0,4.316546762589928,2.158273381294964,2.158273381294964,41.726618705035975,37.410071942446045,4.316546762589928,0
E00182676,198,191,49,142,0,0,0,0,0,7,6,1,0,96.46464646464646,24.747474747474747,71.71717171717171,0,0,0,0,0,3.535353535353535,3.0303030303030303,0.5050505050505051,0
E00182677,198,187,21,166,0,0,3,3,0,7,7,0,1,94.44444444444444,10.606060606060606,83.83838383838383,0,0,1.5151515151515151,1.5151515151515151,0,3.535353535353535,3.535353535353535,0,0.5050505050505051
E00182679,96,91,69,22,0,0,2,1,1,3,2,1,0,94.79166666666666,71.875,22.916666666666664,0,0,2.083333333333333,1.0416666666666665,1.0416666666666665,3.125,2.083333333333333,1.0416666666666665,0
E00182681,173,164,94,70,0,0,1,1,0,8,5,3,0,94.79768786127167,54.33526011560693,40.46242774566474,0,0,0.5780346820809248,0.5780346820809248,0,4.624277456647398,2.8901734104046244,1.7341040462427744,0
E00182683,40,26,9,17,0,0,3,2,1,11,11,0,0,65,22.5,42.5,0,0,7.5,5,2.5,27.500000000000004,27.500000000000004,0,0
E00182684,46,37,5,32,0,0,1,1,0,8,8,0,0,80.43478260869566,10.869565217391305,69.56521739130434,0,0,2.1739130434782608,2.1739130434782608,0,17.391304347826086,17.391304347826086,0,0
E00182685,167,135,49,86,3,3,13,11,2,16,13,3,0,80.83832335329342,29.34131736526946,51.49700598802395,1.7964071856287425,1.7964071856287425,7.784431137724551,6.58682634730539,1.1976047904191618,9.580838323353294,7.784431137724551,1.7964071856287425,0
E00182688,89,56,14,42,0,0,5,4,1,28,27,1,0,62.92134831460674,15.730337078651685,47.19101123595505,0,0,5.617977528089887,4.49438202247191,1.1235955056179776,31.46067415730337,30.337078651685395,1.1235955056179776,0
E00182689,66,36,7,29,7,7,10,3,7,13,12,1,0,54.54545454545454,10.606060606060606,43.93939393939394,10.606060606060606,10.606060606060606,15.151515151515152,4.545454545454546,10.606060606060606,19.696969696969695,18.181818181818183,1.5151515151515151,0
E00182692,54,31,22,9,0,0,7,7,0,16,14,2,0,57.407407407407405,40.74074074074074,16.666666666666664,0,0,12.962962962962962,12.962962962962962,0,29.629629629629626,25.925925925925924,3.7037037037037033,0
E00182693,142,118,32,86,3,3,13,1,12,8,7,1,0,83.09859154929578,22.535211267605636,60.56338028169014,2.112676056338028,2.112676056338028,9.15492957746479,0.7042253521126761,8.450704225352112,5.633802816901409,4.929577464788732,0.7042253521126761,0
E00182695,85,42,21,21,0,0,23,23,0,20,18,2,0,49.411764705882355,24.705882352941178,24.705882352941178,0,0,27.058823529411764,27.058823529411764,0,23.52941176470588,21.176470588235293,2.3529411764705883,0
E00182696,119,10,3,7,0,0,103,5,98,6,4,2,0,8.403361344537815,2.5210084033613445,5.88235294117647,0,0,86.5546218487395,4.201680672268908,82.35294117647058,5.042016806722689,3.361344537815126,1.680672268907563,0
E00182698,243,69,26,43,0,0,47,22,25,127,110,17,0,28.39506172839506,10.699588477366255,17.695473251028808,0,0,19.34156378600823,9.053497942386832,10.2880658436214,52.2633744855967,45.267489711934154,6.995884773662551,0
E00182699,203,90,12,78,0,0,24,3,21,89,89,0,0,44.33497536945813,5.911330049261084,38.42364532019704,0,0,11.822660098522167,1.477832512315271,10.344827586206897,43.84236453201971,43.84236453201971,0,0
E00182700,89,57,21,36,0,0,9,6,3,23,21,2,0,64.04494382022472,23.595505617977526,40.44943820224719,0,0,10.112359550561797,6.741573033707865,3.3707865168539324,25.842696629213485,23.595505617977526,2.247191011235955,0
E00182701,181,140,36,104,1,1,10,3,7,30,25,5,0,77.34806629834254,19.88950276243094,57.4585635359116,0.5524861878453038,0.5524861878453038,5.524861878453039,1.6574585635359116,3.867403314917127,16.574585635359114,13.812154696132598,2.7624309392265194,0
E00182704,153,68,11,57,4,4,21,19,2,59,55,4,1,44.44444444444444,7.18954248366013,37.254901960784316,2.6143790849673203,2.6143790849673203,13.725490196078432,12.418300653594772,1.3071895424836601,38.56209150326798,35.947712418300654,2.6143790849673203,0.6535947712418301
E00182705,176,146,11,135,0,0,22,22,0,8,6,2,0,82.95454545454545,6.25,76.70454545454545,0,0,12.5,12.5,0,4.545454545454546,3.4090909090909087,1.1363636363636365,0
E00182706,142,13,11,2,1,1,22,6,16,104,102,2,2,9.15492957746479,7.746478873239436,1.4084507042253522,0.7042253521126761,0.7042253521126761,15.492957746478872,4.225352112676056,11.267605633802818,73.23943661971832,71.83098591549296,1.4084507042253522,1.4084507042253522
E00182707,241,181,73,108,1,1,1,0,1,58,54,4,0,75.10373443983403,30.29045643153527,44.81327800829876,0.4149377593360996,0.4149377593360996,0.4149377593360996,0,0.4149377593360996,24.066390041493776,22.40663900414938,1.6597510373443984,0
E00182708,115,92,11,81,7,7,3,2,1,13,12,1,0,80,9.565217391304348,70.43478260869566,6.086956521739131,6.086956521739131,2.608695652173913,1.7391304347826086,0.8695652173913043,11.304347826086957,10.434782608695652,0.8695652173913043,0
E00182711,165,145,47,98,0,0,2,1,1,18,16,2,0,87.87878787878788,28.484848484848484,59.3939393939394,0,0,1.2121212121212122,0.6060606060606061,0.6060606060606061,10.909090909090908,9.696969696969697,1.2121212121212122,0
E00182713,59,4,2,2,0,0,7,5,2,48,45,3,0,6.779661016949152,3.389830508474576,3.389830508474576,0,0,11.864406779661017,8.47457627118644,3.389830508474576,81.35593220338984,76.27118644067797,5.084745762711865,0
E00182715,119,17,7,10,0,0,14,1,13,88,86,2,0,14.285714285714285,5.88235294117647,8.403361344537815,0,0,11.76470588235294,0.8403361344537815,10.92436974789916,73.94957983193278,72.26890756302521,1.680672268907563,0
E00182717,142,126,15,111,0,0,4,3,1,12,10,2,0,88.73239436619718,10.56338028169014,78.16901408450704,0,0,2.8169014084507045,2.112676056338028,0.7042253521126761,8.450704225352112,7.042253521126761,1.4084507042253522,0
E00182718,120,65,6,59,0,0,30,11,19,25,25,0,0,54.166666666666664,5,49.166666666666664,0,0,25,9.166666666666666,15.833333333333332,20.833333333333336,20.833333333333336,0,0
E00182719,144,68,9,59,0,0,58,47,11,15,15,0,3,47.22222222222222,6.25,40.97222222222222,0,0,40.27777777777778,32.63888888888889,7.638888888888889,10.416666666666668,10.416666666666668,0,2.083333333333333
E00182720,126,104,29,75,2,2,5,5,0,14,14,0,1,82.53968253968253,23.015873015873016,59.523809523809526,1.5873015873015872,1.5873015873015872,3.968253968253968,3.968253968253968,0,11.11111111111111,11.11111111111111,0,0.7936507936507936
E00182721,69,65,8,57,0,0,0,0,0,4,2,2,0,94.20289855072464,11.594202898550725,82.6086956521739,0,0,0,0,0,5.797101449275362,2.898550724637681,2.898550724637681,0
E00182724,153,113,8,105,0,0,34,5,29,6,6,0,0,73.8562091503268,5.228758169934641,68.62745098039215,0,0,22.22222222222222,3.2679738562091507,18.954248366013072,3.9215686274509802,3.9215686274509802,0,0
E00182726,147,17,16,1,0,0,42,15,27,88,84,4,0,11.564625850340136,10.884353741496598,0.6802721088435374,0,0,28.57142857142857,10.204081632653061,18.367346938775512,59.863945578231295,57.14285714285714,2.7210884353741496,0
E00182729,204,200,14,186,0,0,1,0,1,3,3,0,0,98.0392156862745,6.862745098039216,91.17647058823529,0,0,0.49019607843137253,0,0.49019607843137253,1.4705882352941175,1.4705882352941175,0,0
E00182731,127,16,9,7,1,1,15,3,12,95,91,4,0,12.598425196850393,7.086614173228346,5.511811023622047,0.7874015748031495,0.7874015748031495,11.811023622047244,2.3622047244094486,9.448818897637794,74.80314960629921,71.65354330708661,3.149606299212598,0
E00182732,73,39,5,34,2,2,22,4,18,10,9,1,0,53.42465753424658,6.8493150684931505,46.57534246575342,2.73972602739726,2.73972602739726,30.136986301369863,5.47945205479452,24.65753424657534,13.698630136986301,12.32876712328767,1.36986301369863,0
E00182733,125,35,13,22,0,0,74,71,3,14,13,1,2,28.000000000000004,10.4,17.599999999999998,0,0,59.199999999999996,56.8,2.4,11.200000000000001,10.4,0.8,1.6
E00182734,102,75,11,64,11,11,10,10,0,6,5,1,0,73.52941176470588,10.784313725490197,62.745098039215684,10.784313725490197,10.784313725490197,9.803921568627452,9.803921568627452,0,5.88235294117647,4.901960784313726,0.9803921568627451,0
E00182735,40,23,5,18,0,0,8,7,1,9,9,0,0,57.49999999999999,12.5,45,0,0,20,17.5,2.5,22.5,22.5,0,0
E00182736,140,68,30,38,0,0,30,30,0,42,37,5,0,48.57142857142857,21.428571428571427,27.142857142857142,0,0,21.428571428571427,21.428571428571427,0,30,26.42857142857143,3.571428571428571,0
E00182737,120,58,21,37,0,0,5,1,4,57,57,0,0,48.333333333333336,17.5,30.833333333333336,0,0,4.166666666666666,0.8333333333333334,3.3333333333333335,47.5,47.5,0,0
E00182738,68,43,10,33,0,0,7,4,3,18,14,4,0,63.23529411764706,14.705882352941178,48.529411764705884,0,0,10.294117647058822,5.88235294117647,4.411764705882353,26.47058823529412,20.588235294117645,5.88235294117647,0
E00182739,53,45,17,28,1,1,2,1,1,5,5,0,0,84.90566037735849,32.075471698113205,52.83018867924528,1.8867924528301887,1.8867924528301887,3.7735849056603774,1.8867924528301887,1.8867924528301887,9.433962264150944,9.433962264150944,0,0
E00182740,140,8,6,2,0,0,8,1,7,124,119,5,0,5.714285714285714,4.285714285714286,1.4285714285714286,0,0,5.714285714285714,0.7142857142857143,5,88.57142857142857,85,3.571428571428571,0
E00182743,132,114,24,90,0,0,1,0,1,17,13,4,0,86.36363636363636,18.181818181818183,68.18181818181817,0,0,0.7575757575757576,0,0.7575757575757576,12.878787878787879,9.848484848484848,3.0303030303030303,0
