OA,ts0540001,ts0540002,ts0540003,ts0540004,ts0540005,ts0540006,ts0540007,ts0540008,ts0540009,ts0540010,ts0540011,ts0540012,ts0540013,ts0540002_PCT,ts0540003_PCT,ts0540004_PCT,ts0540005_PCT,ts0540006_PCT,ts0540007_PCT,ts0540008_PCT,ts0540009_PCT,ts0540010_PCT,ts0540011_PCT,ts0540012_PCT,ts0540013_PCT
E00106461,199,125,56,69,1,1,38,4,34,35,29,6,0,62.8140703517588,28.14070351758794,34.67336683417086,0.5025125628140703,0.5025125628140703,19.09547738693467,2.0100502512562812,17.08542713567839,17.587939698492463,14.572864321608039,3.015075376884422,0
E00106462,137,116,71,45,1,1,1,0,1,19,15,4,0,84.67153284671532,51.82481751824818,32.846715328467155,0.7299270072992701,0.7299270072992701,0.7299270072992701,0,0.7299270072992701,13.86861313868613,10.948905109489052,2.9197080291970803,0
E00106463,112,69,36,33,0,0,28,5,23,15,14,1,0,61.60714285714286,32.142857142857146,29.464285714285715,0,0,25,4.464285714285714,20.535714285714285,13.392857142857142,12.5,0.8928571428571428,0
E00106464,231,205,111,94,1,1,0,0,0,25,17,8,0,88.74458874458875,48.05194805194805,40.692640692640694,0.4329004329004329,0.4329004329004329,0,0,0,10.822510822510822,7.35930735930736,3.463203463203463,0
E00106465,146,137,62,75,0,0,0,0,0,9,6,3,0,93.83561643835617,42.465753424657535,51.369863013698634,0,0,0,0,0,6.164383561643835,4.10958904109589,2.054794520547945,0
E00106466,123,94,52,42,0,0,16,4,12,13,11,2,0,76.42276422764228,42.27642276422765,34.146341463414636,0,0,13.008130081300814,3.2520325203252036,9.75609756097561,10.569105691056912,8.94308943089431,1.6260162601626018,0
E00106467,117,22,10,12,0,0,45,10,35,50,49,1,0,18.803418803418804,8.547008547008547,10.256410256410255,0,0,38.46153846153847,8.547008547008547,29.914529914529915,42.73504273504273,41.88034188034188,0.8547008547008548,0
E00106468,112,69,31,38,0,0,23,8,15,20,18,2,0,61.60714285714286,27.67857142857143,33.92857142857143,0,0,20.535714285714285,7.142857142857142,13.392857142857142,17.857142857142858,16.071428571428573,1.7857142857142856,0
E00106469,124,69,31,38,0,0,24,3,21,31,29,2,0,55.64516129032258,25,30.64516129032258,0,0,19.35483870967742,2.4193548387096775,16.93548387096774,25,23.387096774193548,1.6129032258064515,0
E00106470,136,123,91,32,0,0,4,1,3,9,9,0,0,90.44117647058823,66.91176470588235,23.52941176470588,0,0,2.941176470588235,0.7352941176470588,2.2058823529411766,6.61764705882353,6.61764705882353,0,0
E00106471,111,57,31,26,0,0,45,6,39,9,8,1,0,51.35135135135135,27.927927927927925,23.423423423423422,0,0,40.54054054054054,5.405405405405405,35.13513513513514,8.108108108108109,7.207207207207207,0.9009009009009009,0
E00106472,142,127,83,44,0,0,2,0,2,13,9,4,0,89.43661971830986,58.45070422535211,30.985915492957744,0,0,1.4084507042253522,0,1.4084507042253522,9.15492957746479,6.338028169014084,2.8169014084507045,0
E00106473,183,142,82,60,0,0,4,0,4,37,35,2,0,77.59562841530054,44.80874316939891,32.78688524590164,0,0,2.185792349726776,0,2.185792349726776,20.21857923497268,19.12568306010929,1.092896174863388,0
E00106474,206,192,72,120,0,0,0,0,0,14,13,1,0,93.20388349514563,34.95145631067961,58.252427184466015,0,0,0,0,0,6.796116504854369,6.310679611650485,0.48543689320388345,0
E00106475,199,175,73,102,0,0,0,0,0,24,22,2,0,87.93969849246231,36.68341708542713,51.256281407035175,0,0,0,0,0,12.060301507537687,11.055276381909549,1.0050251256281406,0
E00106476,109,15,8,7,0,0,82,12,70,12,12,0,0,13.761467889908257,7.339449541284404,6.422018348623854,0,0,75.22935779816514,11.009174311926607,64.22018348623854,11.009174311926607,11.009174311926607,0,0
E00106477,157,48,33,15,0,0,97,10,87,12,11,1,0,30.573248407643312,21.019108280254777,9.554140127388536,0,0,61.78343949044586,6.369426751592357,55.4140127388535,7.643312101910828,7.006369426751593,0.6369426751592357,0
E00106478,116,105,71,34,0,0,1,0,1,10,9,1,0,90.51724137931035,61.206896551724135,29.310344827586203,0,0,0.8620689655172413,0,0.8620689655172413,8.620689655172415,7.758620689655173,0.8620689655172413,0
E00106479,147,136,91,45,0,0,1,0,1,10,9,1,0,92.51700680272108,61.904761904761905,30.612244897959183,0,0,0.6802721088435374,0,0.6802721088435374,6.802721088435375,6.122448979591836,0.6802721088435374,0
E00106480,153,98,40,58,19,19,16,0,16,20,18,2,0,64.05228758169935,26.143790849673206,37.908496732026144,12.418300653594772,12.418300653594772,10.457516339869281,0,10.457516339869281,13.071895424836603,11.76470588235294,1.3071895424836601,0
E00106481,212,120,66,54,11,11,53,7,46,28,26,2,0,56.60377358490566,31.132075471698112,25.471698113207548,5.188679245283019,5.188679245283019,25,3.30188679245283,21.69811320754717,13.20754716981132,12.264150943396226,0.9433962264150944,0
E00106482,121,110,81,29,0,0,1,0,1,10,8,2,0,90.9090909090909,66.94214876033058,23.96694214876033,0,0,0.8264462809917356,0,0.8264462809917356,8.264462809917356,6.6115702479338845,1.6528925619834711,0
E00106483,109,31,13,18,0,0,35,14,21,43,37,6,0,28.440366972477065,11.926605504587156,16.51376146788991,0,0,32.11009174311927,12.844036697247708,19.26605504587156,39.44954128440367,33.94495412844037,5.5045871559633035,0
E00106484,116,81,45,36,0,0,23,3,20,12,10,2,0,69.82758620689656,38.793103448275865,31.03448275862069,0,0,19.82758620689655,2.586206896551724,17.24137931034483,10.344827586206897,8.620689655172415,1.7241379310344827,0
E00106485,120,30,1,29,0,0,71,11,60,19,19,0,0,25,0.8333333333333334,24.166666666666668,0,0,59.166666666666664,9.166666666666666,50,15.833333333333332,15.833333333333332,0,0
E00106486,121,18,7,11,0,0,96,18,78,7,6,1,0,14.87603305785124,5.785123966942149,9.090909090909092,0,0,79.33884297520662,14.87603305785124,64.46280991735537,5.785123966942149,4.958677685950414,0.8264462809917356,0
E00106487,123,102,62,40,1,1,0,0,0,20,15,5,0,82.92682926829268,50.40650406504065,32.52032520325203,0.8130081300813009,0.8130081300813009,0,0,0,16.260162601626014,12.195121951219512,4.0650406504065035,0
E00106488,115,73,35,38,1,1,24,5,19,17,16,1,0,63.47826086956522,30.434782608695656,33.04347826086956,0.8695652173913043,0.8695652173913043,20.869565217391305,4.3478260869565215,16.52173913043478,14.782608695652174,13.91304347826087,0.8695652173913043,0
E00106489,122,86,51,35,1,1,19,2,17,16,12,4,0,70.49180327868852,41.80327868852459,28.688524590163933,0.819672131147541,0.819672131147541,15.573770491803279,1.639344262295082,13.934426229508196,13.114754098360656,9.836065573770492,3.278688524590164,0
E00106490,133,45,15,30,0,0,66,11,55,22,21,1,0,33.83458646616541,11.278195488721805,22.55639097744361,0,0,49.62406015037594,8.270676691729323,41.35338345864661,16.541353383458645,15.789473684210526,0.7518796992481203,0
E00106491,116,51,29,22,0,0,60,9,51,5,5,0,0,43.96551724137931,25,18.96551724137931,0,0,51.724137931034484,7.758620689655173,43.96551724137931,4.310344827586207,4.310344827586207,0,0
E00106492,113,74,33,41,2,2,16,3,13,21,21,0,0,65.48672566371681,29.20353982300885,36.283185840707965,1.7699115044247788,1.7699115044247788,14.15929203539823,2.6548672566371683,11.504424778761061,18.58407079646018,18.58407079646018,0,0
E00106493,110,70,36,34,0,0,3,0,3,37,36,1,0,63.63636363636363,32.72727272727273,30.909090909090907,0,0,2.727272727272727,0,2.727272727272727,33.63636363636363,32.72727272727273,0.9090909090909091,0
E00106494,136,62,32,30,0,0,32,2,30,42,41,1,0,45.588235294117645,23.52941176470588,22.058823529411764,0,0,23.52941176470588,1.4705882352941175,22.058823529411764,30.88235294117647,30.14705882352941,0.7352941176470588,0
E00106495,124,51,37,14,0,0,47,5,42,26,22,4,0,41.12903225806452,29.838709677419356,11.29032258064516,0,0,37.903225806451616,4.032258064516129,33.87096774193548,20.967741935483872,17.741935483870968,3.225806451612903,0
E00106496,131,75,40,35,1,1,2,1,1,53,51,2,0,57.25190839694656,30.53435114503817,26.717557251908396,0.7633587786259541,0.7633587786259541,1.5267175572519083,0.7633587786259541,0.7633587786259541,40.458015267175576,38.93129770992366,1.5267175572519083,0
E00106497,119,71,47,24,1,1,4,0,4,43,38,5,0,59.66386554621849,39.49579831932773,20.168067226890756,0.8403361344537815,0.8403361344537815,3.361344537815126,0,3.361344537815126,36.134453781512605,31.932773109243694,4.201680672268908,0
E00106498,128,88,44,44,0,0,4,0,4,36,34,2,0,68.75,34.375,34.375,0,0,3.125,0,3.125,28.125,26.5625,1.5625,0
E00106499,122,73,35,38,0,0,1,0,1,48,46,2,0,59.83606557377049,28.688524590163933,31.147540983606557,0,0,0.819672131147541,0,0.819672131147541,39.34426229508197,37.704918032786885,1.639344262295082,0
E00106500,122,62,26,36,0,0,1,0,1,59,55,4,0,50.81967213114754,21.311475409836063,29.508196721311474,0,0,0.819672131147541,0,0.819672131147541,48.36065573770492,45.08196721311475,3.278688524590164,0
E00106501,101,46,27,19,0,0,1,0,1,54,51,3,0,45.54455445544555,26.732673267326735,18.81188118811881,0,0,0.9900990099009901,0,0.9900990099009901,53.46534653465347,50.495049504950494,2.9702970297029703,0
E00106502,100,48,19,29,0,0,0,0,0,52,47,5,0,48,19,28.999999999999996,0,0,0,0,0,52,47,5,0
E00106503,161,71,40,31,1,1,5,1,4,84,78,6,0,44.099378881987576,24.84472049689441,19.25465838509317,0.6211180124223602,0.6211180124223602,3.1055900621118013,0.6211180124223602,2.484472049689441,52.17391304347826,48.4472049689441,3.7267080745341614,0
E00106504,107,63,40,23,0,0,1,0,1,43,42,1,0,58.87850467289719,37.38317757009346,21.49532710280374,0,0,0.9345794392523363,0,0.9345794392523363,40.18691588785047,39.25233644859813,0.9345794392523363,0
E00106505,144,110,60,50,1,1,1,0,1,32,24,8,0,76.38888888888889,41.66666666666667,34.72222222222222,0.6944444444444444,0.6944444444444444,0.6944444444444444,0,0.6944444444444444,22.22222222222222,16.666666666666664,5.555555555555555,0
E00106506,149,114,72,42,1,1,2,0,2,32,27,5,0,76.51006711409396,48.322147651006716,28.187919463087248,0.6711409395973155,0.6711409395973155,1.342281879194631,0,1.342281879194631,21.476510067114095,18.120805369127517,3.3557046979865772,0
E00106507,135,100,55,45,0,0,0,0,0,35,31,4,0,74.07407407407408,40.74074074074074,33.33333333333333,0,0,0,0,0,25.925925925925924,22.962962962962962,2.9629629629629632,0
E00106508,124,115,77,38,0,0,0,0,0,9,9,0,0,92.74193548387096,62.096774193548384,30.64516129032258,0,0,0,0,0,7.258064516129033,7.258064516129033,0,0
E00106509,119,86,57,29,0,0,1,0,1,32,30,2,0,72.26890756302521,47.89915966386555,24.369747899159663,0,0,0.8403361344537815,0,0.8403361344537815,26.89075630252101,25.210084033613445,1.680672268907563,0
E00106510,120,68,41,27,0,0,6,3,3,46,44,2,0,56.666666666666664,34.166666666666664,22.5,0,0,5,2.5,2.5,38.333333333333336,36.666666666666664,1.6666666666666667,0
E00106511,104,42,22,20,0,0,8,3,5,54,53,1,0,40.38461538461539,21.153846153846153,19.230769230769234,0,0,7.6923076923076925,2.8846153846153846,4.807692307692308,51.92307692307693,50.96153846153846,0.9615384615384616,0
E00106512,123,89,60,29,1,1,4,2,2,29,26,3,0,72.35772357723577,48.78048780487805,23.577235772357724,0.8130081300813009,0.8130081300813009,3.2520325203252036,1.6260162601626018,1.6260162601626018,23.577235772357724,21.138211382113823,2.4390243902439024,0
E00106513,120,106,58,48,1,1,2,1,1,11,9,2,0,88.33333333333333,48.333333333333336,40,0.8333333333333334,0.8333333333333334,1.6666666666666667,0.8333333333333334,0.8333333333333334,9.166666666666666,7.5,1.6666666666666667,0
E00106514,164,54,28,26,2,2,11,3,8,97,93,4,0,32.926829268292686,17.073170731707318,15.853658536585366,1.2195121951219512,1.2195121951219512,6.707317073170732,1.8292682926829267,4.878048780487805,59.14634146341463,56.70731707317073,2.4390243902439024,0
E00106515,144,61,36,25,0,0,1,0,1,82,76,6,0,42.36111111111111,25,17.36111111111111,0,0,0.6944444444444444,0,0.6944444444444444,56.94444444444444,52.77777777777778,4.166666666666666,0
E00106516,182,80,40,40,0,0,10,0,10,92,89,3,0,43.956043956043956,21.978021978021978,21.978021978021978,0,0,5.4945054945054945,0,5.4945054945054945,50.54945054945055,48.9010989010989,1.6483516483516485,0
E00106517,151,37,20,17,0,0,4,1,3,110,104,6,0,24.503311258278146,13.245033112582782,11.258278145695364,0,0,2.6490066225165565,0.6622516556291391,1.9867549668874174,72.84768211920529,68.87417218543047,3.9735099337748347,0
E00106518,161,23,11,12,0,0,13,7,6,125,116,9,0,14.285714285714285,6.832298136645963,7.453416149068323,0,0,8.074534161490684,4.3478260869565215,3.7267080745341614,77.63975155279503,72.04968944099379,5.590062111801243,0
E00106519,138,50,30,20,0,0,2,1,1,86,81,5,0,36.231884057971016,21.73913043478261,14.492753623188406,0,0,1.4492753623188406,0.7246376811594203,0.7246376811594203,62.31884057971014,58.69565217391305,3.6231884057971016,0
E00106520,180,36,25,11,0,0,18,5,13,125,122,3,1,20,13.88888888888889,6.111111111111111,0,0,10,2.7777777777777777,7.222222222222221,69.44444444444444,67.77777777777779,1.6666666666666667,0.5555555555555556
E00106521,141,20,12,8,1,1,7,3,4,113,109,4,0,14.184397163120568,8.51063829787234,5.673758865248227,0.7092198581560284,0.7092198581560284,4.964539007092199,2.127659574468085,2.8368794326241136,80.1418439716312,77.30496453900709,2.8368794326241136,0
E00106522,170,91,57,34,3,3,26,4,22,50,46,4,0,53.529411764705884,33.52941176470588,20,1.7647058823529411,1.7647058823529411,15.294117647058824,2.3529411764705883,12.941176470588237,29.411764705882355,27.058823529411764,2.3529411764705883,0
E00106523,149,37,18,19,0,0,11,8,3,101,97,4,0,24.832214765100673,12.080536912751679,12.751677852348994,0,0,7.38255033557047,5.369127516778524,2.013422818791946,67.78523489932886,65.1006711409396,2.684563758389262,0
E00106524,123,63,38,25,0,0,0,0,0,60,58,2,0,51.21951219512195,30.89430894308943,20.32520325203252,0,0,0,0,0,48.78048780487805,47.15447154471545,1.6260162601626018,0
E00106525,149,72,66,6,0,0,16,1,15,61,53,8,0,48.322147651006716,44.29530201342282,4.026845637583892,0,0,10.738255033557047,0.6711409395973155,10.06711409395973,40.939597315436245,35.57046979865772,5.369127516778524,0
E00106526,216,28,11,17,0,0,10,5,5,178,166,12,0,12.962962962962962,5.092592592592593,7.87037037037037,0,0,4.62962962962963,2.314814814814815,2.314814814814815,82.4074074074074,76.85185185185185,5.555555555555555,0
E00106527,140,59,45,14,1,1,2,1,1,78,73,5,0,42.142857142857146,32.142857142857146,10,0.7142857142857143,0.7142857142857143,1.4285714285714286,0.7142857142857143,0.7142857142857143,55.714285714285715,52.142857142857146,3.571428571428571,0
E00106528,71,11,7,4,0,0,48,3,45,12,10,2,0,15.492957746478872,9.859154929577464,5.633802816901409,0,0,67.6056338028169,4.225352112676056,63.38028169014085,16.901408450704224,14.084507042253522,2.8169014084507045,0
E00106529,117,65,29,36,0,0,7,1,6,45,39,6,0,55.55555555555556,24.786324786324787,30.76923076923077,0,0,5.982905982905983,0.8547008547008548,5.128205128205128,38.46153846153847,33.33333333333333,5.128205128205128,0
E00106530,104,54,23,31,0,0,9,2,7,41,39,2,0,51.92307692307693,22.115384615384613,29.807692307692307,0,0,8.653846153846153,1.9230769230769231,6.730769230769231,39.42307692307692,37.5,1.9230769230769231,0
E00106531,114,69,37,32,0,0,7,3,4,37,32,5,1,60.526315789473685,32.45614035087719,28.07017543859649,0,0,6.140350877192982,2.631578947368421,3.508771929824561,32.45614035087719,28.07017543859649,4.385964912280701,0.8771929824561403
E00106532,133,69,37,32,0,0,6,0,6,58,56,2,0,51.8796992481203,27.819548872180448,24.06015037593985,0,0,4.511278195488721,0,4.511278195488721,43.609022556390975,42.10526315789473,1.5037593984962405,0
E00106533,152,55,30,25,5,5,19,1,18,73,70,3,0,36.18421052631579,19.736842105263158,16.447368421052634,3.289473684210526,3.289473684210526,12.5,0.6578947368421052,11.842105263157894,48.026315789473685,46.05263157894737,1.9736842105263157,0
E00106534,93,67,42,25,0,0,2,0,2,24,20,4,0,72.04301075268818,45.16129032258064,26.881720430107524,0,0,2.1505376344086025,0,2.1505376344086025,25.806451612903224,21.50537634408602,4.301075268817205,0
E00106535,107,57,27,30,1,1,6,2,4,43,43,0,0,53.271028037383175,25.233644859813083,28.037383177570092,0.9345794392523363,0.9345794392523363,5.607476635514018,1.8691588785046727,3.7383177570093453,40.18691588785047,40.18691588785047,0,0
E00106536,140,51,34,17,0,0,14,2,12,75,68,7,0,36.42857142857142,24.285714285714285,12.142857142857142,0,0,10,1.4285714285714286,8.571428571428571,53.57142857142857,48.57142857142857,5,0
E00106537,99,21,9,12,0,0,53,8,45,25,24,1,0,21.21212121212121,9.090909090909092,12.121212121212121,0,0,53.535353535353536,8.080808080808081,45.45454545454545,25.252525252525253,24.242424242424242,1.0101010101010102,0
E00106538,124,38,21,17,0,0,6,3,3,80,78,2,0,30.64516129032258,16.93548387096774,13.709677419354838,0,0,4.838709677419355,2.4193548387096775,2.4193548387096775,64.51612903225806,62.903225806451616,1.6129032258064515,0
E00106539,70,33,16,17,1,1,1,0,1,35,33,2,0,47.14285714285714,22.857142857142858,24.285714285714285,1.4285714285714286,1.4285714285714286,1.4285714285714286,0,1.4285714285714286,50,47.14285714285714,2.857142857142857,0
E00106541,111,37,17,20,1,1,8,0,8,65,64,1,0,33.33333333333333,15.315315315315313,18.01801801801802,0.9009009009009009,0.9009009009009009,7.207207207207207,0,7.207207207207207,58.55855855855856,57.65765765765766,0.9009009009009009,0
E00106545,95,51,34,17,0,0,17,3,14,26,21,5,1,53.68421052631579,35.78947368421053,17.894736842105264,0,0,17.894736842105264,3.1578947368421053,14.736842105263156,27.368421052631582,22.105263157894736,5.263157894736842,1.0526315789473684
E00106546,155,29,13,16,0,0,27,6,21,99,96,3,0,18.70967741935484,8.38709677419355,10.32258064516129,0,0,17.419354838709676,3.870967741935484,13.548387096774196,63.87096774193548,61.935483870967744,1.935483870967742,0
E00106547,118,39,19,20,0,0,11,0,11,68,64,4,0,33.05084745762712,16.101694915254235,16.94915254237288,0,0,9.322033898305085,0,9.322033898305085,57.6271186440678,54.23728813559322,3.389830508474576,0
E00106548,119,18,12,6,0,0,16,4,12,85,84,1,0,15.126050420168067,10.084033613445378,5.042016806722689,0,0,13.445378151260504,3.361344537815126,10.084033613445378,71.42857142857143,70.58823529411765,0.8403361344537815,0
E00106549,104,27,15,12,1,1,13,2,11,63,57,6,0,25.961538461538463,14.423076923076922,11.538461538461538,0.9615384615384616,0.9615384615384616,12.5,1.9230769230769231,10.576923076923077,60.57692307692307,54.807692307692314,5.769230769230769,0
E00106550,140,38,24,14,0,0,24,4,20,78,72,6,0,27.142857142857142,17.142857142857142,10,0,0,17.142857142857142,2.857142857142857,14.285714285714285,55.714285714285715,51.42857142857142,4.285714285714286,0
E00106551,109,72,45,27,0,0,0,0,0,37,35,2,0,66.05504587155964,41.284403669724774,24.770642201834864,0,0,0,0,0,33.94495412844037,32.11009174311927,1.834862385321101,0
E00106552,139,59,33,26,0,0,7,5,2,73,69,4,0,42.44604316546763,23.741007194244602,18.705035971223023,0,0,5.0359712230215825,3.5971223021582732,1.4388489208633095,52.51798561151079,49.64028776978417,2.877697841726619,0
E00106553,133,61,42,19,0,0,8,1,7,64,54,10,0,45.86466165413533,31.57894736842105,14.285714285714285,0,0,6.015037593984962,0.7518796992481203,5.263157894736842,48.1203007518797,40.6015037593985,7.518796992481203,0
E00106554,142,44,22,22,0,0,7,2,5,91,84,7,0,30.985915492957744,15.492957746478872,15.492957746478872,0,0,4.929577464788732,1.4084507042253522,3.5211267605633805,64.08450704225352,59.154929577464785,4.929577464788732,0
E00106555,128,68,54,14,1,1,3,1,2,56,51,5,0,53.125,42.1875,10.9375,0.78125,0.78125,2.34375,0.78125,1.5625,43.75,39.84375,3.90625,0
E00106556,122,47,23,24,0,0,0,0,0,75,73,2,0,38.52459016393443,18.852459016393443,19.672131147540984,0,0,0,0,0,61.47540983606557,59.83606557377049,1.639344262295082,0
E00106557,131,48,29,19,1,1,6,1,5,76,71,5,0,36.6412213740458,22.137404580152673,14.50381679389313,0.7633587786259541,0.7633587786259541,4.580152671755725,0.7633587786259541,3.816793893129771,58.01526717557252,54.19847328244275,3.816793893129771,0
E00106558,69,32,12,20,1,1,0,0,0,36,32,4,0,46.3768115942029,17.391304347826086,28.985507246376812,1.4492753623188406,1.4492753623188406,0,0,0,52.17391304347826,46.3768115942029,5.797101449275362,0
E00106559,140,23,16,7,0,0,59,7,52,58,51,7,0,16.428571428571427,11.428571428571429,5,0,0,42.142857142857146,5,37.142857142857146,41.42857142857143,36.42857142857142,5,0
E00106560,94,33,15,18,0,0,1,0,1,60,59,1,0,35.1063829787234,15.957446808510639,19.148936170212767,0,0,1.0638297872340425,0,1.0638297872340425,63.829787234042556,62.76595744680851,1.0638297872340425,0
E00106561,140,40,16,24,0,0,1,0,1,99,92,7,0,28.57142857142857,11.428571428571429,17.142857142857142,0,0,0.7142857142857143,0,0.7142857142857143,70.71428571428572,65.71428571428571,5,0
E00106562,117,27,21,6,0,0,14,0,14,76,75,1,0,23.076923076923077,17.94871794871795,5.128205128205128,0,0,11.965811965811966,0,11.965811965811966,64.95726495726495,64.1025641025641,0.8547008547008548,0
E00106563,94,20,10,10,0,0,11,0,11,63,61,2,0,21.27659574468085,10.638297872340425,10.638297872340425,0,0,11.702127659574469,0,11.702127659574469,67.02127659574468,64.8936170212766,2.127659574468085,0
E00106564,139,3,2,1,0,0,130,12,118,6,4,2,0,2.158273381294964,1.4388489208633095,0.7194244604316548,0,0,93.5251798561151,8.633093525179856,84.89208633093526,4.316546762589928,2.877697841726619,1.4388489208633095,0
E00106565,115,33,27,6,0,0,46,4,42,36,32,4,0,28.695652173913043,23.47826086956522,5.217391304347826,0,0,40,3.4782608695652173,36.52173913043478,31.30434782608696,27.82608695652174,3.4782608695652173,0
E00106566,109,83,53,30,0,0,1,0,1,25,24,1,0,76.14678899082568,48.62385321100918,27.522935779816514,0,0,0.9174311926605505,0,0.9174311926605505,22.93577981651376,22.018348623853214,0.9174311926605505,0
E00106567,141,108,43,65,0,0,1,0,1,32,31,1,0,76.59574468085107,30.49645390070922,46.09929078014184,0,0,0.7092198581560284,0,0.7092198581560284,22.69503546099291,21.98581560283688,0.7092198581560284,0
E00106568,139,87,39,48,0,0,3,1,2,49,47,2,0,62.589928057553955,28.05755395683453,34.53237410071942,0,0,2.158273381294964,0.7194244604316548,1.4388489208633095,35.25179856115108,33.81294964028777,1.4388489208633095,0
E00106569,115,103,60,43,0,0,3,0,3,9,8,1,0,89.56521739130436,52.17391304347826,37.391304347826086,0,0,2.608695652173913,0,2.608695652173913,7.82608695652174,6.956521739130435,0.8695652173913043,0
E00106570,126,115,71,44,0,0,2,1,1,9,8,1,0,91.26984126984127,56.34920634920635,34.92063492063492,0,0,1.5873015873015872,0.7936507936507936,0.7936507936507936,7.142857142857142,6.349206349206349,0.7936507936507936,0
E00106571,120,114,83,31,0,0,2,0,2,4,3,1,0,95,69.16666666666667,25.833333333333336,0,0,1.6666666666666667,0,1.6666666666666667,3.3333333333333335,2.5,0.8333333333333334,0
E00106572,146,113,65,48,0,0,0,0,0,33,31,2,0,77.3972602739726,44.52054794520548,32.87671232876712,0,0,0,0,0,22.602739726027394,21.232876712328768,1.36986301369863,0
E00106573,127,69,30,39,0,0,2,0,2,56,55,1,0,54.330708661417326,23.62204724409449,30.708661417322837,0,0,1.574803149606299,0,1.574803149606299,44.09448818897638,43.30708661417323,0.7874015748031495,0
E00106574,121,34,13,21,2,2,27,3,24,58,26,32,0,28.09917355371901,10.743801652892563,17.355371900826448,1.6528925619834711,1.6528925619834711,22.31404958677686,2.479338842975207,19.834710743801654,47.93388429752066,21.487603305785125,26.446280991735538,0
E00106575,127,86,30,56,0,0,0,0,0,41,36,5,0,67.71653543307087,23.62204724409449,44.09448818897638,0,0,0,0,0,32.28346456692913,28.346456692913385,3.937007874015748,0
E00106576,135,116,76,40,0,0,1,0,1,18,16,2,0,85.92592592592592,56.2962962962963,29.629629629629626,0,0,0.7407407407407408,0,0.7407407407407408,13.333333333333334,11.851851851851853,1.4814814814814816,0
E00106577,113,102,74,28,2,2,1,1,0,8,7,1,0,90.2654867256637,65.48672566371681,24.778761061946902,1.7699115044247788,1.7699115044247788,0.8849557522123894,0.8849557522123894,0,7.079646017699115,6.1946902654867255,0.8849557522123894,0
E00106578,135,90,47,43,11,11,1,0,1,33,28,5,0,66.66666666666666,34.81481481481482,31.851851851851855,8.148148148148149,8.148148148148149,0.7407407407407408,0,0.7407407407407408,24.444444444444443,20.74074074074074,3.7037037037037033,0
E00106579,122,104,77,27,2,2,1,0,1,15,12,3,0,85.24590163934425,63.114754098360656,22.131147540983605,1.639344262295082,1.639344262295082,0.819672131147541,0,0.819672131147541,12.295081967213115,9.836065573770492,2.459016393442623,0
E00106580,118,109,73,36,0,0,2,0,2,7,7,0,0,92.37288135593221,61.86440677966102,30.508474576271187,0,0,1.694915254237288,0,1.694915254237288,5.932203389830509,5.932203389830509,0,0
E00106581,126,113,80,33,1,1,2,1,1,10,7,3,0,89.68253968253968,63.49206349206349,26.190476190476193,0.7936507936507936,0.7936507936507936,1.5873015873015872,0.7936507936507936,0.7936507936507936,7.936507936507936,5.555555555555555,2.380952380952381,0
E00106582,152,140,86,54,0,0,1,0,1,11,8,3,0,92.10526315789474,56.57894736842105,35.526315789473685,0,0,0.6578947368421052,0,0.6578947368421052,7.236842105263158,5.263157894736842,1.9736842105263157,0
E00106583,110,35,13,22,0,0,2,1,1,72,69,3,1,31.818181818181817,11.818181818181818,20,0,0,1.8181818181818181,0.9090909090909091,0.9090909090909091,65.45454545454545,62.727272727272734,2.727272727272727,0.9090909090909091
E00106584,114,51,22,29,0,0,1,0,1,62,57,5,0,44.73684210526316,19.298245614035086,25.438596491228072,0,0,0.8771929824561403,0,0.8771929824561403,54.385964912280706,50,4.385964912280701,0
E00106585,160,47,27,20,0,0,16,0,16,97,92,5,0,29.375,16.875,12.5,0,0,10,0,10,60.62499999999999,57.49999999999999,3.125,0
E00106586,215,69,32,37,0,0,14,2,12,132,129,3,0,32.093023255813954,14.883720930232558,17.209302325581397,0,0,6.511627906976744,0.9302325581395349,5.5813953488372094,61.395348837209305,60,1.3953488372093024,0
E00106587,135,78,38,40,0,0,1,1,0,56,52,4,0,57.77777777777777,28.14814814814815,29.629629629629626,0,0,0.7407407407407408,0.7407407407407408,0,41.48148148148148,38.51851851851852,2.9629629629629632,0
E00106588,117,61,34,27,0,0,3,0,3,53,51,2,0,52.13675213675214,29.059829059829063,23.076923076923077,0,0,2.564102564102564,0,2.564102564102564,45.2991452991453,43.58974358974359,1.7094017094017095,0
E00106589,132,46,18,28,0,0,7,3,4,79,75,4,0,34.84848484848485,13.636363636363635,21.21212121212121,0,0,5.303030303030303,2.272727272727273,3.0303030303030303,59.84848484848485,56.81818181818182,3.0303030303030303,0
E00106590,122,56,32,24,1,1,19,2,17,46,44,2,0,45.90163934426229,26.229508196721312,19.672131147540984,0.819672131147541,0.819672131147541,15.573770491803279,1.639344262295082,13.934426229508196,37.704918032786885,36.0655737704918,1.639344262295082,0
E00106591,138,42,18,24,0,0,9,1,8,87,82,5,0,30.434782608695656,13.043478260869565,17.391304347826086,0,0,6.521739130434782,0.7246376811594203,5.797101449275362,63.04347826086957,59.42028985507246,3.6231884057971016,0
E00106592,134,90,47,43,0,0,0,0,0,44,42,2,0,67.16417910447761,35.07462686567165,32.08955223880597,0,0,0,0,0,32.83582089552239,31.343283582089555,1.4925373134328357,0
E00106593,141,61,35,26,0,0,5,0,5,75,67,8,0,43.262411347517734,24.822695035460992,18.439716312056735,0,0,3.546099290780142,0,3.546099290780142,53.191489361702125,47.5177304964539,5.673758865248227,0
E00106594,153,56,36,20,2,2,3,0,3,92,90,2,0,36.60130718954248,23.52941176470588,13.071895424836603,1.3071895424836601,1.3071895424836601,1.9607843137254901,0,1.9607843137254901,60.130718954248366,58.82352941176471,1.3071895424836601,0
E00106595,130,64,29,35,0,0,3,0,3,63,60,3,0,49.23076923076923,22.30769230769231,26.923076923076923,0,0,2.307692307692308,0,2.307692307692308,48.46153846153846,46.15384615384615,2.307692307692308,0
E00106596,168,61,31,30,0,0,34,2,32,73,69,4,0,36.30952380952381,18.452380952380953,17.857142857142858,0,0,20.238095238095237,1.1904761904761905,19.047619047619047,43.452380952380956,41.07142857142857,2.380952380952381,0
E00106597,150,67,30,37,0,0,1,0,1,82,77,5,0,44.666666666666664,20,24.666666666666668,0,0,0.6666666666666667,0,0.6666666666666667,54.666666666666664,51.33333333333333,3.3333333333333335,0
E00106598,115,55,27,28,0,0,1,0,1,59,58,1,0,47.82608695652174,23.47826086956522,24.347826086956523,0,0,0.8695652173913043,0,0.8695652173913043,51.30434782608696,50.43478260869565,0.8695652173913043,0
E00106599,145,93,42,51,2,2,10,0,10,40,37,3,0,64.13793103448275,28.965517241379313,35.172413793103445,1.3793103448275863,1.3793103448275863,6.896551724137931,0,6.896551724137931,27.586206896551722,25.517241379310345,2.0689655172413794,0
E00106600,127,92,47,45,0,0,0,0,0,35,33,2,0,72.44094488188976,37.00787401574803,35.43307086614173,0,0,0,0,0,27.559055118110237,25.984251968503933,1.574803149606299,0
E00106601,147,77,45,32,0,0,0,0,0,70,65,5,0,52.38095238095239,30.612244897959183,21.768707482993197,0,0,0,0,0,47.61904761904761,44.21768707482993,3.4013605442176873,0
E00106602,189,56,17,39,14,14,73,8,65,44,40,4,2,29.629629629629626,8.994708994708994,20.634920634920633,7.4074074074074066,7.4074074074074066,38.62433862433862,4.232804232804233,34.39153439153439,23.28042328042328,21.164021164021165,2.1164021164021163,1.0582010582010581
E00106603,134,50,27,23,1,1,4,1,3,79,76,3,0,37.3134328358209,20.149253731343283,17.16417910447761,0.7462686567164178,0.7462686567164178,2.9850746268656714,0.7462686567164178,2.2388059701492535,58.95522388059702,56.71641791044776,2.2388059701492535,0
E00106604,100,50,21,29,0,0,8,1,7,42,41,1,0,50,21,28.999999999999996,0,0,8,1,7.000000000000001,42,41,1,0
E00106605,199,122,52,70,6,6,40,3,37,31,30,1,0,61.30653266331658,26.13065326633166,35.175879396984925,3.015075376884422,3.015075376884422,20.100502512562816,1.507537688442211,18.592964824120603,15.577889447236181,15.07537688442211,0.5025125628140703,0
E00106606,105,34,10,24,1,1,56,14,42,14,11,3,0,32.38095238095238,9.523809523809524,22.857142857142858,0.9523809523809524,0.9523809523809524,53.333333333333336,13.333333333333334,40,13.333333333333334,10.476190476190476,2.857142857142857,0
E00106607,118,34,11,23,2,2,75,10,65,7,7,0,0,28.8135593220339,9.322033898305085,19.491525423728813,1.694915254237288,1.694915254237288,63.559322033898304,8.47457627118644,55.08474576271186,5.932203389830509,5.932203389830509,0,0
E00106609,147,135,78,57,0,0,0,0,0,12,9,3,0,91.83673469387756,53.06122448979592,38.775510204081634,0,0,0,0,0,8.16326530612245,6.122448979591836,2.0408163265306123,0
E00106610,137,39,20,19,0,0,77,18,59,21,20,1,0,28.467153284671532,14.5985401459854,13.86861313868613,0,0,56.20437956204379,13.138686131386862,43.06569343065693,15.328467153284672,14.5985401459854,0.7299270072992701,0
E00106611,125,44,17,27,1,1,65,13,52,14,11,3,1,35.199999999999996,13.600000000000001,21.6,0.8,0.8,52,10.4,41.6,11.200000000000001,8.799999999999999,2.4,0.8
E00106612,116,42,17,25,0,0,49,8,41,25,21,4,0,36.206896551724135,14.655172413793101,21.551724137931032,0,0,42.241379310344826,6.896551724137931,35.3448275862069,21.551724137931032,18.103448275862068,3.4482758620689653,0
E00106613,112,70,33,37,0,0,7,1,6,35,32,3,0,62.5,29.464285714285715,33.035714285714285,0,0,6.25,0.8928571428571428,5.357142857142857,31.25,28.57142857142857,2.6785714285714284,0
E00106614,109,39,23,16,0,0,53,10,43,17,15,2,0,35.77981651376147,21.100917431192663,14.678899082568808,0,0,48.62385321100918,9.174311926605505,39.44954128440367,15.59633027522936,13.761467889908257,1.834862385321101,0
E00106615,116,39,16,23,0,0,61,9,52,16,16,0,0,33.62068965517241,13.793103448275861,19.82758620689655,0,0,52.58620689655172,7.758620689655173,44.827586206896555,13.793103448275861,13.793103448275861,0,0
E00106616,117,43,16,27,0,0,55,17,38,19,19,0,0,36.75213675213676,13.675213675213676,23.076923076923077,0,0,47.008547008547005,14.529914529914532,32.47863247863248,16.23931623931624,16.23931623931624,0,0
E00106617,122,49,26,23,0,0,54,3,51,19,19,0,0,40.16393442622951,21.311475409836063,18.852459016393443,0,0,44.26229508196721,2.459016393442623,41.80327868852459,15.573770491803279,15.573770491803279,0,0
E00106618,116,38,8,30,0,0,57,19,38,21,20,1,0,32.758620689655174,6.896551724137931,25.862068965517242,0,0,49.137931034482754,16.379310344827587,32.758620689655174,18.103448275862068,17.24137931034483,0.8620689655172413,0
E00106619,97,35,21,14,0,0,40,3,37,22,19,3,0,36.08247422680412,21.649484536082475,14.432989690721648,0,0,41.23711340206185,3.0927835051546393,38.144329896907216,22.68041237113402,19.587628865979383,3.0927835051546393,0
E00106620,109,68,28,40,0,0,2,0,2,39,38,1,0,62.38532110091744,25.688073394495415,36.69724770642202,0,0,1.834862385321101,0,1.834862385321101,35.77981651376147,34.862385321100916,0.9174311926605505,0
E00106621,118,82,51,31,0,0,22,4,18,14,14,0,0,69.49152542372882,43.22033898305085,26.27118644067797,0,0,18.64406779661017,3.389830508474576,15.254237288135593,11.864406779661017,11.864406779661017,0,0
E00106622,126,50,27,23,1,1,65,11,54,10,5,5,0,39.682539682539684,21.428571428571427,18.253968253968253,0.7936507936507936,0.7936507936507936,51.587301587301596,8.73015873015873,42.857142857142854,7.936507936507936,3.968253968253968,3.968253968253968,0
E00106623,124,45,17,28,0,0,63,12,51,16,12,4,0,36.29032258064516,13.709677419354838,22.58064516129032,0,0,50.806451612903224,9.67741935483871,41.12903225806452,12.903225806451612,9.67741935483871,3.225806451612903,0
E00106624,148,92,57,35,0,0,0,0,0,56,50,6,0,62.16216216216216,38.513513513513516,23.64864864864865,0,0,0,0,0,37.83783783783784,33.78378378378378,4.054054054054054,0
E00106625,199,74,39,35,5,5,19,2,17,101,98,3,0,37.185929648241206,19.597989949748744,17.587939698492463,2.512562814070352,2.512562814070352,9.547738693467336,1.0050251256281406,8.542713567839195,50.753768844221106,49.246231155778894,1.507537688442211,0
E00106626,87,72,55,17,0,0,2,1,1,13,10,3,0,82.75862068965517,63.2183908045977,19.54022988505747,0,0,2.2988505747126435,1.1494252873563218,1.1494252873563218,14.942528735632186,11.494252873563218,3.4482758620689653,0
E00106627,116,85,35,50,0,0,3,0,3,28,25,3,0,73.27586206896551,30.17241379310345,43.103448275862064,0,0,2.586206896551724,0,2.586206896551724,24.137931034482758,21.551724137931032,2.586206896551724,0
E00106628,207,83,42,41,0,0,26,2,24,98,91,7,0,40.09661835748793,20.28985507246377,19.806763285024154,0,0,12.560386473429952,0.966183574879227,11.594202898550725,47.34299516908212,43.96135265700483,3.3816425120772946,0
E00106629,137,119,60,59,0,0,2,0,2,16,16,0,0,86.86131386861314,43.79562043795621,43.06569343065693,0,0,1.4598540145985401,0,1.4598540145985401,11.678832116788321,11.678832116788321,0,0
E00106630,131,119,88,31,2,2,0,0,0,10,10,0,0,90.83969465648855,67.17557251908397,23.66412213740458,1.5267175572519083,1.5267175572519083,0,0,0,7.633587786259542,7.633587786259542,0,0
E00106631,165,126,89,37,1,1,13,1,12,25,22,3,0,76.36363636363637,53.939393939393945,22.424242424242426,0.6060606060606061,0.6060606060606061,7.878787878787878,0.6060606060606061,7.2727272727272725,15.151515151515152,13.333333333333334,1.8181818181818181,0
E00106632,124,79,54,25,0,0,7,0,7,38,35,3,0,63.70967741935484,43.54838709677419,20.161290322580644,0,0,5.64516129032258,0,5.64516129032258,30.64516129032258,28.225806451612907,2.4193548387096775,0
E00106633,104,31,15,16,0,0,61,3,58,12,8,4,0,29.807692307692307,14.423076923076922,15.384615384615385,0,0,58.65384615384615,2.8846153846153846,55.769230769230774,11.538461538461538,7.6923076923076925,3.8461538461538463,0
E00106634,134,71,40,31,0,0,47,4,43,16,14,2,0,52.98507462686567,29.850746268656714,23.134328358208954,0,0,35.07462686567165,2.9850746268656714,32.08955223880597,11.940298507462686,10.44776119402985,1.4925373134328357,0
E00106635,133,67,42,25,1,1,1,0,1,64,62,2,0,50.37593984962406,31.57894736842105,18.796992481203006,0.7518796992481203,0.7518796992481203,0.7518796992481203,0,0.7518796992481203,48.1203007518797,46.616541353383454,1.5037593984962405,0
E00106636,114,57,33,24,0,0,3,1,2,54,49,5,0,50,28.947368421052634,21.052631578947366,0,0,2.631578947368421,0.8771929824561403,1.7543859649122806,47.368421052631575,42.98245614035088,4.385964912280701,0
E00106637,156,121,68,53,0,0,3,0,3,32,27,5,0,77.56410256410257,43.58974358974359,33.97435897435898,0,0,1.9230769230769231,0,1.9230769230769231,20.51282051282051,17.307692307692307,3.205128205128205,0
E00106638,128,118,71,47,0,0,0,0,0,10,10,0,0,92.1875,55.46875,36.71875,0,0,0,0,0,7.8125,7.8125,0,0
E00106639,128,106,66,40,0,0,1,0,1,21,19,2,0,82.8125,51.5625,31.25,0,0,0.78125,0,0.78125,16.40625,14.84375,1.5625,0
E00106640,146,93,56,37,0,0,23,2,21,30,27,3,0,63.6986301369863,38.35616438356164,25.34246575342466,0,0,15.753424657534246,1.36986301369863,14.383561643835616,20.54794520547945,18.493150684931507,2.054794520547945,0
E00106641,111,82,37,45,0,0,1,0,1,28,19,9,0,73.87387387387388,33.33333333333333,40.54054054054054,0,0,0.9009009009009009,0,0.9009009009009009,25.225225225225223,17.117117117117118,8.108108108108109,0
E00106642,144,109,55,54,2,2,5,0,5,28,25,3,0,75.69444444444444,38.19444444444444,37.5,1.3888888888888888,1.3888888888888888,3.4722222222222223,0,3.4722222222222223,19.444444444444446,17.36111111111111,2.083333333333333,0
E00106643,87,34,27,7,0,0,34,4,30,19,17,2,0,39.08045977011494,31.03448275862069,8.045977011494253,0,0,39.08045977011494,4.597701149425287,34.48275862068966,21.839080459770116,19.54022988505747,2.2988505747126435,0
E00106644,126,56,48,8,0,0,39,8,31,29,27,2,2,44.44444444444444,38.095238095238095,6.349206349206349,0,0,30.952380952380953,6.349206349206349,24.6031746031746,23.015873015873016,21.428571428571427,1.5873015873015872,1.5873015873015872
E00106645,107,79,54,25,1,1,1,0,1,26,22,4,0,73.83177570093457,50.467289719626166,23.364485981308412,0.9345794392523363,0.9345794392523363,0.9345794392523363,0,0.9345794392523363,24.299065420560748,20.5607476635514,3.7383177570093453,0
E00106646,147,96,52,44,0,0,21,1,20,30,24,6,0,65.3061224489796,35.374149659863946,29.931972789115648,0,0,14.285714285714285,0.6802721088435374,13.60544217687075,20.408163265306122,16.3265306122449,4.081632653061225,0
E00106647,124,98,68,30,0,0,6,2,4,20,12,8,0,79.03225806451613,54.83870967741935,24.193548387096776,0,0,4.838709677419355,1.6129032258064515,3.225806451612903,16.129032258064516,9.67741935483871,6.451612903225806,0
E00106648,134,96,52,44,0,0,27,3,24,11,8,3,0,71.64179104477611,38.80597014925373,32.83582089552239,0,0,20.149253731343283,2.2388059701492535,17.91044776119403,8.208955223880597,5.970149253731343,2.2388059701492535,0
E00106649,129,94,70,24,0,0,1,0,1,34,29,5,0,72.86821705426357,54.263565891472865,18.6046511627907,0,0,0.7751937984496124,0,0.7751937984496124,26.356589147286826,22.48062015503876,3.875968992248062,0
E00106650,104,56,41,15,0,0,7,0,7,41,30,11,0,53.84615384615385,39.42307692307692,14.423076923076922,0,0,6.730769230769231,0,6.730769230769231,39.42307692307692,28.846153846153843,10.576923076923077,0
E00106651,102,60,47,13,0,0,11,0,11,31,26,5,0,58.82352941176471,46.07843137254902,12.745098039215685,0,0,10.784313725490197,0,10.784313725490197,30.392156862745097,25.49019607843137,4.901960784313726,0
E00106652,129,81,59,22,0,0,8,2,6,40,37,3,0,62.7906976744186,45.73643410852713,17.05426356589147,0,0,6.2015503875969,1.550387596899225,4.651162790697675,31.007751937984494,28.68217054263566,2.3255813953488373,0
E00106653,156,45,26,19,0,0,6,0,6,105,98,7,0,28.846153846153843,16.666666666666664,12.179487179487179,0,0,3.8461538461538463,0,3.8461538461538463,67.3076923076923,62.82051282051282,4.487179487179487,0
E00106654,143,117,66,51,0,0,0,0,0,26,22,4,0,81.81818181818183,46.15384615384615,35.66433566433567,0,0,0,0,0,18.181818181818183,15.384615384615385,2.797202797202797,0
E00106655,148,122,76,46,1,1,0,0,0,25,21,4,0,82.43243243243244,51.35135135135135,31.08108108108108,0.6756756756756757,0.6756756756756757,0,0,0,16.89189189189189,14.18918918918919,2.7027027027027026,0
E00106656,112,99,57,42,0,0,0,0,0,13,10,3,0,88.39285714285714,50.89285714285714,37.5,0,0,0,0,0,11.607142857142858,8.928571428571429,2.6785714285714284,0
E00106657,92,66,31,35,0,0,2,1,1,24,18,6,0,71.73913043478261,33.69565217391305,38.04347826086957,0,0,2.1739130434782608,1.0869565217391304,1.0869565217391304,26.08695652173913,19.565217391304348,6.521739130434782,0
E00106658,102,70,27,43,0,0,1,1,0,31,31,0,0,68.62745098039215,26.47058823529412,42.15686274509804,0,0,0.9803921568627451,0.9803921568627451,0,30.392156862745097,30.392156862745097,0,0
E00106659,85,64,34,30,0,0,1,0,1,20,18,2,0,75.29411764705883,40,35.294117647058826,0,0,1.1764705882352942,0,1.1764705882352942,23.52941176470588,21.176470588235293,2.3529411764705883,0
E00106660,129,100,48,52,0,0,0,0,0,29,26,3,0,77.51937984496125,37.2093023255814,40.310077519379846,0,0,0,0,0,22.48062015503876,20.155038759689923,2.3255813953488373,0
E00106661,127,84,50,34,0,0,4,1,3,39,38,1,0,66.14173228346458,39.37007874015748,26.77165354330709,0,0,3.149606299212598,0.7874015748031495,2.3622047244094486,30.708661417322837,29.92125984251969,0.7874015748031495,0
E00106662,143,103,52,51,0,0,4,0,4,36,35,1,0,72.02797202797203,36.36363636363637,35.66433566433567,0,0,2.797202797202797,0,2.797202797202797,25.174825174825177,24.475524475524477,0.6993006993006993,0
E00106663,133,18,8,10,0,0,101,24,77,13,13,0,1,13.533834586466165,6.015037593984962,7.518796992481203,0,0,75.93984962406014,18.045112781954884,57.89473684210527,9.774436090225564,9.774436090225564,0,0.7518796992481203
E00106664,128,111,77,34,0,0,4,2,2,13,10,3,0,86.71875,60.15625,26.5625,0,0,3.125,1.5625,1.5625,10.15625,7.8125,2.34375,0
E00106665,140,87,45,42,0,0,2,0,2,51,46,5,0,62.142857142857146,32.142857142857146,30,0,0,1.4285714285714286,0,1.4285714285714286,36.42857142857142,32.857142857142854,3.571428571428571,0
E00106666,118,101,64,37,0,0,6,2,4,11,9,2,0,85.59322033898306,54.23728813559322,31.35593220338983,0,0,5.084745762711865,1.694915254237288,3.389830508474576,9.322033898305085,7.627118644067797,1.694915254237288,0
E00106667,134,66,44,22,1,1,6,1,5,60,55,5,1,49.25373134328358,32.83582089552239,16.417910447761194,0.7462686567164178,0.7462686567164178,4.477611940298507,0.7462686567164178,3.731343283582089,44.776119402985074,41.04477611940299,3.731343283582089,0.7462686567164178
E00106668,121,102,56,46,2,2,0,0,0,17,16,1,0,84.29752066115702,46.28099173553719,38.01652892561984,1.6528925619834711,1.6528925619834711,0,0,0,14.049586776859504,13.223140495867769,0.8264462809917356,0
E00106669,143,85,44,41,2,2,6,1,5,50,49,1,0,59.44055944055944,30.76923076923077,28.671328671328673,1.3986013986013985,1.3986013986013985,4.195804195804196,0.6993006993006993,3.4965034965034967,34.96503496503497,34.26573426573427,0.6993006993006993,0
E00106670,181,81,30,51,0,0,11,2,9,89,82,7,0,44.751381215469614,16.574585635359114,28.176795580110497,0,0,6.077348066298343,1.1049723756906076,4.972375690607735,49.171270718232044,45.30386740331492,3.867403314917127,0
E00106671,106,46,23,23,1,1,1,1,0,57,54,3,1,43.39622641509434,21.69811320754717,21.69811320754717,0.9433962264150944,0.9433962264150944,0.9433962264150944,0.9433962264150944,0,53.77358490566038,50.943396226415096,2.8301886792452833,0.9433962264150944
E00106672,137,73,31,42,0,0,45,14,31,19,18,1,0,53.284671532846716,22.62773722627737,30.656934306569344,0,0,32.846715328467155,10.218978102189782,22.62773722627737,13.86861313868613,13.138686131386862,0.7299270072992701,0
E00106673,115,106,62,44,1,1,1,0,1,7,6,1,0,92.17391304347827,53.91304347826087,38.26086956521739,0.8695652173913043,0.8695652173913043,0.8695652173913043,0,0.8695652173913043,6.086956521739131,5.217391304347826,0.8695652173913043,0
E00106674,132,70,29,41,1,1,46,7,39,15,12,3,0,53.03030303030303,21.96969696969697,31.060606060606062,0.7575757575757576,0.7575757575757576,34.84848484848485,5.303030303030303,29.545454545454547,11.363636363636363,9.090909090909092,2.272727272727273,0
E00106675,120,40,25,15,0,0,64,13,51,16,15,1,0,33.33333333333333,20.833333333333336,12.5,0,0,53.333333333333336,10.833333333333334,42.5,13.333333333333334,12.5,0.8333333333333334,0
E00106676,149,117,63,54,1,1,0,0,0,31,29,2,0,78.52348993288591,42.281879194630875,36.241610738255034,0.6711409395973155,0.6711409395973155,0,0,0,20.80536912751678,19.463087248322147,1.342281879194631,0
E00106677,105,25,14,11,0,0,58,12,46,22,22,0,0,23.809523809523807,13.333333333333334,10.476190476190476,0,0,55.23809523809524,11.428571428571429,43.80952380952381,20.952380952380953,20.952380952380953,0,0
E00106678,130,92,61,31,0,0,14,4,10,24,18,6,0,70.76923076923077,46.92307692307692,23.846153846153847,0,0,10.76923076923077,3.076923076923077,7.6923076923076925,18.461538461538463,13.846153846153847,4.615384615384616,0
E00106679,101,90,68,22,1,1,0,0,0,10,10,0,0,89.10891089108911,67.32673267326733,21.782178217821784,0.9900990099009901,0.9900990099009901,0,0,0,9.900990099009901,9.900990099009901,0,0
E00106680,127,106,53,53,2,2,0,0,0,19,14,5,0,83.46456692913385,41.732283464566926,41.732283464566926,1.574803149606299,1.574803149606299,0,0,0,14.960629921259844,11.023622047244094,3.937007874015748,0
E00106681,130,119,71,48,0,0,2,0,2,9,6,3,0,91.53846153846153,54.61538461538461,36.92307692307693,0,0,1.5384615384615385,0,1.5384615384615385,6.923076923076923,4.615384615384616,2.307692307692308,0
E00106682,181,175,111,64,0,0,0,0,0,6,4,2,0,96.68508287292818,61.32596685082873,35.35911602209944,0,0,0,0,0,3.314917127071823,2.209944751381215,1.1049723756906076,0
E00106683,159,145,104,41,2,2,1,1,0,11,10,1,0,91.19496855345912,65.40880503144653,25.78616352201258,1.257861635220126,1.257861635220126,0.628930817610063,0.628930817610063,0,6.918238993710692,6.289308176100629,0.628930817610063,0
E00106684,108,101,60,41,0,0,0,0,0,7,5,2,0,93.51851851851852,55.55555555555556,37.96296296296296,0,0,0,0,0,6.481481481481481,4.62962962962963,1.8518518518518516,0
E00106685,102,88,67,21,2,2,4,1,3,8,7,1,0,86.27450980392157,65.68627450980392,20.588235294117645,1.9607843137254901,1.9607843137254901,3.9215686274509802,0.9803921568627451,2.941176470588235,7.8431372549019605,6.862745098039216,0.9803921568627451,0
E00106686,125,69,31,38,0,0,41,0,41,15,14,1,0,55.2,24.8,30.4,0,0,32.800000000000004,0,32.800000000000004,12,11.200000000000001,0.8,0
E00106687,115,100,62,38,0,0,2,0,2,13,11,2,0,86.95652173913044,53.91304347826087,33.04347826086956,0,0,1.7391304347826086,0,1.7391304347826086,11.304347826086957,9.565217391304348,1.7391304347826086,0
E00106688,113,104,62,42,0,0,3,1,2,6,6,0,0,92.03539823008849,54.86725663716814,37.16814159292036,0,0,2.6548672566371683,0.8849557522123894,1.7699115044247788,5.3097345132743365,5.3097345132743365,0,0
E00106689,113,101,51,50,0,0,2,0,2,10,10,0,0,89.38053097345133,45.13274336283185,44.24778761061947,0,0,1.7699115044247788,0,1.7699115044247788,8.849557522123893,8.849557522123893,0,0
E00106690,135,115,76,39,0,0,1,1,0,19,15,4,0,85.18518518518519,56.2962962962963,28.888888888888886,0,0,0.7407407407407408,0.7407407407407408,0,14.074074074074074,11.11111111111111,2.9629629629629632,0
E00106691,117,98,63,35,0,0,1,0,1,18,15,3,0,83.76068376068376,53.84615384615385,29.914529914529915,0,0,0.8547008547008548,0,0.8547008547008548,15.384615384615385,12.82051282051282,2.564102564102564,0
E00106692,219,71,39,32,0,0,128,13,115,20,20,0,0,32.42009132420091,17.80821917808219,14.61187214611872,0,0,58.44748858447488,5.93607305936073,52.51141552511416,9.1324200913242,9.1324200913242,0,0
E00106693,110,73,53,20,0,0,3,1,2,34,30,4,0,66.36363636363637,48.18181818181818,18.181818181818183,0,0,2.727272727272727,0.9090909090909091,1.8181818181818181,30.909090909090907,27.27272727272727,3.6363636363636362,0
E00106694,115,99,66,33,0,0,1,0,1,15,12,3,0,86.08695652173914,57.391304347826086,28.695652173913043,0,0,0.8695652173913043,0,0.8695652173913043,13.043478260869565,10.434782608695652,2.608695652173913,0
E00106697,122,88,42,46,0,0,1,0,1,33,31,2,0,72.1311475409836,34.42622950819672,37.704918032786885,0,0,0.819672131147541,0,0.819672131147541,27.049180327868854,25.40983606557377,1.639344262295082,0
E00106698,106,53,32,21,0,0,36,7,29,17,13,4,0,50,30.18867924528302,19.81132075471698,0,0,33.9622641509434,6.60377358490566,27.358490566037734,16.037735849056602,12.264150943396226,3.7735849056603774,0
E00106699,141,85,35,50,0,0,0,0,0,56,49,7,0,60.28368794326241,24.822695035460992,35.46099290780142,0,0,0,0,0,39.71631205673759,34.751773049645394,4.964539007092199,0
E00106700,130,93,56,37,1,1,1,0,1,35,30,5,0,71.53846153846153,43.07692307692308,28.46153846153846,0.7692307692307693,0.7692307692307693,0.7692307692307693,0,0.7692307692307693,26.923076923076923,23.076923076923077,3.8461538461538463,0
E00106701,125,24,10,14,0,0,95,10,85,6,6,0,0,19.2,8,11.200000000000001,0,0,76,8,68,4.8,4.8,0,0
E00106702,144,58,30,28,0,0,24,4,20,62,56,6,0,40.27777777777778,20.833333333333336,19.444444444444446,0,0,16.666666666666664,2.7777777777777777,13.88888888888889,43.05555555555556,38.88888888888889,4.166666666666666,0
E00106703,119,104,75,29,1,1,0,0,0,14,10,4,0,87.39495798319328,63.02521008403361,24.369747899159663,0.8403361344537815,0.8403361344537815,0,0,0,11.76470588235294,8.403361344537815,3.361344537815126,0
E00106704,135,112,70,42,0,0,3,1,2,20,17,3,0,82.96296296296296,51.85185185185185,31.11111111111111,0,0,2.2222222222222223,0.7407407407407408,1.4814814814814816,14.814814814814813,12.592592592592592,2.2222222222222223,0
E00106705,123,114,74,40,0,0,0,0,0,9,7,2,0,92.6829268292683,60.16260162601627,32.52032520325203,0,0,0,0,0,7.317073170731707,5.691056910569105,1.6260162601626018,0
E00106706,131,65,32,33,0,0,17,3,14,48,45,3,1,49.61832061068702,24.427480916030532,25.190839694656486,0,0,12.977099236641221,2.2900763358778624,10.687022900763358,36.6412213740458,34.35114503816794,2.2900763358778624,0.7633587786259541
E00106707,110,80,29,51,0,0,3,1,2,27,22,5,0,72.72727272727273,26.36363636363636,46.36363636363636,0,0,2.727272727272727,0.9090909090909091,1.8181818181818181,24.545454545454547,20,4.545454545454546,0
E00106708,120,110,55,55,0,0,0,0,0,10,9,1,0,91.66666666666666,45.83333333333333,45.83333333333333,0,0,0,0,0,8.333333333333332,7.5,0.8333333333333334,0
E00106709,135,114,60,54,0,0,0,0,0,21,19,2,0,84.44444444444444,44.44444444444444,40,0,0,0,0,0,15.555555555555555,14.074074074074074,1.4814814814814816,0
E00106710,151,110,53,57,0,0,5,3,2,36,34,2,0,72.84768211920529,35.099337748344375,37.74834437086093,0,0,3.3112582781456954,1.9867549668874174,1.3245033112582782,23.841059602649008,22.516556291390728,1.3245033112582782,0
E00106711,142,62,36,26,2,2,8,0,8,70,66,4,0,43.66197183098591,25.352112676056336,18.30985915492958,1.4084507042253522,1.4084507042253522,5.633802816901409,0,5.633802816901409,49.29577464788733,46.478873239436616,2.8169014084507045,0
E00106712,121,91,49,42,0,0,3,0,3,27,23,4,0,75.20661157024794,40.49586776859504,34.710743801652896,0,0,2.479338842975207,0,2.479338842975207,22.31404958677686,19.00826446280992,3.3057851239669422,0
E00106713,112,24,8,16,0,0,72,16,56,16,13,3,0,21.428571428571427,7.142857142857142,14.285714285714285,0,0,64.28571428571429,14.285714285714285,50,14.285714285714285,11.607142857142858,2.6785714285714284,0
E00106714,120,14,5,9,0,0,94,20,74,12,10,2,0,11.666666666666666,4.166666666666666,7.5,0,0,78.33333333333333,16.666666666666664,61.66666666666667,10,8.333333333333332,1.6666666666666667,0
E00106715,134,43,23,20,0,0,68,8,60,22,21,1,1,32.08955223880597,17.16417910447761,14.925373134328357,0,0,50.74626865671642,5.970149253731343,44.776119402985074,16.417910447761194,15.671641791044777,0.7462686567164178,0.7462686567164178
E00106716,148,77,43,34,1,1,11,1,10,59,57,2,0,52.02702702702703,29.054054054054053,22.972972972972975,0.6756756756756757,0.6756756756756757,7.4324324324324325,0.6756756756756757,6.756756756756757,39.86486486486486,38.513513513513516,1.3513513513513513,0
E00106717,140,87,47,40,0,0,7,0,7,46,43,3,0,62.142857142857146,33.57142857142857,28.57142857142857,0,0,5,0,5,32.857142857142854,30.714285714285715,2.142857142857143,0
E00106718,113,58,31,27,0,0,3,0,3,52,51,1,0,51.32743362831859,27.43362831858407,23.893805309734514,0,0,2.6548672566371683,0,2.6548672566371683,46.017699115044245,45.13274336283185,0.8849557522123894,0
E00106719,134,58,25,33,0,0,16,5,11,60,55,5,0,43.28358208955223,18.65671641791045,24.62686567164179,0,0,11.940298507462686,3.731343283582089,8.208955223880597,44.776119402985074,41.04477611940299,3.731343283582089,0
E00106720,133,66,41,25,0,0,45,7,38,22,20,2,0,49.62406015037594,30.82706766917293,18.796992481203006,0,0,33.83458646616541,5.263157894736842,28.57142857142857,16.541353383458645,15.037593984962406,1.5037593984962405,0
E00106721,124,61,25,36,0,0,10,3,7,53,49,4,0,49.193548387096776,20.161290322580644,29.03225806451613,0,0,8.064516129032258,2.4193548387096775,5.64516129032258,42.74193548387097,39.516129032258064,3.225806451612903,0
E00106722,129,97,47,50,0,0,1,0,1,31,29,2,0,75.1937984496124,36.434108527131784,38.759689922480625,0,0,0.7751937984496124,0,0.7751937984496124,24.031007751937985,22.48062015503876,1.550387596899225,0
E00106723,161,123,51,72,0,0,1,1,0,37,35,2,0,76.3975155279503,31.67701863354037,44.72049689440994,0,0,0.6211180124223602,0.6211180124223602,0,22.981366459627328,21.73913043478261,1.2422360248447204,0
E00106724,130,107,48,59,0,0,1,0,1,22,22,0,0,82.3076923076923,36.92307692307693,45.38461538461539,0,0,0.7692307692307693,0,0.7692307692307693,16.923076923076923,16.923076923076923,0,0
E00106725,197,121,62,59,0,0,17,1,16,59,56,3,0,61.42131979695431,31.472081218274113,29.949238578680205,0,0,8.629441624365482,0.5076142131979695,8.121827411167512,29.949238578680205,28.426395939086298,1.5228426395939088,0
E00106726,114,84,42,42,0,0,11,3,8,19,18,1,0,73.68421052631578,36.84210526315789,36.84210526315789,0,0,9.649122807017543,2.631578947368421,7.017543859649122,16.666666666666664,15.789473684210526,0.8771929824561403,0
E00106727,119,11,5,6,0,0,102,8,94,6,4,2,0,9.243697478991598,4.201680672268908,5.042016806722689,0,0,85.71428571428571,6.722689075630252,78.99159663865547,5.042016806722689,3.361344537815126,1.680672268907563,0
E00106728,141,37,18,19,0,0,80,23,57,24,21,3,0,26.24113475177305,12.76595744680851,13.47517730496454,0,0,56.73758865248227,16.312056737588655,40.42553191489361,17.02127659574468,14.893617021276595,2.127659574468085,0
E00106729,90,29,14,15,0,0,46,7,39,15,15,0,0,32.22222222222222,15.555555555555555,16.666666666666664,0,0,51.11111111111111,7.777777777777778,43.333333333333336,16.666666666666664,16.666666666666664,0,0
E00106730,142,128,71,57,0,0,3,0,3,11,11,0,0,90.14084507042254,50,40.140845070422536,0,0,2.112676056338028,0,2.112676056338028,7.746478873239436,7.746478873239436,0,0
E00106731,124,69,43,26,0,0,35,4,31,20,14,6,0,55.64516129032258,34.67741935483871,20.967741935483872,0,0,28.225806451612907,3.225806451612903,25,16.129032258064516,11.29032258064516,4.838709677419355,0
E00106732,119,87,35,52,0,0,0,0,0,32,29,3,0,73.10924369747899,29.411764705882355,43.69747899159664,0,0,0,0,0,26.89075630252101,24.369747899159663,2.5210084033613445,0
E00106733,134,58,37,21,6,6,24,4,20,46,45,1,0,43.28358208955223,27.611940298507463,15.671641791044777,4.477611940298507,4.477611940298507,17.91044776119403,2.9850746268656714,14.925373134328357,34.32835820895522,33.582089552238806,0.7462686567164178,0
E00106734,109,89,50,39,0,0,7,2,5,13,10,3,0,81.65137614678899,45.87155963302752,35.77981651376147,0,0,6.422018348623854,1.834862385321101,4.587155963302752,11.926605504587156,9.174311926605505,2.7522935779816518,0
E00106735,120,73,37,36,1,1,0,0,0,46,43,3,0,60.83333333333333,30.833333333333336,30,0.8333333333333334,0.8333333333333334,0,0,0,38.333333333333336,35.833333333333336,2.5,0
E00106736,139,103,48,55,0,0,2,1,1,34,29,5,0,74.10071942446042,34.53237410071942,39.568345323741006,0,0,1.4388489208633095,0.7194244604316548,0.7194244604316548,24.46043165467626,20.863309352517987,3.5971223021582732,0
E00106737,157,112,56,56,7,7,15,4,11,23,20,3,0,71.3375796178344,35.6687898089172,35.6687898089172,4.45859872611465,4.45859872611465,9.554140127388536,2.547770700636943,7.006369426751593,14.64968152866242,12.738853503184714,1.910828025477707,0
E00106738,155,68,43,25,5,5,31,2,29,51,49,2,0,43.87096774193549,27.741935483870968,16.129032258064516,3.225806451612903,3.225806451612903,20,1.2903225806451613,18.70967741935484,32.903225806451616,31.61290322580645,1.2903225806451613,0
E00106739,108,52,24,28,4,4,11,3,8,41,39,2,0,48.148148148148145,22.22222222222222,25.925925925925924,3.7037037037037033,3.7037037037037033,10.185185185185185,2.7777777777777777,7.4074074074074066,37.96296296296296,36.11111111111111,1.8518518518518516,0
E00106740,124,96,50,46,0,0,5,0,5,23,20,3,0,77.41935483870968,40.32258064516129,37.096774193548384,0,0,4.032258064516129,0,4.032258064516129,18.548387096774192,16.129032258064516,2.4193548387096775,0
E00106741,113,105,57,48,0,0,0,0,0,8,6,2,0,92.92035398230088,50.442477876106196,42.47787610619469,0,0,0,0,0,7.079646017699115,5.3097345132743365,1.7699115044247788,0
E00106742,212,181,88,93,1,1,12,1,11,18,18,0,0,85.37735849056604,41.509433962264154,43.86792452830189,0.4716981132075472,0.4716981132075472,5.660377358490567,0.4716981132075472,5.188679245283019,8.49056603773585,8.49056603773585,0,0
E00106743,128,102,49,53,2,2,3,0,3,21,17,4,0,79.6875,38.28125,41.40625,1.5625,1.5625,2.34375,0,2.34375,16.40625,13.28125,3.125,0
E00106744,127,74,41,33,0,0,16,3,13,37,35,2,0,58.26771653543307,32.28346456692913,25.984251968503933,0,0,12.598425196850393,2.3622047244094486,10.236220472440944,29.133858267716533,27.559055118110237,1.574803149606299,0
E00106745,130,111,39,72,0,0,1,0,1,18,15,3,0,85.38461538461539,30,55.38461538461539,0,0,0.7692307692307693,0,0.7692307692307693,13.846153846153847,11.538461538461538,2.307692307692308,0
E00106746,102,8,3,5,1,1,88,23,65,5,4,1,0,7.8431372549019605,2.941176470588235,4.901960784313726,0.9803921568627451,0.9803921568627451,86.27450980392157,22.54901960784314,63.725490196078425,4.901960784313726,3.9215686274509802,0.9803921568627451,0
E00106747,129,82,39,43,0,0,31,7,24,16,12,4,0,63.565891472868216,30.23255813953488,33.33333333333333,0,0,24.031007751937985,5.426356589147287,18.6046511627907,12.4031007751938,9.30232558139535,3.10077519379845,0
E00106748,147,84,50,34,0,0,57,6,51,6,5,1,0,57.14285714285714,34.01360544217687,23.12925170068027,0,0,38.775510204081634,4.081632653061225,34.69387755102041,4.081632653061225,3.4013605442176873,0.6802721088435374,0
E00106749,114,65,26,39,1,1,28,2,26,20,19,1,0,57.01754385964912,22.807017543859647,34.21052631578947,0.8771929824561403,0.8771929824561403,24.561403508771928,1.7543859649122806,22.807017543859647,17.543859649122805,16.666666666666664,0.8771929824561403,0
E00106750,143,77,48,29,1,1,3,0,3,62,60,2,0,53.84615384615385,33.56643356643357,20.27972027972028,0.6993006993006993,0.6993006993006993,2.097902097902098,0,2.097902097902098,43.35664335664335,41.95804195804196,1.3986013986013985,0
E00106751,140,132,84,48,0,0,0,0,0,8,6,2,0,94.28571428571428,60,34.285714285714285,0,0,0,0,0,5.714285714285714,4.285714285714286,1.4285714285714286,0
E00106753,150,74,31,43,1,1,17,2,15,58,55,3,0,49.333333333333336,20.666666666666668,28.666666666666668,0.6666666666666667,0.6666666666666667,11.333333333333332,1.3333333333333335,10,38.666666666666664,36.666666666666664,2,0
E00106754,135,95,50,45,0,0,0,0,0,40,35,5,0,70.37037037037037,37.03703703703704,33.33333333333333,0,0,0,0,0,29.629629629629626,25.925925925925924,3.7037037037037033,0
E00106755,124,51,18,33,2,2,61,12,49,10,7,3,0,41.12903225806452,14.516129032258066,26.61290322580645,1.6129032258064515,1.6129032258064515,49.193548387096776,9.67741935483871,39.516129032258064,8.064516129032258,5.64516129032258,2.4193548387096775,0
E00106756,96,41,21,20,0,0,28,7,21,27,25,2,0,42.70833333333333,21.875,20.833333333333336,0,0,29.166666666666668,7.291666666666667,21.875,28.125,26.041666666666668,2.083333333333333,0
E00106757,87,3,2,1,0,0,78,3,75,6,4,2,0,3.4482758620689653,2.2988505747126435,1.1494252873563218,0,0,89.65517241379311,3.4482758620689653,86.20689655172413,6.896551724137931,4.597701149425287,2.2988505747126435,0
E00106758,125,65,25,40,1,1,48,7,41,11,8,3,0,52,20,32,0.8,0.8,38.4,5.6000000000000005,32.800000000000004,8.799999999999999,6.4,2.4,0
E00106759,130,66,37,29,9,9,43,9,34,12,9,3,0,50.76923076923077,28.46153846153846,22.30769230769231,6.923076923076923,6.923076923076923,33.07692307692307,6.923076923076923,26.153846153846157,9.230769230769232,6.923076923076923,2.307692307692308,0
E00106760,137,100,42,58,1,1,13,3,10,23,20,3,0,72.99270072992701,30.656934306569344,42.33576642335766,0.7299270072992701,0.7299270072992701,9.48905109489051,2.18978102189781,7.2992700729927,16.78832116788321,14.5985401459854,2.18978102189781,0
E00106761,119,20,6,14,0,0,86,15,71,13,13,0,0,16.80672268907563,5.042016806722689,11.76470588235294,0,0,72.26890756302521,12.605042016806722,59.66386554621849,10.92436974789916,10.92436974789916,0,0
E00106762,115,47,23,24,0,0,60,14,46,8,7,1,0,40.869565217391305,20,20.869565217391305,0,0,52.17391304347826,12.173913043478262,40,6.956521739130435,6.086956521739131,0.8695652173913043,0
E00106763,132,31,13,18,0,0,90,12,78,11,9,2,0,23.484848484848484,9.848484848484848,13.636363636363635,0,0,68.18181818181817,9.090909090909092,59.09090909090909,8.333333333333332,6.8181818181818175,1.5151515151515151,0
E00172115,175,114,79,35,0,0,3,1,2,58,54,4,0,65.14285714285715,45.14285714285714,20,0,0,1.7142857142857144,0.5714285714285714,1.1428571428571428,33.14285714285714,30.857142857142854,2.2857142857142856,0
E00172116,121,34,15,19,0,0,3,0,3,84,81,3,0,28.09917355371901,12.396694214876034,15.702479338842975,0,0,2.479338842975207,0,2.479338842975207,69.42148760330579,66.94214876033058,2.479338842975207,0
E00172117,125,32,17,15,0,0,16,3,13,77,70,7,0,25.6,13.600000000000001,12,0,0,12.8,2.4,10.4,61.6,56.00000000000001,5.6000000000000005,0
E00172118,160,50,20,30,0,0,17,0,17,93,87,6,0,31.25,12.5,18.75,0,0,10.625,0,10.625,58.12500000000001,54.37499999999999,3.75,0
E00172119,69,21,11,10,0,0,8,0,8,39,37,2,1,30.434782608695656,15.942028985507244,14.492753623188406,0,0,11.594202898550725,0,11.594202898550725,56.52173913043478,53.62318840579711,2.898550724637681,1.4492753623188406
E00172120,97,18,11,7,1,1,34,2,32,44,43,1,0,18.556701030927837,11.34020618556701,7.216494845360824,1.0309278350515463,1.0309278350515463,35.051546391752574,2.0618556701030926,32.98969072164948,45.36082474226804,44.329896907216494,1.0309278350515463,0
E00172121,162,83,61,22,0,0,6,0,6,73,70,3,0,51.23456790123457,37.65432098765432,13.580246913580247,0,0,3.7037037037037033,0,3.7037037037037033,45.06172839506173,43.20987654320987,1.8518518518518516,0
E00172122,90,77,33,44,2,2,1,0,1,10,8,2,0,85.55555555555556,36.666666666666664,48.888888888888886,2.2222222222222223,2.2222222222222223,1.1111111111111112,0,1.1111111111111112,11.11111111111111,8.88888888888889,2.2222222222222223,0
E00172123,72,21,7,14,8,8,23,3,20,20,20,0,0,29.166666666666668,9.722222222222223,19.444444444444446,11.11111111111111,11.11111111111111,31.944444444444443,4.166666666666666,27.77777777777778,27.77777777777778,27.77777777777778,0,0
E00172124,95,72,30,42,2,2,0,0,0,21,16,5,0,75.78947368421053,31.57894736842105,44.21052631578947,2.1052631578947367,2.1052631578947367,0,0,0,22.105263157894736,16.842105263157894,5.263157894736842,0
E00172125,102,74,39,35,1,1,7,2,5,20,19,1,0,72.54901960784314,38.23529411764706,34.31372549019608,0.9803921568627451,0.9803921568627451,6.862745098039216,1.9607843137254901,4.901960784313726,19.607843137254903,18.627450980392158,0.9803921568627451,0
E00172126,187,161,110,51,0,0,3,2,1,23,17,6,0,86.09625668449198,58.82352941176471,27.27272727272727,0,0,1.6042780748663104,1.06951871657754,0.53475935828877,12.299465240641712,9.090909090909092,3.2085561497326207,0
E00181225,147,93,18,75,0,0,27,1,26,27,23,4,0,63.26530612244898,12.244897959183673,51.02040816326531,0,0,18.367346938775512,0.6802721088435374,17.687074829931973,18.367346938775512,15.646258503401361,2.7210884353741496,0
E00181226,75,15,9,6,0,0,20,2,18,40,39,1,0,20,12,8,0,0,26.666666666666668,2.666666666666667,24,53.333333333333336,52,1.3333333333333335,0
E00181250,181,44,27,17,0,0,44,4,40,93,87,6,0,24.30939226519337,14.917127071823206,9.392265193370166,0,0,24.30939226519337,2.209944751381215,22.099447513812155,51.38121546961326,48.06629834254144,3.314917127071823,0
E00181265,101,4,2,2,0,0,95,12,83,2,2,0,0,3.9603960396039604,1.9801980198019802,1.9801980198019802,0,0,94.05940594059405,11.881188118811881,82.17821782178217,1.9801980198019802,1.9801980198019802,0,0
