OA,ts0540001,ts0540002,ts0540003,ts0540004,ts0540005,ts0540006,ts0540007,ts0540008,ts0540009,ts0540010,ts0540011,ts0540012,ts0540013,ts0540002_PCT,ts0540003_PCT,ts0540004_PCT,ts0540005_PCT,ts0540006_PCT,ts0540007_PCT,ts0540008_PCT,ts0540009_PCT,ts0540010_PCT,ts0540011_PCT,ts0540012_PCT,ts0540013_PCT
W00008044,130,115,74,41,2,2,1,0,1,12,9,3,0,88.46153846153845,56.92307692307692,31.538461538461537,1.5384615384615385,1.5384615384615385,0.7692307692307693,0,0.7692307692307693,9.230769230769232,6.923076923076923,2.307692307692308,0
W00008045,143,104,45,59,2,2,22,9,13,15,15,0,0,72.72727272727273,31.46853146853147,41.25874125874126,1.3986013986013985,1.3986013986013985,15.384615384615385,6.293706293706294,9.090909090909092,10.48951048951049,10.48951048951049,0,0
W00008046,132,103,64,39,0,0,8,4,4,21,17,4,0,78.03030303030303,48.484848484848484,29.545454545454547,0,0,6.0606060606060606,3.0303030303030303,3.0303030303030303,15.909090909090908,12.878787878787879,3.0303030303030303,0
W00008047,151,142,84,58,1,1,2,1,1,6,6,0,0,94.03973509933775,55.62913907284768,38.41059602649007,0.6622516556291391,0.6622516556291391,1.3245033112582782,0.6622516556291391,0.6622516556291391,3.9735099337748347,3.9735099337748347,0,0
W00008049,159,140,83,57,0,0,6,0,6,13,10,3,0,88.0503144654088,52.20125786163522,35.84905660377358,0,0,3.7735849056603774,0,3.7735849056603774,8.176100628930817,6.289308176100629,1.8867924528301887,0
W00008050,110,48,36,12,0,0,58,18,40,4,1,3,0,43.63636363636363,32.72727272727273,10.909090909090908,0,0,52.72727272727272,16.363636363636363,36.36363636363637,3.6363636363636362,0.9090909090909091,2.727272727272727,0
W00008051,128,108,69,39,1,1,1,0,1,18,16,2,0,84.375,53.90625,30.46875,0.78125,0.78125,0.78125,0,0.78125,14.0625,12.5,1.5625,0
W00008052,104,67,42,25,0,0,22,1,21,15,13,2,0,64.42307692307693,40.38461538461539,24.03846153846154,0,0,21.153846153846153,0.9615384615384616,20.192307692307693,14.423076923076922,12.5,1.9230769230769231,0
W00008053,134,99,55,44,0,0,8,2,6,27,24,3,0,73.88059701492537,41.04477611940299,32.83582089552239,0,0,5.970149253731343,1.4925373134328357,4.477611940298507,20.149253731343283,17.91044776119403,2.2388059701492535,0
W00008055,118,114,78,36,0,0,2,0,2,2,1,1,0,96.61016949152543,66.10169491525424,30.508474576271187,0,0,1.694915254237288,0,1.694915254237288,1.694915254237288,0.847457627118644,0.847457627118644,0
W00008056,99,54,39,15,1,1,37,9,28,7,6,1,0,54.54545454545454,39.39393939393939,15.151515151515152,1.0101010101010102,1.0101010101010102,37.37373737373738,9.090909090909092,28.28282828282828,7.07070707070707,6.0606060606060606,1.0101010101010102,0
W00008057,150,127,85,42,1,1,10,5,5,12,8,4,0,84.66666666666667,56.666666666666664,28.000000000000004,0.6666666666666667,0.6666666666666667,6.666666666666667,3.3333333333333335,3.3333333333333335,8,5.333333333333334,2.666666666666667,0
W00008058,123,31,19,12,0,0,82,32,50,10,9,1,0,25.203252032520325,15.447154471544716,9.75609756097561,0,0,66.66666666666666,26.01626016260163,40.65040650406504,8.130081300813007,7.317073170731707,0.8130081300813009,0
W00008059,149,49,26,23,0,0,95,20,75,5,4,1,0,32.88590604026846,17.449664429530202,15.436241610738255,0,0,63.758389261744966,13.422818791946309,50.33557046979866,3.3557046979865772,2.684563758389262,0.6711409395973155,0
W00008060,129,118,87,31,0,0,1,0,1,10,9,1,0,91.47286821705426,67.44186046511628,24.031007751937985,0,0,0.7751937984496124,0,0.7751937984496124,7.751937984496124,6.976744186046512,0.7751937984496124,0
W00008061,129,110,89,21,0,0,3,1,2,16,12,4,0,85.27131782945736,68.9922480620155,16.27906976744186,0,0,2.3255813953488373,0.7751937984496124,1.550387596899225,12.4031007751938,9.30232558139535,3.10077519379845,0
W00008062,153,88,57,31,1,1,19,0,19,45,44,1,0,57.51633986928104,37.254901960784316,20.26143790849673,0.6535947712418301,0.6535947712418301,12.418300653594772,0,12.418300653594772,29.411764705882355,28.75816993464052,0.6535947712418301,0
W00008063,133,106,78,28,2,2,9,3,6,16,15,1,0,79.69924812030075,58.64661654135338,21.052631578947366,1.5037593984962405,1.5037593984962405,6.7669172932330826,2.2556390977443606,4.511278195488721,12.030075187969924,11.278195488721805,0.7518796992481203,0
W00008064,141,98,64,34,0,0,23,13,10,20,14,6,0,69.50354609929079,45.39007092198582,24.113475177304963,0,0,16.312056737588655,9.219858156028367,7.092198581560284,14.184397163120568,9.929078014184398,4.25531914893617,0
W00008065,129,111,88,23,2,2,3,1,2,13,10,3,0,86.04651162790698,68.21705426356588,17.829457364341085,1.550387596899225,1.550387596899225,2.3255813953488373,0.7751937984496124,1.550387596899225,10.077519379844961,7.751937984496124,2.3255813953488373,0
W00008066,125,59,26,33,0,0,56,18,38,9,8,1,1,47.199999999999996,20.8,26.400000000000002,0,0,44.800000000000004,14.399999999999999,30.4,7.199999999999999,6.4,0.8,0.8
W00008067,141,125,96,29,0,0,1,1,0,15,11,4,0,88.65248226950354,68.08510638297872,20.56737588652482,0,0,0.7092198581560284,0.7092198581560284,0,10.638297872340425,7.801418439716312,2.8368794326241136,0
W00008068,55,41,32,9,0,0,9,5,4,5,4,1,0,74.54545454545455,58.18181818181818,16.363636363636363,0,0,16.363636363636363,9.090909090909092,7.2727272727272725,9.090909090909092,7.2727272727272725,1.8181818181818181,0
W00008069,113,99,70,29,1,1,1,1,0,12,11,1,0,87.61061946902655,61.94690265486725,25.663716814159294,0.8849557522123894,0.8849557522123894,0.8849557522123894,0.8849557522123894,0,10.619469026548673,9.734513274336283,0.8849557522123894,0
W00008070,156,111,73,38,0,0,34,12,22,11,8,3,0,71.15384615384616,46.794871794871796,24.358974358974358,0,0,21.794871794871796,7.6923076923076925,14.102564102564102,7.051282051282051,5.128205128205128,1.9230769230769231,0
W00008071,99,52,32,20,1,1,34,6,28,12,10,2,0,52.52525252525253,32.323232323232325,20.2020202020202,1.0101010101010102,1.0101010101010102,34.34343434343434,6.0606060606060606,28.28282828282828,12.121212121212121,10.1010101010101,2.0202020202020203,0
W00008072,133,73,49,24,0,0,44,19,25,16,12,4,0,54.88721804511278,36.84210526315789,18.045112781954884,0,0,33.08270676691729,14.285714285714285,18.796992481203006,12.030075187969924,9.022556390977442,3.007518796992481,0
W00008073,129,63,33,30,1,1,52,20,32,13,11,2,0,48.837209302325576,25.581395348837212,23.25581395348837,0.7751937984496124,0.7751937984496124,40.310077519379846,15.503875968992247,24.8062015503876,10.077519379844961,8.527131782945736,1.550387596899225,0
W00008074,123,27,18,9,0,0,80,21,59,16,15,1,0,21.951219512195124,14.634146341463413,7.317073170731707,0,0,65.04065040650406,17.073170731707318,47.96747967479675,13.008130081300814,12.195121951219512,0.8130081300813009,0
W00008075,133,116,90,26,0,0,0,0,0,17,12,5,0,87.21804511278195,67.66917293233082,19.548872180451127,0,0,0,0,0,12.781954887218044,9.022556390977442,3.7593984962406015,0
W00008076,141,120,76,44,0,0,3,1,2,18,13,5,0,85.1063829787234,53.90070921985816,31.20567375886525,0,0,2.127659574468085,0.7092198581560284,1.4184397163120568,12.76595744680851,9.219858156028367,3.546099290780142,0
W00008077,134,114,76,38,0,0,7,2,5,13,10,3,0,85.07462686567165,56.71641791044776,28.35820895522388,0,0,5.223880597014925,1.4925373134328357,3.731343283582089,9.701492537313433,7.462686567164178,2.2388059701492535,0
W00008078,128,101,68,33,0,0,15,6,9,12,10,2,0,78.90625,53.125,25.78125,0,0,11.71875,4.6875,7.03125,9.375,7.8125,1.5625,0
W00008079,171,122,80,42,0,0,27,4,23,22,17,5,0,71.34502923976608,46.783625730994146,24.561403508771928,0,0,15.789473684210526,2.3391812865497075,13.450292397660817,12.865497076023392,9.941520467836257,2.923976608187134,0
W00008080,193,166,126,40,0,0,2,2,0,25,15,10,0,86.01036269430051,65.28497409326425,20.72538860103627,0,0,1.0362694300518136,1.0362694300518136,0,12.953367875647666,7.772020725388601,5.181347150259067,0
W00008081,144,112,70,42,0,0,18,3,15,14,14,0,0,77.77777777777779,48.61111111111111,29.166666666666668,0,0,12.5,2.083333333333333,10.416666666666668,9.722222222222223,9.722222222222223,0,0
W00008082,134,112,68,44,1,1,3,0,3,18,14,4,0,83.5820895522388,50.74626865671642,32.83582089552239,0.7462686567164178,0.7462686567164178,2.2388059701492535,0,2.2388059701492535,13.432835820895523,10.44776119402985,2.9850746268656714,0
W00008083,157,135,82,53,1,1,0,0,0,21,16,5,0,85.98726114649682,52.22929936305732,33.75796178343949,0.6369426751592357,0.6369426751592357,0,0,0,13.375796178343949,10.191082802547772,3.1847133757961785,0
W00008084,172,150,110,40,2,2,2,0,2,18,12,6,0,87.20930232558139,63.95348837209303,23.25581395348837,1.1627906976744187,1.1627906976744187,1.1627906976744187,0,1.1627906976744187,10.465116279069768,6.976744186046512,3.488372093023256,0
W00008085,110,81,51,30,0,0,22,5,17,6,5,1,1,73.63636363636363,46.36363636363636,27.27272727272727,0,0,20,4.545454545454546,15.454545454545453,5.454545454545454,4.545454545454546,0.9090909090909091,0.9090909090909091
W00008086,117,97,56,41,0,0,5,1,4,14,12,2,1,82.90598290598291,47.863247863247864,35.04273504273504,0,0,4.273504273504273,0.8547008547008548,3.418803418803419,11.965811965811966,10.256410256410255,1.7094017094017095,0.8547008547008548
W00008087,126,86,52,34,0,0,22,10,12,18,17,1,0,68.25396825396825,41.269841269841265,26.984126984126984,0,0,17.46031746031746,7.936507936507936,9.523809523809524,14.285714285714285,13.492063492063492,0.7936507936507936,0
W00008088,134,20,9,11,0,0,109,32,77,5,5,0,0,14.925373134328357,6.7164179104477615,8.208955223880597,0,0,81.34328358208955,23.88059701492537,57.46268656716418,3.731343283582089,3.731343283582089,0,0
W00008089,117,79,40,39,0,0,27,7,20,11,10,1,0,67.52136752136752,34.18803418803419,33.33333333333333,0,0,23.076923076923077,5.982905982905983,17.094017094017094,9.401709401709402,8.547008547008547,0.8547008547008548,0
W00008090,139,132,90,42,0,0,0,0,0,7,4,3,0,94.96402877697841,64.74820143884892,30.215827338129497,0,0,0,0,0,5.0359712230215825,2.877697841726619,2.158273381294964,0
W00008091,138,126,94,32,2,2,2,1,1,8,7,1,0,91.30434782608695,68.11594202898551,23.18840579710145,1.4492753623188406,1.4492753623188406,1.4492753623188406,0.7246376811594203,0.7246376811594203,5.797101449275362,5.072463768115942,0.7246376811594203,0
W00008092,142,130,100,30,0,0,2,0,2,10,9,1,0,91.54929577464789,70.4225352112676,21.12676056338028,0,0,1.4084507042253522,0,1.4084507042253522,7.042253521126761,6.338028169014084,0.7042253521126761,0
W00008093,84,78,53,25,0,0,1,1,0,5,4,1,0,92.85714285714286,63.095238095238095,29.761904761904763,0,0,1.1904761904761905,1.1904761904761905,0,5.952380952380952,4.761904761904762,1.1904761904761905,0
W00008094,127,119,80,39,1,1,0,0,0,7,6,1,0,93.7007874015748,62.99212598425197,30.708661417322837,0.7874015748031495,0.7874015748031495,0,0,0,5.511811023622047,4.724409448818897,0.7874015748031495,0
W00008096,182,138,103,35,0,0,4,1,3,40,32,8,0,75.82417582417582,56.59340659340659,19.230769230769234,0,0,2.197802197802198,0.5494505494505495,1.6483516483516485,21.978021978021978,17.582417582417584,4.395604395604396,0
W00008097,149,54,44,10,0,0,43,5,38,50,40,10,2,36.241610738255034,29.53020134228188,6.7114093959731544,0,0,28.859060402684566,3.3557046979865772,25.503355704697988,33.557046979865774,26.845637583892618,6.7114093959731544,1.342281879194631
W00008099,136,120,87,33,0,0,2,0,2,14,10,4,0,88.23529411764706,63.970588235294116,24.264705882352942,0,0,1.4705882352941175,0,1.4705882352941175,10.294117647058822,7.352941176470589,2.941176470588235,0
W00008100,138,84,46,38,0,0,37,12,25,16,13,3,1,60.86956521739131,33.33333333333333,27.536231884057973,0,0,26.811594202898554,8.695652173913043,18.115942028985508,11.594202898550725,9.420289855072465,2.1739130434782608,0.7246376811594203
W00008101,142,67,53,14,0,0,10,2,8,65,56,9,0,47.183098591549296,37.32394366197183,9.859154929577464,0,0,7.042253521126761,1.4084507042253522,5.633802816901409,45.774647887323944,39.436619718309856,6.338028169014084,0
W00008102,161,106,78,28,1,1,31,7,24,23,19,4,0,65.83850931677019,48.4472049689441,17.391304347826086,0.6211180124223602,0.6211180124223602,19.25465838509317,4.3478260869565215,14.906832298136646,14.285714285714285,11.801242236024844,2.484472049689441,0
W00008103,136,121,85,36,0,0,1,0,1,14,10,4,0,88.97058823529412,62.5,26.47058823529412,0,0,0.7352941176470588,0,0.7352941176470588,10.294117647058822,7.352941176470589,2.941176470588235,0
W00008104,151,78,62,16,2,2,3,0,3,68,61,7,0,51.65562913907284,41.05960264900662,10.596026490066226,1.3245033112582782,1.3245033112582782,1.9867549668874174,0,1.9867549668874174,45.033112582781456,40.397350993377486,4.635761589403973,0
W00008105,162,115,66,49,1,1,22,7,15,24,21,3,0,70.98765432098766,40.74074074074074,30.246913580246915,0.6172839506172839,0.6172839506172839,13.580246913580247,4.320987654320987,9.25925925925926,14.814814814814813,12.962962962962962,1.8518518518518516,0
W00008106,140,123,88,35,2,2,1,0,1,14,12,2,0,87.85714285714286,62.857142857142854,25,1.4285714285714286,1.4285714285714286,0.7142857142857143,0,0.7142857142857143,10,8.571428571428571,1.4285714285714286,0
W00008107,112,99,67,32,0,0,2,0,2,11,8,3,0,88.39285714285714,59.82142857142857,28.57142857142857,0,0,1.7857142857142856,0,1.7857142857142856,9.821428571428571,7.142857142857142,2.6785714285714284,0
W00008108,122,84,47,37,1,1,28,7,21,9,7,2,0,68.85245901639344,38.52459016393443,30.327868852459016,0.819672131147541,0.819672131147541,22.950819672131146,5.737704918032787,17.21311475409836,7.377049180327869,5.737704918032787,1.639344262295082,0
W00008109,124,90,60,30,0,0,1,1,0,33,29,4,0,72.58064516129032,48.38709677419355,24.193548387096776,0,0,0.8064516129032258,0.8064516129032258,0,26.61290322580645,23.387096774193548,3.225806451612903,0
W00008110,117,106,76,30,1,1,1,0,1,9,6,3,0,90.5982905982906,64.95726495726495,25.64102564102564,0.8547008547008548,0.8547008547008548,0.8547008547008548,0,0.8547008547008548,7.6923076923076925,5.128205128205128,2.564102564102564,0
W00008111,121,114,66,48,0,0,2,0,2,5,4,1,0,94.21487603305785,54.54545454545454,39.66942148760331,0,0,1.6528925619834711,0,1.6528925619834711,4.132231404958678,3.3057851239669422,0.8264462809917356,0
W00008112,199,141,75,66,3,3,49,11,38,6,6,0,0,70.85427135678391,37.68844221105528,33.165829145728644,1.507537688442211,1.507537688442211,24.623115577889447,5.527638190954774,19.09547738693467,3.015075376884422,3.015075376884422,0,0
W00008113,118,63,31,32,0,0,44,24,20,10,9,1,1,53.38983050847458,26.27118644067797,27.11864406779661,0,0,37.28813559322034,20.33898305084746,16.94915254237288,8.47457627118644,7.627118644067797,0.847457627118644,0.847457627118644
W00008114,101,70,29,41,0,0,24,14,10,7,5,2,0,69.3069306930693,28.71287128712871,40.5940594059406,0,0,23.762376237623762,13.861386138613863,9.900990099009901,6.9306930693069315,4.9504950495049505,1.9801980198019802,0
W00008115,120,73,36,37,0,0,35,16,19,12,9,3,0,60.83333333333333,30,30.833333333333336,0,0,29.166666666666668,13.333333333333334,15.833333333333332,10,7.5,2.5,0
W00008116,125,67,40,27,0,0,33,8,25,25,9,16,0,53.6,32,21.6,0,0,26.400000000000002,6.4,20,20,7.199999999999999,12.8,0
W00008117,124,68,42,26,0,0,30,11,19,26,24,2,0,54.83870967741935,33.87096774193548,20.967741935483872,0,0,24.193548387096776,8.870967741935484,15.32258064516129,20.967741935483872,19.35483870967742,1.6129032258064515,0
W00008118,130,79,52,27,0,0,16,5,11,35,31,4,0,60.76923076923077,40,20.76923076923077,0,0,12.307692307692308,3.8461538461538463,8.461538461538462,26.923076923076923,23.846153846153847,3.076923076923077,0
W00008119,176,24,20,4,1,1,66,14,52,85,72,13,0,13.636363636363635,11.363636363636363,2.272727272727273,0.5681818181818182,0.5681818181818182,37.5,7.954545454545454,29.545454545454547,48.29545454545455,40.909090909090914,7.386363636363637,0
W00008120,124,84,53,31,0,0,11,1,10,29,25,4,0,67.74193548387096,42.74193548387097,25,0,0,8.870967741935484,0.8064516129032258,8.064516129032258,23.387096774193548,20.161290322580644,3.225806451612903,0
W00008121,143,76,47,29,1,1,30,4,26,33,24,9,3,53.14685314685315,32.86713286713287,20.27972027972028,0.6993006993006993,0.6993006993006993,20.97902097902098,2.797202797202797,18.181818181818183,23.076923076923077,16.783216783216783,6.293706293706294,2.097902097902098
W00008122,121,84,50,34,0,0,5,0,5,32,27,5,0,69.42148760330579,41.32231404958678,28.09917355371901,0,0,4.132231404958678,0,4.132231404958678,26.446280991735538,22.31404958677686,4.132231404958678,0
W00008123,118,74,37,37,1,1,34,18,16,9,8,1,0,62.71186440677966,31.35593220338983,31.35593220338983,0.847457627118644,0.847457627118644,28.8135593220339,15.254237288135593,13.559322033898304,7.627118644067797,6.779661016949152,0.847457627118644,0
W00008124,130,61,35,26,2,2,56,23,33,11,10,1,0,46.92307692307692,26.923076923076923,20,1.5384615384615385,1.5384615384615385,43.07692307692308,17.692307692307693,25.384615384615383,8.461538461538462,7.6923076923076925,0.7692307692307693,0
W00008125,106,68,41,27,1,1,23,12,11,14,9,5,0,64.15094339622641,38.67924528301887,25.471698113207548,0.9433962264150944,0.9433962264150944,21.69811320754717,11.320754716981133,10.377358490566039,13.20754716981132,8.49056603773585,4.716981132075472,0
W00008126,132,63,45,18,0,0,58,17,41,11,7,4,0,47.72727272727273,34.090909090909086,13.636363636363635,0,0,43.93939393939394,12.878787878787879,31.060606060606062,8.333333333333332,5.303030303030303,3.0303030303030303,0
W00008127,135,42,29,13,0,0,74,28,46,18,13,5,1,31.11111111111111,21.48148148148148,9.62962962962963,0,0,54.81481481481482,20.74074074074074,34.074074074074076,13.333333333333334,9.62962962962963,3.7037037037037033,0.7407407407407408
W00008128,119,104,67,37,0,0,3,0,3,12,11,1,0,87.39495798319328,56.30252100840336,31.092436974789916,0,0,2.5210084033613445,0,2.5210084033613445,10.084033613445378,9.243697478991598,0.8403361344537815,0
W00008129,148,103,61,42,0,0,20,8,12,25,21,4,0,69.5945945945946,41.21621621621622,28.37837837837838,0,0,13.513513513513514,5.405405405405405,8.108108108108109,16.89189189189189,14.18918918918919,2.7027027027027026,0
W00008130,136,124,76,48,1,1,3,0,3,8,6,2,0,91.17647058823529,55.88235294117647,35.294117647058826,0.7352941176470588,0.7352941176470588,2.2058823529411766,0,2.2058823529411766,5.88235294117647,4.411764705882353,1.4705882352941175,0
W00008131,136,131,103,28,0,0,1,0,1,4,2,2,0,96.32352941176471,75.73529411764706,20.588235294117645,0,0,0.7352941176470588,0,0.7352941176470588,2.941176470588235,1.4705882352941175,1.4705882352941175,0
W00008132,140,88,36,52,0,0,42,14,28,10,7,3,0,62.857142857142854,25.71428571428571,37.142857142857146,0,0,30,10,20,7.142857142857142,5,2.142857142857143,0
W00008133,203,160,105,55,0,0,6,3,3,37,30,7,0,78.81773399014779,51.724137931034484,27.093596059113302,0,0,2.955665024630542,1.477832512315271,1.477832512315271,18.226600985221676,14.77832512315271,3.4482758620689653,0
W00008134,182,163,101,62,1,1,0,0,0,18,9,9,0,89.56043956043956,55.494505494505496,34.065934065934066,0.5494505494505495,0.5494505494505495,0,0,0,9.89010989010989,4.945054945054945,4.945054945054945,0
W00008135,154,129,67,62,0,0,2,1,1,23,21,2,0,83.76623376623377,43.506493506493506,40.25974025974026,0,0,1.2987012987012987,0.6493506493506493,0.6493506493506493,14.935064935064934,13.636363636363635,1.2987012987012987,0
W00008136,99,87,45,42,0,0,0,0,0,12,10,2,0,87.87878787878788,45.45454545454545,42.42424242424242,0,0,0,0,0,12.121212121212121,10.1010101010101,2.0202020202020203,0
W00008137,164,138,83,55,0,0,1,0,1,25,19,6,0,84.14634146341463,50.609756097560975,33.53658536585366,0,0,0.6097560975609756,0,0.6097560975609756,15.24390243902439,11.585365853658537,3.6585365853658534,0
W00008138,134,88,42,46,0,0,35,14,21,11,9,2,0,65.67164179104478,31.343283582089555,34.32835820895522,0,0,26.119402985074625,10.44776119402985,15.671641791044777,8.208955223880597,6.7164179104477615,1.4925373134328357,0
W00008139,120,114,88,26,0,0,1,0,1,5,2,3,0,95,73.33333333333333,21.666666666666668,0,0,0.8333333333333334,0,0.8333333333333334,4.166666666666666,1.6666666666666667,2.5,0
W00008140,128,120,85,35,0,0,0,0,0,8,5,3,0,93.75,66.40625,27.34375,0,0,0,0,0,6.25,3.90625,2.34375,0
W00008141,143,131,97,34,0,0,3,2,1,9,6,3,0,91.6083916083916,67.83216783216784,23.776223776223777,0,0,2.097902097902098,1.3986013986013985,0.6993006993006993,6.293706293706294,4.195804195804196,2.097902097902098,0
W00008142,202,189,121,68,1,1,1,0,1,11,9,2,0,93.56435643564357,59.900990099009896,33.663366336633665,0.49504950495049505,0.49504950495049505,0.49504950495049505,0,0.49504950495049505,5.445544554455446,4.455445544554455,0.9900990099009901,0
W00008143,123,118,87,31,0,0,2,1,1,3,2,1,0,95.9349593495935,70.73170731707317,25.203252032520325,0,0,1.6260162601626018,0.8130081300813009,0.8130081300813009,2.4390243902439024,1.6260162601626018,0.8130081300813009,0
W00008144,135,109,59,50,0,0,14,2,12,12,10,2,0,80.74074074074075,43.7037037037037,37.03703703703704,0,0,10.37037037037037,1.4814814814814816,8.88888888888889,8.88888888888889,7.4074074074074066,1.4814814814814816,0
W00008145,126,70,26,44,0,0,40,8,32,16,12,4,0,55.55555555555556,20.634920634920633,34.92063492063492,0,0,31.746031746031743,6.349206349206349,25.396825396825395,12.698412698412698,9.523809523809524,3.1746031746031744,0
W00008146,128,50,32,18,1,1,61,17,44,16,16,0,0,39.0625,25,14.0625,0.78125,0.78125,47.65625,13.28125,34.375,12.5,12.5,0,0
W00008147,139,96,44,52,1,1,29,7,22,13,10,3,0,69.06474820143885,31.654676258992804,37.410071942446045,0.7194244604316548,0.7194244604316548,20.863309352517987,5.0359712230215825,15.827338129496402,9.352517985611511,7.1942446043165464,2.158273381294964,0
W00008148,161,145,77,68,0,0,0,0,0,16,12,4,0,90.06211180124224,47.82608695652174,42.2360248447205,0,0,0,0,0,9.937888198757763,7.453416149068323,2.484472049689441,0
W00008149,106,42,24,18,0,0,53,22,31,11,10,1,0,39.62264150943396,22.641509433962266,16.9811320754717,0,0,50,20.754716981132077,29.245283018867923,10.377358490566039,9.433962264150944,0.9433962264150944,0
W00008150,194,169,112,57,0,0,9,5,4,16,14,2,0,87.11340206185567,57.73195876288659,29.381443298969074,0,0,4.639175257731959,2.5773195876288657,2.0618556701030926,8.24742268041237,7.216494845360824,1.0309278350515463,0
W00008151,106,69,49,20,0,0,2,0,2,35,26,9,0,65.09433962264151,46.22641509433962,18.867924528301888,0,0,1.8867924528301887,0,1.8867924528301887,33.0188679245283,24.528301886792452,8.49056603773585,0
W00008152,114,111,78,33,0,0,1,1,0,2,2,0,0,97.36842105263158,68.42105263157895,28.947368421052634,0,0,0.8771929824561403,0.8771929824561403,0,1.7543859649122806,1.7543859649122806,0,0
W00008153,64,54,40,14,1,1,2,0,2,7,5,2,0,84.375,62.5,21.875,1.5625,1.5625,3.125,0,3.125,10.9375,7.8125,3.125,0
W00008154,109,94,66,28,0,0,1,1,0,14,10,4,0,86.23853211009175,60.550458715596335,25.688073394495415,0,0,0.9174311926605505,0.9174311926605505,0,12.844036697247708,9.174311926605505,3.669724770642202,0
W00008157,197,164,105,59,1,1,1,0,1,31,25,6,0,83.24873096446701,53.299492385786806,29.949238578680205,0.5076142131979695,0.5076142131979695,0.5076142131979695,0,0.5076142131979695,15.736040609137056,12.690355329949238,3.0456852791878175,0
W00008159,181,159,101,58,1,1,1,0,1,20,14,6,0,87.84530386740332,55.80110497237569,32.04419889502763,0.5524861878453038,0.5524861878453038,0.5524861878453038,0,0.5524861878453038,11.049723756906078,7.734806629834254,3.314917127071823,0
W00008160,183,138,93,45,1,1,11,1,10,33,28,5,0,75.40983606557377,50.81967213114754,24.59016393442623,0.546448087431694,0.546448087431694,6.0109289617486334,0.546448087431694,5.46448087431694,18.0327868852459,15.300546448087433,2.73224043715847,0
W00008161,106,25,19,6,0,0,5,0,5,76,72,4,0,23.58490566037736,17.92452830188679,5.660377358490567,0,0,4.716981132075472,0,4.716981132075472,71.69811320754717,67.9245283018868,3.7735849056603774,0
W00008162,112,80,46,34,0,0,0,0,0,32,29,3,0,71.42857142857143,41.07142857142857,30.357142857142854,0,0,0,0,0,28.57142857142857,25.892857142857146,2.6785714285714284,0
W00008163,110,69,49,20,0,0,14,3,11,27,21,6,0,62.727272727272734,44.54545454545455,18.181818181818183,0,0,12.727272727272727,2.727272727272727,10,24.545454545454547,19.090909090909093,5.454545454545454,0
W00008164,137,56,40,16,0,0,8,1,7,73,68,5,0,40.87591240875913,29.1970802919708,11.678832116788321,0,0,5.839416058394161,0.7299270072992701,5.109489051094891,53.284671532846716,49.63503649635037,3.64963503649635,0
W00008165,155,127,87,40,0,0,1,0,1,27,19,8,0,81.93548387096774,56.12903225806451,25.806451612903224,0,0,0.6451612903225806,0,0.6451612903225806,17.419354838709676,12.258064516129032,5.161290322580645,0
W00008166,155,80,48,32,0,0,32,6,26,42,37,5,1,51.61290322580645,30.967741935483872,20.64516129032258,0,0,20.64516129032258,3.870967741935484,16.7741935483871,27.09677419354839,23.870967741935484,3.225806451612903,0.6451612903225806
W00008167,145,116,83,33,0,0,6,0,6,22,14,8,1,80,57.24137931034483,22.758620689655174,0,0,4.137931034482759,0,4.137931034482759,15.172413793103448,9.655172413793103,5.517241379310345,0.6896551724137931
W00008168,148,109,74,35,0,0,7,2,5,32,24,8,0,73.64864864864865,50,23.64864864864865,0,0,4.72972972972973,1.3513513513513513,3.3783783783783785,21.62162162162162,16.216216216216218,5.405405405405405,0
W00008169,149,131,85,46,0,0,3,2,1,15,10,5,0,87.91946308724832,57.04697986577181,30.87248322147651,0,0,2.013422818791946,1.342281879194631,0.6711409395973155,10.06711409395973,6.7114093959731544,3.3557046979865772,0
W00008170,138,105,70,35,0,0,9,2,7,24,19,5,0,76.08695652173914,50.72463768115942,25.36231884057971,0,0,6.521739130434782,1.4492753623188406,5.072463768115942,17.391304347826086,13.768115942028986,3.6231884057971016,0
W00008171,148,130,80,50,0,0,7,1,6,11,6,5,0,87.83783783783784,54.054054054054056,33.78378378378378,0,0,4.72972972972973,0.6756756756756757,4.054054054054054,7.4324324324324325,4.054054054054054,3.3783783783783785,0
W00008172,149,111,69,42,0,0,1,1,0,37,28,9,0,74.49664429530202,46.308724832214764,28.187919463087248,0,0,0.6711409395973155,0.6711409395973155,0,24.832214765100673,18.79194630872483,6.0402684563758395,0
W00008173,133,115,80,35,0,0,5,4,1,13,8,5,0,86.46616541353383,60.150375939849624,26.31578947368421,0,0,3.7593984962406015,3.007518796992481,0.7518796992481203,9.774436090225564,6.015037593984962,3.7593984962406015,0
W00008174,116,100,69,31,1,1,5,2,3,10,8,2,0,86.20689655172413,59.48275862068966,26.72413793103448,0.8620689655172413,0.8620689655172413,4.310344827586207,1.7241379310344827,2.586206896551724,8.620689655172415,6.896551724137931,1.7241379310344827,0
W00008175,115,53,34,19,0,0,57,25,32,5,3,2,0,46.08695652173913,29.565217391304348,16.52173913043478,0,0,49.56521739130435,21.73913043478261,27.82608695652174,4.3478260869565215,2.608695652173913,1.7391304347826086,0
W00008176,104,93,67,26,0,0,4,2,2,7,6,1,0,89.42307692307693,64.42307692307693,25,0,0,3.8461538461538463,1.9230769230769231,1.9230769230769231,6.730769230769231,5.769230769230769,0.9615384615384616,0
W00008177,134,108,80,28,1,1,2,1,1,23,17,6,0,80.59701492537313,59.70149253731343,20.8955223880597,0.7462686567164178,0.7462686567164178,1.4925373134328357,0.7462686567164178,0.7462686567164178,17.16417910447761,12.686567164179104,4.477611940298507,0
W00008178,198,158,97,61,1,1,14,0,14,25,20,5,0,79.7979797979798,48.98989898989899,30.808080808080806,0.5050505050505051,0.5050505050505051,7.07070707070707,0,7.07070707070707,12.626262626262626,10.1010101010101,2.525252525252525,0
W00008179,111,88,59,29,0,0,6,4,2,17,10,7,0,79.27927927927928,53.153153153153156,26.126126126126124,0,0,5.405405405405405,3.6036036036036037,1.8018018018018018,15.315315315315313,9.00900900900901,6.306306306306306,0
W00008180,230,137,67,70,0,0,73,16,57,20,18,2,0,59.56521739130435,29.130434782608695,30.434782608695656,0,0,31.73913043478261,6.956521739130435,24.782608695652176,8.695652173913043,7.82608695652174,0.8695652173913043,0
W00008181,136,109,84,25,1,1,6,2,4,20,16,4,0,80.14705882352942,61.76470588235294,18.38235294117647,0.7352941176470588,0.7352941176470588,4.411764705882353,1.4705882352941175,2.941176470588235,14.705882352941178,11.76470588235294,2.941176470588235,0
W00008182,196,170,94,76,0,0,14,1,13,12,10,2,0,86.73469387755102,47.95918367346938,38.775510204081634,0,0,7.142857142857142,0.5102040816326531,6.63265306122449,6.122448979591836,5.1020408163265305,1.0204081632653061,0
W00008183,145,74,35,39,0,0,56,20,36,14,11,3,1,51.03448275862069,24.137931034482758,26.89655172413793,0,0,38.62068965517241,13.793103448275861,24.82758620689655,9.655172413793103,7.586206896551724,2.0689655172413794,0.6896551724137931
W00008184,129,55,32,23,0,0,55,20,35,19,17,2,0,42.63565891472868,24.8062015503876,17.829457364341085,0,0,42.63565891472868,15.503875968992247,27.131782945736433,14.728682170542637,13.178294573643413,1.550387596899225,0
W00008185,115,96,53,43,0,0,16,3,13,3,3,0,0,83.47826086956522,46.08695652173913,37.391304347826086,0,0,13.91304347826087,2.608695652173913,11.304347826086957,2.608695652173913,2.608695652173913,0,0
W00008186,120,92,49,43,0,0,22,0,22,6,4,2,0,76.66666666666667,40.833333333333336,35.833333333333336,0,0,18.333333333333332,0,18.333333333333332,5,3.3333333333333335,1.6666666666666667,0
W00008187,127,111,57,54,0,0,1,0,1,15,13,2,0,87.4015748031496,44.881889763779526,42.51968503937008,0,0,0.7874015748031495,0,0.7874015748031495,11.811023622047244,10.236220472440944,1.574803149606299,0
W00008188,91,76,44,32,0,0,1,0,1,14,12,2,0,83.51648351648352,48.35164835164835,35.16483516483517,0,0,1.098901098901099,0,1.098901098901099,15.384615384615385,13.186813186813188,2.197802197802198,0
W00008189,111,85,45,40,1,1,0,0,0,25,24,1,0,76.57657657657657,40.54054054054054,36.03603603603604,0.9009009009009009,0.9009009009009009,0,0,0,22.52252252252252,21.62162162162162,0.9009009009009009,0
W00008190,208,155,67,88,2,2,12,4,8,39,36,3,0,74.51923076923077,32.21153846153847,42.30769230769231,0.9615384615384616,0.9615384615384616,5.769230769230769,1.9230769230769231,3.8461538461538463,18.75,17.307692307692307,1.4423076923076923,0
W00008191,127,118,81,37,0,0,2,1,1,7,4,3,0,92.91338582677166,63.77952755905512,29.133858267716533,0,0,1.574803149606299,0.7874015748031495,0.7874015748031495,5.511811023622047,3.149606299212598,2.3622047244094486,0
W00008192,130,122,80,42,1,1,0,0,0,7,3,4,0,93.84615384615384,61.53846153846154,32.30769230769231,0.7692307692307693,0.7692307692307693,0,0,0,5.384615384615385,2.307692307692308,3.076923076923077,0
W00008193,119,90,38,52,1,1,5,3,2,23,20,3,0,75.63025210084034,31.932773109243694,43.69747899159664,0.8403361344537815,0.8403361344537815,4.201680672268908,2.5210084033613445,1.680672268907563,19.327731092436977,16.80672268907563,2.5210084033613445,0
W00008194,109,101,44,57,2,2,0,0,0,6,6,0,0,92.66055045871559,40.36697247706422,52.293577981651374,1.834862385321101,1.834862385321101,0,0,0,5.5045871559633035,5.5045871559633035,0,0
W00008195,118,30,17,13,0,0,69,17,52,19,15,4,0,25.423728813559322,14.40677966101695,11.016949152542372,0,0,58.47457627118644,14.40677966101695,44.06779661016949,16.101694915254235,12.711864406779661,3.389830508474576,0
W00008196,139,130,68,62,0,0,1,1,0,8,7,1,0,93.5251798561151,48.92086330935252,44.60431654676259,0,0,0.7194244604316548,0.7194244604316548,0,5.755395683453238,5.0359712230215825,0.7194244604316548,0
W00008197,124,109,72,37,0,0,8,1,7,7,4,3,0,87.90322580645162,58.06451612903226,29.838709677419356,0,0,6.451612903225806,0.8064516129032258,5.64516129032258,5.64516129032258,3.225806451612903,2.4193548387096775,0
W00008198,110,80,40,40,3,3,7,2,5,20,20,0,0,72.72727272727273,36.36363636363637,36.36363636363637,2.727272727272727,2.727272727272727,6.363636363636363,1.8181818181818181,4.545454545454546,18.181818181818183,18.181818181818183,0,0
W00008199,132,92,39,53,0,0,8,1,7,32,31,1,0,69.6969696969697,29.545454545454547,40.15151515151515,0,0,6.0606060606060606,0.7575757575757576,5.303030303030303,24.242424242424242,23.484848484848484,0.7575757575757576,0
W00008200,123,93,62,31,0,0,20,4,16,10,7,3,0,75.60975609756098,50.40650406504065,25.203252032520325,0,0,16.260162601626014,3.2520325203252036,13.008130081300814,8.130081300813007,5.691056910569105,2.4390243902439024,0
W00008201,140,122,84,38,0,0,3,0,3,15,9,6,0,87.14285714285714,60,27.142857142857142,0,0,2.142857142857143,0,2.142857142857143,10.714285714285714,6.428571428571428,4.285714285714286,0
W00008202,131,92,62,30,0,0,0,0,0,39,32,7,0,70.22900763358778,47.32824427480916,22.900763358778626,0,0,0,0,0,29.770992366412212,24.427480916030532,5.343511450381679,0
W00008203,118,92,66,26,0,0,12,2,10,14,11,3,0,77.96610169491525,55.932203389830505,22.033898305084744,0,0,10.16949152542373,1.694915254237288,8.47457627118644,11.864406779661017,9.322033898305085,2.5423728813559325,0
W00008204,129,77,51,26,1,1,16,2,14,35,32,3,0,59.68992248062015,39.53488372093023,20.155038759689923,0.7751937984496124,0.7751937984496124,12.4031007751938,1.550387596899225,10.852713178294573,27.131782945736433,24.8062015503876,2.3255813953488373,0
W00008205,99,49,44,5,0,0,38,9,29,12,11,1,0,49.494949494949495,44.44444444444444,5.05050505050505,0,0,38.38383838383838,9.090909090909092,29.292929292929294,12.121212121212121,11.11111111111111,1.0101010101010102,0
W00008206,147,70,51,19,3,3,44,3,41,30,23,7,0,47.61904761904761,34.69387755102041,12.925170068027212,2.0408163265306123,2.0408163265306123,29.931972789115648,2.0408163265306123,27.89115646258503,20.408163265306122,15.646258503401361,4.761904761904762,0
W00008207,128,111,71,40,0,0,0,0,0,17,16,1,0,86.71875,55.46875,31.25,0,0,0,0,0,13.28125,12.5,0.78125,0
W00008208,129,75,45,30,0,0,21,2,19,33,31,2,0,58.139534883720934,34.883720930232556,23.25581395348837,0,0,16.27906976744186,1.550387596899225,14.728682170542637,25.581395348837212,24.031007751937985,1.550387596899225,0
W00008209,130,13,6,7,0,0,109,24,85,8,8,0,0,10,4.615384615384616,5.384615384615385,0,0,83.84615384615385,18.461538461538463,65.38461538461539,6.153846153846154,6.153846153846154,0,0
W00008210,113,50,27,23,0,0,28,7,21,35,29,6,0,44.24778761061947,23.893805309734514,20.353982300884958,0,0,24.778761061946902,6.1946902654867255,18.58407079646018,30.973451327433626,25.663716814159294,5.3097345132743365,0
W00008211,100,47,30,17,0,0,38,9,29,15,12,3,0,47,30,17,0,0,38,9,28.999999999999996,15,12,3,0
W00008212,148,78,56,22,0,0,56,12,44,14,13,1,0,52.702702702702695,37.83783783783784,14.864864864864865,0,0,37.83783783783784,8.108108108108109,29.72972972972973,9.45945945945946,8.783783783783784,0.6756756756756757,0
W00008213,134,112,70,42,0,0,1,1,0,21,14,7,0,83.5820895522388,52.23880597014925,31.343283582089555,0,0,0.7462686567164178,0.7462686567164178,0,15.671641791044777,10.44776119402985,5.223880597014925,0
W00008214,180,146,73,73,2,2,8,1,7,24,19,5,0,81.11111111111111,40.55555555555556,40.55555555555556,1.1111111111111112,1.1111111111111112,4.444444444444445,0.5555555555555556,3.888888888888889,13.333333333333334,10.555555555555555,2.7777777777777777,0
W00008215,131,125,80,45,0,0,0,0,0,6,5,1,0,95.41984732824427,61.06870229007634,34.35114503816794,0,0,0,0,0,4.580152671755725,3.816793893129771,0.7633587786259541,0
W00008216,165,147,79,68,0,0,6,0,6,12,10,2,0,89.0909090909091,47.878787878787875,41.21212121212121,0,0,3.6363636363636362,0,3.6363636363636362,7.2727272727272725,6.0606060606060606,1.2121212121212122,0
W00008217,111,55,29,26,0,0,50,17,33,6,6,0,0,49.549549549549546,26.126126126126124,23.423423423423422,0,0,45.04504504504504,15.315315315315313,29.72972972972973,5.405405405405405,5.405405405405405,0,0
W00008219,104,77,56,21,1,1,11,9,2,15,13,2,0,74.03846153846155,53.84615384615385,20.192307692307693,0.9615384615384616,0.9615384615384616,10.576923076923077,8.653846153846153,1.9230769230769231,14.423076923076922,12.5,1.9230769230769231,0
W00008220,132,94,73,21,0,0,5,2,3,33,28,5,0,71.21212121212122,55.3030303030303,15.909090909090908,0,0,3.787878787878788,1.5151515151515151,2.272727272727273,25,21.21212121212121,3.787878787878788,0
W00008222,238,195,126,69,0,0,20,2,18,23,17,6,0,81.9327731092437,52.94117647058824,28.991596638655466,0,0,8.403361344537815,0.8403361344537815,7.563025210084033,9.663865546218489,7.142857142857142,2.5210084033613445,0
W00008223,211,91,72,19,0,0,14,3,11,106,96,10,0,43.127962085308056,34.12322274881517,9.004739336492891,0,0,6.6350710900473935,1.4218009478672986,5.213270142180095,50.23696682464455,45.497630331753555,4.739336492890995,0
W00008224,132,124,87,37,0,0,1,0,1,7,7,0,0,93.93939393939394,65.9090909090909,28.030303030303028,0,0,0.7575757575757576,0,0.7575757575757576,5.303030303030303,5.303030303030303,0,0
W00008225,135,97,72,25,1,1,25,5,20,12,11,1,0,71.85185185185186,53.333333333333336,18.51851851851852,0.7407407407407408,0.7407407407407408,18.51851851851852,3.7037037037037033,14.814814814814813,8.88888888888889,8.148148148148149,0.7407407407407408,0
W00008226,167,111,80,31,0,0,33,4,29,23,20,3,0,66.46706586826348,47.90419161676647,18.562874251497004,0,0,19.760479041916167,2.3952095808383236,17.365269461077844,13.77245508982036,11.976047904191617,1.7964071856287425,0
W00008227,100,57,30,27,0,0,29,6,23,14,11,3,0,56.99999999999999,30,27,0,0,28.999999999999996,6,23,14.000000000000002,11,3,0
W00008228,126,103,64,39,0,0,10,1,9,13,10,3,0,81.74603174603175,50.79365079365079,30.952380952380953,0,0,7.936507936507936,0.7936507936507936,7.142857142857142,10.317460317460316,7.936507936507936,2.380952380952381,0
W00008229,138,95,62,33,0,0,29,13,16,14,9,5,0,68.84057971014492,44.927536231884055,23.91304347826087,0,0,21.014492753623188,9.420289855072465,11.594202898550725,10.144927536231885,6.521739130434782,3.6231884057971016,0
W00008230,131,73,55,18,1,1,44,10,34,13,11,2,0,55.72519083969466,41.98473282442748,13.740458015267176,0.7633587786259541,0.7633587786259541,33.587786259541986,7.633587786259542,25.954198473282442,9.923664122137405,8.396946564885496,1.5267175572519083,0
W00008231,140,79,46,33,2,2,47,12,35,12,11,1,0,56.42857142857143,32.857142857142854,23.57142857142857,1.4285714285714286,1.4285714285714286,33.57142857142857,8.571428571428571,25,8.571428571428571,7.857142857142857,0.7142857142857143,0
W00008232,162,133,86,47,3,3,4,2,2,22,19,3,0,82.09876543209876,53.086419753086425,29.01234567901235,1.8518518518518516,1.8518518518518516,2.4691358024691357,1.2345679012345678,1.2345679012345678,13.580246913580247,11.728395061728394,1.8518518518518516,0
W00008233,134,102,81,21,0,0,6,3,3,26,23,3,0,76.11940298507463,60.447761194029844,15.671641791044777,0,0,4.477611940298507,2.2388059701492535,2.2388059701492535,19.402985074626866,17.16417910447761,2.2388059701492535,0
W00008234,153,130,93,37,0,0,3,3,0,20,18,2,0,84.9673202614379,60.78431372549019,24.183006535947712,0,0,1.9607843137254901,1.9607843137254901,0,13.071895424836603,11.76470588235294,1.3071895424836601,0
W00008235,143,131,97,34,0,0,0,0,0,12,10,2,0,91.6083916083916,67.83216783216784,23.776223776223777,0,0,0,0,0,8.391608391608392,6.993006993006993,1.3986013986013985,0
W00008236,162,58,28,30,0,0,83,15,68,21,18,3,0,35.80246913580247,17.28395061728395,18.51851851851852,0,0,51.23456790123457,9.25925925925926,41.9753086419753,12.962962962962962,11.11111111111111,1.8518518518518516,0
W00008237,125,120,41,79,0,0,0,0,0,5,4,1,0,96,32.800000000000004,63.2,0,0,0,0,0,4,3.2,0.8,0
W00008238,145,109,61,48,1,1,26,7,19,9,8,1,0,75.17241379310344,42.06896551724138,33.10344827586207,0.6896551724137931,0.6896551724137931,17.93103448275862,4.827586206896552,13.10344827586207,6.206896551724138,5.517241379310345,0.6896551724137931,0
W00008239,172,138,46,92,1,1,16,4,12,17,16,1,0,80.23255813953489,26.744186046511626,53.48837209302325,0.5813953488372093,0.5813953488372093,9.30232558139535,2.3255813953488373,6.976744186046512,9.883720930232558,9.30232558139535,0.5813953488372093,0
W00008240,139,99,44,55,0,0,27,11,16,13,11,2,0,71.22302158273382,31.654676258992804,39.568345323741006,0,0,19.424460431654676,7.913669064748201,11.510791366906476,9.352517985611511,7.913669064748201,1.4388489208633095,0
W00008241,152,119,73,46,0,0,17,3,14,16,14,2,0,78.28947368421053,48.026315789473685,30.263157894736842,0,0,11.18421052631579,1.9736842105263157,9.210526315789473,10.526315789473683,9.210526315789473,1.3157894736842104,0
W00008242,166,135,83,52,0,0,2,0,2,29,22,7,0,81.32530120481928,50,31.32530120481928,0,0,1.2048192771084338,0,1.2048192771084338,17.46987951807229,13.253012048192772,4.216867469879518,0
W00008243,154,126,77,49,0,0,13,3,10,15,15,0,0,81.81818181818183,50,31.818181818181817,0,0,8.441558441558442,1.948051948051948,6.493506493506493,9.740259740259742,9.740259740259742,0,0
W00008244,85,75,41,34,0,0,4,0,4,6,6,0,0,88.23529411764706,48.23529411764706,40,0,0,4.705882352941177,0,4.705882352941177,7.0588235294117645,7.0588235294117645,0,0
W00008245,108,84,43,41,0,0,7,3,4,17,15,2,0,77.77777777777779,39.81481481481482,37.96296296296296,0,0,6.481481481481481,2.7777777777777777,3.7037037037037033,15.74074074074074,13.88888888888889,1.8518518518518516,0
W00008246,133,113,57,56,1,1,2,1,1,17,12,5,0,84.9624060150376,42.857142857142854,42.10526315789473,0.7518796992481203,0.7518796992481203,1.5037593984962405,0.7518796992481203,0.7518796992481203,12.781954887218044,9.022556390977442,3.7593984962406015,0
W00008247,122,85,42,43,0,0,11,3,8,26,21,5,0,69.67213114754098,34.42622950819672,35.24590163934426,0,0,9.01639344262295,2.459016393442623,6.557377049180328,21.311475409836063,17.21311475409836,4.098360655737705,0
W00008248,125,98,58,40,0,0,6,1,5,21,19,2,0,78.4,46.400000000000006,32,0,0,4.8,0.8,4,16.8,15.2,1.6,0
W00008249,129,67,32,35,1,1,30,14,16,31,28,3,0,51.93798449612403,24.8062015503876,27.131782945736433,0.7751937984496124,0.7751937984496124,23.25581395348837,10.852713178294573,12.4031007751938,24.031007751937985,21.705426356589147,2.3255813953488373,0
W00008250,133,85,44,41,0,0,5,1,4,43,40,3,0,63.90977443609023,33.08270676691729,30.82706766917293,0,0,3.7593984962406015,0.7518796992481203,3.007518796992481,32.33082706766917,30.075187969924812,2.2556390977443606,0
W00008251,143,85,34,51,0,0,29,8,21,29,24,5,0,59.44055944055944,23.776223776223777,35.66433566433567,0,0,20.27972027972028,5.594405594405594,14.685314685314685,20.27972027972028,16.783216783216783,3.4965034965034967,0
W00008252,144,110,63,47,3,3,5,0,5,26,22,4,0,76.38888888888889,43.75,32.63888888888889,2.083333333333333,2.083333333333333,3.4722222222222223,0,3.4722222222222223,18.055555555555554,15.277777777777779,2.7777777777777777,0
W00008253,140,131,96,35,0,0,4,1,3,5,4,1,0,93.57142857142857,68.57142857142857,25,0,0,2.857142857142857,0.7142857142857143,2.142857142857143,3.571428571428571,2.857142857142857,0.7142857142857143,0
W00008254,132,113,51,62,0,0,4,2,2,15,14,1,0,85.60606060606061,38.63636363636363,46.96969696969697,0,0,3.0303030303030303,1.5151515151515151,1.5151515151515151,11.363636363636363,10.606060606060606,0.7575757575757576,0
W00008255,138,121,74,47,0,0,1,1,0,16,16,0,0,87.68115942028986,53.62318840579711,34.05797101449276,0,0,0.7246376811594203,0.7246376811594203,0,11.594202898550725,11.594202898550725,0,0
W00008256,117,101,51,50,0,0,3,0,3,13,13,0,0,86.32478632478633,43.58974358974359,42.73504273504273,0,0,2.564102564102564,0,2.564102564102564,11.11111111111111,11.11111111111111,0,0
W00008257,152,141,90,51,0,0,0,0,0,11,11,0,0,92.76315789473685,59.210526315789465,33.55263157894737,0,0,0,0,0,7.236842105263158,7.236842105263158,0,0
W00008258,129,118,69,49,0,0,5,1,4,6,6,0,0,91.47286821705426,53.48837209302325,37.98449612403101,0,0,3.875968992248062,0.7751937984496124,3.10077519379845,4.651162790697675,4.651162790697675,0,0
W00008260,149,90,57,33,0,0,10,4,6,48,42,6,1,60.40268456375839,38.25503355704698,22.14765100671141,0,0,6.7114093959731544,2.684563758389262,4.026845637583892,32.21476510067114,28.187919463087248,4.026845637583892,0.6711409395973155
W00008261,183,103,63,40,0,0,7,3,4,72,65,7,1,56.284153005464475,34.42622950819672,21.85792349726776,0,0,3.825136612021858,1.639344262295082,2.185792349726776,39.34426229508197,35.51912568306011,3.825136612021858,0.546448087431694
W00008262,141,54,25,29,2,2,6,2,4,79,79,0,0,38.297872340425535,17.73049645390071,20.56737588652482,1.4184397163120568,1.4184397163120568,4.25531914893617,1.4184397163120568,2.8368794326241136,56.02836879432624,56.02836879432624,0,0
W00008263,139,68,32,36,0,0,49,8,41,22,19,3,0,48.92086330935252,23.021582733812952,25.899280575539567,0,0,35.25179856115108,5.755395683453238,29.496402877697843,15.827338129496402,13.66906474820144,2.158273381294964,0
W00008264,129,87,39,48,0,0,26,0,26,16,12,4,0,67.44186046511628,30.23255813953488,37.2093023255814,0,0,20.155038759689923,0,20.155038759689923,12.4031007751938,9.30232558139535,3.10077519379845,0
W00008265,163,89,58,31,0,0,14,2,12,59,52,7,1,54.601226993865026,35.58282208588957,19.018404907975462,0,0,8.588957055214724,1.2269938650306749,7.361963190184049,36.19631901840491,31.901840490797547,4.294478527607362,0.6134969325153374
W00008266,148,24,14,10,0,0,78,21,57,46,42,4,0,16.216216216216218,9.45945945945946,6.756756756756757,0,0,52.702702702702695,14.18918918918919,38.513513513513516,31.08108108108108,28.37837837837838,2.7027027027027026,0
W00008267,133,101,81,20,0,0,5,1,4,27,21,6,0,75.93984962406014,60.902255639097746,15.037593984962406,0,0,3.7593984962406015,0.7518796992481203,3.007518796992481,20.30075187969925,15.789473684210526,4.511278195488721,0
W00008268,122,75,40,35,0,0,33,5,28,14,12,2,0,61.47540983606557,32.78688524590164,28.688524590163933,0,0,27.049180327868854,4.098360655737705,22.950819672131146,11.475409836065573,9.836065573770492,1.639344262295082,0
W00008269,129,70,36,34,0,0,44,10,34,15,15,0,0,54.263565891472865,27.906976744186046,26.356589147286826,0,0,34.10852713178294,7.751937984496124,26.356589147286826,11.627906976744185,11.627906976744185,0,0
W00008270,136,120,77,43,0,0,1,0,1,15,11,4,0,88.23529411764706,56.61764705882353,31.61764705882353,0,0,0.7352941176470588,0,0.7352941176470588,11.029411764705882,8.088235294117647,2.941176470588235,0
W00008271,111,100,70,30,0,0,4,0,4,7,7,0,0,90.09009009009009,63.06306306306306,27.027027027027028,0,0,3.6036036036036037,0,3.6036036036036037,6.306306306306306,6.306306306306306,0,0
W00008272,127,111,71,40,0,0,4,0,4,12,11,1,0,87.4015748031496,55.90551181102362,31.496062992125985,0,0,3.149606299212598,0,3.149606299212598,9.448818897637794,8.661417322834646,0.7874015748031495,0
W00008273,124,115,80,35,0,0,0,0,0,9,8,1,0,92.74193548387096,64.51612903225806,28.225806451612907,0,0,0,0,0,7.258064516129033,6.451612903225806,0.8064516129032258,0
W00008274,140,30,12,18,1,1,97,40,57,12,11,1,0,21.428571428571427,8.571428571428571,12.857142857142856,0.7142857142857143,0.7142857142857143,69.28571428571428,28.57142857142857,40.714285714285715,8.571428571428571,7.857142857142857,0.7142857142857143,0
W00008275,114,95,54,41,1,1,1,0,1,17,16,1,0,83.33333333333334,47.368421052631575,35.96491228070175,0.8771929824561403,0.8771929824561403,0.8771929824561403,0,0.8771929824561403,14.912280701754385,14.035087719298245,0.8771929824561403,0
W00008276,129,114,76,38,1,1,1,0,1,13,11,2,0,88.37209302325581,58.91472868217055,29.457364341085274,0.7751937984496124,0.7751937984496124,0.7751937984496124,0,0.7751937984496124,10.077519379844961,8.527131782945736,1.550387596899225,0
W00008277,133,118,81,37,0,0,5,0,5,10,6,4,0,88.7218045112782,60.902255639097746,27.819548872180448,0,0,3.7593984962406015,0,3.7593984962406015,7.518796992481203,4.511278195488721,3.007518796992481,0
W00008278,178,145,96,49,0,0,18,7,11,15,11,4,0,81.46067415730337,53.93258426966292,27.52808988764045,0,0,10.112359550561797,3.932584269662921,6.179775280898876,8.426966292134832,6.179775280898876,2.247191011235955,0
W00008279,132,114,67,47,0,0,1,0,1,17,13,4,0,86.36363636363636,50.75757575757576,35.60606060606061,0,0,0.7575757575757576,0,0.7575757575757576,12.878787878787879,9.848484848484848,3.0303030303030303,0
W00008280,108,94,52,42,0,0,6,6,0,8,5,3,0,87.03703703703704,48.148148148148145,38.88888888888889,0,0,5.555555555555555,5.555555555555555,0,7.4074074074074066,4.62962962962963,2.7777777777777777,0
W00008281,156,144,87,57,0,0,2,0,2,10,9,1,0,92.3076923076923,55.769230769230774,36.53846153846153,0,0,1.282051282051282,0,1.282051282051282,6.41025641025641,5.769230769230769,0.641025641025641,0
W00008282,127,115,75,40,0,0,8,2,6,4,4,0,0,90.5511811023622,59.055118110236215,31.496062992125985,0,0,6.299212598425196,1.574803149606299,4.724409448818897,3.149606299212598,3.149606299212598,0,0
W00008283,183,167,103,64,0,0,0,0,0,16,9,7,0,91.2568306010929,56.284153005464475,34.97267759562842,0,0,0,0,0,8.743169398907105,4.918032786885246,3.825136612021858,0
W00008284,161,151,78,73,1,1,0,0,0,9,7,2,0,93.7888198757764,48.4472049689441,45.3416149068323,0.6211180124223602,0.6211180124223602,0,0,0,5.590062111801243,4.3478260869565215,1.2422360248447204,0
W00008285,196,162,52,110,1,1,24,6,18,9,7,2,0,82.6530612244898,26.53061224489796,56.12244897959183,0.5102040816326531,0.5102040816326531,12.244897959183673,3.061224489795918,9.183673469387756,4.591836734693878,3.571428571428571,1.0204081632653061,0
W00008286,144,103,42,61,0,0,5,2,3,36,35,1,0,71.52777777777779,29.166666666666668,42.36111111111111,0,0,3.4722222222222223,1.3888888888888888,2.083333333333333,25,24.305555555555554,0.6944444444444444,0
W00008287,126,118,46,72,0,0,0,0,0,8,4,4,0,93.65079365079364,36.507936507936506,57.14285714285714,0,0,0,0,0,6.349206349206349,3.1746031746031744,3.1746031746031744,0
W00008288,125,57,29,28,0,0,54,21,33,13,13,0,1,45.6,23.200000000000003,22.400000000000002,0,0,43.2,16.8,26.400000000000002,10.4,10.4,0,0.8
W00008289,119,28,12,16,2,2,85,13,72,4,3,1,0,23.52941176470588,10.084033613445378,13.445378151260504,1.680672268907563,1.680672268907563,71.42857142857143,10.92436974789916,60.50420168067227,3.361344537815126,2.5210084033613445,0.8403361344537815,0
W00008290,127,28,15,13,0,0,92,38,54,6,6,0,1,22.04724409448819,11.811023622047244,10.236220472440944,0,0,72.44094488188976,29.92125984251969,42.51968503937008,4.724409448818897,4.724409448818897,0,0.7874015748031495
W00008291,125,97,38,59,0,0,4,1,3,24,21,3,0,77.60000000000001,30.4,47.199999999999996,0,0,3.2,0.8,2.4,19.2,16.8,2.4,0
W00008292,126,86,49,37,0,0,29,9,20,11,9,2,0,68.25396825396825,38.88888888888889,29.365079365079367,0,0,23.015873015873016,7.142857142857142,15.873015873015872,8.73015873015873,7.142857142857142,1.5873015873015872,0
W00008293,122,84,38,46,0,0,8,3,5,30,27,3,0,68.85245901639344,31.147540983606557,37.704918032786885,0,0,6.557377049180328,2.459016393442623,4.098360655737705,24.59016393442623,22.131147540983605,2.459016393442623,0
W00008294,122,95,50,45,1,1,9,1,8,17,13,4,0,77.8688524590164,40.98360655737705,36.885245901639344,0.819672131147541,0.819672131147541,7.377049180327869,0.819672131147541,6.557377049180328,13.934426229508196,10.655737704918032,3.278688524590164,0
W00008295,133,84,43,41,0,0,0,0,0,49,44,5,0,63.1578947368421,32.33082706766917,30.82706766917293,0,0,0,0,0,36.84210526315789,33.08270676691729,3.7593984962406015,0
W00008296,119,72,34,38,0,0,31,9,22,16,16,0,0,60.50420168067227,28.57142857142857,31.932773109243694,0,0,26.05042016806723,7.563025210084033,18.487394957983195,13.445378151260504,13.445378151260504,0,0
W00008297,131,36,11,25,0,0,64,11,53,31,30,1,0,27.480916030534353,8.396946564885496,19.083969465648856,0,0,48.854961832061065,8.396946564885496,40.458015267175576,23.66412213740458,22.900763358778626,0.7633587786259541,0
W00008298,190,57,14,43,0,0,82,7,75,51,44,7,0,30,7.368421052631578,22.63157894736842,0,0,43.15789473684211,3.684210526315789,39.473684210526315,26.842105263157894,23.157894736842106,3.684210526315789,0
W00008299,154,123,71,52,0,0,8,2,6,23,15,8,0,79.87012987012987,46.103896103896105,33.76623376623377,0,0,5.194805194805195,1.2987012987012987,3.896103896103896,14.935064935064934,9.740259740259742,5.194805194805195,0
W00008300,108,95,52,43,1,1,6,2,4,6,5,1,0,87.96296296296296,48.148148148148145,39.81481481481482,0.9259259259259258,0.9259259259259258,5.555555555555555,1.8518518518518516,3.7037037037037033,5.555555555555555,4.62962962962963,0.9259259259259258,0
W00008301,156,152,103,49,0,0,1,0,1,3,3,0,0,97.43589743589743,66.02564102564102,31.41025641025641,0,0,0.641025641025641,0,0.641025641025641,1.9230769230769231,1.9230769230769231,0,0
W00008302,89,59,32,27,2,2,18,3,15,10,8,2,0,66.29213483146067,35.95505617977528,30.337078651685395,2.247191011235955,2.247191011235955,20.224719101123593,3.3707865168539324,16.853932584269664,11.235955056179774,8.98876404494382,2.247191011235955,0
W00008303,165,148,105,43,0,0,10,2,8,7,7,0,0,89.6969696969697,63.63636363636363,26.060606060606062,0,0,6.0606060606060606,1.2121212121212122,4.848484848484849,4.242424242424243,4.242424242424243,0,0
W00008304,146,135,82,53,0,0,2,0,2,9,8,1,0,92.46575342465754,56.16438356164384,36.3013698630137,0,0,1.36986301369863,0,1.36986301369863,6.164383561643835,5.47945205479452,0.684931506849315,0
W00008305,132,122,76,46,0,0,1,0,1,9,8,1,0,92.42424242424242,57.57575757575758,34.84848484848485,0,0,0.7575757575757576,0,0.7575757575757576,6.8181818181818175,6.0606060606060606,0.7575757575757576,0
W00008306,164,119,71,48,3,3,25,8,17,17,15,2,0,72.5609756097561,43.292682926829265,29.268292682926827,1.8292682926829267,1.8292682926829267,15.24390243902439,4.878048780487805,10.365853658536585,10.365853658536585,9.146341463414634,1.2195121951219512,0
W00008307,127,84,63,21,1,1,28,2,26,14,10,4,0,66.14173228346458,49.60629921259843,16.535433070866144,0.7874015748031495,0.7874015748031495,22.04724409448819,1.574803149606299,20.47244094488189,11.023622047244094,7.874015748031496,3.149606299212598,0
W00008308,137,126,84,42,0,0,1,0,1,10,6,4,0,91.970802919708035,61.31386861313869,30.656934306569344,0,0,0.7299270072992701,0,0.7299270072992701,7.2992700729927,4.37956204379562,2.9197080291970803,0
W00008309,131,89,51,38,0,0,25,3,22,17,13,4,0,67.93893129770993,38.93129770992366,29.00763358778626,0,0,19.083969465648856,2.2900763358778624,16.793893129770993,12.977099236641221,9.923664122137405,3.0534351145038165,0
W00008311,116,84,61,23,0,0,8,1,7,24,22,2,0,72.41379310344827,52.58620689655172,19.82758620689655,0,0,6.896551724137931,0.8620689655172413,6.0344827586206895,20.689655172413794,18.96551724137931,1.7241379310344827,0
W00008313,134,82,62,20,0,0,5,2,3,47,43,4,0,61.19402985074627,46.26865671641791,14.925373134328357,0,0,3.731343283582089,1.4925373134328357,2.2388059701492535,35.07462686567165,32.08955223880597,2.9850746268656714,0
W00008314,113,58,44,14,0,0,48,7,41,6,4,2,1,51.32743362831859,38.93805309734513,12.389380530973451,0,0,42.47787610619469,6.1946902654867255,36.283185840707965,5.3097345132743365,3.5398230088495577,1.7699115044247788,0.8849557522123894
W00008315,134,40,17,23,0,0,89,24,65,5,4,1,0,29.850746268656714,12.686567164179104,17.16417910447761,0,0,66.4179104477612,17.91044776119403,48.507462686567166,3.731343283582089,2.9850746268656714,0.7462686567164178,0
W00008316,183,109,46,63,5,5,45,10,35,24,20,4,0,59.56284153005464,25.136612021857925,34.42622950819672,2.73224043715847,2.73224043715847,24.59016393442623,5.46448087431694,19.12568306010929,13.114754098360656,10.92896174863388,2.185792349726776,0
W00008317,135,50,30,20,0,0,74,28,46,11,7,4,0,37.03703703703704,22.22222222222222,14.814814814814813,0,0,54.81481481481482,20.74074074074074,34.074074074074076,8.148148148148149,5.185185185185185,2.9629629629629632,0
W00008318,128,104,53,51,1,1,7,0,7,16,13,3,0,81.25,41.40625,39.84375,0.78125,0.78125,5.46875,0,5.46875,12.5,10.15625,2.34375,0
W00008319,134,104,50,54,1,1,9,4,5,20,18,2,0,77.61194029850746,37.3134328358209,40.298507462686565,0.7462686567164178,0.7462686567164178,6.7164179104477615,2.9850746268656714,3.731343283582089,14.925373134328357,13.432835820895523,1.4925373134328357,0
W00008320,165,124,82,42,2,2,16,3,13,23,18,5,0,75.15151515151514,49.696969696969695,25.454545454545453,1.2121212121212122,1.2121212121212122,9.696969696969697,1.8181818181818181,7.878787878787878,13.939393939393941,10.909090909090908,3.0303030303030303,0
W00008321,122,102,68,34,0,0,12,2,10,8,6,2,0,83.60655737704919,55.73770491803278,27.86885245901639,0,0,9.836065573770492,1.639344262295082,8.19672131147541,6.557377049180328,4.918032786885246,1.639344262295082,0
W00008322,135,83,55,28,0,0,44,9,35,8,5,3,0,61.48148148148148,40.74074074074074,20.74074074074074,0,0,32.592592592592595,6.666666666666667,25.925925925925924,5.9259259259259265,3.7037037037037033,2.2222222222222223,0
W00008323,124,49,27,22,1,1,66,16,50,8,7,1,0,39.516129032258064,21.774193548387096,17.741935483870968,0.8064516129032258,0.8064516129032258,53.2258064516129,12.903225806451612,40.32258064516129,6.451612903225806,5.64516129032258,0.8064516129032258,0
W00008324,120,51,36,15,0,0,59,9,50,10,10,0,0,42.5,30,12.5,0,0,49.166666666666664,7.5,41.66666666666667,8.333333333333332,8.333333333333332,0,0
W00008325,75,63,39,24,0,0,2,0,2,10,9,1,0,84,52,32,0,0,2.666666666666667,0,2.666666666666667,13.333333333333334,12,1.3333333333333335,0
W00008326,130,87,46,41,3,3,3,1,2,37,34,3,0,66.92307692307692,35.38461538461539,31.538461538461537,2.307692307692308,2.307692307692308,2.307692307692308,0.7692307692307693,1.5384615384615385,28.46153846153846,26.153846153846157,2.307692307692308,0
W00008327,131,111,78,33,0,0,2,0,2,18,13,5,0,84.7328244274809,59.541984732824424,25.190839694656486,0,0,1.5267175572519083,0,1.5267175572519083,13.740458015267176,9.923664122137405,3.816793893129771,0
W00009802,142,108,55,53,5,5,12,1,11,17,17,0,0,76.05633802816901,38.732394366197184,37.32394366197183,3.5211267605633805,3.5211267605633805,8.450704225352112,0.7042253521126761,7.746478873239436,11.971830985915492,11.971830985915492,0,0
W00009803,125,94,28,66,1,1,7,2,5,23,22,1,0,75.2,22.400000000000002,52.800000000000004,0.8,0.8,5.6000000000000005,1.6,4,18.4,17.599999999999998,0.8,0
W00009804,189,153,79,74,1,1,9,1,8,26,22,4,0,80.95238095238095,41.7989417989418,39.15343915343915,0.5291005291005291,0.5291005291005291,4.761904761904762,0.5291005291005291,4.232804232804233,13.756613756613756,11.64021164021164,2.1164021164021163,0
W00009805,116,38,19,19,4,4,64,5,59,10,9,1,0,32.758620689655174,16.379310344827587,16.379310344827587,3.4482758620689653,3.4482758620689653,55.172413793103445,4.310344827586207,50.86206896551724,8.620689655172415,7.758620689655173,0.8620689655172413,0
W00009806,136,113,68,45,0,0,1,1,0,22,17,5,0,83.08823529411765,50,33.088235294117645,0,0,0.7352941176470588,0.7352941176470588,0,16.176470588235293,12.5,3.6764705882352944,0
W00009807,146,124,57,67,0,0,7,0,7,15,11,4,0,84.93150684931507,39.04109589041096,45.89041095890411,0,0,4.794520547945205,0,4.794520547945205,10.273972602739725,7.534246575342466,2.73972602739726,0
W00009808,132,98,54,44,0,0,26,6,20,8,4,4,0,74.24242424242425,40.909090909090914,33.33333333333333,0,0,19.696969696969695,4.545454545454546,15.151515151515152,6.0606060606060606,3.0303030303030303,3.0303030303030303,0
W00009809,58,50,43,7,0,0,2,0,2,6,5,1,0,86.20689655172413,74.13793103448276,12.068965517241379,0,0,3.4482758620689653,0,3.4482758620689653,10.344827586206897,8.620689655172415,1.7241379310344827,0
W00009810,96,88,36,52,0,0,1,0,1,7,7,0,0,91.66666666666666,37.5,54.166666666666664,0,0,1.0416666666666665,0,1.0416666666666665,7.291666666666667,7.291666666666667,0,0
W00009811,67,40,20,20,0,0,12,2,10,15,11,4,0,59.70149253731343,29.850746268656714,29.850746268656714,0,0,17.91044776119403,2.9850746268656714,14.925373134328357,22.388059701492537,16.417910447761194,5.970149253731343,0
W00009813,108,86,46,40,0,0,0,0,0,22,19,3,0,79.62962962962963,42.592592592592595,37.03703703703704,0,0,0,0,0,20.37037037037037,17.59259259259259,2.7777777777777777,0
W00009814,72,42,28,14,0,0,2,0,2,28,24,4,0,58.333333333333336,38.88888888888889,19.444444444444446,0,0,2.7777777777777777,0,2.7777777777777777,38.88888888888889,33.33333333333333,5.555555555555555,0
W00009815,112,73,39,34,0,0,33,2,31,6,6,0,0,65.17857142857143,34.82142857142857,30.357142857142854,0,0,29.464285714285715,1.7857142857142856,27.67857142857143,5.357142857142857,5.357142857142857,0,0
W00009816,114,101,57,44,1,1,1,0,1,11,10,1,0,88.59649122807018,50,38.59649122807017,0.8771929824561403,0.8771929824561403,0.8771929824561403,0,0.8771929824561403,9.649122807017543,8.771929824561402,0.8771929824561403,0
W00009817,187,155,100,55,0,0,23,2,21,9,4,5,0,82.88770053475936,53.475935828877006,29.411764705882355,0,0,12.299465240641712,1.06951871657754,11.229946524064172,4.81283422459893,2.13903743315508,2.6737967914438503,0
W00009818,101,47,28,19,0,0,48,8,40,6,6,0,0,46.53465346534654,27.722772277227726,18.81188118811881,0,0,47.524752475247524,7.920792079207921,39.603960396039604,5.9405940594059405,5.9405940594059405,0,0
W00009819,99,88,55,33,0,0,0,0,0,11,8,3,0,88.88888888888889,55.55555555555556,33.33333333333333,0,0,0,0,0,11.11111111111111,8.080808080808081,3.0303030303030303,0
W00009820,98,61,48,13,1,1,4,2,2,32,29,3,0,62.244897959183675,48.97959183673469,13.26530612244898,1.0204081632653061,1.0204081632653061,4.081632653061225,2.0408163265306123,2.0408163265306123,32.6530612244898,29.591836734693878,3.061224489795918,0
W00010317,99,55,15,40,1,1,29,2,27,14,12,2,0,55.55555555555556,15.151515151515152,40.4040404040404,1.0101010101010102,1.0101010101010102,29.292929292929294,2.0202020202020203,27.27272727272727,14.14141414141414,12.121212121212121,2.0202020202020203,0
W00010319,128,119,55,64,0,0,1,1,0,8,8,0,0,92.96875,42.96875,50,0,0,0.78125,0.78125,0,6.25,6.25,0,0
W00010320,132,109,9,100,0,0,16,2,14,7,6,1,0,82.57575757575758,6.8181818181818175,75.75757575757575,0,0,12.121212121212121,1.5151515151515151,10.606060606060606,5.303030303030303,4.545454545454546,0.7575757575757576,0
W00010323,87,36,14,22,7,7,32,1,31,12,12,0,0,41.37931034482759,16.091954022988507,25.287356321839084,8.045977011494253,8.045977011494253,36.7816091954023,1.1494252873563218,35.63218390804598,13.793103448275861,13.793103448275861,0,0
W00010324,214,195,84,111,2,2,0,0,0,17,12,5,0,91.1214953271028,39.25233644859813,51.86915887850467,0.9345794392523363,0.9345794392523363,0,0,0,7.943925233644859,5.607476635514018,2.336448598130841,0
W00010327,51,23,13,10,0,0,9,4,5,19,15,4,0,45.09803921568628,25.49019607843137,19.607843137254903,0,0,17.647058823529413,7.8431372549019605,9.803921568627452,37.254901960784316,29.411764705882355,7.8431372549019605,0
W00010328,100,78,17,61,0,0,16,4,12,6,6,0,0,78,17,61,0,0,16,4,12,6,6,0,0
W00010335,97,54,35,19,0,0,32,0,32,11,8,3,0,55.670103092783506,36.08247422680412,19.587628865979383,0,0,32.98969072164948,0,32.98969072164948,11.34020618556701,8.24742268041237,3.0927835051546393,0
W00010337,62,42,15,27,0,0,10,1,9,10,8,2,0,67.74193548387096,24.193548387096776,43.54838709677419,0,0,16.129032258064516,1.6129032258064515,14.516129032258066,16.129032258064516,12.903225806451612,3.225806451612903,0
W00010340,178,128,37,91,1,1,29,9,20,20,19,1,0,71.91011235955057,20.786516853932586,51.12359550561798,0.5617977528089888,0.5617977528089888,16.292134831460675,5.056179775280898,11.235955056179774,11.235955056179774,10.674157303370785,0.5617977528089888,0
W00010344,98,45,28,17,2,2,35,4,31,16,15,1,0,45.91836734693878,28.57142857142857,17.346938775510203,2.0408163265306123,2.0408163265306123,35.714285714285715,4.081632653061225,31.63265306122449,16.3265306122449,15.306122448979592,1.0204081632653061,0
W00010348,166,100,24,76,4,4,45,10,35,17,15,2,0,60.24096385542169,14.457831325301203,45.78313253012048,2.4096385542168677,2.4096385542168677,27.10843373493976,6.024096385542169,21.084337349397593,10.240963855421686,9.036144578313253,1.2048192771084338,0
W00010349,126,106,45,61,0,0,5,1,4,15,14,1,0,84.12698412698413,35.714285714285715,48.41269841269841,0,0,3.968253968253968,0.7936507936507936,3.1746031746031744,11.904761904761903,11.11111111111111,0.7936507936507936,0
W00010352,93,64,19,45,0,0,24,1,23,5,4,1,0,68.81720430107528,20.43010752688172,48.38709677419355,0,0,25.806451612903224,1.0752688172043012,24.731182795698924,5.376344086021505,4.301075268817205,1.0752688172043012,0
W00010353,116,110,45,65,0,0,1,1,0,5,3,2,0,94.82758620689656,38.793103448275865,56.03448275862068,0,0,0.8620689655172413,0.8620689655172413,0,4.310344827586207,2.586206896551724,1.7241379310344827,0
