OA,ts0390001,ts0390002,ts0390003,ts0390004,ts0390005,ts0390006,ts0390007,ts0390008,ts0390009,ts0390002_PCT,ts0390003_PCT,ts0390004_PCT,ts0390005_PCT,ts0390006_PCT,ts0390007_PCT,ts0390008_PCT,ts0390009_PCT
E00132632,341,319,13,11,2,4,2,2,5,93.54838709677419,3.812316715542522,3.225806451612903,0.5865102639296188,1.1730205278592376,0.5865102639296188,0.5865102639296188,1.466275659824047
E00132633,412,374,28,18,10,7,5,2,3,90.77669902912622,6.796116504854369,4.368932038834951,2.4271844660194173,1.6990291262135921,1.2135922330097086,0.48543689320388345,0.7281553398058253
E00132634,261,244,8,8,0,2,0,2,7,93.48659003831418,3.065134099616858,3.065134099616858,0,0.7662835249042145,0,0.7662835249042145,2.681992337164751
E00132636,281,265,10,5,5,3,0,3,3,94.30604982206405,3.558718861209965,1.7793594306049825,1.7793594306049825,1.0676156583629894,0,1.0676156583629894,1.0676156583629894
E00132637,201,195,2,1,1,2,1,1,2,97.01492537313433,0.9950248756218906,0.4975124378109453,0.4975124378109453,0.9950248756218906,0.4975124378109453,0.4975124378109453,0.9950248756218906
E00132638,332,295,7,5,2,8,2,6,22,88.85542168674698,2.108433734939759,1.5060240963855422,0.6024096385542169,2.4096385542168677,0.6024096385542169,1.8072289156626504,6.626506024096386
E00132639,391,368,11,8,3,8,3,5,4,94.11764705882352,2.813299232736573,2.0460358056265986,0.7672634271099744,2.0460358056265986,0.7672634271099744,1.278772378516624,1.0230179028132993
E00132641,297,281,8,4,4,3,1,2,5,94.61279461279462,2.6936026936026933,1.3468013468013467,1.3468013468013467,1.0101010101010102,0.33670033670033667,0.6734006734006733,1.6835016835016834
E00132642,291,279,7,3,4,3,1,2,2,95.87628865979381,2.405498281786942,1.0309278350515463,1.3745704467353952,1.0309278350515463,0.3436426116838488,0.6872852233676976,0.6872852233676976
E00132643,403,384,8,3,5,4,1,3,7,95.28535980148884,1.9851116625310175,0.7444168734491315,1.240694789081886,0.9925558312655087,0.24813895781637718,0.7444168734491315,1.7369727047146404
E00132644,303,277,9,7,2,9,6,3,8,91.41914191419141,2.9702970297029703,2.31023102310231,0.6600660066006601,2.9702970297029703,1.9801980198019802,0.9900990099009901,2.6402640264026402
E00132645,359,341,10,6,4,5,4,1,3,94.98607242339833,2.785515320334262,1.6713091922005572,1.1142061281337048,1.392757660167131,1.1142061281337048,0.2785515320334262,0.8356545961002786
E00132646,324,306,9,6,3,5,1,4,4,94.44444444444444,2.7777777777777777,1.8518518518518516,0.9259259259259258,1.5432098765432098,0.30864197530864196,1.2345679012345678,1.2345679012345678
E00132647,295,275,8,2,6,3,1,2,9,93.22033898305084,2.711864406779661,0.6779661016949152,2.0338983050847457,1.0169491525423728,0.3389830508474576,0.6779661016949152,3.050847457627119
E00132648,325,292,13,7,6,10,3,7,10,89.84615384615384,4,2.1538461538461537,1.8461538461538463,3.076923076923077,0.9230769230769231,2.1538461538461537,3.076923076923077
E00132649,310,295,6,4,2,4,2,2,5,95.16129032258065,1.935483870967742,1.2903225806451613,0.6451612903225806,1.2903225806451613,0.6451612903225806,0.6451612903225806,1.6129032258064515
E00132650,399,376,13,10,3,6,3,3,4,94.23558897243107,3.258145363408521,2.506265664160401,0.7518796992481203,1.5037593984962405,0.7518796992481203,0.7518796992481203,1.0025062656641603
E00132651,321,298,8,5,3,9,3,6,6,92.83489096573209,2.4922118380062304,1.557632398753894,0.9345794392523363,2.803738317757009,0.9345794392523363,1.8691588785046727,1.8691588785046727
E00132652,228,214,3,2,1,5,3,2,6,93.85964912280701,1.3157894736842104,0.8771929824561403,0.43859649122807015,2.1929824561403506,1.3157894736842104,0.8771929824561403,2.631578947368421
E00132653,279,253,10,6,4,5,0,5,11,90.68100358422939,3.584229390681003,2.1505376344086025,1.4336917562724014,1.7921146953405016,0,1.7921146953405016,3.942652329749104
E00132654,318,290,9,5,4,8,3,5,11,91.19496855345912,2.8301886792452833,1.5723270440251573,1.257861635220126,2.515723270440252,0.9433962264150944,1.5723270440251573,3.459119496855346
E00132655,252,221,13,8,5,9,3,6,9,87.6984126984127,5.158730158730158,3.1746031746031744,1.984126984126984,3.571428571428571,1.1904761904761905,2.380952380952381,3.571428571428571
E00132656,236,199,26,17,9,2,0,2,9,84.32203389830508,11.016949152542372,7.203389830508475,3.8135593220338984,0.847457627118644,0,0.847457627118644,3.8135593220338984
E00132657,433,399,9,5,4,12,7,5,13,92.14780600461894,2.0785219399538106,1.1547344110854503,0.9237875288683602,2.771362586605081,1.6166281755196306,1.1547344110854503,3.0023094688221708
E00132658,248,221,13,11,2,2,2,0,12,89.11290322580645,5.241935483870968,4.435483870967742,0.8064516129032258,0.8064516129032258,0.8064516129032258,0,4.838709677419355
E00132660,362,325,10,6,4,11,5,6,16,89.77900552486187,2.7624309392265194,1.6574585635359116,1.1049723756906076,3.0386740331491713,1.3812154696132597,1.6574585635359116,4.41988950276243
E00132662,231,203,15,9,6,6,1,5,7,87.87878787878788,6.493506493506493,3.896103896103896,2.5974025974025974,2.5974025974025974,0.4329004329004329,2.1645021645021645,3.0303030303030303
E00132663,310,279,11,11,0,10,3,7,10,90,3.5483870967741935,3.5483870967741935,0,3.225806451612903,0.967741935483871,2.258064516129032,3.225806451612903
E00132664,284,249,22,16,6,4,2,2,9,87.67605633802818,7.746478873239436,5.633802816901409,2.112676056338028,1.4084507042253522,0.7042253521126761,0.7042253521126761,3.169014084507042
E00132665,204,192,1,1,0,4,0,4,7,94.11764705882352,0.49019607843137253,0.49019607843137253,0,1.9607843137254901,0,1.9607843137254901,3.431372549019608
E00132666,267,229,13,11,2,8,2,6,17,85.76779026217228,4.868913857677903,4.119850187265917,0.7490636704119851,2.9962546816479403,0.7490636704119851,2.247191011235955,6.367041198501873
E00132667,344,302,13,12,1,12,5,7,17,87.79069767441861,3.77906976744186,3.488372093023256,0.29069767441860467,3.488372093023256,1.4534883720930232,2.0348837209302326,4.941860465116279
E00132668,275,245,8,2,6,7,1,6,15,89.0909090909091,2.909090909090909,0.7272727272727273,2.181818181818182,2.5454545454545454,0.36363636363636365,2.181818181818182,5.454545454545454
E00132669,248,223,8,7,1,8,2,6,9,89.91935483870968,3.225806451612903,2.82258064516129,0.4032258064516129,3.225806451612903,0.8064516129032258,2.4193548387096775,3.6290322580645165
E00132670,207,193,2,2,0,4,3,1,8,93.23671497584542,0.966183574879227,0.966183574879227,0,1.932367149758454,1.4492753623188406,0.4830917874396135,3.864734299516908
E00132671,265,242,6,5,1,6,2,4,11,91.32075471698113,2.2641509433962264,1.8867924528301887,0.37735849056603776,2.2641509433962264,0.7547169811320755,1.509433962264151,4.150943396226415
E00132672,291,264,6,3,3,4,2,2,17,90.72164948453609,2.0618556701030926,1.0309278350515463,1.0309278350515463,1.3745704467353952,0.6872852233676976,0.6872852233676976,5.841924398625429
E00132673,339,305,14,9,5,5,1,4,15,89.97050147492625,4.129793510324483,2.6548672566371683,1.4749262536873156,1.4749262536873156,0.2949852507374631,1.1799410029498525,4.424778761061947
E00132674,250,227,11,7,4,7,2,5,5,90.8,4.3999999999999995,2.8000000000000003,1.6,2.8000000000000003,0.8,2,2
E00132675,270,241,13,6,7,5,3,2,11,89.25925925925927,4.814814814814815,2.2222222222222223,2.5925925925925926,1.8518518518518516,1.1111111111111112,0.7407407407407408,4.074074074074074
E00132676,234,210,10,8,2,3,3,0,11,89.74358974358975,4.273504273504273,3.418803418803419,0.8547008547008548,1.282051282051282,1.282051282051282,0,4.700854700854701
E00132677,297,271,15,7,8,0,0,0,11,91.24579124579124,5.05050505050505,2.356902356902357,2.6936026936026933,0,0,0,3.7037037037037033
E00132678,280,257,13,10,3,3,3,0,7,91.78571428571428,4.642857142857143,3.571428571428571,1.0714285714285714,1.0714285714285714,1.0714285714285714,0,2.5
E00132679,244,201,20,16,4,6,5,1,17,82.37704918032787,8.19672131147541,6.557377049180328,1.639344262295082,2.459016393442623,2.0491803278688523,0.4098360655737705,6.967213114754098
E00132680,274,241,10,7,3,5,0,5,18,87.95620437956204,3.64963503649635,2.5547445255474455,1.094890510948905,1.824817518248175,0,1.824817518248175,6.569343065693431
E00132681,346,329,10,3,7,2,1,1,5,95.08670520231213,2.8901734104046244,0.8670520231213872,2.023121387283237,0.5780346820809248,0.2890173410404624,0.2890173410404624,1.4450867052023122
E00132682,187,182,3,3,0,1,1,0,1,97.32620320855615,1.6042780748663104,1.6042780748663104,0,0.53475935828877,0.53475935828877,0,0.53475935828877
E00132685,324,300,10,7,3,7,5,2,7,92.5925925925926,3.0864197530864197,2.1604938271604937,0.9259259259259258,2.1604938271604937,1.5432098765432098,0.6172839506172839,2.1604938271604937
E00132686,359,340,10,7,3,1,1,0,8,94.70752089136491,2.785515320334262,1.9498607242339834,0.8356545961002786,0.2785515320334262,0.2785515320334262,0,2.2284122562674096
E00132687,384,374,8,6,2,1,1,0,1,97.39583333333334,2.083333333333333,1.5625,0.5208333333333333,0.26041666666666663,0.26041666666666663,0,0.26041666666666663
E00132688,278,267,4,3,1,1,1,0,6,96.0431654676259,1.4388489208633095,1.079136690647482,0.3597122302158274,0.3597122302158274,0.3597122302158274,0,2.158273381294964
E00132689,219,189,21,15,6,2,2,0,7,86.3013698630137,9.58904109589041,6.8493150684931505,2.73972602739726,0.91324200913242,0.91324200913242,0,3.1963470319634704
E00132690,256,229,15,11,4,3,0,3,9,89.453125,5.859375,4.296875,1.5625,1.171875,0,1.171875,3.515625
E00132691,350,325,8,6,2,11,7,4,6,92.85714285714286,2.2857142857142856,1.7142857142857144,0.5714285714285714,3.1428571428571432,2,1.1428571428571428,1.7142857142857144
E00132692,241,212,15,10,5,3,2,1,11,87.96680497925311,6.224066390041494,4.149377593360995,2.0746887966804977,1.2448132780082988,0.8298755186721992,0.4149377593360996,4.564315352697095
E00132693,243,226,8,8,0,2,1,1,7,93.00411522633745,3.292181069958848,3.292181069958848,0,0.823045267489712,0.411522633744856,0.411522633744856,2.880658436213992
E00132694,306,279,9,9,0,8,4,4,10,91.17647058823529,2.941176470588235,2.941176470588235,0,2.6143790849673203,1.3071895424836601,1.3071895424836601,3.2679738562091507
E00132696,257,222,21,16,5,5,4,1,9,86.38132295719845,8.171206225680933,6.22568093385214,1.9455252918287937,1.9455252918287937,1.556420233463035,0.38910505836575876,3.501945525291829
E00132697,311,290,10,7,3,4,0,4,7,93.2475884244373,3.215434083601286,2.2508038585209005,0.964630225080386,1.2861736334405145,0,1.2861736334405145,2.2508038585209005
E00132698,261,247,7,3,4,3,2,1,4,94.6360153256705,2.681992337164751,1.1494252873563218,1.532567049808429,1.1494252873563218,0.7662835249042145,0.38314176245210724,1.532567049808429
E00132699,380,365,8,5,3,1,0,1,6,96.05263157894737,2.1052631578947367,1.3157894736842104,0.7894736842105263,0.2631578947368421,0,0.2631578947368421,1.5789473684210527
E00132700,317,289,16,12,4,3,1,2,9,91.16719242902208,5.047318611987381,3.7854889589905363,1.2618296529968454,0.9463722397476341,0.31545741324921134,0.6309148264984227,2.8391167192429023
E00132701,258,209,17,12,5,12,9,3,20,81.0077519379845,6.5891472868217065,4.651162790697675,1.937984496124031,4.651162790697675,3.488372093023256,1.1627906976744187,7.751937984496124
E00132702,319,297,14,11,3,3,0,3,5,93.10344827586206,4.38871473354232,3.4482758620689653,0.9404388714733543,0.9404388714733543,0,0.9404388714733543,1.5673981191222568
E00132703,342,309,20,15,5,7,3,4,6,90.35087719298247,5.847953216374268,4.385964912280701,1.461988304093567,2.046783625730994,0.8771929824561403,1.1695906432748537,1.7543859649122806
E00132704,342,314,12,10,2,5,4,1,11,91.81286549707602,3.508771929824561,2.923976608187134,0.5847953216374269,1.461988304093567,1.1695906432748537,0.29239766081871343,3.216374269005848
E00132707,298,269,19,15,4,3,3,0,7,90.26845637583892,6.375838926174497,5.033557046979865,1.342281879194631,1.006711409395973,1.006711409395973,0,2.348993288590604
E00132708,204,187,8,6,2,6,3,3,3,91.66666666666666,3.9215686274509802,2.941176470588235,0.9803921568627451,2.941176470588235,1.4705882352941175,1.4705882352941175,1.4705882352941175
E00132709,510,466,24,19,5,10,7,3,10,91.37254901960785,4.705882352941177,3.7254901960784315,0.9803921568627451,1.9607843137254901,1.3725490196078431,0.5882352941176471,1.9607843137254901
E00132710,312,271,24,15,9,3,2,1,14,86.85897435897436,7.6923076923076925,4.807692307692308,2.8846153846153846,0.9615384615384616,0.641025641025641,0.3205128205128205,4.487179487179487
E00132711,245,221,12,9,3,4,3,1,8,90.20408163265307,4.8979591836734695,3.6734693877551026,1.2244897959183674,1.6326530612244898,1.2244897959183674,0.40816326530612246,3.2653061224489797
E00132712,268,242,17,11,6,2,2,0,7,90.29850746268657,6.343283582089552,4.104477611940299,2.2388059701492535,0.7462686567164178,0.7462686567164178,0,2.6119402985074625
E00132713,244,219,12,10,2,9,4,5,4,89.75409836065575,4.918032786885246,4.098360655737705,0.819672131147541,3.6885245901639343,1.639344262295082,2.0491803278688523,1.639344262295082
E00132714,470,433,19,13,6,4,4,0,14,92.12765957446808,4.042553191489362,2.7659574468085104,1.276595744680851,0.851063829787234,0.851063829787234,0,2.9787234042553195
E00132715,310,275,16,9,7,8,5,3,11,88.70967741935483,5.161290322580645,2.903225806451613,2.258064516129032,2.5806451612903225,1.6129032258064515,0.967741935483871,3.5483870967741935
E00132716,256,237,13,9,4,3,0,3,3,92.578125,5.078125,3.515625,1.5625,1.171875,0,1.171875,1.171875
E00132717,216,206,6,4,2,2,0,2,2,95.37037037037037,2.7777777777777777,1.8518518518518516,0.9259259259259258,0.9259259259259258,0,0.9259259259259258,0.9259259259259258
E00132718,446,404,23,20,3,5,2,3,14,90.5829596412556,5.15695067264574,4.484304932735426,0.672645739910314,1.1210762331838564,0.4484304932735426,0.672645739910314,3.1390134529147984
E00132719,218,198,8,5,3,7,3,4,5,90.82568807339449,3.669724770642202,2.293577981651376,1.3761467889908259,3.211009174311927,1.3761467889908259,1.834862385321101,2.293577981651376
E00132720,296,264,15,11,4,7,4,3,10,89.1891891891892,5.0675675675675675,3.7162162162162162,1.3513513513513513,2.364864864864865,1.3513513513513513,1.0135135135135136,3.3783783783783785
E00132721,247,221,13,8,5,7,1,6,6,89.47368421052632,5.263157894736842,3.2388663967611335,2.0242914979757085,2.834008097165992,0.4048582995951417,2.42914979757085,2.42914979757085
E00132722,253,236,6,5,1,3,3,0,8,93.2806324110672,2.371541501976284,1.9762845849802373,0.3952569169960474,1.185770750988142,1.185770750988142,0,3.1620553359683794
E00132723,227,207,6,2,4,8,3,5,6,91.18942731277532,2.643171806167401,0.881057268722467,1.762114537444934,3.524229074889868,1.3215859030837005,2.2026431718061676,2.643171806167401
E00132724,289,264,8,3,5,12,7,5,5,91.34948096885813,2.768166089965398,1.0380622837370241,1.7301038062283738,4.1522491349480966,2.422145328719723,1.7301038062283738,1.7301038062283738
E00132725,206,179,13,7,6,6,3,3,8,86.89320388349515,6.310679611650485,3.3980582524271843,2.912621359223301,2.912621359223301,1.4563106796116505,1.4563106796116505,3.8834951456310676
E00132726,237,224,7,5,2,1,1,0,5,94.51476793248945,2.9535864978902953,2.109704641350211,0.8438818565400843,0.42194092827004215,0.42194092827004215,0,2.109704641350211
E00132727,307,278,12,6,6,7,4,3,10,90.55374592833876,3.908794788273615,1.9543973941368076,1.9543973941368076,2.2801302931596092,1.3029315960912053,0.9771986970684038,3.257328990228013
E00132728,281,245,15,11,4,4,2,2,17,87.18861209964413,5.338078291814947,3.9145907473309607,1.4234875444839856,1.4234875444839856,0.7117437722419928,0.7117437722419928,6.049822064056939
E00132729,393,354,26,23,3,8,2,6,5,90.07633587786259,6.615776081424936,5.852417302798982,0.7633587786259541,2.035623409669211,0.5089058524173028,1.5267175572519083,1.2722646310432568
E00132730,307,278,16,13,3,2,2,0,11,90.55374592833876,5.211726384364821,4.234527687296417,0.9771986970684038,0.6514657980456027,0.6514657980456027,0,3.5830618892508146
E00132731,270,228,15,10,5,7,4,3,20,84.44444444444444,5.555555555555555,3.7037037037037033,1.8518518518518516,2.5925925925925926,1.4814814814814816,1.1111111111111112,7.4074074074074066
E00132732,379,343,24,16,8,5,1,4,7,90.50131926121372,6.33245382585752,4.221635883905013,2.1108179419525066,1.3192612137203166,0.2638522427440633,1.0554089709762533,1.8469656992084433
E00132733,298,274,11,11,0,7,3,4,6,91.94630872483222,3.691275167785235,3.691275167785235,0,2.348993288590604,1.006711409395973,1.342281879194631,2.013422818791946
E00132734,253,237,6,3,3,4,1,3,6,93.67588932806325,2.371541501976284,1.185770750988142,1.185770750988142,1.5810276679841897,0.3952569169960474,1.185770750988142,2.371541501976284
E00132735,453,436,10,7,3,3,2,1,4,96.24724061810154,2.207505518763797,1.545253863134658,0.6622516556291391,0.6622516556291391,0.44150110375275936,0.22075055187637968,0.8830022075055187
E00132736,236,223,6,5,1,4,0,4,3,94.49152542372882,2.5423728813559325,2.11864406779661,0.423728813559322,1.694915254237288,0,1.694915254237288,1.2711864406779663
E00132737,260,245,6,4,2,2,0,2,7,94.23076923076923,2.307692307692308,1.5384615384615385,0.7692307692307693,0.7692307692307693,0,0.7692307692307693,2.6923076923076925
E00132739,214,202,6,5,1,0,0,0,6,94.39252336448598,2.803738317757009,2.336448598130841,0.46728971962616817,0,0,0,2.803738317757009
E00132740,345,334,9,7,2,2,2,0,0,96.81159420289856,2.608695652173913,2.0289855072463765,0.5797101449275363,0.5797101449275363,0.5797101449275363,0,0
E00132741,277,255,15,13,2,5,4,1,2,92.05776173285199,5.415162454873646,4.693140794223827,0.7220216606498195,1.8050541516245486,1.444043321299639,0.36101083032490977,0.7220216606498195
E00132742,317,294,16,14,2,3,0,3,4,92.74447949526814,5.047318611987381,4.416403785488959,0.6309148264984227,0.9463722397476341,0,0.9463722397476341,1.2618296529968454
E00132743,437,420,5,5,0,6,3,3,6,96.10983981693364,1.1441647597254003,1.1441647597254003,0,1.3729977116704806,0.6864988558352403,0.6864988558352403,1.3729977116704806
E00132744,347,322,18,15,3,4,4,0,3,92.79538904899135,5.187319884726225,4.322766570605188,0.8645533141210375,1.1527377521613833,1.1527377521613833,0,0.8645533141210375
E00132745,297,286,3,2,1,2,2,0,6,96.29629629629629,1.0101010101010102,0.6734006734006733,0.33670033670033667,0.6734006734006733,0.6734006734006733,0,2.0202020202020203
E00132747,456,441,9,7,2,0,0,0,6,96.71052631578947,1.9736842105263157,1.5350877192982455,0.43859649122807015,0,0,0,1.3157894736842104
E00132748,288,281,3,2,1,1,1,0,3,97.56944444444444,1.0416666666666665,0.6944444444444444,0.3472222222222222,0.3472222222222222,0.3472222222222222,0,1.0416666666666665
E00132749,312,296,6,4,2,4,1,3,6,94.87179487179486,1.9230769230769231,1.282051282051282,0.641025641025641,1.282051282051282,0.3205128205128205,0.9615384615384616,1.9230769230769231
E00132750,347,336,5,5,0,5,3,2,1,96.82997118155619,1.440922190201729,1.440922190201729,0,1.440922190201729,0.8645533141210375,0.57636887608069165,0.2881844380403458
E00132751,456,429,24,19,5,0,0,0,3,94.07894736842105,5.263157894736842,4.166666666666666,1.0964912280701753,0,0,0,0.6578947368421052
E00132753,600,581,11,8,3,4,1,3,4,96.83333333333334,1.8333333333333333,1.3333333333333335,0.5,0.6666666666666667,0.16666666666666669,0.5,0.6666666666666667
E00132754,388,372,8,6,2,4,1,3,4,95.87628865979381,2.0618556701030926,1.5463917525773196,0.5154639175257731,1.0309278350515463,0.25773195876288657,0.7731958762886598,1.0309278350515463
E00132755,153,133,5,1,4,7,3,4,8,86.9281045751634,3.2679738562091507,0.6535947712418301,2.6143790849673203,4.57516339869281,1.9607843137254901,2.6143790849673203,5.228758169934641
E00132756,394,387,5,2,3,0,0,0,2,98.22335025380711,1.2690355329949239,0.5076142131979695,0.7614213197969544,0,0,0,0.5076142131979695
E00132757,319,300,12,8,4,4,0,4,3,94.04388714733543,3.761755485893417,2.507836990595611,1.2539184952978055,1.2539184952978055,0,1.2539184952978055,0.9404388714733543
E00132759,577,534,28,22,6,4,3,1,11,92.5476603119584,4.852686308492201,3.8128249566724435,1.0398613518197575,0.6932409012131715,0.5199306759098787,0.17331022530329288,1.9064124783362217
E00132760,263,244,13,10,3,1,1,0,5,92.77566539923954,4.942965779467681,3.802281368821293,1.1406844106463878,0.38022813688212925,0.38022813688212925,0,1.9011406844106464
E00132761,548,508,14,8,6,11,7,4,15,92.7007299270073,2.5547445255474455,1.4598540145985401,1.094890510948905,2.0072992700729926,1.2773722627737227,0.7299270072992701,2.737226277372263
E00132762,435,396,19,14,5,10,5,5,10,91.0344827586207,4.3678160919540225,3.218390804597701,1.1494252873563218,2.2988505747126435,1.1494252873563218,1.1494252873563218,2.2988505747126435
E00132763,232,207,12,7,5,7,4,3,6,89.22413793103449,5.172413793103448,3.0172413793103448,2.1551724137931036,3.0172413793103448,1.7241379310344827,1.293103448275862,2.586206896551724
E00132764,184,163,3,2,1,8,3,5,10,88.58695652173914,1.6304347826086956,1.0869565217391304,0.5434782608695652,4.3478260869565215,1.6304347826086956,2.717391304347826,5.434782608695652
E00132765,226,207,6,4,2,3,2,1,10,91.5929203539823,2.6548672566371683,1.7699115044247788,0.8849557522123894,1.3274336283185841,0.8849557522123894,0.4424778761061947,4.424778761061947
E00132766,197,184,7,3,4,3,2,1,3,93.4010152284264,3.5532994923857872,1.5228426395939088,2.030456852791878,1.5228426395939088,1.015228426395939,0.5076142131979695,1.5228426395939088
E00132767,265,239,9,2,7,6,3,3,11,90.18867924528303,3.3962264150943398,0.7547169811320755,2.6415094339622645,2.2641509433962264,1.1320754716981132,1.1320754716981132,4.150943396226415
E00132768,190,176,6,4,2,2,1,1,6,92.63157894736842,3.1578947368421053,2.1052631578947367,1.0526315789473684,1.0526315789473684,0.5263157894736842,0.5263157894736842,3.1578947368421053
E00132769,265,231,12,6,6,9,2,7,13,87.16981132075472,4.528301886792453,2.2641509433962264,2.2641509433962264,3.3962264150943398,0.7547169811320755,2.6415094339622645,4.905660377358491
E00132770,282,237,20,9,11,8,2,6,17,84.04255319148936,7.092198581560284,3.1914893617021276,3.900709219858156,2.8368794326241136,0.7092198581560284,2.127659574468085,6.028368794326241
E00132771,263,238,12,10,2,3,0,3,10,90.49429657794677,4.562737642585551,3.802281368821293,0.7604562737642585,1.1406844106463878,0,1.1406844106463878,3.802281368821293
E00132772,231,210,9,6,3,5,2,3,7,90.9090909090909,3.896103896103896,2.5974025974025974,1.2987012987012987,2.1645021645021645,0.8658008658008658,1.2987012987012987,3.0303030303030303
E00132773,350,308,15,11,4,6,4,2,21,88,4.285714285714286,3.1428571428571432,1.1428571428571428,1.7142857142857144,1.1428571428571428,0.5714285714285714,6
E00132774,359,339,9,6,3,6,3,3,5,94.42896935933148,2.5069637883008355,1.6713091922005572,0.8356545961002786,1.6713091922005572,0.8356545961002786,0.8356545961002786,1.392757660167131
E00132775,379,337,11,6,5,15,3,12,16,88.91820580474933,2.9023746701846966,1.58311345646438,1.3192612137203166,3.95778364116095,0.79155672823219,3.16622691292876,4.221635883905013
E00132776,285,258,11,8,3,5,3,2,11,90.52631578947368,3.8596491228070176,2.807017543859649,1.0526315789473684,1.7543859649122806,1.0526315789473684,0.7017543859649122,3.8596491228070176
E00132777,267,251,10,7,3,3,1,2,3,94.00749063670412,3.7453183520599254,2.6217228464419478,1.1235955056179776,1.1235955056179776,0.37453183520599254,0.7490636704119851,1.1235955056179776
E00132778,268,253,9,8,1,4,2,2,2,94.40298507462687,3.3582089552238807,2.9850746268656714,0.3731343283582089,1.4925373134328357,0.7462686567164178,0.7462686567164178,0.7462686567164178
E00132779,217,204,7,5,2,6,6,0,0,94.00921658986175,3.225806451612903,2.3041474654377883,0.9216589861751152,2.7649769585253456,2.7649769585253456,0,0
E00132780,246,233,5,4,1,6,1,5,2,94.71544715447155,2.0325203252032518,1.6260162601626018,0.40650406504065045,2.4390243902439024,0.40650406504065045,2.0325203252032518,0.8130081300813009
E00132781,214,194,10,8,2,6,3,3,4,90.65420560747664,4.672897196261682,3.7383177570093453,0.9345794392523363,2.803738317757009,1.4018691588785046,1.4018691588785046,1.8691588785046727
E00132782,296,278,9,7,2,1,1,0,8,93.91891891891892,3.040540540540541,2.364864864864865,0.6756756756756757,0.33783783783783783,0.33783783783783783,0,2.7027027027027026
E00132783,220,196,6,6,0,9,3,6,9,89.0909090909091,2.727272727272727,2.727272727272727,0,4.090909090909091,1.3636363636363635,2.727272727272727,4.090909090909091
E00132784,190,184,5,3,2,0,0,0,1,96.84210526315789,2.631578947368421,1.5789473684210527,1.0526315789473684,0,0,0,0.5263157894736842
E00132785,219,207,8,5,3,2,1,1,2,94.52054794520548,3.65296803652968,2.28310502283105,1.36986301369863,0.91324200913242,0.45662100456621,0.45662100456621,0.91324200913242
E00132786,208,191,7,7,0,8,3,5,2,91.82692307692307,3.3653846153846154,3.3653846153846154,0,3.8461538461538463,1.4423076923076923,2.403846153846154,0.9615384615384616
E00132787,278,253,12,8,4,4,2,2,9,91.00719424460432,4.316546762589928,2.877697841726619,1.4388489208633095,1.4388489208633095,0.7194244604316548,0.7194244604316548,3.237410071942446
E00132788,279,257,9,7,2,3,3,0,10,92.1146953405018,3.225806451612903,2.5089605734767026,0.7168458781362007,1.0752688172043012,1.0752688172043012,0,3.584229390681003
E00132790,372,336,7,2,5,13,5,8,16,90.32258064516128,1.881720430107527,0.5376344086021506,1.3440860215053763,3.494623655913978,1.3440860215053763,2.1505376344086025,4.301075268817205
E00132791,408,367,9,7,2,13,3,10,19,89.95098039215686,2.2058823529411766,1.715686274509804,0.49019607843137253,3.1862745098039214,0.7352941176470588,2.450980392156863,4.6568627450980395
E00132793,330,293,18,9,9,4,0,4,15,88.7878787878788,5.454545454545454,2.727272727272727,2.727272727272727,1.2121212121212122,0,1.2121212121212122,4.545454545454546
E00132794,335,291,7,5,2,12,3,9,25,86.86567164179104,2.0895522388059704,1.4925373134328357,0.5970149253731344,3.582089552238806,0.8955223880597015,2.6865671641791042,7.462686567164178
E00132796,313,273,19,14,5,10,3,7,11,87.22044728434504,6.070287539936102,4.472843450479233,1.5974440894568689,3.1948881789137378,0.9584664536741214,2.2364217252396164,3.5143769968051117
E00132797,379,338,10,6,4,16,6,10,15,89.18205804749341,2.638522427440633,1.58311345646438,1.0554089709762533,4.221635883905013,1.58311345646438,2.638522427440633,3.95778364116095
E00132798,296,272,7,3,4,7,2,5,10,91.8918918918919,2.364864864864865,1.0135135135135136,1.3513513513513513,2.364864864864865,0.6756756756756757,1.6891891891891893,3.3783783783783785
E00132799,359,317,8,5,3,8,4,4,26,88.3008356545961,2.2284122562674096,1.392757660167131,0.8356545961002786,2.2284122562674096,1.1142061281337048,1.1142061281337048,7.242339832869081
E00132800,306,266,12,6,6,14,7,7,14,86.9281045751634,3.9215686274509802,1.9607843137254901,1.9607843137254901,4.57516339869281,2.287581699346405,2.287581699346405,4.57516339869281
E00132801,317,298,9,6,3,4,3,1,6,94.00630914826499,2.8391167192429023,1.8927444794952681,0.9463722397476341,1.2618296529968454,0.9463722397476341,0.31545741324921134,1.8927444794952681
E00132802,257,223,15,10,5,4,3,1,15,86.7704280155642,5.836575875486381,3.8910505836575875,1.9455252918287937,1.556420233463035,1.1673151750972763,0.38910505836575876,5.836575875486381
E00132803,188,173,4,3,1,1,0,1,10,92.02127659574468,2.127659574468085,1.5957446808510638,0.5319148936170213,0.5319148936170213,0,0.5319148936170213,5.319148936170213
E00132804,342,317,9,7,2,9,2,7,7,92.69005847953217,2.631578947368421,2.046783625730994,0.5847953216374269,2.631578947368421,0.5847953216374269,2.046783625730994,2.046783625730994
E00132805,250,229,10,6,4,5,3,2,6,91.60000000000001,4,2.4,1.6,2,1.2,0.8,2.4
E00132806,215,194,6,3,3,5,2,3,10,90.23255813953487,2.7906976744186047,1.3953488372093024,1.3953488372093024,2.3255813953488373,0.9302325581395349,1.3953488372093024,4.651162790697675
E00132807,248,230,8,6,2,1,1,0,9,92.74193548387096,3.225806451612903,2.4193548387096775,0.8064516129032258,0.4032258064516129,0.4032258064516129,0,3.6290322580645165
E00132808,345,297,7,7,0,10,3,7,31,86.08695652173914,2.0289855072463765,2.0289855072463765,0,2.898550724637681,0.8695652173913043,2.0289855072463765,8.985507246376812
E00132809,316,282,22,18,4,4,1,3,8,89.24050632911393,6.962025316455696,5.69620253164557,1.2658227848101267,1.2658227848101267,0.31645569620253167,0.949367088607595,2.5316455696202533
E00132810,312,282,11,4,7,8,1,7,11,90.38461538461539,3.5256410256410255,1.282051282051282,2.2435897435897436,2.564102564102564,0.3205128205128205,2.2435897435897436,3.5256410256410255
E00132811,253,228,12,8,4,3,0,3,10,90.11857707509881,4.743083003952568,3.1620553359683794,1.5810276679841897,1.185770750988142,0,1.185770750988142,3.9525691699604746
E00132812,278,256,6,3,3,8,6,2,8,92.08633093525181,2.158273381294964,1.079136690647482,1.079136690647482,2.877697841726619,2.158273381294964,0.7194244604316548,2.877697841726619
E00132813,306,269,12,8,4,8,0,8,17,87.90849673202614,3.9215686274509802,2.6143790849673203,1.3071895424836601,2.6143790849673203,0,2.6143790849673203,5.555555555555555
E00132814,211,186,13,8,5,8,5,3,4,88.15165876777252,6.161137440758294,3.7914691943127963,2.3696682464454977,3.7914691943127963,2.3696682464454977,1.4218009478672986,1.8957345971563981
E00132815,225,195,17,12,5,5,3,2,8,86.66666666666667,7.555555555555555,5.333333333333334,2.2222222222222223,2.2222222222222223,1.3333333333333335,0.8888888888888888,3.5555555555555554
E00132816,263,236,11,8,3,6,3,3,10,89.73384030418251,4.182509505703422,3.041825095057034,1.1406844106463878,2.2813688212927756,1.1406844106463878,1.1406844106463878,3.802281368821293
E00132817,250,232,11,7,4,4,2,2,3,92.80000000000001,4.3999999999999995,2.8000000000000003,1.6,1.6,0.8,0.8,1.2
E00132818,242,215,8,4,4,11,5,6,8,88.84297520661157,3.3057851239669422,1.6528925619834711,1.6528925619834711,4.545454545454546,2.066115702479339,2.479338842975207,3.3057851239669422
E00132819,332,310,12,9,3,6,1,5,4,93.37349397590361,3.614457831325301,2.710843373493976,0.9036144578313252,1.8072289156626504,0.30120481927710846,1.5060240963855422,1.2048192771084338
E00132820,274,246,14,11,3,5,2,3,9,89.78102189781022,5.109489051094891,4.014598540145985,1.094890510948905,1.824817518248175,0.7299270072992701,1.094890510948905,3.2846715328467155
E00132821,217,198,10,7,3,1,1,0,8,91.24423963133641,4.6082949308755765,3.225806451612903,1.3824884792626728,0.4608294930875576,0.4608294930875576,0,3.686635944700461
E00132822,252,222,14,10,4,9,2,7,7,88.09523809523809,5.555555555555555,3.968253968253968,1.5873015873015872,3.571428571428571,0.7936507936507936,2.7777777777777777,2.7777777777777777
E00132823,262,231,20,16,4,6,2,4,5,88.16793893129771,7.633587786259542,6.106870229007633,1.5267175572519083,2.2900763358778624,0.7633587786259541,1.5267175572519083,1.9083969465648856
E00132824,247,219,11,8,3,9,4,5,8,88.66396761133603,4.4534412955465585,3.2388663967611335,1.214574898785425,3.643724696356275,1.6194331983805668,2.0242914979757085,3.2388663967611335
E00132825,252,226,12,8,4,8,7,1,6,89.68253968253968,4.761904761904762,3.1746031746031744,1.5873015873015872,3.1746031746031744,2.7777777777777777,0.3968253968253968,2.380952380952381
E00132826,259,245,7,5,2,2,1,1,5,94.5945945945946,2.7027027027027026,1.9305019305019304,0.7722007722007722,0.7722007722007722,0.3861003861003861,0.3861003861003861,1.9305019305019304
E00132827,280,264,6,4,2,4,2,2,6,94.28571428571428,2.142857142857143,1.4285714285714286,0.7142857142857143,1.4285714285714286,0.7142857142857143,0.7142857142857143,2.142857142857143
E00132828,246,218,17,16,1,4,1,3,7,88.6178861788618,6.910569105691057,6.504065040650407,0.40650406504065045,1.6260162601626018,0.40650406504065045,1.2195121951219512,2.8455284552845526
E00132829,322,293,10,8,2,6,3,3,13,90.99378881987577,3.1055900621118013,2.484472049689441,0.6211180124223602,1.8633540372670807,0.9316770186335404,0.9316770186335404,4.037267080745342
E00132830,282,255,9,9,0,7,6,1,11,90.42553191489363,3.1914893617021276,3.1914893617021276,0,2.4822695035460995,2.127659574468085,0.3546099290780142,3.900709219858156
E00132831,271,239,12,11,1,10,5,5,10,88.19188191881919,4.428044280442804,4.059040590405904,0.36900369003690037,3.6900369003690034,1.8450184501845017,1.8450184501845017,3.6900369003690034
E00132832,217,203,8,5,3,1,0,1,5,93.54838709677419,3.686635944700461,2.3041474654377883,1.3824884792626728,0.4608294930875576,0,0.4608294930875576,2.3041474654377883
E00132833,221,192,13,11,2,4,1,3,12,86.87782805429865,5.88235294117647,4.97737556561086,0.904977375565611,1.809954751131222,0.4524886877828055,1.3574660633484164,5.429864253393665
E00132834,356,324,8,5,3,5,2,3,19,91.01123595505618,2.247191011235955,1.4044943820224718,0.8426966292134831,1.4044943820224718,0.5617977528089888,0.8426966292134831,5.337078651685393
E00132835,247,221,8,6,2,7,2,5,11,89.47368421052632,3.2388663967611335,2.42914979757085,0.8097165991902834,2.834008097165992,0.8097165991902834,2.0242914979757085,4.4534412955465585
E00132836,276,253,12,7,5,5,2,3,6,91.66666666666666,4.3478260869565215,2.536231884057971,1.8115942028985508,1.8115942028985508,0.7246376811594203,1.0869565217391304,2.1739130434782608
E00132837,285,258,15,8,7,4,2,2,8,90.52631578947368,5.263157894736842,2.807017543859649,2.456140350877193,1.4035087719298245,0.7017543859649122,0.7017543859649122,2.807017543859649
E00132838,275,253,10,8,2,4,1,3,8,92,3.6363636363636362,2.909090909090909,0.7272727272727273,1.4545454545454546,0.36363636363636365,1.090909090909091,2.909090909090909
E00132839,277,247,10,7,3,7,3,4,13,89.16967509025271,3.6101083032490973,2.527075812274368,1.083032490974729,2.527075812274368,1.083032490974729,1.444043321299639,4.693140794223827
E00132840,312,283,13,8,5,6,5,1,10,90.7051282051282,4.166666666666666,2.564102564102564,1.6025641025641024,1.9230769230769231,1.6025641025641024,0.3205128205128205,3.205128205128205
E00132841,251,229,14,11,3,3,2,1,5,91.23505976095618,5.577689243027888,4.382470119521913,1.1952191235059761,1.1952191235059761,0.796812749003984,0.398406374501992,1.9920318725099602
E00132842,285,262,11,6,5,3,3,0,9,91.9298245614035,3.8596491228070176,2.1052631578947367,1.7543859649122806,1.0526315789473684,1.0526315789473684,0,3.1578947368421053
E00132843,330,303,13,10,3,6,3,3,8,91.81818181818183,3.939393939393939,3.0303030303030303,0.9090909090909091,1.8181818181818181,0.9090909090909091,0.9090909090909091,2.4242424242424243
E00132844,313,276,14,11,3,10,5,5,13,88.17891373801918,4.472843450479233,3.5143769968051117,0.9584664536741214,3.1948881789137378,1.5974440894568689,1.5974440894568689,4.15335463258786
E00132845,270,242,10,8,2,4,2,2,14,89.62962962962962,3.7037037037037033,2.9629629629629632,0.7407407407407408,1.4814814814814816,0.7407407407407408,0.7407407407407408,5.185185185185185
E00132846,255,233,6,1,5,7,3,4,9,91.37254901960785,2.3529411764705883,0.39215686274509803,1.9607843137254901,2.7450980392156863,1.1764705882352942,1.5686274509803921,3.5294117647058822
E00132847,395,348,13,8,5,18,13,5,16,88.10126582278481,3.2911392405063293,2.0253164556962027,1.2658227848101267,4.556962025316456,3.2911392405063293,1.2658227848101267,4.050632911392405
E00132848,343,316,13,8,5,7,4,3,7,92.12827988338192,3.7900874635568513,2.3323615160349855,1.4577259475218658,2.0408163265306123,1.1661807580174928,0.8746355685131195,2.0408163265306123
E00132849,323,277,13,12,1,11,3,8,22,85.75851393188854,4.024767801857585,3.7151702786377707,0.30959752321981426,3.4055727554179565,0.9287925696594427,2.476780185758514,6.811145510835913
E00132850,217,196,5,4,1,9,3,6,7,90.32258064516128,2.3041474654377883,1.8433179723502304,0.4608294930875576,4.147465437788019,1.3824884792626728,2.7649769585253456,3.225806451612903
E00132851,387,344,11,6,5,10,1,9,22,88.88888888888889,2.842377260981912,1.550387596899225,1.2919896640826873,2.5839793281653747,0.2583979328165375,2.3255813953488373,5.684754521963824
E00132852,308,267,7,5,2,11,4,7,23,86.68831168831169,2.272727272727273,1.6233766233766231,0.6493506493506493,3.571428571428571,1.2987012987012987,2.272727272727273,7.467532467532467
E00132853,445,398,15,13,2,11,5,6,21,89.43820224719101,3.3707865168539324,2.9213483146067416,0.44943820224719105,2.4719101123595504,1.1235955056179776,1.348314606741573,4.719101123595506
E00132854,343,297,22,15,7,13,1,12,11,86.58892128279884,6.41399416909621,4.373177842565598,2.0408163265306123,3.7900874635568513,0.2915451895043732,3.498542274052478,3.206997084548105
E00132855,161,149,3,2,1,2,2,0,7,92.54658385093167,1.8633540372670807,1.2422360248447204,0.6211180124223602,1.2422360248447204,1.2422360248447204,0,4.3478260869565215
E00132856,248,224,8,6,2,6,0,6,10,90.32258064516128,3.225806451612903,2.4193548387096775,0.8064516129032258,2.4193548387096775,0,2.4193548387096775,4.032258064516129
E00132857,195,183,5,3,2,3,2,1,4,93.84615384615384,2.564102564102564,1.5384615384615385,1.0256410256410255,1.5384615384615385,1.0256410256410255,0.5128205128205128,2.051282051282051
E00132858,291,265,10,8,2,6,3,3,10,91.06529209621993,3.436426116838488,2.7491408934707904,0.6872852233676976,2.0618556701030926,1.0309278350515463,1.0309278350515463,3.436426116838488
E00132859,296,268,14,11,3,6,4,2,8,90.54054054054053,4.72972972972973,3.7162162162162162,1.0135135135135136,2.027027027027027,1.3513513513513513,0.6756756756756757,2.7027027027027026
E00132861,342,314,16,15,1,4,3,1,8,91.81286549707602,4.678362573099415,4.385964912280701,0.29239766081871343,1.1695906432748537,0.8771929824561403,0.29239766081871343,2.3391812865497075
E00132862,257,229,15,12,3,4,4,0,9,89.10505836575877,5.836575875486381,4.669260700389105,1.1673151750972763,1.556420233463035,1.556420233463035,0,3.501945525291829
E00132863,293,283,5,5,0,1,0,1,4,96.58703071672356,1.7064846416382253,1.7064846416382253,0,0.3412969283276451,0,0.3412969283276451,1.3651877133105803
E00132864,282,267,11,9,2,1,0,1,3,94.68085106382979,3.900709219858156,3.1914893617021276,0.7092198581560284,0.3546099290780142,0,0.3546099290780142,1.0638297872340425
E00132865,260,238,13,9,4,2,1,1,7,91.53846153846153,5,3.4615384615384617,1.5384615384615385,0.7692307692307693,0.38461538461538464,0.38461538461538464,2.6923076923076925
E00132866,218,205,8,5,3,0,0,0,5,94.03669724770643,3.669724770642202,2.293577981651376,1.3761467889908259,0,0,0,2.293577981651376
E00132867,320,290,18,12,6,3,1,2,9,90.625,5.625,3.75,1.875,0.9375,0.3125,0.625,2.8125
E00132868,403,386,8,6,2,1,1,0,8,95.7816377171216,1.9851116625310175,1.488833746898263,0.49627791563275436,0.24813895781637718,0.24813895781637718,0,1.9851116625310175
E00132869,299,265,20,12,8,3,1,2,11,88.62876254180601,6.688963210702341,4.013377926421405,2.6755852842809364,1.0033444816053512,0.33444816053511706,0.6688963210702341,3.678929765886288
E00132870,370,337,11,9,2,7,4,3,15,91.08108108108108,2.9729729729729732,2.4324324324324325,0.5405405405405406,1.891891891891892,1.0810810810810811,0.8108108108108109,4.054054054054054
E00132871,342,318,19,11,8,1,0,1,4,92.98245614035088,5.555555555555555,3.216374269005848,2.3391812865497075,0.29239766081871343,0,0.29239766081871343,1.1695906432748537
E00132872,549,514,5,4,1,16,7,9,14,93.6247723132969,0.9107468123861567,0.7285974499089253,0.18214936247723132,2.914389799635701,1.2750455373406193,1.639344262295082,2.5500910746812386
E00132873,226,204,4,2,2,5,3,2,13,90.2654867256637,1.7699115044247788,0.8849557522123894,0.8849557522123894,2.2123893805309733,1.3274336283185841,0.8849557522123894,5.752212389380531
E00132874,314,261,13,6,7,13,3,10,27,83.12101910828027,4.140127388535031,1.910828025477707,2.229299363057325,4.140127388535031,0.9554140127388535,3.1847133757961785,8.598726114649681
E00132875,313,289,9,5,4,6,2,4,9,92.33226837060703,2.8753993610223643,1.5974440894568689,1.2779552715654952,1.9169329073482428,0.6389776357827476,1.2779552715654952,2.8753993610223643
E00132876,246,214,15,7,8,9,5,4,8,86.99186991869918,6.097560975609756,2.8455284552845526,3.2520325203252036,3.6585365853658534,2.0325203252032518,1.6260162601626018,3.2520325203252036
E00132877,146,131,7,5,2,2,0,2,6,89.72602739726028,4.794520547945205,3.4246575342465753,1.36986301369863,1.36986301369863,0,1.36986301369863,4.10958904109589
E00132878,244,216,11,10,1,7,3,4,10,88.52459016393442,4.508196721311475,4.098360655737705,0.4098360655737705,2.8688524590163933,1.2295081967213115,1.639344262295082,4.098360655737705
E00132879,275,252,8,6,2,5,3,2,10,91.63636363636364,2.909090909090909,2.181818181818182,0.7272727272727273,1.8181818181818181,1.090909090909091,0.7272727272727273,3.6363636363636362
E00132880,227,197,15,12,3,6,4,2,9,86.78414096916299,6.607929515418502,5.286343612334802,1.3215859030837005,2.643171806167401,1.762114537444934,0.881057268722467,3.9647577092511015
E00132881,298,267,20,18,2,5,3,2,6,89.59731543624162,6.7114093959731544,6.0402684563758395,0.6711409395973155,1.6778523489932886,1.006711409395973,0.6711409395973155,2.013422818791946
E00132882,371,331,20,15,5,4,2,2,16,89.21832884097036,5.3908355795148255,4.0431266846361185,1.3477088948787064,1.078167115902965,0.5390835579514826,0.5390835579514826,4.31266846361186
E00132883,230,204,4,4,0,12,1,11,10,88.69565217391305,1.7391304347826086,1.7391304347826086,0,5.217391304347826,0.43478260869565216,4.782608695652174,4.3478260869565215
E00132884,250,223,15,10,5,4,3,1,8,89.2,6,4,2,1.6,1.2,0.4,3.2
E00132885,227,207,9,7,2,5,4,1,6,91.18942731277532,3.9647577092511015,3.0837004405286343,0.881057268722467,2.2026431718061676,1.762114537444934,0.4405286343612335,2.643171806167401
E00132886,212,188,6,4,2,6,1,5,12,88.67924528301887,2.8301886792452833,1.8867924528301887,0.9433962264150944,2.8301886792452833,0.4716981132075472,2.358490566037736,5.660377358490567
E00132887,488,430,20,17,3,12,5,7,26,88.11475409836066,4.098360655737705,3.483606557377049,0.6147540983606558,2.459016393442623,1.0245901639344261,1.4344262295081966,5.327868852459016
E00132888,334,311,4,0,4,8,3,5,11,93.11377245508982,1.1976047904191618,0,1.1976047904191618,2.3952095808383236,0.8982035928143712,1.4970059880239521,3.293413173652695
E00132889,237,203,12,7,5,6,3,3,16,85.65400843881856,5.063291139240507,2.9535864978902953,2.109704641350211,2.5316455696202533,1.2658227848101267,1.2658227848101267,6.751054852320674
E00132890,320,278,6,4,2,15,4,11,21,86.875,1.875,1.25,0.625,4.6875,1.25,3.4375000000000004,6.5625
E00132891,238,216,8,5,3,3,2,1,11,90.75630252100841,3.361344537815126,2.100840336134454,1.2605042016806722,1.2605042016806722,0.8403361344537815,0.42016806722689076,4.621848739495799
E00132892,320,288,10,7,3,4,2,2,18,90,3.125,2.1875,0.9375,1.25,0.625,0.625,5.625
E00132893,274,247,2,1,1,10,1,9,15,90.14598540145985,0.7299270072992701,0.36496350364963503,0.36496350364963503,3.64963503649635,0.36496350364963503,3.2846715328467155,5.474452554744526
E00132894,224,194,17,9,8,2,1,1,11,86.60714285714286,7.5892857142857135,4.017857142857143,3.571428571428571,0.8928571428571428,0.4464285714285714,0.4464285714285714,4.910714285714286
E00132895,277,255,13,8,5,3,0,3,6,92.05776173285199,4.693140794223827,2.888086642599278,1.8050541516245486,1.083032490974729,0,1.083032490974729,2.166064981949458
E00132896,219,201,7,5,2,6,2,4,5,91.78082191780823,3.1963470319634704,2.28310502283105,0.91324200913242,2.73972602739726,0.91324200913242,1.82648401826484,2.28310502283105
E00132897,388,366,14,10,4,7,4,3,1,94.3298969072165,3.608247422680412,2.5773195876288657,1.0309278350515463,1.804123711340206,1.0309278350515463,0.7731958762886598,0.25773195876288657
E00132898,237,207,13,9,4,5,1,4,12,87.34177215189874,5.485232067510549,3.79746835443038,1.6877637130801686,2.109704641350211,0.42194092827004215,1.6877637130801686,5.063291139240507
E00132899,250,229,9,8,1,3,2,1,9,91.60000000000001,3.5999999999999996,3.2,0.4,1.2,0.8,0.4,3.5999999999999996
E00132900,251,235,9,5,4,2,0,2,5,93.62549800796812,3.5856573705179287,1.9920318725099602,1.593625498007968,0.796812749003984,0,0.796812749003984,1.9920318725099602
E00132901,289,273,11,8,3,2,0,2,3,94.4636678200692,3.8062283737024223,2.768166089965398,1.0380622837370241,0.6920415224913495,0,0.6920415224913495,1.0380622837370241
E00132902,318,286,8,4,4,13,10,3,11,89.937106918239,2.515723270440252,1.257861635220126,1.257861635220126,4.088050314465408,3.1446540880503147,0.9433962264150944,3.459119496855346
E00132903,270,254,10,8,2,2,1,1,4,94.07407407407408,3.7037037037037033,2.9629629629629632,0.7407407407407408,0.7407407407407408,0.3703703703703704,0.3703703703703704,1.4814814814814816
E00132904,302,291,5,4,1,3,3,0,3,96.35761589403974,1.6556291390728477,1.3245033112582782,0.33112582781456956,0.9933774834437087,0.9933774834437087,0,0.9933774834437087
E00132905,225,205,6,6,0,6,3,3,8,91.11111111111111,2.666666666666667,2.666666666666667,0,2.666666666666667,1.3333333333333335,1.3333333333333335,3.5555555555555554
E00132906,312,296,8,5,3,2,1,1,6,94.87179487179486,2.564102564102564,1.6025641025641024,0.9615384615384616,0.641025641025641,0.3205128205128205,0.3205128205128205,1.9230769230769231
E00132907,233,222,4,4,0,5,3,2,2,95.27896995708154,1.7167381974248928,1.7167381974248928,0,2.1459227467811157,1.2875536480686696,0.8583690987124464,0.8583690987124464
E00132908,435,420,10,5,5,3,1,2,2,96.55172413793103,2.2988505747126435,1.1494252873563218,1.1494252873563218,0.6896551724137931,0.22988505747126436,0.45977011494252873,0.45977011494252873
E00132909,333,315,5,4,1,7,1,6,6,94.5945945945946,1.5015015015015014,1.2012012012012012,0.3003003003003003,2.1021021021021022,0.3003003003003003,1.8018018018018018,1.8018018018018018
E00132910,386,371,6,5,1,7,1,6,2,96.11398963730569,1.5544041450777202,1.2953367875647668,0.2590673575129534,1.8134715025906734,0.2590673575129534,1.5544041450777202,0.5181347150259068
E00132911,351,340,4,3,1,3,1,2,4,96.86609686609687,1.1396011396011396,0.8547008547008548,0.2849002849002849,0.8547008547008548,0.2849002849002849,0.5698005698005698,1.1396011396011396
E00132912,399,381,12,11,1,5,2,3,1,95.48872180451127,3.007518796992481,2.756892230576441,0.2506265664160401,1.2531328320802004,0.5012531328320802,0.7518796992481203,0.2506265664160401
E00132913,284,264,6,6,0,4,2,2,10,92.95774647887323,2.112676056338028,2.112676056338028,0,1.4084507042253522,0.7042253521126761,0.7042253521126761,3.5211267605633805
E00132914,293,282,3,2,1,3,1,2,5,96.24573378839591,1.023890784982935,0.6825938566552902,0.3412969283276451,1.023890784982935,0.3412969283276451,0.6825938566552902,1.7064846416382253
E00132915,394,368,11,6,5,8,4,4,7,93.4010152284264,2.7918781725888326,1.5228426395939088,1.2690355329949239,2.030456852791878,1.015228426395939,1.015228426395939,1.7766497461928936
E00132916,309,274,24,17,7,3,1,2,8,88.67313915857605,7.766990291262135,5.501618122977346,2.26537216828479,0.9708737864077669,0.3236245954692557,0.6472491909385114,2.5889967637540456
E00132917,337,313,8,5,3,7,1,6,9,92.87833827893175,2.3738872403560833,1.483679525222552,0.8902077151335311,2.0771513353115725,0.2967359050445104,1.7804154302670623,2.6706231454005933
E00132918,313,299,4,1,3,3,0,3,7,95.52715654952077,1.2779552715654952,0.3194888178913738,0.9584664536741214,0.9584664536741214,0,0.9584664536741214,2.2364217252396164
E00132919,303,288,5,4,1,4,0,4,6,95.04950495049505,1.65016501650165,1.3201320132013201,0.33003300330033003,1.3201320132013201,0,1.3201320132013201,1.9801980198019802
E00132920,314,294,15,12,3,3,2,1,2,93.63057324840764,4.777070063694268,3.821656050955414,0.9554140127388535,0.9554140127388535,0.6369426751592357,0.3184713375796179,0.6369426751592357
E00132921,246,232,5,5,0,4,2,2,5,94.3089430894309,2.0325203252032518,2.0325203252032518,0,1.6260162601626018,0.8130081300813009,0.8130081300813009,2.0325203252032518
E00132922,331,309,11,10,1,6,4,2,5,93.35347432024169,3.3232628398791544,3.0211480362537766,0.3021148036253776,1.812688821752266,1.2084592145015105,0.6042296072507553,1.5105740181268883
E00132923,341,326,7,6,1,2,1,1,6,95.60117302052787,2.0527859237536656,1.7595307917888565,0.2932551319648094,0.5865102639296188,0.2932551319648094,0.2932551319648094,1.7595307917888565
E00132924,244,231,9,5,4,0,0,0,4,94.67213114754098,3.6885245901639343,2.0491803278688523,1.639344262295082,0,0,0,1.639344262295082
E00173629,460,441,12,10,2,3,1,2,4,95.86956521739131,2.608695652173913,2.1739130434782608,0.43478260869565216,0.6521739130434783,0.21739130434782608,0.43478260869565216,0.8695652173913043
E00173630,281,262,8,7,1,5,2,3,6,93.23843416370107,2.8469750889679712,2.491103202846975,0.3558718861209964,1.7793594306049825,0.7117437722419928,1.0676156583629894,2.135231316725979
E00173631,315,288,18,13,5,3,0,3,6,91.42857142857143,5.714285714285714,4.1269841269841265,1.5873015873015872,0.9523809523809524,0,0.9523809523809524,1.9047619047619049
E00173633,173,171,1,1,0,0,0,0,1,98.84393063583815,0.5780346820809248,0.5780346820809248,0,0,0,0,0.5780346820809248
E00173635,435,401,18,12,6,7,4,3,9,92.18390804597702,4.137931034482759,2.7586206896551726,1.3793103448275863,1.6091954022988506,0.9195402298850575,0.6896551724137931,2.0689655172413794
E00173636,236,224,4,3,1,4,1,3,4,94.91525423728814,1.694915254237288,1.2711864406779663,0.423728813559322,1.694915254237288,0.423728813559322,1.2711864406779663,1.694915254237288
E00173637,121,109,7,6,1,1,1,0,4,90.08264462809917,5.785123966942149,4.958677685950414,0.8264462809917356,0.8264462809917356,0.8264462809917356,0,3.3057851239669422
E00173638,220,204,3,3,0,4,2,2,9,92.72727272727272,1.3636363636363635,1.3636363636363635,0,1.8181818181818181,0.9090909090909091,0.9090909090909091,4.090909090909091
E00173639,424,387,12,7,5,10,5,5,15,91.27358490566037,2.8301886792452833,1.650943396226415,1.179245283018868,2.358490566037736,1.179245283018868,1.179245283018868,3.5377358490566038
E00173640,476,473,3,3,0,0,0,0,0,99.36974789915966,0.6302521008403361,0.6302521008403361,0,0,0,0,0
E00173641,281,270,6,6,0,1,1,0,4,96.08540925266904,2.135231316725979,2.135231316725979,0,0.3558718861209964,0.3558718861209964,0,1.4234875444839856
E00173642,159,137,9,4,5,5,3,2,8,86.16352201257862,5.660377358490567,2.515723270440252,3.1446540880503147,3.1446540880503147,1.8867924528301887,1.257861635220126,5.031446540880504
E00173643,305,288,11,9,2,1,1,0,5,94.42622950819673,3.606557377049181,2.9508196721311477,0.6557377049180327,0.32786885245901637,0.32786885245901637,0,1.639344262295082
E00173644,276,259,6,5,1,4,0,4,7,93.84057971014492,2.1739130434782608,1.8115942028985508,0.36231884057971014,1.4492753623188406,0,1.4492753623188406,2.536231884057971
E00173645,306,287,10,9,1,1,1,0,8,93.79084967320262,3.2679738562091507,2.941176470588235,0.32679738562091504,0.32679738562091504,0.32679738562091504,0,2.6143790849673203
E00173646,136,130,6,4,2,0,0,0,0,95.58823529411765,4.411764705882353,2.941176470588235,1.4705882352941175,0,0,0,0
E00173648,329,298,11,9,2,5,4,1,15,90.5775075987842,3.343465045592705,2.735562310030395,0.60790273556231,1.5197568389057752,1.21580547112462,0.303951367781155,4.5592705167173255
E00173649,147,131,7,3,4,7,5,2,2,89.1156462585034,4.761904761904762,2.0408163265306123,2.7210884353741496,4.761904761904762,3.4013605442176873,1.3605442176870748,1.3605442176870748
E00173651,363,348,7,5,2,3,0,3,5,95.86776859504133,1.9283746556473829,1.3774104683195594,0.5509641873278237,0.8264462809917356,0,0.8264462809917356,1.3774104683195594
E00173652,125,115,4,2,2,1,1,0,5,92,3.2,1.6,1.6,0.8,0.8,0,4
E00173653,478,454,7,4,3,13,7,6,4,94.97907949790795,1.4644351464435146,0.8368200836820083,0.6276150627615062,2.7196652719665275,1.4644351464435146,1.2552301255230125,0.8368200836820083
E00173654,470,430,24,16,8,5,3,2,11,91.48936170212765,5.106382978723404,3.404255319148936,1.702127659574468,1.0638297872340425,0.6382978723404255,0.425531914893617,2.3404255319148937
E00173655,445,415,21,16,5,6,5,1,3,93.25842696629213,4.719101123595506,3.5955056179775284,1.1235955056179776,1.348314606741573,1.1235955056179776,0.22471910112359553,0.6741573033707865
E00185276,1258,1217,37,34,3,2,0,2,2,96.74085850556439,2.941176470588235,2.7027027027027026,0.23847376788553257,0.1589825119236884,0,0.1589825119236884,0.1589825119236884
E00185283,397,377,11,10,1,5,2,3,4,94.96221662468514,2.770780856423174,2.518891687657431,0.2518891687657431,1.2594458438287155,0.5037783375314862,0.7556675062972292,1.0075566750629723
E00185299,566,549,11,8,3,3,2,1,3,96.99646643109541,1.9434628975265018,1.4134275618374559,0.5300353356890459,0.5300353356890459,0.35335689045936397,0.17667844522968199,0.5300353356890459
E00185314,308,281,18,14,4,4,3,1,5,91.23376623376623,5.844155844155844,4.545454545454546,1.2987012987012987,1.2987012987012987,0.974025974025974,0.3246753246753247,1.6233766233766231
E00185319,590,575,11,5,6,3,1,2,1,97.45762711864407,1.864406779661017,0.847457627118644,1.0169491525423728,0.5084745762711864,0.1694915254237288,0.3389830508474576,0.1694915254237288
E00185322,407,368,22,16,6,2,2,0,15,90.41769041769042,5.405405405405405,3.9312039312039313,1.4742014742014742,0.4914004914004914,0.4914004914004914,0,3.6855036855036856
E00185330,231,206,8,7,1,5,4,1,12,89.17748917748918,3.463203463203463,3.0303030303030303,0.4329004329004329,2.1645021645021645,1.7316017316017316,0.4329004329004329,5.194805194805195
E00185331,383,360,12,9,3,5,1,4,6,93.99477806788512,3.1331592689295036,2.3498694516971277,0.7832898172323759,1.3054830287206265,0.26109660574412535,1.0443864229765014,1.5665796344647518
E00185332,1366,1348,18,16,2,0,0,0,0,98.68228404099561,1.3177159590043925,1.171303074670571,0.14641288433382138,0,0,0,0
E00185349,229,208,17,13,4,2,1,1,2,90.82969432314411,7.423580786026202,5.676855895196507,1.7467248908296942,0.8733624454148471,0.43668122270742354,0.43668122270742354,0.8733624454148471
E00185363,293,269,13,11,2,9,2,7,2,91.80887372013652,4.436860068259386,3.754266211604096,0.6825938566552902,3.0716723549488054,0.6825938566552902,2.3890784982935154,0.6825938566552902
E00185371,222,200,12,8,4,0,0,0,10,90.09009009009009,5.405405405405405,3.6036036036036037,1.8018018018018018,0,0,0,4.504504504504505
E00185377,1168,1129,26,23,3,5,3,2,8,96.66095890410958,2.2260273972602738,1.9691780821917808,0.2568493150684931,0.4280821917808219,0.2568493150684931,0.17123287671232876,0.684931506849315
E00185378,223,204,16,13,3,0,0,0,3,91.4798206278027,7.174887892376682,5.829596412556054,1.345291479820628,0,0,0,1.345291479820628
E00185390,646,627,10,8,2,4,3,1,5,97.05882352941177,1.5479876160990713,1.238390092879257,0.30959752321981426,0.6191950464396285,0.46439628482972134,0.15479876160990713,0.7739938080495357
E00185399,144,128,6,5,1,3,2,1,7,88.88888888888889,4.166666666666666,3.4722222222222223,0.6944444444444444,2.083333333333333,1.3888888888888888,0.6944444444444444,4.861111111111112
E00185400,385,368,12,9,3,2,0,2,3,95.58441558441558,3.116883116883117,2.3376623376623376,0.7792207792207793,0.5194805194805194,0,0.5194805194805194,0.7792207792207793
E00185420,348,321,15,12,3,3,2,1,9,92.24137931034483,4.310344827586207,3.4482758620689653,0.8620689655172413,0.8620689655172413,0.5747126436781609,0.28735632183908044,2.586206896551724
E00185422,323,300,13,8,5,3,0,3,7,92.87925696594426,4.024767801857585,2.476780185758514,1.5479876160990713,0.9287925696594427,0,0.9287925696594427,2.1671826625387
E00185427,175,151,8,4,4,7,3,4,9,86.28571428571429,4.571428571428571,2.2857142857142856,2.2857142857142856,4,1.7142857142857144,2.2857142857142856,5.142857142857142
E00185428,275,257,7,5,2,7,0,7,4,93.45454545454545,2.5454545454545454,1.8181818181818181,0.7272727272727273,2.5454545454545454,0,2.5454545454545454,1.4545454545454546
