OA,ts0390001,ts0390002,ts0390003,ts0390004,ts0390005,ts0390006,ts0390007,ts0390008,ts0390009,ts0390002_PCT,ts0390003_PCT,ts0390004_PCT,ts0390005_PCT,ts0390006_PCT,ts0390007_PCT,ts0390008_PCT,ts0390009_PCT
E00117613,283,257,13,9,4,5,1,4,8,90.81272084805654,4.593639575971731,3.180212014134275,1.4134275618374559,1.76678445229682,0.35335689045936397,1.4134275618374559,2.8268551236749118
E00117614,199,184,12,11,1,0,0,0,3,92.46231155778895,6.030150753768844,5.527638190954774,0.5025125628140703,0,0,0,1.507537688442211
E00117615,315,295,14,10,4,3,2,1,3,93.65079365079364,4.444444444444445,3.1746031746031744,1.2698412698412698,0.9523809523809524,0.6349206349206349,0.31746031746031744,0.9523809523809524
E00117616,322,294,19,15,4,3,2,1,6,91.30434782608695,5.900621118012422,4.658385093167702,1.2422360248447204,0.9316770186335404,0.6211180124223602,0.3105590062111801,1.8633540372670807
E00117617,268,233,18,13,5,3,1,2,14,86.94029850746269,6.7164179104477615,4.850746268656716,1.8656716417910446,1.1194029850746268,0.3731343283582089,0.7462686567164178,5.223880597014925
E00117618,218,198,9,8,1,3,0,3,8,90.82568807339449,4.128440366972478,3.669724770642202,0.45871559633027525,1.3761467889908259,0,1.3761467889908259,3.669724770642202
E00117619,227,208,12,10,2,5,4,1,2,91.62995594713657,5.286343612334802,4.405286343612335,0.881057268722467,2.2026431718061676,1.762114537444934,0.4405286343612335,0.881057268722467
E00117620,280,255,15,12,3,1,0,1,9,91.07142857142857,5.357142857142857,4.285714285714286,1.0714285714285714,0.35714285714285715,0,0.35714285714285715,3.214285714285714
E00117621,225,204,14,11,3,4,3,1,3,90.66666666666666,6.222222222222222,4.888888888888889,1.3333333333333335,1.7777777777777777,1.3333333333333335,0.4444444444444444,1.3333333333333335
E00117622,255,235,12,9,3,0,0,0,8,92.15686274509804,4.705882352941177,3.5294117647058822,1.1764705882352942,0,0,0,3.1372549019607843
E00117623,356,322,21,15,6,5,2,3,8,90.4494382022472,5.8988764044943816,4.213483146067416,1.6853932584269662,1.4044943820224718,0.5617977528089888,0.8426966292134831,2.247191011235955
E00117624,271,251,4,3,1,8,2,6,8,92.619926199262,1.4760147601476015,1.107011070110701,0.36900369003690037,2.952029520295203,0.7380073800738007,2.214022140221402,2.952029520295203
E00117625,283,260,12,8,4,6,2,4,5,91.87279151943463,4.240282685512367,2.8268551236749118,1.4134275618374559,2.1201413427561837,0.7067137809187279,1.4134275618374559,1.76678445229682
E00117626,399,363,18,10,8,6,4,2,12,90.97744360902256,4.511278195488721,2.506265664160401,2.0050125313283207,1.5037593984962405,1.0025062656641603,0.5012531328320802,3.007518796992481
E00117627,261,236,14,10,4,5,1,4,6,90.42145593869732,5.363984674329502,3.8314176245210727,1.532567049808429,1.9157088122605364,0.38314176245210724,1.532567049808429,2.2988505747126435
E00117628,395,360,18,14,4,4,2,2,13,91.13924050632912,4.556962025316456,3.5443037974683547,1.0126582278481013,1.0126582278481013,0.5063291139240507,0.5063291139240507,3.2911392405063293
E00117630,345,320,12,8,4,6,3,3,7,92.7536231884058,3.4782608695652173,2.318840579710145,1.1594202898550725,1.7391304347826086,0.8695652173913043,0.8695652173913043,2.0289855072463765
E00117632,302,270,11,8,3,8,4,4,13,89.40397350993378,3.642384105960265,2.6490066225165565,0.9933774834437087,2.6490066225165565,1.3245033112582782,1.3245033112582782,4.304635761589404
E00117634,275,248,14,8,6,5,1,4,8,90.18181818181819,5.090909090909091,2.909090909090909,2.181818181818182,1.8181818181818181,0.36363636363636365,1.4545454545454546,2.909090909090909
E00117635,300,261,14,8,6,11,6,5,14,87,4.666666666666667,2.666666666666667,2,3.6666666666666665,2,1.6666666666666667,4.666666666666667
E00117636,305,278,7,6,1,6,2,4,14,91.14754098360656,2.2950819672131146,1.9672131147540985,0.32786885245901637,1.9672131147540985,0.6557377049180327,1.3114754098360655,4.590163934426229
E00117637,303,280,13,10,3,5,0,5,5,92.4092409240924,4.29042904290429,3.3003300330033,0.9900990099009901,1.65016501650165,0,1.65016501650165,1.65016501650165
E00117638,295,269,11,8,3,5,1,4,10,91.18644067796609,3.728813559322034,2.711864406779661,1.0169491525423728,1.694915254237288,0.3389830508474576,1.3559322033898304,3.389830508474576
E00117639,250,229,8,8,0,4,0,4,9,91.60000000000001,3.2,3.2,0,1.6,0,1.6,3.5999999999999996
E00117640,286,258,13,10,3,7,5,2,8,90.20979020979021,4.545454545454546,3.4965034965034967,1.048951048951049,2.4475524475524475,1.7482517482517483,0.6993006993006993,2.797202797202797
E00117641,200,183,11,8,3,1,0,1,5,91.5,5.5,4,1.5,0.5,0,0.5,2.5
E00117642,346,314,13,10,3,5,2,3,14,90.7514450867052,3.7572254335260116,2.8901734104046244,0.8670520231213872,1.4450867052023122,0.5780346820809248,0.8670520231213872,4.046242774566474
E00117643,322,283,16,11,5,10,4,6,13,87.88819875776397,4.968944099378882,3.4161490683229814,1.5527950310559007,3.1055900621118013,1.2422360248447204,1.8633540372670807,4.037267080745342
E00117644,301,273,8,7,1,12,5,7,8,90.69767441860465,2.6578073089700998,2.3255813953488373,0.33222591362126247,3.9867109634551494,1.6611295681063125,2.3255813953488373,2.6578073089700998
E00117645,278,271,5,5,0,0,0,0,2,97.48201438848922,1.7985611510791366,1.7985611510791366,0,0,0,0,0.7194244604316548
E00117646,217,195,12,8,4,4,3,1,6,89.86175115207374,5.529953917050691,3.686635944700461,1.8433179723502304,1.8433179723502304,1.3824884792626728,0.4608294930875576,2.7649769585253456
E00117647,383,348,11,6,5,7,4,3,17,90.86161879895562,2.8720626631853787,1.5665796344647518,1.3054830287206265,1.8276762402088773,1.0443864229765014,0.7832898172323759,4.43864229765013
E00117648,290,270,8,7,1,2,0,2,10,93.10344827586206,2.7586206896551726,2.413793103448276,0.3448275862068966,0.6896551724137931,0,0.6896551724137931,3.4482758620689653
E00117649,336,305,9,4,5,9,4,5,13,90.77380952380952,2.6785714285714284,1.1904761904761905,1.488095238095238,2.6785714285714284,1.1904761904761905,1.488095238095238,3.869047619047619
E00117650,370,341,10,7,3,5,2,3,14,92.16216216216216,2.7027027027027026,1.891891891891892,0.8108108108108109,1.3513513513513513,0.5405405405405406,0.8108108108108109,3.783783783783784
E00117651,283,240,20,7,13,10,6,4,13,84.80565371024736,7.06713780918728,2.4734982332155475,4.593639575971731,3.53356890459364,2.1201413427561837,1.4134275618374559,4.593639575971731
E00117653,221,192,13,11,2,8,4,4,8,86.87782805429865,5.88235294117647,4.97737556561086,0.904977375565611,3.619909502262444,1.809954751131222,1.809954751131222,3.619909502262444
E00117654,340,308,22,17,5,8,4,4,2,90.58823529411765,6.470588235294119,5,1.4705882352941175,2.3529411764705883,1.1764705882352942,1.1764705882352942,0.5882352941176471
E00117655,344,309,23,23,0,7,7,0,5,89.82558139534885,6.686046511627906,6.686046511627906,0,2.0348837209302326,2.0348837209302326,0,1.4534883720930232
E00117656,372,333,24,19,5,6,3,3,9,89.51612903225806,6.451612903225806,5.10752688172043,1.3440860215053763,1.6129032258064515,0.8064516129032258,0.8064516129032258,2.4193548387096775
E00117657,408,389,15,11,4,1,0,1,3,95.34313725490196,3.6764705882352944,2.696078431372549,0.9803921568627451,0.24509803921568626,0,0.24509803921568626,0.7352941176470588
E00117658,293,252,27,24,3,4,4,0,10,86.00682593856655,9.215017064846416,8.19112627986348,1.023890784982935,1.3651877133105803,1.3651877133105803,0,3.4129692832764507
E00117659,347,322,12,9,3,9,6,3,4,92.79538904899135,3.45821325648415,2.5936599423631126,0.8645533141210375,2.5936599423631126,1.729106628242075,0.8645533141210375,1.1527377521613833
E00117660,300,269,15,11,4,9,6,3,7,89.66666666666666,5,3.6666666666666665,1.3333333333333335,3,2,1,2.3333333333333335
E00117661,321,286,18,12,6,6,4,2,11,89.09657320872275,5.607476635514018,3.7383177570093453,1.8691588785046727,1.8691588785046727,1.2461059190031152,0.6230529595015576,3.4267912772585665
E00117662,313,284,17,14,3,5,3,2,7,90.73482428115017,5.431309904153355,4.472843450479233,0.9584664536741214,1.5974440894568689,0.9584664536741214,0.6389776357827476,2.2364217252396164
E00117663,256,236,15,9,6,1,1,0,4,92.1875,5.859375,3.515625,2.34375,0.390625,0.390625,0,1.5625
E00117664,262,236,18,14,4,6,3,3,2,90.07633587786259,6.870229007633588,5.343511450381679,1.5267175572519083,2.2900763358778624,1.1450381679389312,1.1450381679389312,0.7633587786259541
E00117665,367,332,24,20,4,6,4,2,5,90.46321525885558,6.539509536784741,5.449591280653951,1.08991825613079,1.6348773841961852,1.08991825613079,0.544959128065395,1.3623978201634876
E00117666,259,233,20,16,4,1,0,1,5,89.96138996138995,7.722007722007722,6.177606177606178,1.5444015444015444,0.3861003861003861,0,0.3861003861003861,1.9305019305019304
E00117667,164,152,3,1,2,2,2,0,7,92.6829268292683,1.8292682926829267,0.6097560975609756,1.2195121951219512,1.2195121951219512,1.2195121951219512,0,4.2682926829268295
E00117668,256,230,21,17,4,0,0,0,5,89.84375,8.203125,6.640625,1.5625,0,0,0,1.953125
E00117669,287,258,19,13,6,1,1,0,9,89.89547038327527,6.620209059233449,4.529616724738676,2.0905923344947737,0.34843205574912894,0.34843205574912894,0,3.1358885017421603
E00117670,281,262,8,7,1,3,2,1,8,93.23843416370107,2.8469750889679712,2.491103202846975,0.3558718861209964,1.0676156583629894,0.7117437722419928,0.3558718861209964,2.8469750889679712
E00117672,265,245,11,9,2,4,1,3,5,92.45283018867924,4.150943396226415,3.3962264150943398,0.7547169811320755,1.509433962264151,0.37735849056603776,1.1320754716981132,1.8867924528301887
E00117673,277,243,27,23,4,3,1,2,4,87.72563176895306,9.747292418772563,8.303249097472925,1.444043321299639,1.083032490974729,0.36101083032490977,0.7220216606498195,1.444043321299639
E00117674,175,160,11,9,2,3,0,3,1,91.42857142857143,6.2857142857142865,5.142857142857142,1.1428571428571428,1.7142857142857144,0,1.7142857142857144,0.5714285714285714
E00117675,272,248,18,13,5,4,2,2,2,91.17647058823529,6.61764705882353,4.779411764705882,1.8382352941176472,1.4705882352941175,0.7352941176470588,0.7352941176470588,0.7352941176470588
E00117676,290,260,17,15,2,5,4,1,8,89.65517241379311,5.862068965517241,5.172413793103448,0.6896551724137931,1.7241379310344827,1.3793103448275863,0.3448275862068966,2.7586206896551726
E00117677,253,231,12,12,0,1,1,0,9,91.30434782608695,4.743083003952568,4.743083003952568,0,0.3952569169960474,0.3952569169960474,0,3.557312252964427
E00117678,320,292,26,18,8,2,0,2,0,91.25,8.125,5.625,2.5,0.625,0,0.625,0
E00117679,409,385,12,10,2,6,3,3,6,94.13202933985329,2.93398533007335,2.444987775061125,0.4889975550122249,1.466992665036675,0.7334963325183375,0.7334963325183375,1.466992665036675
E00117680,365,330,16,14,2,10,6,4,9,90.41095890410958,4.383561643835616,3.8356164383561646,0.547945205479452,2.73972602739726,1.643835616438356,1.095890410958904,2.4657534246575343
E00117681,358,324,25,19,6,4,3,1,5,90.5027932960894,6.983240223463687,5.307262569832402,1.675977653631285,1.1173184357541899,0.8379888268156425,0.27932960893854747,1.3966480446927374
E00117682,306,277,15,10,5,4,2,2,10,90.52287581699346,4.901960784313726,3.2679738562091507,1.6339869281045754,1.3071895424836601,0.6535947712418301,0.6535947712418301,3.2679738562091507
E00117683,298,265,22,18,4,5,2,3,6,88.9261744966443,7.38255033557047,6.0402684563758395,1.342281879194631,1.6778523489932886,0.6711409395973155,1.006711409395973,2.013422818791946
E00117684,386,366,14,10,4,1,1,0,5,94.81865284974094,3.6269430051813467,2.5906735751295336,1.0362694300518136,0.2590673575129534,0.2590673575129534,0,1.2953367875647668
E00117685,253,240,8,8,0,2,2,0,3,94.86166007905138,3.1620553359683794,3.1620553359683794,0,0.7905138339920948,0.7905138339920948,0,1.185770750988142
E00117686,346,306,28,24,4,9,5,4,3,88.4393063583815,8.092485549132949,6.9364161849710975,1.1560693641618496,2.601156069364162,1.4450867052023122,1.1560693641618496,0.8670520231213872
E00117687,337,294,20,15,5,9,4,5,14,87.24035608308606,5.934718100890208,4.451038575667656,1.483679525222552,2.6706231454005933,1.1869436201780417,1.483679525222552,4.154302670623145
E00117688,236,210,14,13,1,5,3,2,7,88.98305084745762,5.932203389830509,5.508474576271186,0.423728813559322,2.11864406779661,1.2711864406779663,0.847457627118644,2.9661016949152543
E00117689,354,324,20,16,4,3,3,0,7,91.52542372881356,5.649717514124294,4.519774011299435,1.1299435028248588,0.847457627118644,0.847457627118644,0,1.977401129943503
E00117690,284,256,24,19,5,1,0,1,3,90.14084507042254,8.450704225352112,6.690140845070422,1.7605633802816902,0.35211267605633806,0,0.35211267605633806,1.056338028169014
E00117691,372,351,16,13,3,0,0,0,5,94.35483870967742,4.301075268817205,3.494623655913978,0.8064516129032258,0,0,0,1.3440860215053763
E00117692,330,291,24,19,5,7,1,6,8,88.18181818181819,7.2727272727272725,5.757575757575758,1.5151515151515151,2.1212121212121215,0.30303030303030304,1.8181818181818181,2.4242424242424243
E00117693,312,288,15,12,3,3,2,1,6,92.3076923076923,4.807692307692308,3.8461538461538463,0.9615384615384616,0.9615384615384616,0.641025641025641,0.3205128205128205,1.9230769230769231
E00117694,288,254,27,23,4,2,1,1,5,88.19444444444444,9.375,7.986111111111111,1.3888888888888888,0.6944444444444444,0.3472222222222222,0.3472222222222222,1.7361111111111112
E00117695,126,119,5,5,0,2,0,2,0,94.44444444444444,3.968253968253968,3.968253968253968,0,1.5873015873015872,0,1.5873015873015872,0
E00117696,204,190,9,6,3,3,1,2,2,93.13725490196079,4.411764705882353,2.941176470588235,1.4705882352941175,1.4705882352941175,0.49019607843137253,0.9803921568627451,0.9803921568627451
E00117697,337,315,12,8,4,2,1,1,8,93.47181008902076,3.5608308605341246,2.3738872403560833,1.1869436201780417,0.5934718100890208,0.2967359050445104,0.2967359050445104,2.3738872403560833
E00117698,287,265,12,9,3,5,3,2,5,92.33449477351915,4.181184668989547,3.1358885017421603,1.0452961672473868,1.7421602787456445,1.0452961672473868,0.6968641114982579,1.7421602787456445
E00117699,288,267,18,15,3,0,0,0,3,92.70833333333334,6.25,5.208333333333334,1.0416666666666665,0,0,0,1.0416666666666665
E00117700,273,254,5,4,1,3,3,0,11,93.04029304029304,1.8315018315018317,1.465201465201465,0.3663003663003663,1.098901098901099,1.098901098901099,0,4.029304029304029
E00117701,248,232,11,10,1,3,0,3,2,93.54838709677419,4.435483870967742,4.032258064516129,0.4032258064516129,1.2096774193548387,0,1.2096774193548387,0.8064516129032258
E00117702,281,251,20,15,5,0,0,0,10,89.32384341637011,7.11743772241993,5.338078291814947,1.7793594306049825,0,0,0,3.558718861209965
E00117703,389,353,17,12,5,3,1,2,16,90.74550128534705,4.370179948586118,3.0848329048843186,1.2853470437017995,0.7712082262210797,0.2570694087403599,0.5141388174807198,4.113110539845758
E00117704,216,202,12,8,4,0,0,0,2,93.51851851851852,5.555555555555555,3.7037037037037033,1.8518518518518516,0,0,0,0.9259259259259258
E00117705,444,402,29,25,4,6,3,3,7,90.54054054054053,6.531531531531531,5.63063063063063,0.9009009009009009,1.3513513513513513,0.6756756756756757,0.6756756756756757,1.5765765765765765
E00117706,236,220,11,8,3,0,0,0,5,93.22033898305084,4.661016949152542,3.389830508474576,1.2711864406779663,0,0,0,2.11864406779661
E00117707,311,285,19,15,4,5,0,5,2,91.63987138263666,6.109324758842444,4.823151125401929,1.2861736334405145,1.607717041800643,0,1.607717041800643,0.6430868167202572
E00117708,272,243,22,15,7,3,0,3,4,89.33823529411765,8.088235294117647,5.514705882352941,2.5735294117647056,1.1029411764705883,0,1.1029411764705883,1.4705882352941175
E00117709,146,126,19,18,1,0,0,0,1,86.3013698630137,13.013698630136986,12.32876712328767,0.684931506849315,0,0,0,0.684931506849315
E00117710,348,321,18,17,1,4,3,1,5,92.24137931034483,5.172413793103448,4.885057471264368,0.28735632183908044,1.1494252873563218,0.8620689655172413,0.28735632183908044,1.4367816091954022
E00117711,115,105,6,6,0,2,2,0,2,91.30434782608695,5.217391304347826,5.217391304347826,0,1.7391304347826086,1.7391304347826086,0,1.7391304347826086
E00117712,109,106,2,2,0,0,0,0,1,97.24770642201835,1.834862385321101,1.834862385321101,0,0,0,0,0.9174311926605505
E00117713,272,255,11,10,1,2,1,1,4,93.75,4.044117647058823,3.6764705882352944,0.3676470588235294,0.7352941176470588,0.3676470588235294,0.3676470588235294,1.4705882352941175
E00117714,168,158,4,3,1,2,2,0,4,94.04761904761905,2.380952380952381,1.7857142857142856,0.5952380952380952,1.1904761904761905,1.1904761904761905,0,2.380952380952381
E00117715,221,208,6,4,2,2,1,1,5,94.11764705882352,2.7149321266968327,1.809954751131222,0.904977375565611,0.904977375565611,0.4524886877828055,0.4524886877828055,2.262443438914027
E00117716,243,217,17,14,3,4,4,0,5,89.30041152263375,6.995884773662551,5.761316872427984,1.2345679012345678,1.646090534979424,1.646090534979424,0,2.05761316872428
E00117717,331,294,21,14,7,5,2,3,11,88.82175226586104,6.3444108761329305,4.229607250755287,2.1148036253776437,1.5105740181268883,0.6042296072507553,0.906344410876133,3.3232628398791544
E00117718,263,236,15,11,4,1,1,0,11,89.73384030418251,5.7034220532319395,4.182509505703422,1.520912547528517,0.38022813688212925,0.38022813688212925,0,4.182509505703422
E00117719,297,266,22,20,2,4,2,2,5,89.56228956228956,7.4074074074074066,6.7340067340067336,0.6734006734006733,1.3468013468013467,0.6734006734006733,0.6734006734006733,1.6835016835016834
E00117720,265,240,15,13,2,3,1,2,7,90.56603773584906,5.660377358490567,4.905660377358491,0.7547169811320755,1.1320754716981132,0.37735849056603776,0.7547169811320755,2.6415094339622645
E00117721,266,251,11,11,0,1,1,0,3,94.3609022556391,4.135338345864661,4.135338345864661,0,0.37593984962406013,0.37593984962406013,0,1.1278195488721803
E00117722,279,250,18,11,7,5,1,4,6,89.6057347670251,6.451612903225806,3.942652329749104,2.5089605734767026,1.7921146953405016,0.35842293906810035,1.4336917562724014,2.1505376344086025
E00117723,209,188,10,6,4,2,2,0,9,89.95215311004785,4.784688995215311,2.8708133971291865,1.9138755980861244,0.9569377990430622,0.9569377990430622,0,4.30622009569378
E00117724,236,210,18,17,1,2,0,2,6,88.98305084745762,7.627118644067797,7.203389830508475,0.423728813559322,0.847457627118644,0,0.847457627118644,2.5423728813559325
E00117725,457,416,19,13,6,6,4,2,16,91.02844638949672,4.157549234135667,2.8446389496717726,1.312910284463895,1.312910284463895,0.87527352297593,0.437636761487965,3.50109409190372
E00117726,304,287,11,8,3,0,0,0,6,94.4078947368421,3.618421052631579,2.631578947368421,0.9868421052631579,0,0,0,1.9736842105263157
E00117727,111,101,7,5,2,2,1,1,1,90.990990990991,6.306306306306306,4.504504504504505,1.8018018018018018,1.8018018018018018,0.9009009009009009,0.9009009009009009,0.9009009009009009
E00117728,270,246,19,14,5,3,3,0,2,91.11111111111111,7.037037037037037,5.185185185185185,1.8518518518518516,1.1111111111111112,1.1111111111111112,0,0.7407407407407408
E00117729,445,399,28,25,3,7,3,4,11,89.66292134831461,6.292134831460674,5.617977528089887,0.6741573033707865,1.5730337078651686,0.6741573033707865,0.8988764044943821,2.4719101123595504
E00117730,417,388,15,11,4,5,3,2,9,93.04556354916068,3.5971223021582732,2.6378896882494005,0.9592326139088728,1.1990407673860912,0.7194244604316548,0.4796163069544364,2.158273381294964
E00117731,500,450,33,23,10,6,3,3,11,90,6.6000000000000005,4.6,2,1.2,0.6,0.6,2.1999999999999997
E00117732,405,361,30,24,6,6,2,4,8,89.13580246913581,7.4074074074074066,5.9259259259259265,1.4814814814814816,1.4814814814814816,0.49382716049382713,0.9876543209876543,1.9753086419753085
E00117733,249,237,6,3,3,3,2,1,3,95.18072289156626,2.4096385542168677,1.2048192771084338,1.2048192771084338,1.2048192771084338,0.8032128514056224,0.4016064257028112,1.2048192771084338
E00117734,567,526,32,20,12,3,0,3,6,92.7689594356261,5.64373897707231,3.527336860670194,2.1164021164021163,0.5291005291005291,0,0.5291005291005291,1.0582010582010581
E00117735,346,316,24,17,7,1,1,0,5,91.32947976878613,6.9364161849710975,4.913294797687861,2.023121387283237,0.2890173410404624,0.2890173410404624,0,1.4450867052023122
E00117736,321,298,14,10,4,6,4,2,3,92.83489096573209,4.361370716510903,3.115264797507788,1.2461059190031152,1.8691588785046727,1.2461059190031152,0.6230529595015576,0.9345794392523363
E00117737,339,311,16,14,2,4,3,1,8,91.74041297935102,4.71976401179941,4.129793510324483,0.5899705014749262,1.1799410029498525,0.8849557522123894,0.2949852507374631,2.359882005899705
E00117739,318,288,14,11,3,7,4,3,9,90.56603773584906,4.40251572327044,3.459119496855346,0.9433962264150944,2.20125786163522,1.257861635220126,0.9433962264150944,2.8301886792452833
E00117740,223,208,10,8,2,3,0,3,2,93.27354260089686,4.484304932735426,3.587443946188341,0.8968609865470852,1.345291479820628,0,1.345291479820628,0.8968609865470852
E00117741,295,253,29,26,3,6,2,4,7,85.76271186440678,9.830508474576272,8.813559322033898,1.0169491525423728,2.0338983050847457,0.6779661016949152,1.3559322033898304,2.3728813559322033
E00117742,208,191,11,7,4,3,1,2,3,91.82692307692307,5.288461538461538,3.3653846153846154,1.9230769230769231,1.4423076923076923,0.4807692307692308,0.9615384615384616,1.4423076923076923
E00117743,320,286,24,16,8,3,1,2,7,89.375,7.5,5,2.5,0.9375,0.3125,0.625,2.1875
E00117744,290,275,7,6,1,3,1,2,5,94.82758620689656,2.413793103448276,2.0689655172413794,0.3448275862068966,1.0344827586206897,0.3448275862068966,0.6896551724137931,1.7241379310344827
E00117745,251,224,11,10,1,3,1,2,13,89.2430278884462,4.382470119521913,3.9840637450199203,0.398406374501992,1.1952191235059761,0.398406374501992,0.796812749003984,5.179282868525896
E00117746,328,296,19,17,2,3,1,2,10,90.2439024390244,5.7926829268292686,5.182926829268292,0.6097560975609756,0.9146341463414633,0.3048780487804878,0.6097560975609756,3.048780487804878
E00117747,274,255,10,9,1,3,1,2,6,93.06569343065694,3.64963503649635,3.2846715328467155,0.36496350364963503,1.094890510948905,0.36496350364963503,0.7299270072992701,2.18978102189781
E00117748,338,312,15,10,5,4,1,3,7,92.3076923076923,4.437869822485207,2.9585798816568047,1.4792899408284024,1.183431952662722,0.2958579881656805,0.8875739644970414,2.0710059171597637
E00117749,303,272,19,17,2,4,1,3,8,89.76897689768977,6.270627062706271,5.6105610561056105,0.6600660066006601,1.3201320132013201,0.33003300330033003,0.9900990099009901,2.6402640264026402
E00117750,309,278,23,20,3,3,2,1,5,89.96763754045307,7.443365695792881,6.472491909385113,0.9708737864077669,0.9708737864077669,0.6472491909385114,0.3236245954692557,1.6181229773462782
E00117751,407,353,44,33,11,3,1,2,7,86.73218673218673,10.81081081081081,8.108108108108109,2.7027027027027026,0.7371007371007371,0.2457002457002457,0.4914004914004914,1.71990171990172
E00117752,218,185,16,12,4,5,5,0,12,84.86238532110092,7.339449541284404,5.5045871559633035,1.834862385321101,2.293577981651376,2.293577981651376,0,5.5045871559633035
E00117753,235,211,11,9,2,3,3,0,10,89.7872340425532,4.680851063829787,3.829787234042553,0.851063829787234,1.276595744680851,1.276595744680851,0,4.25531914893617
E00117754,189,174,10,5,5,2,2,0,3,92.06349206349206,5.291005291005291,2.6455026455026456,2.6455026455026456,1.0582010582010581,1.0582010582010581,0,1.5873015873015872
E00117755,270,249,13,11,2,7,3,4,1,92.22222222222223,4.814814814814815,4.074074074074074,0.7407407407407408,2.5925925925925926,1.1111111111111112,1.4814814814814816,0.3703703703703704
E00117756,219,205,10,9,1,2,2,0,2,93.60730593607306,4.5662100456621,4.10958904109589,0.45662100456621,0.91324200913242,0.91324200913242,0,0.91324200913242
E00117757,231,211,11,8,3,3,0,3,6,91.34199134199135,4.761904761904762,3.463203463203463,1.2987012987012987,1.2987012987012987,0,1.2987012987012987,2.5974025974025974
E00117758,259,238,10,9,1,3,2,1,8,91.8918918918919,3.861003861003861,3.474903474903475,0.3861003861003861,1.1583011583011582,0.7722007722007722,0.3861003861003861,3.088803088803089
E00117759,233,218,11,9,2,3,1,2,1,93.56223175965665,4.721030042918455,3.862660944206009,0.8583690987124464,1.2875536480686696,0.4291845493562232,0.8583690987124464,0.4291845493562232
E00117760,282,261,14,10,4,5,4,1,2,92.5531914893617,4.964539007092199,3.546099290780142,1.4184397163120568,1.773049645390071,1.4184397163120568,0.3546099290780142,0.7092198581560284
E00117761,271,248,15,11,4,4,3,1,4,91.5129151291513,5.535055350553505,4.059040590405904,1.4760147601476015,1.4760147601476015,1.107011070110701,0.36900369003690037,1.4760147601476015
E00117762,224,205,7,6,1,0,0,0,12,91.51785714285714,3.125,2.6785714285714284,0.4464285714285714,0,0,0,5.357142857142857
E00117763,263,237,19,14,5,3,1,2,4,90.11406844106465,7.224334600760455,5.323193916349809,1.9011406844106464,1.1406844106463878,0.38022813688212925,0.7604562737642585,1.520912547528517
E00117764,189,166,17,14,3,1,0,1,5,87.83068783068782,8.994708994708994,7.4074074074074066,1.5873015873015872,0.5291005291005291,0,0.5291005291005291,2.6455026455026456
E00117765,192,181,7,4,3,0,0,0,4,94.27083333333334,3.6458333333333335,2.083333333333333,1.5625,0,0,0,2.083333333333333
E00117766,314,282,12,8,4,13,9,4,7,89.80891719745223,3.821656050955414,2.547770700636943,1.2738853503184715,4.140127388535031,2.8662420382165608,1.2738853503184715,2.229299363057325
E00117767,287,268,11,9,2,3,2,1,5,93.37979094076655,3.8327526132404177,3.1358885017421603,0.6968641114982579,1.0452961672473868,0.6968641114982579,0.34843205574912894,1.7421602787456445
E00117768,257,240,7,5,2,5,4,1,5,93.3852140077821,2.7237354085603114,1.9455252918287937,0.7782101167315175,1.9455252918287937,1.556420233463035,0.38910505836575876,1.9455252918287937
E00117769,333,309,12,12,0,5,2,3,7,92.7927927927928,3.6036036036036037,3.6036036036036037,0,1.5015015015015014,0.6006006006006006,0.9009009009009009,2.1021021021021022
E00117770,292,263,20,19,1,5,2,3,4,90.06849315068493,6.8493150684931505,6.506849315068493,0.3424657534246575,1.7123287671232876,0.684931506849315,1.0273972602739725,1.36986301369863
E00117771,308,286,13,9,4,4,4,0,5,92.85714285714286,4.220779220779221,2.922077922077922,1.2987012987012987,1.2987012987012987,1.2987012987012987,0,1.6233766233766231
E00117772,122,107,6,6,0,4,1,3,5,87.70491803278688,4.918032786885246,4.918032786885246,0,3.278688524590164,0.819672131147541,2.459016393442623,4.098360655737705
E00117773,141,131,8,7,1,0,0,0,2,92.90780141843972,5.673758865248227,4.964539007092199,0.7092198581560284,0,0,0,1.4184397163120568
E00117774,299,278,15,15,0,3,2,1,3,92.97658862876254,5.016722408026756,5.016722408026756,0,1.0033444816053512,0.6688963210702341,0.33444816053511706,1.0033444816053512
E00117775,370,347,16,10,6,3,1,2,4,93.78378378378378,4.324324324324325,2.7027027027027026,1.6216216216216217,0.8108108108108109,0.2702702702702703,0.5405405405405406,1.0810810810810811
E00117776,141,130,7,6,1,4,1,3,0,92.19858156028369,4.964539007092199,4.25531914893617,0.7092198581560284,2.8368794326241136,0.7092198581560284,2.127659574468085,0
E00117777,332,305,13,11,2,7,3,4,7,91.86746987951807,3.91566265060241,3.313253012048193,0.6024096385542169,2.108433734939759,0.9036144578313252,1.2048192771084338,2.108433734939759
E00117778,367,329,22,20,2,7,5,2,9,89.64577656675749,5.994550408719346,5.449591280653951,0.544959128065395,1.9073569482288828,1.3623978201634876,0.544959128065395,2.452316076294278
E00117779,221,199,12,9,3,3,1,2,7,90.04524886877829,5.429864253393665,4.072398190045249,1.3574660633484164,1.3574660633484164,0.4524886877828055,0.904977375565611,3.167420814479638
E00117780,204,190,6,3,3,4,2,2,4,93.13725490196079,2.941176470588235,1.4705882352941175,1.4705882352941175,1.9607843137254901,0.9803921568627451,0.9803921568627451,1.9607843137254901
E00117781,305,271,26,22,4,4,1,3,4,88.85245901639345,8.524590163934425,7.213114754098362,1.3114754098360655,1.3114754098360655,0.32786885245901637,0.9836065573770493,1.3114754098360655
E00117782,267,238,15,11,4,7,5,2,7,89.13857677902621,5.617977528089887,4.119850187265917,1.4981273408239701,2.6217228464419478,1.8726591760299627,0.7490636704119851,2.6217228464419478
E00117783,285,268,13,11,2,1,0,1,3,94.03508771929825,4.56140350877193,3.8596491228070176,0.7017543859649122,0.3508771929824561,0,0.3508771929824561,1.0526315789473684
E00117784,402,369,22,19,3,8,4,4,3,91.7910447761194,5.472636815920398,4.72636815920398,0.7462686567164178,1.9900497512437811,0.9950248756218906,0.9950248756218906,0.7462686567164178
E00117785,299,265,15,12,3,5,1,4,14,88.62876254180601,5.016722408026756,4.013377926421405,1.0033444816053512,1.6722408026755853,0.33444816053511706,1.3377926421404682,4.682274247491638
E00117786,307,283,13,9,4,4,0,4,7,92.18241042345277,4.234527687296417,2.9315960912052117,1.3029315960912053,1.3029315960912053,0,1.3029315960912053,2.2801302931596092
E00117787,498,461,18,14,4,10,3,7,9,92.570281124498,3.614457831325301,2.8112449799196786,0.8032128514056224,2.0080321285140563,0.6024096385542169,1.4056224899598393,1.8072289156626504
E00117788,252,233,12,11,1,2,1,1,5,92.46031746031747,4.761904761904762,4.365079365079365,0.3968253968253968,0.7936507936507936,0.3968253968253968,0.3968253968253968,1.984126984126984
E00117789,324,288,21,12,9,6,3,3,9,88.88888888888889,6.481481481481481,3.7037037037037033,2.7777777777777777,1.8518518518518516,0.9259259259259258,0.9259259259259258,2.7777777777777777
E00117790,270,246,20,18,2,2,2,0,2,91.11111111111111,7.4074074074074066,6.666666666666667,0.7407407407407408,0.7407407407407408,0.7407407407407408,0,0.7407407407407408
E00117791,516,462,24,17,7,12,6,6,18,89.53488372093024,4.651162790697675,3.2945736434108532,1.3565891472868217,2.3255813953488373,1.1627906976744187,1.1627906976744187,3.488372093023256
E00117792,273,256,7,6,1,3,1,2,7,93.77289377289377,2.564102564102564,2.197802197802198,0.3663003663003663,1.098901098901099,0.3663003663003663,0.7326007326007326,2.564102564102564
E00117793,360,336,12,8,4,5,2,3,7,93.33333333333333,3.3333333333333335,2.2222222222222223,1.1111111111111112,1.3888888888888888,0.5555555555555556,0.8333333333333334,1.9444444444444444
E00117794,355,329,20,15,5,2,2,0,4,92.67605633802816,5.633802816901409,4.225352112676056,1.4084507042253522,0.5633802816901409,0.5633802816901409,0,1.1267605633802817
E00117795,329,306,8,6,2,9,4,5,6,93.00911854103343,2.43161094224924,1.82370820668693,0.60790273556231,2.735562310030395,1.21580547112462,1.5197568389057752,1.82370820668693
E00117796,391,356,26,21,5,5,2,3,4,91.04859335038363,6.649616368286446,5.3708439897698215,1.278772378516624,1.278772378516624,0.5115089514066496,0.7672634271099744,1.0230179028132993
E00117797,272,259,11,10,1,1,0,1,1,95.22058823529412,4.044117647058823,3.6764705882352944,0.3676470588235294,0.3676470588235294,0,0.3676470588235294,0.3676470588235294
E00117798,447,421,13,9,4,9,5,4,4,94.1834451901566,2.9082774049217,2.013422818791946,0.8948545861297539,2.013422818791946,1.1185682326621924,0.8948545861297539,0.8948545861297539
E00117799,292,264,15,13,2,6,4,2,7,90.41095890410958,5.136986301369863,4.4520547945205475,0.684931506849315,2.054794520547945,1.36986301369863,0.684931506849315,2.3972602739726026
E00117800,288,257,18,15,3,7,6,1,6,89.23611111111111,6.25,5.208333333333334,1.0416666666666665,2.430555555555556,2.083333333333333,0.3472222222222222,2.083333333333333
E00117801,299,267,15,9,6,11,7,4,6,89.29765886287625,5.016722408026756,3.0100334448160537,2.0066889632107023,3.678929765886288,2.341137123745819,1.3377926421404682,2.0066889632107023
E00117802,331,296,20,14,6,8,4,4,7,89.42598187311178,6.042296072507553,4.229607250755287,1.812688821752266,2.416918429003021,1.2084592145015105,1.2084592145015105,2.1148036253776437
E00117803,281,260,14,12,2,5,3,2,2,92.52669039145907,4.98220640569395,4.270462633451958,0.7117437722419928,1.7793594306049825,1.0676156583629894,0.7117437722419928,0.7117437722419928
E00117804,228,212,12,10,2,2,1,1,2,92.98245614035088,5.263157894736842,4.385964912280701,0.8771929824561403,0.8771929824561403,0.43859649122807015,0.43859649122807015,0.8771929824561403
E00117805,353,312,16,10,6,3,1,2,22,88.38526912181302,4.53257790368272,2.8328611898017,1.69971671388102,0.84985835694051,0.28328611898017,0.56657223796034,6.232294617563739
E00117806,483,435,32,27,5,11,6,5,5,90.06211180124224,6.625258799171843,5.590062111801243,1.0351966873706004,2.2774327122153206,1.2422360248447204,1.0351966873706004,1.0351966873706004
E00117807,293,268,15,15,0,2,2,0,8,91.46757679180887,5.1194539249146755,5.1194539249146755,0,0.6825938566552902,0.6825938566552902,0,2.7303754266211606
E00117808,409,368,24,21,3,7,3,4,10,89.97555012224939,5.8679706601467,5.134474327628362,0.7334963325183375,1.7114914425427872,0.7334963325183375,0.9779951100244498,2.444987775061125
E00117809,451,410,21,17,4,7,5,2,13,90.9090909090909,4.656319290465632,3.7694013303769403,0.8869179600886918,1.5521064301552108,1.1086474501108647,0.4434589800443459,2.882483370288248
E00117810,418,387,23,17,6,4,2,2,4,92.58373205741627,5.502392344497608,4.0669856459330145,1.4354066985645932,0.9569377990430622,0.4784688995215311,0.4784688995215311,0.9569377990430622
E00117812,244,226,13,9,4,0,0,0,5,92.62295081967213,5.327868852459016,3.6885245901639343,1.639344262295082,0,0,0,2.0491803278688523
E00117813,421,400,8,8,0,7,0,7,6,95.01187648456056,1.9002375296912115,1.9002375296912115,0,1.66270783847981,0,1.66270783847981,1.4251781472684086
E00117814,270,246,17,14,3,2,2,0,5,91.11111111111111,6.296296296296296,5.185185185185185,1.1111111111111112,0.7407407407407408,0.7407407407407408,0,1.8518518518518516
E00117815,253,238,7,7,0,2,0,2,6,94.0711462450593,2.766798418972332,2.766798418972332,0,0.7905138339920948,0,0.7905138339920948,2.371541501976284
E00117816,250,226,13,12,1,3,2,1,8,90.4,5.2,4.8,0.4,1.2,0.8,0.4,3.2
E00117817,350,324,18,15,3,3,1,2,5,92.57142857142857,5.142857142857142,4.285714285714286,0.8571428571428572,0.8571428571428572,0.2857142857142857,0.5714285714285714,1.4285714285714286
E00117818,355,333,16,13,3,2,0,2,4,93.80281690140845,4.507042253521127,3.6619718309859155,0.8450704225352111,0.5633802816901409,0,0.5633802816901409,1.1267605633802817
E00117819,355,323,14,12,2,8,5,3,10,90.98591549295774,3.943661971830986,3.3802816901408446,0.5633802816901409,2.2535211267605635,1.4084507042253522,0.8450704225352111,2.8169014084507045
E00117820,469,441,17,15,2,5,3,2,6,94.02985074626866,3.624733475479744,3.1982942430703627,0.42643923240938164,1.0660980810234542,0.6396588486140725,0.42643923240938164,1.279317697228145
E00117821,221,210,7,6,1,3,3,0,1,95.02262443438913,3.167420814479638,2.7149321266968327,0.4524886877828055,1.3574660633484164,1.3574660633484164,0,0.4524886877828055
E00117822,303,279,17,15,2,2,1,1,5,92.07920792079209,5.6105610561056105,4.9504950495049505,0.6600660066006601,0.6600660066006601,0.33003300330033003,0.33003300330033003,1.65016501650165
E00117823,357,326,13,8,5,10,7,3,8,91.31652661064426,3.6414565826330536,2.2408963585434174,1.400560224089636,2.801120448179272,1.9607843137254901,0.8403361344537815,2.2408963585434174
E00117824,299,272,16,11,5,7,1,6,4,90.96989966555184,5.351170568561873,3.678929765886288,1.6722408026755853,2.341137123745819,0.33444816053511706,2.0066889632107023,1.3377926421404682
E00117825,316,286,20,19,1,3,1,2,7,90.50632911392405,6.329113924050633,6.012658227848101,0.31645569620253167,0.949367088607595,0.31645569620253167,0.6329113924050633,2.2151898734177213
E00117826,317,290,10,6,4,3,3,0,14,91.48264984227129,3.1545741324921135,1.8927444794952681,1.2618296529968454,0.9463722397476341,0.9463722397476341,0,4.416403785488959
E00117827,176,168,1,1,0,3,2,1,4,95.45454545454545,0.5681818181818182,0.5681818181818182,0,1.7045454545454544,1.1363636363636365,0.5681818181818182,2.272727272727273
E00117828,289,271,14,12,2,2,2,0,2,93.77162629757785,4.844290657439446,4.1522491349480966,0.6920415224913495,0.6920415224913495,0.6920415224913495,0,0.6920415224913495
E00117829,302,277,18,16,2,0,0,0,7,91.72185430463577,5.960264900662252,5.298013245033113,0.6622516556291391,0,0,0,2.3178807947019866
E00117830,293,267,15,11,4,2,2,0,9,91.12627986348123,5.1194539249146755,3.754266211604096,1.3651877133105803,0.6825938566552902,0.6825938566552902,0,3.0716723549488054
E00117831,313,291,14,12,2,2,1,1,6,92.97124600638978,4.472843450479233,3.8338658146964857,0.6389776357827476,0.6389776357827476,0.3194888178913738,0.3194888178913738,1.9169329073482428
E00117833,294,263,11,7,4,9,2,7,11,89.45578231292517,3.741496598639456,2.380952380952381,1.3605442176870748,3.061224489795918,0.6802721088435374,2.380952380952381,3.741496598639456
E00117834,231,213,8,6,2,1,1,0,9,92.20779220779221,3.463203463203463,2.5974025974025974,0.8658008658008658,0.4329004329004329,0.4329004329004329,0,3.896103896103896
E00117835,255,230,15,12,3,5,5,0,5,90.19607843137256,5.88235294117647,4.705882352941177,1.1764705882352942,1.9607843137254901,1.9607843137254901,0,1.9607843137254901
E00117836,292,266,12,11,1,6,3,3,8,91.0958904109589,4.10958904109589,3.767123287671233,0.3424657534246575,2.054794520547945,1.0273972602739725,1.0273972602739725,2.73972602739726
E00117837,249,221,17,12,5,4,1,3,7,88.75502008032129,6.827309236947792,4.819277108433735,2.0080321285140563,1.6064257028112447,0.4016064257028112,1.2048192771084338,2.8112449799196786
E00117838,500,453,28,23,5,7,6,1,12,90.60000000000001,5.6000000000000005,4.6,1,1.4000000000000001,1.2,0.2,2.4
E00117839,298,268,20,14,6,2,0,2,8,89.93288590604027,6.7114093959731544,4.697986577181208,2.013422818791946,0.6711409395973155,0,0.6711409395973155,2.684563758389262
E00117840,243,219,9,5,4,3,2,1,12,90.12345679012346,3.7037037037037033,2.05761316872428,1.646090534979424,1.2345679012345678,0.823045267489712,0.411522633744856,4.938271604938271
E00117841,390,355,19,13,6,3,2,1,13,91.02564102564102,4.871794871794872,3.3333333333333335,1.5384615384615385,0.7692307692307693,0.5128205128205128,0.2564102564102564,3.3333333333333335
E00117842,324,293,22,17,5,2,2,0,7,90.4320987654321,6.790123456790123,5.246913580246913,1.5432098765432098,0.6172839506172839,0.6172839506172839,0,2.1604938271604937
E00117843,257,231,15,12,3,4,3,1,7,89.88326848249028,5.836575875486381,4.669260700389105,1.1673151750972763,1.556420233463035,1.1673151750972763,0.38910505836575876,2.7237354085603114
E00117845,271,241,24,13,11,2,0,2,4,88.92988929889299,8.856088560885608,4.797047970479705,4.059040590405904,0.7380073800738007,0,0.7380073800738007,1.4760147601476015
E00117846,303,271,19,12,7,2,1,1,11,89.43894389438944,6.270627062706271,3.9603960396039604,2.31023102310231,0.6600660066006601,0.33003300330033003,0.33003300330033003,3.6303630363036308
E00117847,213,190,13,11,2,1,0,1,9,89.2018779342723,6.103286384976526,5.164319248826291,0.9389671361502347,0.4694835680751174,0,0.4694835680751174,4.225352112676056
E00117848,450,422,15,13,2,4,1,3,9,93.77777777777779,3.3333333333333335,2.888888888888889,0.4444444444444444,0.8888888888888888,0.2222222222222222,0.6666666666666667,2
E00117849,248,228,11,9,2,5,0,5,4,91.93548387096774,4.435483870967742,3.6290322580645165,0.8064516129032258,2.0161290322580645,0,2.0161290322580645,1.6129032258064515
E00117850,272,248,18,15,3,5,4,1,1,91.17647058823529,6.61764705882353,5.514705882352941,1.1029411764705883,1.8382352941176472,1.4705882352941175,0.3676470588235294,0.3676470588235294
E00117851,246,227,15,12,3,4,1,3,0,92.27642276422763,6.097560975609756,4.878048780487805,1.2195121951219512,1.6260162601626018,0.40650406504065045,1.2195121951219512,0
E00117852,161,150,2,2,0,7,3,4,2,93.16770186335404,1.2422360248447204,1.2422360248447204,0,4.3478260869565215,1.8633540372670807,2.484472049689441,1.2422360248447204
E00117853,377,333,28,19,9,9,6,3,7,88.3289124668435,7.427055702917771,5.039787798408488,2.3872679045092835,2.3872679045092835,1.5915119363395225,0.7957559681697612,1.8567639257294428
E00117855,393,359,20,19,1,5,3,2,9,91.34860050890585,5.089058524173027,4.8346055979643765,0.2544529262086514,1.2722646310432568,0.7633587786259541,0.5089058524173028,2.2900763358778624
E00117856,319,284,19,12,7,11,7,4,5,89.0282131661442,5.956112852664576,3.761755485893417,2.19435736677116,3.4482758620689653,2.19435736677116,1.2539184952978055,1.5673981191222568
E00117857,238,220,9,7,2,2,2,0,7,92.43697478991596,3.7815126050420167,2.941176470588235,0.8403361344537815,0.8403361344537815,0.8403361344537815,0,2.941176470588235
E00117858,225,204,9,5,4,1,0,1,11,90.66666666666666,4,2.2222222222222223,1.7777777777777777,0.4444444444444444,0,0.4444444444444444,4.888888888888889
E00117859,414,380,15,12,3,10,4,6,9,91.78743961352657,3.6231884057971016,2.898550724637681,0.7246376811594203,2.4154589371980677,0.966183574879227,1.4492753623188406,2.1739130434782608
E00117862,173,159,8,7,1,4,2,2,2,91.90751445086705,4.624277456647398,4.046242774566474,0.5780346820809248,2.312138728323699,1.1560693641618496,1.1560693641618496,1.1560693641618496
E00117863,289,255,21,19,2,6,1,5,7,88.23529411764706,7.26643598615917,6.5743944636678195,0.6920415224913495,2.0761245674740483,0.34602076124567477,1.7301038062283738,2.422145328719723
E00117864,315,282,24,20,4,4,1,3,5,89.52380952380953,7.6190476190476195,6.349206349206349,1.2698412698412698,1.2698412698412698,0.31746031746031744,0.9523809523809524,1.5873015873015872
E00117865,391,362,20,17,3,3,2,1,6,92.58312020460357,5.115089514066496,4.3478260869565215,0.7672634271099744,0.7672634271099744,0.5115089514066496,0.2557544757033248,1.5345268542199488
E00117866,284,264,8,6,2,4,2,2,8,92.95774647887323,2.8169014084507045,2.112676056338028,0.7042253521126761,1.4084507042253522,0.7042253521126761,0.7042253521126761,2.8169014084507045
E00117867,264,248,13,12,1,3,2,1,0,93.93939393939394,4.924242424242424,4.545454545454546,0.3787878787878788,1.1363636363636365,0.7575757575757576,0.3787878787878788,0
E00117868,296,274,7,6,1,3,0,3,12,92.56756756756756,2.364864864864865,2.027027027027027,0.33783783783783783,1.0135135135135136,0,1.0135135135135136,4.054054054054054
E00117869,220,203,8,2,6,1,1,0,8,92.27272727272727,3.6363636363636362,0.9090909090909091,2.727272727272727,0.45454545454545453,0.45454545454545453,0,3.6363636363636362
E00117870,299,279,15,11,4,3,0,3,2,93.31103678929766,5.016722408026756,3.678929765886288,1.3377926421404682,1.0033444816053512,0,1.0033444816053512,0.6688963210702341
E00117871,310,281,19,17,2,3,1,2,7,90.64516129032259,6.129032258064516,5.483870967741936,0.6451612903225806,0.967741935483871,0.3225806451612903,0.6451612903225806,2.258064516129032
E00117872,303,285,13,9,4,0,0,0,5,94.05940594059405,4.29042904290429,2.9702970297029703,1.3201320132013201,0,0,0,1.65016501650165
E00117873,306,280,17,11,6,5,1,4,4,91.50326797385621,5.555555555555555,3.594771241830065,1.9607843137254901,1.6339869281045754,0.32679738562091504,1.3071895424836601,1.3071895424836601
E00117874,325,296,16,14,2,5,3,2,8,91.07692307692308,4.923076923076923,4.3076923076923075,0.6153846153846154,1.5384615384615385,0.9230769230769231,0.6153846153846154,2.4615384615384617
E00117877,294,268,12,7,5,4,3,1,10,91.15646258503402,4.081632653061225,2.380952380952381,1.7006802721088436,1.3605442176870748,1.0204081632653061,0.3401360544217687,3.4013605442176873
E00117878,219,205,8,8,0,1,0,1,5,93.60730593607306,3.65296803652968,3.65296803652968,0,0.45662100456621,0,0.45662100456621,2.28310502283105
E00117879,268,249,10,8,2,4,1,3,5,92.91044776119402,3.731343283582089,2.9850746268656714,0.7462686567164178,1.4925373134328357,0.3731343283582089,1.1194029850746268,1.8656716417910446
E00117880,474,425,23,15,8,6,1,5,20,89.66244725738397,4.852320675105485,3.1645569620253164,1.6877637130801686,1.2658227848101267,0.21097046413502107,1.0548523206751055,4.219409282700422
E00117881,358,326,19,13,6,4,2,2,9,91.06145251396647,5.307262569832402,3.6312849162011176,1.675977653631285,1.1173184357541899,0.5586592178770949,0.5586592178770949,2.5139664804469275
E00117882,327,296,20,18,2,1,0,1,10,90.51987767584097,6.116207951070336,5.5045871559633035,0.6116207951070336,0.3058103975535168,0,0.3058103975535168,3.058103975535168
E00117885,265,248,3,1,2,4,3,1,10,93.58490566037736,1.1320754716981132,0.37735849056603776,0.7547169811320755,1.509433962264151,1.1320754716981132,0.37735849056603776,3.7735849056603774
E00117886,286,258,18,14,4,3,0,3,7,90.20979020979021,6.293706293706294,4.895104895104895,1.3986013986013985,1.048951048951049,0,1.048951048951049,2.4475524475524475
E00117887,180,161,5,4,1,4,1,3,10,89.44444444444444,2.7777777777777777,2.2222222222222223,0.5555555555555556,2.2222222222222223,0.5555555555555556,1.6666666666666667,5.555555555555555
E00117888,292,266,10,7,3,11,2,9,5,91.0958904109589,3.4246575342465753,2.3972602739726026,1.0273972602739725,3.767123287671233,0.684931506849315,3.0821917808219177,1.7123287671232876
E00117889,265,240,7,5,2,7,2,5,11,90.56603773584906,2.6415094339622645,1.8867924528301887,0.7547169811320755,2.6415094339622645,0.7547169811320755,1.8867924528301887,4.150943396226415
E00117890,248,228,16,12,4,2,0,2,2,91.93548387096774,6.451612903225806,4.838709677419355,1.6129032258064515,0.8064516129032258,0,0.8064516129032258,0.8064516129032258
E00117891,231,209,12,9,3,3,1,2,7,90.47619047619048,5.194805194805195,3.896103896103896,1.2987012987012987,1.2987012987012987,0.4329004329004329,0.8658008658008658,3.0303030303030303
E00117892,214,199,9,8,1,3,3,0,3,92.99065420560748,4.205607476635514,3.7383177570093453,0.46728971962616817,1.4018691588785046,1.4018691588785046,0,1.4018691588785046
E00117893,273,243,5,2,3,9,6,3,16,89.01098901098901,1.8315018315018317,0.7326007326007326,1.098901098901099,3.296703296703297,2.197802197802198,1.098901098901099,5.86080586080586
E00117894,394,372,14,10,4,3,3,0,5,94.41624365482234,3.5532994923857872,2.5380710659898478,1.015228426395939,0.7614213197969544,0.7614213197969544,0,1.2690355329949239
E00117895,233,214,12,9,3,5,3,2,2,91.84549356223177,5.150214592274678,3.862660944206009,1.2875536480686696,2.1459227467811157,1.2875536480686696,0.8583690987124464,0.8583690987124464
E00117897,271,255,7,5,2,5,0,5,4,94.0959409594096,2.5830258302583027,1.8450184501845017,0.7380073800738007,1.8450184501845017,0,1.8450184501845017,1.4760147601476015
E00117898,295,268,10,7,3,9,5,4,8,90.84745762711864,3.389830508474576,2.3728813559322033,1.0169491525423728,3.050847457627119,1.694915254237288,1.3559322033898304,2.711864406779661
E00117899,317,291,14,11,3,5,3,2,7,91.7981072555205,4.416403785488959,3.4700315457413247,0.9463722397476341,1.5772870662460567,0.9463722397476341,0.6309148264984227,2.2082018927444795
E00117900,323,275,18,14,4,7,1,6,23,85.13931888544892,5.572755417956656,4.3343653250774,1.238390092879257,2.1671826625387,0.30959752321981426,1.8575851393188854,7.120743034055728
E00117901,291,264,12,8,4,9,5,4,6,90.72164948453609,4.123711340206185,2.7491408934707904,1.3745704467353952,3.0927835051546393,1.718213058419244,1.3745704467353952,2.0618556701030926
E00117902,299,278,8,5,3,8,4,4,5,92.97658862876254,2.6755852842809364,1.6722408026755853,1.0033444816053512,2.6755852842809364,1.3377926421404682,1.3377926421404682,1.6722408026755853
E00117903,338,305,8,5,3,11,7,4,14,90.23668639053254,2.366863905325444,1.4792899408284024,0.8875739644970414,3.2544378698224854,2.0710059171597637,1.183431952662722,4.142011834319527
E00117904,199,174,8,5,3,5,2,3,12,87.43718592964824,4.0201005025125625,2.512562814070352,1.507537688442211,2.512562814070352,1.0050251256281406,1.507537688442211,6.030150753768844
E00117905,240,214,16,13,3,5,3,2,5,89.16666666666667,6.666666666666667,5.416666666666667,1.25,2.083333333333333,1.25,0.8333333333333334,2.083333333333333
E00117906,260,239,9,9,0,3,3,0,9,91.92307692307692,3.4615384615384617,3.4615384615384617,0,1.153846153846154,1.153846153846154,0,3.4615384615384617
E00117907,321,293,15,11,4,5,2,3,8,91.27725856697819,4.672897196261682,3.4267912772585665,1.2461059190031152,1.557632398753894,0.6230529595015576,0.9345794392523363,2.4922118380062304
E00117908,332,300,15,9,6,6,1,5,11,90.36144578313254,4.518072289156627,2.710843373493976,1.8072289156626504,1.8072289156626504,0.30120481927710846,1.5060240963855422,3.313253012048193
E00117909,292,275,14,14,0,1,0,1,2,94.17808219178082,4.794520547945205,4.794520547945205,0,0.3424657534246575,0,0.3424657534246575,0.684931506849315
E00117910,309,285,17,13,4,1,1,0,6,92.23300970873787,5.501618122977346,4.207119741100324,1.2944983818770228,0.3236245954692557,0.3236245954692557,0,1.9417475728155338
E00117911,236,206,19,12,7,4,3,1,7,87.28813559322035,8.050847457627118,5.084745762711865,2.9661016949152543,1.694915254237288,1.2711864406779663,0.423728813559322,2.9661016949152543
E00117912,362,343,12,12,0,0,0,0,7,94.7513812154696,3.314917127071823,3.314917127071823,0,0,0,0,1.9337016574585635
E00117913,293,279,9,8,1,1,0,1,4,95.22184300341297,3.0716723549488054,2.7303754266211606,0.3412969283276451,0.3412969283276451,0,0.3412969283276451,1.3651877133105803
E00117914,277,254,19,17,2,1,0,1,3,91.69675090252709,6.859205776173286,6.137184115523466,0.7220216606498195,0.36101083032490977,0,0.36101083032490977,1.083032490974729
E00117915,229,205,13,9,4,5,0,5,6,89.51965065502183,5.676855895196507,3.9301310043668125,1.7467248908296942,2.1834061135371177,0,2.1834061135371177,2.6200873362445414
E00117916,302,273,18,14,4,3,0,3,8,90.39735099337747,5.960264900662252,4.635761589403973,1.3245033112582782,0.9933774834437087,0,0.9933774834437087,2.6490066225165565
E00117917,250,230,16,14,2,2,2,0,2,92,6.4,5.6000000000000005,0.8,0.8,0.8,0,0.8
E00117918,290,266,12,6,6,3,0,3,9,91.72413793103448,4.137931034482759,2.0689655172413794,2.0689655172413794,1.0344827586206897,0,1.0344827586206897,3.103448275862069
E00117919,298,272,15,13,2,7,3,4,4,91.2751677852349,5.033557046979865,4.3624161073825505,0.6711409395973155,2.348993288590604,1.006711409395973,1.342281879194631,1.342281879194631
E00117920,341,319,17,13,4,3,2,1,2,93.54838709677419,4.9853372434017595,3.812316715542522,1.1730205278592376,0.8797653958944283,0.5865102639296188,0.2932551319648094,0.5865102639296188
E00117921,325,289,12,8,4,9,5,4,15,88.92307692307693,3.6923076923076925,2.4615384615384617,1.2307692307692308,2.769230769230769,1.5384615384615385,1.2307692307692308,4.615384615384616
E00117922,219,193,18,14,4,2,1,1,6,88.12785388127854,8.21917808219178,6.392694063926941,1.82648401826484,0.91324200913242,0.45662100456621,0.45662100456621,2.73972602739726
E00117923,257,232,16,14,2,2,2,0,7,90.27237354085604,6.22568093385214,5.447470817120623,0.7782101167315175,0.7782101167315175,0.7782101167315175,0,2.7237354085603114
E00117924,227,209,12,11,1,3,1,2,3,92.07048458149781,5.286343612334802,4.845814977973569,0.4405286343612335,1.3215859030837005,0.4405286343612335,0.881057268722467,1.3215859030837005
E00117925,302,281,6,5,1,2,1,1,13,93.04635761589404,1.9867549668874174,1.6556291390728477,0.33112582781456956,0.6622516556291391,0.33112582781456956,0.33112582781456956,4.304635761589404
E00117926,257,249,7,7,0,0,0,0,1,96.88715953307393,2.7237354085603114,2.7237354085603114,0,0,0,0,0.38910505836575876
E00117927,209,185,16,14,2,5,3,2,3,88.51674641148325,7.655502392344498,6.698564593301436,0.9569377990430622,2.3923444976076556,1.4354066985645932,0.9569377990430622,1.4354066985645932
E00117928,293,275,16,12,4,2,2,0,0,93.85665529010238,5.460750853242321,4.09556313993174,1.3651877133105803,0.6825938566552902,0.6825938566552902,0,0
E00117929,454,425,18,16,2,8,5,3,3,93.6123348017621,3.9647577092511015,3.524229074889868,0.4405286343612335,1.762114537444934,1.1013215859030838,0.6607929515418502,0.6607929515418502
E00117930,390,360,21,17,4,4,2,2,5,92.3076923076923,5.384615384615385,4.358974358974359,1.0256410256410255,1.0256410256410255,0.5128205128205128,0.5128205128205128,1.282051282051282
E00117931,376,352,17,14,3,2,1,1,5,93.61702127659575,4.521276595744681,3.723404255319149,0.7978723404255319,0.5319148936170213,0.26595744680851063,0.26595744680851063,1.3297872340425532
E00117932,327,292,26,20,6,7,4,3,2,89.29663608562691,7.951070336391437,6.116207951070336,1.834862385321101,2.1406727828746175,1.2232415902140672,0.9174311926605505,0.6116207951070336
E00117933,456,424,23,16,7,0,0,0,9,92.98245614035088,5.0438596491228065,3.508771929824561,1.5350877192982455,0,0,0,1.9736842105263157
E00117934,266,250,11,8,3,3,3,0,2,93.98496240601504,4.135338345864661,3.007518796992481,1.1278195488721803,1.1278195488721803,1.1278195488721803,0,0.7518796992481203
E00117935,400,367,27,22,5,4,2,2,2,91.75,6.75,5.5,1.25,1,0.5,0.5,0.5
E00117936,368,351,14,10,4,0,0,0,3,95.38043478260869,3.804347826086957,2.717391304347826,1.0869565217391304,0,0,0,0.8152173913043478
E00117937,295,285,6,5,1,3,1,2,1,96.61016949152543,2.0338983050847457,1.694915254237288,0.3389830508474576,1.0169491525423728,0.3389830508474576,0.6779661016949152,0.3389830508474576
E00117938,228,217,10,7,3,0,0,0,1,95.17543859649122,4.385964912280701,3.070175438596491,1.3157894736842104,0,0,0,0.43859649122807015
E00117939,295,265,14,14,0,3,2,1,13,89.83050847457628,4.745762711864407,4.745762711864407,0,1.0169491525423728,0.6779661016949152,0.3389830508474576,4.406779661016949
E00117940,318,299,13,9,4,0,0,0,6,94.0251572327044,4.088050314465408,2.8301886792452833,1.257861635220126,0,0,0,1.8867924528301887
E00117941,249,228,14,10,4,3,1,2,4,91.56626506024097,5.622489959839357,4.016064257028113,1.6064257028112447,1.2048192771084338,0.4016064257028112,0.8032128514056224,1.6064257028112447
E00117942,280,253,18,16,2,4,2,2,5,90.35714285714286,6.428571428571428,5.714285714285714,0.7142857142857143,1.4285714285714286,0.7142857142857143,0.7142857142857143,1.7857142857142856
E00117943,278,256,13,10,3,5,2,3,4,92.08633093525181,4.676258992805756,3.5971223021582732,1.079136690647482,1.7985611510791366,0.7194244604316548,1.079136690647482,1.4388489208633095
E00117944,280,253,18,13,5,3,2,1,6,90.35714285714286,6.428571428571428,4.642857142857143,1.7857142857142856,1.0714285714285714,0.7142857142857143,0.35714285714285715,2.142857142857143
E00117945,337,320,12,9,3,3,1,2,2,94.95548961424333,3.5608308605341246,2.6706231454005933,0.8902077151335311,0.8902077151335311,0.2967359050445104,0.5934718100890208,0.5934718100890208
E00117946,324,306,15,10,5,1,0,1,2,94.44444444444444,4.62962962962963,3.0864197530864197,1.5432098765432098,0.30864197530864196,0,0.30864197530864196,0.6172839506172839
E00117947,319,284,26,22,4,3,3,0,6,89.0282131661442,8.150470219435736,6.896551724137931,1.2539184952978055,0.9404388714733543,0.9404388714733543,0,1.8808777429467085
E00117948,259,235,11,9,2,5,3,2,8,90.73359073359073,4.247104247104247,3.474903474903475,0.7722007722007722,1.9305019305019304,1.1583011583011582,0.7722007722007722,3.088803088803089
E00117949,288,267,12,6,6,4,2,2,5,92.70833333333334,4.166666666666666,2.083333333333333,2.083333333333333,1.3888888888888888,0.6944444444444444,0.6944444444444444,1.7361111111111112
E00117950,213,196,6,5,1,5,3,2,6,92.01877934272301,2.8169014084507045,2.3474178403755865,0.4694835680751174,2.3474178403755865,1.4084507042253522,0.9389671361502347,2.8169014084507045
E00117951,279,257,15,14,1,3,0,3,4,92.1146953405018,5.376344086021505,5.017921146953405,0.35842293906810035,1.0752688172043012,0,1.0752688172043012,1.4336917562724014
E00117952,302,267,18,12,6,11,7,4,6,88.41059602649007,5.960264900662252,3.9735099337748347,1.9867549668874174,3.642384105960265,2.3178807947019866,1.3245033112582782,1.9867549668874174
E00117953,247,216,13,9,4,9,2,7,9,87.4493927125506,5.263157894736842,3.643724696356275,1.6194331983805668,3.643724696356275,0.8097165991902834,2.834008097165992,3.643724696356275
E00117954,365,341,12,10,2,6,4,2,6,93.42465753424658,3.287671232876712,2.73972602739726,0.547945205479452,1.643835616438356,1.095890410958904,0.547945205479452,1.643835616438356
E00117955,295,281,8,5,3,1,0,1,5,95.25423728813558,2.711864406779661,1.694915254237288,1.0169491525423728,0.3389830508474576,0,0.3389830508474576,1.694915254237288
E00117956,319,296,13,13,0,4,2,2,6,92.78996865203762,4.075235109717868,4.075235109717868,0,1.2539184952978055,0.6269592476489028,0.6269592476489028,1.8808777429467085
E00117957,318,295,12,7,5,5,2,3,6,92.76729559748428,3.7735849056603774,2.20125786163522,1.5723270440251573,1.5723270440251573,0.628930817610063,0.9433962264150944,1.8867924528301887
E00117958,393,354,21,18,3,5,4,1,13,90.07633587786259,5.343511450381679,4.580152671755725,0.7633587786259541,1.2722646310432568,1.0178117048346056,0.2544529262086514,3.307888040712468
E00117959,448,417,9,7,2,7,4,3,15,93.08035714285714,2.0089285714285716,1.5625,0.4464285714285714,1.5625,0.8928571428571428,0.6696428571428571,3.3482142857142856
E00117960,342,314,17,14,3,6,1,5,5,91.81286549707602,4.970760233918129,4.093567251461988,0.8771929824561403,1.7543859649122806,0.29239766081871343,1.461988304093567,1.461988304093567
E00117961,380,351,15,14,1,7,3,4,7,92.36842105263158,3.9473684210526314,3.684210526315789,0.2631578947368421,1.8421052631578945,0.7894736842105263,1.0526315789473684,1.8421052631578945
E00117962,273,252,11,11,0,2,1,1,8,92.3076923076923,4.029304029304029,4.029304029304029,0,0.7326007326007326,0.3663003663003663,0.3663003663003663,2.93040293040293
E00117963,327,302,14,11,3,5,3,2,6,92.35474006116208,4.281345565749235,3.3639143730886847,0.9174311926605505,1.529051987767584,0.9174311926605505,0.6116207951070336,1.834862385321101
E00117964,299,267,21,16,5,5,3,2,6,89.29765886287625,7.023411371237458,5.351170568561873,1.6722408026755853,1.6722408026755853,1.0033444816053512,0.6688963210702341,2.0066889632107023
E00117965,331,308,15,12,3,2,0,2,6,93.05135951661632,4.531722054380665,3.625377643504532,0.906344410876133,0.6042296072507553,0,0.6042296072507553,1.812688821752266
E00117966,266,245,11,10,1,3,0,3,7,92.10526315789474,4.135338345864661,3.7593984962406015,0.37593984962406013,1.1278195488721803,0,1.1278195488721803,2.631578947368421
E00117967,246,234,7,6,1,0,0,0,5,95.1219512195122,2.8455284552845526,2.4390243902439024,0.40650406504065045,0,0,0,2.0325203252032518
E00117968,248,228,10,8,2,4,1,3,6,91.93548387096774,4.032258064516129,3.225806451612903,0.8064516129032258,1.6129032258064515,0.4032258064516129,1.2096774193548387,2.4193548387096775
E00117969,318,293,13,10,3,5,0,5,7,92.13836477987421,4.088050314465408,3.1446540880503147,0.9433962264150944,1.5723270440251573,0,1.5723270440251573,2.20125786163522
E00117970,331,304,18,12,6,3,2,1,6,91.8429003021148,5.438066465256798,3.625377643504532,1.812688821752266,0.906344410876133,0.6042296072507553,0.3021148036253776,1.812688821752266
E00117971,347,310,26,23,3,6,3,3,5,89.33717579250721,7.492795389048991,6.628242074927954,0.8645533141210375,1.729106628242075,0.8645533141210375,0.8645533141210375,1.440922190201729
E00117972,295,271,15,13,2,1,0,1,8,91.86440677966101,5.084745762711865,4.406779661016949,0.6779661016949152,0.3389830508474576,0,0.3389830508474576,2.711864406779661
E00168062,307,280,15,10,5,5,5,0,7,91.20521172638436,4.88599348534202,3.257328990228013,1.6286644951140066,1.6286644951140066,1.6286644951140066,0,2.2801302931596092
E00168063,268,255,7,7,0,1,1,0,5,95.1492537313433,2.6119402985074625,2.6119402985074625,0,0.3731343283582089,0.3731343283582089,0,1.8656716417910446
E00168064,342,317,14,11,3,5,0,5,6,92.69005847953217,4.093567251461988,3.216374269005848,0.8771929824561403,1.461988304093567,0,1.461988304093567,1.7543859649122806
E00168067,324,296,11,7,4,7,3,4,10,91.35802469135803,3.3950617283950617,2.1604938271604937,1.2345679012345678,2.1604938271604937,0.9259259259259258,1.2345679012345678,3.0864197530864197
E00168069,301,272,19,15,4,2,2,0,8,90.36544850498339,6.312292358803987,4.983388704318937,1.3289036544850499,0.6644518272425249,0.6644518272425249,0,2.6578073089700998
E00168070,331,302,14,14,0,9,5,4,6,91.23867069486404,4.229607250755287,4.229607250755287,0,2.719033232628399,1.5105740181268883,1.2084592145015105,1.812688821752266
E00168071,344,311,19,14,5,3,2,1,11,90.40697674418605,5.523255813953488,4.069767441860465,1.4534883720930232,0.872093023255814,0.5813953488372093,0.29069767441860467,3.1976744186046515
E00168072,173,159,9,7,2,0,0,0,5,91.90751445086705,5.202312138728324,4.046242774566474,1.1560693641618496,0,0,0,2.8901734104046244
E00168073,227,217,2,2,0,3,1,2,5,95.59471365638767,0.881057268722467,0.881057268722467,0,1.3215859030837005,0.4405286343612335,0.881057268722467,2.2026431718061676
E00168074,391,373,11,10,1,4,3,1,3,95.39641943734016,2.813299232736573,2.557544757033248,0.2557544757033248,1.0230179028132993,0.7672634271099744,0.2557544757033248,0.7672634271099744
E00168075,216,210,1,0,1,1,1,0,4,97.22222222222221,0.4629629629629629,0,0.4629629629629629,0.4629629629629629,0.4629629629629629,0,1.8518518518518516
E00168076,350,312,22,15,7,6,1,5,10,89.14285714285714,6.2857142857142865,4.285714285714286,2,1.7142857142857144,0.2857142857142857,1.4285714285714286,2.857142857142857
E00168077,308,292,14,13,1,2,0,2,0,94.8051948051948,4.545454545454546,4.220779220779221,0.3246753246753247,0.6493506493506493,0,0.6493506493506493,0
E00168078,367,345,8,5,3,5,2,3,9,94.00544959128065,2.17983651226158,1.3623978201634876,0.8174386920980926,1.3623978201634876,0.544959128065395,0.8174386920980926,2.452316076294278
E00177496,265,256,7,7,0,0,0,0,2,96.60377358490567,2.6415094339622645,2.6415094339622645,0,0,0,0,0.7547169811320755
E00177752,263,245,7,6,1,2,1,1,9,93.15589353612167,2.6615969581749046,2.2813688212927756,0.38022813688212925,0.7604562737642585,0.38022813688212925,0.38022813688212925,3.4220532319391634
E00177757,294,268,14,12,2,6,2,4,6,91.15646258503402,4.761904761904762,4.081632653061225,0.6802721088435374,2.0408163265306123,0.6802721088435374,1.3605442176870748,2.0408163265306123
E00177758,306,281,8,7,1,13,4,9,4,91.83006535947712,2.6143790849673203,2.287581699346405,0.32679738562091504,4.248366013071895,1.3071895424836601,2.941176470588235,1.3071895424836601
E00178639,259,242,10,8,2,3,2,1,4,93.43629343629344,3.861003861003861,3.088803088803089,0.7722007722007722,1.1583011583011582,0.7722007722007722,0.3861003861003861,1.5444015444015444
E00178641,226,210,9,9,0,3,0,3,4,92.92035398230088,3.982300884955752,3.982300884955752,0,1.3274336283185841,0,1.3274336283185841,1.7699115044247788
E00178643,301,276,11,5,6,8,3,5,6,91.69435215946844,3.6544850498338874,1.6611295681063125,1.9933554817275747,2.6578073089700998,0.9966777408637874,1.6611295681063125,1.9933554817275747
E00179078,269,246,13,11,2,2,0,2,8,91.44981412639405,4.83271375464684,4.089219330855019,0.7434944237918215,0.7434944237918215,0,0.7434944237918215,2.973977695167286
E00181585,258,234,11,10,1,7,2,5,6,90.69767441860465,4.263565891472868,3.875968992248062,0.3875968992248062,2.7131782945736433,0.7751937984496124,1.937984496124031,2.3255813953488373
E00181837,303,290,7,5,2,2,1,1,4,95.7095709570957,2.31023102310231,1.65016501650165,0.6600660066006601,0.6600660066006601,0.33003300330033003,0.33003300330033003,1.3201320132013201
E00182062,259,235,14,11,3,2,0,2,8,90.73359073359073,5.405405405405405,4.247104247104247,1.1583011583011582,0.7722007722007722,0,0.7722007722007722,3.088803088803089
E00182067,311,286,11,11,0,6,6,0,8,91.96141479099678,3.536977491961415,3.536977491961415,0,1.929260450160772,1.929260450160772,0,2.572347266881029
E00182073,305,287,11,9,2,1,0,1,6,94.09836065573771,3.606557377049181,2.9508196721311477,0.6557377049180327,0.32786885245901637,0,0.32786885245901637,1.9672131147540985
E00183099,296,269,14,13,1,8,3,5,5,90.87837837837837,4.72972972972973,4.391891891891892,0.33783783783783783,2.7027027027027026,1.0135135135135136,1.6891891891891893,1.6891891891891893
E00183100,308,298,4,3,1,3,2,1,3,96.75324675324676,1.2987012987012987,0.974025974025974,0.3246753246753247,0.974025974025974,0.6493506493506493,0.3246753246753247,0.974025974025974
E00183103,282,267,12,9,3,1,0,1,2,94.68085106382979,4.25531914893617,3.1914893617021276,1.0638297872340425,0.3546099290780142,0,0.3546099290780142,0.7092198581560284
E00183435,271,248,11,8,3,3,2,1,9,91.5129151291513,4.059040590405904,2.952029520295203,1.107011070110701,1.107011070110701,0.7380073800738007,0.36900369003690037,3.3210332103321036
E00184150,322,298,5,3,2,3,0,3,16,92.54658385093167,1.5527950310559007,0.9316770186335404,0.6211180124223602,0.9316770186335404,0,0.9316770186335404,4.968944099378882
E00184732,319,296,8,7,1,6,3,3,9,92.78996865203762,2.507836990595611,2.19435736677116,0.3134796238244514,1.8808777429467085,0.9404388714733543,0.9404388714733543,2.8213166144200628
E00185844,260,239,11,10,1,3,0,3,7,91.92307692307692,4.230769230769231,3.8461538461538463,0.38461538461538464,1.153846153846154,0,1.153846153846154,2.6923076923076925
E00186097,236,218,8,8,0,4,2,2,6,92.37288135593221,3.389830508474576,3.389830508474576,0,1.694915254237288,0.847457627118644,0.847457627118644,2.5423728813559325
E00186517,265,246,10,8,2,3,1,2,6,92.83018867924528,3.7735849056603774,3.018867924528302,0.7547169811320755,1.1320754716981132,0.37735849056603776,0.7547169811320755,2.2641509433962264
E00188554,324,301,14,8,6,5,2,3,4,92.90123456790124,4.320987654320987,2.4691358024691357,1.8518518518518516,1.5432098765432098,0.6172839506172839,0.9259259259259258,1.2345679012345678
E00189208,283,268,8,7,1,3,1,2,4,94.69964664310953,2.8268551236749118,2.4734982332155475,0.35335689045936397,1.0600706713780919,0.35335689045936397,0.7067137809187279,1.4134275618374559
E00189209,321,302,12,8,4,4,3,1,3,94.0809968847352,3.7383177570093453,2.4922118380062304,1.2461059190031152,1.2461059190031152,0.9345794392523363,0.3115264797507788,0.9345794392523363
E00189211,122,116,3,3,0,2,2,0,1,95.08196721311475,2.459016393442623,2.459016393442623,0,1.639344262295082,1.639344262295082,0,0.819672131147541
E00189212,277,258,3,3,0,3,1,2,13,93.14079422382672,1.083032490974729,1.083032490974729,0,1.083032490974729,0.36101083032490977,0.7220216606498195,4.693140794223827
E00189221,272,266,5,5,0,1,0,1,0,97.79411764705883,1.8382352941176472,1.8382352941176472,0,0.3676470588235294,0,0.3676470588235294,0
E00189222,319,305,7,7,0,3,2,1,4,95.61128526645768,2.19435736677116,2.19435736677116,0,0.9404388714733543,0.6269592476489028,0.3134796238244514,1.2539184952978055
E00189625,341,318,8,5,3,11,3,8,4,93.25513196480938,2.346041055718475,1.466275659824047,0.8797653958944283,3.225806451612903,0.8797653958944283,2.346041055718475,1.1730205278592376
E00189629,249,232,9,6,3,4,0,4,4,93.17269076305222,3.614457831325301,2.4096385542168677,1.2048192771084338,1.6064257028112447,0,1.6064257028112447,1.6064257028112447
E00190359,283,249,16,12,4,7,5,2,11,87.98586572438163,5.6537102473498235,4.240282685512367,1.4134275618374559,2.4734982332155475,1.76678445229682,0.7067137809187279,3.8869257950530036
E00190361,491,431,36,22,14,9,3,6,15,87.78004073319755,7.3319755600814664,4.480651731160896,2.8513238289205702,1.8329938900203666,0.6109979633401221,1.2219959266802443,3.054989816700611
E00190528,306,282,11,7,4,5,1,4,8,92.15686274509804,3.594771241830065,2.287581699346405,1.3071895424836601,1.6339869281045754,0.32679738562091504,1.3071895424836601,2.6143790849673203
E00190529,280,256,16,13,3,2,0,2,6,91.42857142857143,5.714285714285714,4.642857142857143,1.0714285714285714,0.7142857142857143,0,0.7142857142857143,2.142857142857143
E00190530,155,138,4,3,1,2,1,1,11,89.03225806451613,2.5806451612903225,1.935483870967742,0.6451612903225806,1.2903225806451613,0.6451612903225806,0.6451612903225806,7.096774193548387
E00190546,338,311,16,12,4,4,2,2,7,92.01183431952663,4.733727810650888,3.5502958579881656,1.183431952662722,1.183431952662722,0.591715976331361,0.591715976331361,2.0710059171597637
E00190547,243,222,10,7,3,3,1,2,8,91.35802469135803,4.11522633744856,2.880658436213992,1.2345679012345678,1.2345679012345678,0.411522633744856,0.823045267489712,3.292181069958848
E00190548,261,248,6,4,2,3,2,1,4,95.01915708812261,2.2988505747126435,1.532567049808429,0.7662835249042145,1.1494252873563218,0.7662835249042145,0.38314176245210724,1.532567049808429
E00190549,560,539,19,19,0,1,1,0,1,96.25,3.392857142857143,3.392857142857143,0,0.17857142857142858,0.17857142857142858,0,0.17857142857142858
E00190555,323,306,6,5,1,3,0,3,8,94.73684210526315,1.8575851393188854,1.5479876160990713,0.30959752321981426,0.9287925696594427,0,0.9287925696594427,2.476780185758514
E00190556,287,280,5,3,2,0,0,0,2,97.5609756097561,1.7421602787456445,1.0452961672473868,0.6968641114982579,0,0,0,0.6968641114982579
E00190560,287,268,8,6,2,7,3,4,4,93.37979094076655,2.7874564459930316,2.0905923344947737,0.6968641114982579,2.4390243902439024,1.0452961672473868,1.3937282229965158,1.3937282229965158
E00190561,206,196,5,5,0,3,0,3,2,95.14563106796116,2.4271844660194173,2.4271844660194173,0,1.4563106796116505,0,1.4563106796116505,0.9708737864077669
E00190562,216,207,4,3,1,1,1,0,4,95.83333333333334,1.8518518518518516,1.3888888888888888,0.4629629629629629,0.4629629629629629,0.4629629629629629,0,1.8518518518518516
E00190565,204,189,6,5,1,3,0,3,6,92.64705882352942,2.941176470588235,2.450980392156863,0.49019607843137253,1.4705882352941175,0,1.4705882352941175,2.941176470588235
E00190566,270,250,7,7,0,5,1,4,8,92.5925925925926,2.5925925925925926,2.5925925925925926,0,1.8518518518518516,0.3703703703703704,1.4814814814814816,2.9629629629629632
E00190570,270,252,8,4,4,3,0,3,7,93.33333333333333,2.9629629629629632,1.4814814814814816,1.4814814814814816,1.1111111111111112,0,1.1111111111111112,2.5925925925925926
E00190572,279,258,13,13,0,5,3,2,3,92.47311827956989,4.659498207885305,4.659498207885305,0,1.7921146953405016,1.0752688172043012,0.7168458781362007,1.0752688172043012
E00190575,313,302,7,4,3,1,0,1,3,96.48562300319489,2.2364217252396164,1.2779552715654952,0.9584664536741214,0.3194888178913738,0,0.3194888178913738,0.9584664536741214
E00190578,222,196,14,11,3,4,1,3,8,88.28828828828829,6.306306306306306,4.954954954954955,1.3513513513513513,1.8018018018018018,0.45045045045045046,1.3513513513513513,3.6036036036036037
E00190579,260,245,6,6,0,2,2,0,7,94.23076923076923,2.307692307692308,2.307692307692308,0,0.7692307692307693,0.7692307692307693,0,2.6923076923076925
E00190581,347,314,21,16,5,3,3,0,9,90.48991354466858,6.051873198847262,4.610951008645533,1.440922190201729,0.8645533141210375,0.8645533141210375,0,2.5936599423631126
E00190582,320,295,9,6,3,7,6,1,9,92.1875,2.8125,1.875,0.9375,2.1875,1.875,0.3125,2.8125
E00190585,300,280,7,4,3,1,1,0,12,93.33333333333333,2.3333333333333335,1.3333333333333335,1,0.33333333333333337,0.33333333333333337,0,4
E00190586,121,116,4,3,1,0,0,0,1,95.86776859504133,3.3057851239669422,2.479338842975207,0.8264462809917356,0,0,0,0.8264462809917356
E00190587,258,246,3,3,0,6,0,6,3,95.34883720930233,1.1627906976744187,1.1627906976744187,0,2.3255813953488373,0,2.3255813953488373,1.1627906976744187
E00190588,329,301,13,8,5,8,4,4,7,91.48936170212765,3.951367781155015,2.43161094224924,1.5197568389057752,2.43161094224924,1.21580547112462,1.21580547112462,2.127659574468085
E00190590,253,246,3,2,1,1,0,1,3,97.23320158102767,1.185770750988142,0.7905138339920948,0.3952569169960474,0.3952569169960474,0,0.3952569169960474,1.185770750988142
E00190592,302,287,9,9,0,4,0,4,2,95.03311258278146,2.980132450331126,2.980132450331126,0,1.3245033112582782,0,1.3245033112582782,0.6622516556291391
E00190593,278,263,10,6,4,1,1,0,4,94.60431654676259,3.5971223021582732,2.158273381294964,1.4388489208633095,0.3597122302158274,0.3597122302158274,0,1.4388489208633095
