OA,ts0390001,ts0390002,ts0390003,ts0390004,ts0390005,ts0390006,ts0390007,ts0390008,ts0390009,ts0390002_PCT,ts0390003_PCT,ts0390004_PCT,ts0390005_PCT,ts0390006_PCT,ts0390007_PCT,ts0390008_PCT,ts0390009_PCT
E00130256,258,232,10,8,2,5,2,3,11,89.92248062015504,3.875968992248062,3.10077519379845,0.7751937984496124,1.937984496124031,0.7751937984496124,1.1627906976744187,4.263565891472868
E00130257,329,307,11,7,4,3,1,2,8,93.3130699088146,3.343465045592705,2.127659574468085,1.21580547112462,0.911854103343465,0.303951367781155,0.60790273556231,2.43161094224924
E00130258,344,305,15,13,2,9,2,7,15,88.66279069767442,4.3604651162790695,3.77906976744186,0.5813953488372093,2.616279069767442,0.5813953488372093,2.0348837209302326,4.3604651162790695
E00130259,553,512,17,16,1,4,1,3,20,92.58589511754069,3.074141048824593,2.8933092224231465,0.18083182640144665,0.7233273056057866,0.18083182640144665,0.5424954792043399,3.616636528028933
E00130260,256,215,27,16,11,3,3,0,11,83.984375,10.546875,6.25,4.296875,1.171875,1.171875,0,4.296875
E00130261,231,211,12,8,4,3,2,1,5,91.34199134199135,5.194805194805195,3.463203463203463,1.7316017316017316,1.2987012987012987,0.8658008658008658,0.4329004329004329,2.1645021645021645
E00130262,205,193,9,3,6,1,0,1,2,94.14634146341463,4.390243902439024,1.4634146341463417,2.9268292682926833,0.4878048780487805,0,0.4878048780487805,0.975609756097561
E00130263,420,381,23,17,6,6,1,5,10,90.71428571428571,5.476190476190476,4.0476190476190474,1.4285714285714286,1.4285714285714286,0.2380952380952381,1.1904761904761905,2.380952380952381
E00130264,311,274,20,12,8,5,3,2,12,88.10289389067523,6.430868167202572,3.858520900321544,2.572347266881029,1.607717041800643,0.964630225080386,0.6430868167202572,3.858520900321544
E00130268,278,258,7,6,1,7,3,4,6,92.80575539568345,2.5179856115107913,2.158273381294964,0.3597122302158274,2.5179856115107913,1.079136690647482,1.4388489208633095,2.158273381294964
E00130269,295,269,13,7,6,5,0,5,8,91.18644067796609,4.406779661016949,2.3728813559322033,2.0338983050847457,1.694915254237288,0,1.694915254237288,2.711864406779661
E00130270,263,238,19,11,8,1,1,0,5,90.49429657794677,7.224334600760455,4.182509505703422,3.041825095057034,0.38022813688212925,0.38022813688212925,0,1.9011406844106464
E00130272,303,278,7,7,0,8,6,2,10,91.74917491749174,2.31023102310231,2.31023102310231,0,2.6402640264026402,1.9801980198019802,0.6600660066006601,3.3003300330033
E00130273,332,308,13,7,6,5,2,3,6,92.7710843373494,3.91566265060241,2.108433734939759,1.8072289156626504,1.5060240963855422,0.6024096385542169,0.9036144578313252,1.8072289156626504
E00130274,294,271,11,6,5,5,2,3,7,92.17687074829932,3.741496598639456,2.0408163265306123,1.7006802721088436,1.7006802721088436,0.6802721088435374,1.0204081632653061,2.380952380952381
E00130276,247,227,9,8,1,3,3,0,8,91.90283400809717,3.643724696356275,3.2388663967611335,0.4048582995951417,1.214574898785425,1.214574898785425,0,3.2388663967611335
E00130278,275,255,16,10,6,1,0,1,3,92.72727272727272,5.818181818181818,3.6363636363636362,2.181818181818182,0.36363636363636365,0,0.36363636363636365,1.090909090909091
E00130279,420,375,23,17,6,14,10,4,8,89.28571428571429,5.476190476190476,4.0476190476190474,1.4285714285714286,3.3333333333333335,2.380952380952381,0.9523809523809524,1.9047619047619049
E00130280,412,379,18,15,3,5,4,1,10,91.99029126213593,4.368932038834951,3.640776699029126,0.7281553398058253,1.2135922330097086,0.9708737864077669,0.24271844660194172,2.4271844660194173
E00130281,161,143,6,5,1,5,3,2,7,88.81987577639751,3.7267080745341614,3.1055900621118013,0.6211180124223602,3.1055900621118013,1.8633540372670807,1.2422360248447204,4.3478260869565215
E00130282,367,334,24,17,7,2,0,2,7,91.00817438692098,6.539509536784741,4.632152588555858,1.9073569482288828,0.544959128065395,0,0.544959128065395,1.9073569482288828
E00130283,319,276,23,20,3,6,4,2,14,86.52037617554859,7.210031347962382,6.269592476489027,0.9404388714733543,1.8808777429467085,1.2539184952978055,0.6269592476489028,4.38871473354232
E00130284,275,251,16,14,2,4,3,1,4,91.27272727272727,5.818181818181818,5.090909090909091,0.7272727272727273,1.4545454545454546,1.090909090909091,0.36363636363636365,1.4545454545454546
E00130285,298,268,25,21,4,2,1,1,3,89.93288590604027,8.389261744966444,7.046979865771812,1.342281879194631,0.6711409395973155,0.33557046979865773,0.33557046979865773,1.006711409395973
E00130286,284,249,16,14,2,3,1,2,16,87.67605633802818,5.633802816901409,4.929577464788732,0.7042253521126761,1.056338028169014,0.35211267605633806,0.7042253521126761,5.633802816901409
E00130288,295,275,12,9,3,2,1,1,6,93.22033898305084,4.067796610169491,3.050847457627119,1.0169491525423728,0.6779661016949152,0.3389830508474576,0.3389830508474576,2.0338983050847457
E00130289,277,243,17,9,8,11,6,5,6,87.72563176895306,6.137184115523466,3.2490974729241873,2.888086642599278,3.9711191335740073,2.166064981949458,1.8050541516245486,2.166064981949458
E00130290,289,261,18,14,4,5,3,2,5,90.3114186851211,6.228373702422145,4.844290657439446,1.384083044982699,1.7301038062283738,1.0380622837370241,0.6920415224913495,1.7301038062283738
E00130291,265,242,9,5,4,11,5,6,3,91.32075471698113,3.3962264150943398,1.8867924528301887,1.509433962264151,4.150943396226415,1.8867924528301887,2.2641509433962264,1.1320754716981132
E00130292,165,155,6,5,1,4,2,2,0,93.93939393939394,3.6363636363636362,3.0303030303030303,0.6060606060606061,2.4242424242424243,1.2121212121212122,1.2121212121212122,0
E00130293,346,317,17,11,6,4,2,2,8,91.61849710982659,4.913294797687861,3.1791907514450863,1.7341040462427744,1.1560693641618496,0.5780346820809248,0.5780346820809248,2.312138728323699
E00130294,264,229,25,20,5,2,1,1,8,86.74242424242425,9.469696969696969,7.575757575757576,1.893939393939394,0.7575757575757576,0.3787878787878788,0.3787878787878788,3.0303030303030303
E00130295,328,302,16,10,6,5,3,2,5,92.07317073170732,4.878048780487805,3.048780487804878,1.8292682926829267,1.524390243902439,0.9146341463414633,0.6097560975609756,1.524390243902439
E00130296,315,278,18,13,5,8,5,3,11,88.25396825396825,5.714285714285714,4.1269841269841265,1.5873015873015872,2.5396825396825395,1.5873015873015872,0.9523809523809524,3.492063492063492
E00130297,330,297,21,17,4,3,1,2,9,90,6.363636363636363,5.151515151515151,1.2121212121212122,0.9090909090909091,0.30303030303030304,0.6060606060606061,2.727272727272727
E00130298,282,262,8,6,2,4,1,3,8,92.90780141843972,2.8368794326241136,2.127659574468085,0.7092198581560284,1.4184397163120568,0.3546099290780142,1.0638297872340425,2.8368794326241136
E00130299,340,312,14,7,7,8,4,4,6,91.76470588235294,4.117647058823529,2.0588235294117645,2.0588235294117645,2.3529411764705883,1.1764705882352942,1.1764705882352942,1.7647058823529411
E00130300,287,263,16,10,6,2,1,1,6,91.63763066202091,5.574912891986063,3.484320557491289,2.0905923344947737,0.6968641114982579,0.34843205574912894,0.34843205574912894,2.0905923344947737
E00130301,283,259,14,12,2,2,2,0,8,91.51943462897526,4.946996466431095,4.240282685512367,0.7067137809187279,0.7067137809187279,0.7067137809187279,0,2.8268551236749118
E00130302,311,276,26,19,7,1,1,0,8,88.7459807073955,8.360128617363344,6.109324758842444,2.2508038585209005,0.3215434083601286,0.3215434083601286,0,2.572347266881029
E00130303,384,347,22,19,3,7,5,2,8,90.36458333333334,5.729166666666666,4.947916666666666,0.78125,1.8229166666666667,1.3020833333333335,0.5208333333333333,2.083333333333333
E00130304,309,274,16,11,5,3,1,2,16,88.67313915857605,5.177993527508091,3.559870550161812,1.6181229773462782,0.9708737864077669,0.3236245954692557,0.6472491909385114,5.177993527508091
E00130305,352,315,19,13,6,8,5,3,10,89.48863636363636,5.3977272727272725,3.6931818181818183,1.7045454545454544,2.272727272727273,1.4204545454545454,0.8522727272727272,2.840909090909091
E00130306,368,339,21,20,1,4,3,1,4,92.11956521739131,5.706521739130435,5.434782608695652,0.2717391304347826,1.0869565217391304,0.8152173913043478,0.2717391304347826,1.0869565217391304
E00130307,259,219,28,24,4,3,3,0,9,84.55598455598455,10.81081081081081,9.266409266409266,1.5444015444015444,1.1583011583011582,1.1583011583011582,0,3.474903474903475
E00130308,279,252,11,8,3,8,5,3,8,90.32258064516128,3.942652329749104,2.867383512544803,1.0752688172043012,2.867383512544803,1.7921146953405016,1.0752688172043012,2.867383512544803
E00130310,281,249,16,13,3,5,4,1,11,88.61209964412812,5.6939501779359425,4.6263345195729535,1.0676156583629894,1.7793594306049825,1.4234875444839856,0.3558718861209964,3.9145907473309607
E00130311,327,297,16,9,7,2,2,0,12,90.82568807339449,4.892966360856269,2.7522935779816518,2.1406727828746175,0.6116207951070336,0.6116207951070336,0,3.669724770642202
E00130312,286,269,10,8,2,0,0,0,7,94.05594405594405,3.4965034965034967,2.797202797202797,0.6993006993006993,0,0,0,2.4475524475524475
E00130313,378,326,33,24,9,9,7,2,10,86.24338624338624,8.73015873015873,6.349206349206349,2.380952380952381,2.380952380952381,1.8518518518518516,0.5291005291005291,2.6455026455026456
E00130314,362,308,36,25,11,5,2,3,13,85.0828729281768,9.94475138121547,6.906077348066299,3.0386740331491713,1.3812154696132597,0.5524861878453038,0.8287292817679558,3.591160220994475
E00130315,333,297,21,16,5,11,8,3,4,89.1891891891892,6.306306306306306,4.804804804804805,1.5015015015015014,3.303303303303303,2.4024024024024024,0.9009009009009009,1.2012012012012012
E00130316,350,298,33,22,11,10,7,3,9,85.14285714285714,9.428571428571429,6.2857142857142865,3.1428571428571432,2.857142857142857,2,0.8571428571428572,2.571428571428571
E00130317,268,231,20,17,3,4,2,2,13,86.19402985074626,7.462686567164178,6.343283582089552,1.1194029850746268,1.4925373134328357,0.7462686567164178,0.7462686567164178,4.850746268656716
E00130318,303,269,17,12,5,7,4,3,10,88.77887788778878,5.6105610561056105,3.9603960396039604,1.65016501650165,2.31023102310231,1.3201320132013201,0.9900990099009901,3.3003300330033
E00130319,356,326,16,13,3,5,5,0,9,91.57303370786516,4.49438202247191,3.651685393258427,0.8426966292134831,1.4044943820224718,1.4044943820224718,0,2.528089887640449
E00130320,306,266,26,20,6,9,5,4,5,86.9281045751634,8.49673202614379,6.535947712418301,1.9607843137254901,2.941176470588235,1.6339869281045754,1.3071895424836601,1.6339869281045754
E00130321,363,331,21,13,8,4,4,0,7,91.18457300275482,5.785123966942149,3.581267217630854,2.203856749311295,1.1019283746556474,1.1019283746556474,0,1.9283746556473829
E00130322,258,217,20,13,7,8,3,5,13,84.10852713178295,7.751937984496124,5.038759689922481,2.7131782945736433,3.10077519379845,1.1627906976744187,1.937984496124031,5.038759689922481
E00130323,283,254,17,13,4,6,1,5,6,89.75265017667844,6.007067137809187,4.593639575971731,1.4134275618374559,2.1201413427561837,0.35335689045936397,1.76678445229682,2.1201413427561837
E00130324,225,200,8,5,3,7,4,3,10,88.88888888888889,3.5555555555555554,2.2222222222222223,1.3333333333333335,3.111111111111111,1.7777777777777777,1.3333333333333335,4.444444444444445
E00130325,272,252,14,7,7,4,1,3,2,92.64705882352942,5.147058823529411,2.5735294117647056,2.5735294117647056,1.4705882352941175,0.3676470588235294,1.1029411764705883,0.7352941176470588
E00130326,307,282,16,16,0,3,1,2,6,91.85667752442997,5.211726384364821,5.211726384364821,0,0.9771986970684038,0.32573289902280134,0.6514657980456027,1.9543973941368076
E00130327,296,264,15,11,4,3,3,0,14,89.1891891891892,5.0675675675675675,3.7162162162162162,1.3513513513513513,1.0135135135135136,1.0135135135135136,0,4.72972972972973
E00130328,237,218,11,6,5,3,1,2,5,91.9831223628692,4.641350210970464,2.5316455696202533,2.109704641350211,1.2658227848101267,0.42194092827004215,0.8438818565400843,2.109704641350211
E00130329,295,272,13,7,6,3,3,0,7,92.20338983050847,4.406779661016949,2.3728813559322033,2.0338983050847457,1.0169491525423728,1.0169491525423728,0,2.3728813559322033
E00130330,280,238,25,21,4,8,4,4,9,85,8.928571428571429,7.5,1.4285714285714286,2.857142857142857,1.4285714285714286,1.4285714285714286,3.214285714285714
E00130331,170,158,4,4,0,1,0,1,7,92.94117647058823,2.3529411764705883,2.3529411764705883,0,0.5882352941176471,0,0.5882352941176471,4.117647058823529
E00130332,340,303,13,11,2,6,4,2,18,89.11764705882354,3.823529411764706,3.2352941176470593,0.5882352941176471,1.7647058823529411,1.1764705882352942,0.5882352941176471,5.294117647058823
E00130333,437,394,24,19,5,8,4,4,11,90.16018306636155,5.491990846681922,4.3478260869565215,1.1441647597254003,1.8306636155606408,0.9153318077803204,0.9153318077803204,2.517162471395881
E00130334,260,239,12,7,5,4,0,4,5,91.92307692307692,4.615384615384616,2.6923076923076925,1.9230769230769231,1.5384615384615385,0,1.5384615384615385,1.9230769230769231
E00130336,113,109,2,1,1,1,1,0,1,96.46017699115043,1.7699115044247788,0.8849557522123894,0.8849557522123894,0.8849557522123894,0.8849557522123894,0,0.8849557522123894
E00130338,186,161,20,12,8,1,0,1,4,86.55913978494624,10.75268817204301,6.451612903225806,4.301075268817205,0.5376344086021506,0,0.5376344086021506,2.1505376344086025
E00130339,312,286,16,14,2,3,2,1,7,91.66666666666666,5.128205128205128,4.487179487179487,0.641025641025641,0.9615384615384616,0.641025641025641,0.3205128205128205,2.2435897435897436
E00130340,270,230,25,20,5,4,2,2,11,85.18518518518519,9.25925925925926,7.4074074074074066,1.8518518518518516,1.4814814814814816,0.7407407407407408,0.7407407407407408,4.074074074074074
E00130341,234,203,20,16,4,5,3,2,6,86.75213675213675,8.547008547008547,6.837606837606838,1.7094017094017095,2.1367521367521367,1.282051282051282,0.8547008547008548,2.564102564102564
E00130342,263,231,17,13,4,6,5,1,9,87.83269961977186,6.4638783269961975,4.942965779467681,1.520912547528517,2.2813688212927756,1.9011406844106464,0.38022813688212925,3.4220532319391634
E00130343,219,196,20,16,4,2,1,1,1,89.49771689497716,9.1324200913242,7.30593607305936,1.82648401826484,0.91324200913242,0.45662100456621,0.45662100456621,0.45662100456621
E00130344,362,328,16,9,7,6,3,3,12,90.60773480662984,4.41988950276243,2.4861878453038675,1.9337016574585635,1.6574585635359116,0.8287292817679558,0.8287292817679558,3.314917127071823
E00130345,277,249,16,13,3,1,0,1,11,89.89169675090253,5.776173285198556,4.693140794223827,1.083032490974729,0.36101083032490977,0,0.36101083032490977,3.9711191335740073
E00130346,264,232,20,17,3,5,3,2,7,87.87878787878788,7.575757575757576,6.4393939393939394,1.1363636363636365,1.893939393939394,1.1363636363636365,0.7575757575757576,2.6515151515151514
E00130347,231,211,14,12,2,4,1,3,2,91.34199134199135,6.0606060606060606,5.194805194805195,0.8658008658008658,1.7316017316017316,0.4329004329004329,1.2987012987012987,0.8658008658008658
E00130349,193,173,12,10,2,2,2,0,6,89.63730569948186,6.217616580310881,5.181347150259067,1.0362694300518136,1.0362694300518136,1.0362694300518136,0,3.1088082901554404
E00130350,336,302,11,9,2,13,6,7,10,89.88095238095238,3.273809523809524,2.6785714285714284,0.5952380952380952,3.869047619047619,1.7857142857142856,2.083333333333333,2.976190476190476
E00130351,374,320,13,10,3,19,9,10,22,85.56149732620321,3.4759358288770055,2.6737967914438503,0.8021390374331552,5.080213903743315,2.406417112299465,2.6737967914438503,5.88235294117647
E00130352,362,328,13,11,2,11,5,6,10,90.60773480662984,3.591160220994475,3.0386740331491713,0.5524861878453038,3.0386740331491713,1.3812154696132597,1.6574585635359116,2.7624309392265194
E00130353,518,470,17,11,6,10,4,6,21,90.73359073359073,3.2818532818532815,2.1235521235521233,1.1583011583011582,1.9305019305019304,0.7722007722007722,1.1583011583011582,4.054054054054054
E00130354,425,390,16,10,6,6,3,3,13,91.76470588235294,3.7647058823529407,2.3529411764705883,1.411764705882353,1.411764705882353,0.7058823529411765,0.7058823529411765,3.058823529411765
E00130356,3078,3014,44,40,4,9,7,2,11,97.92072774528916,1.4294996751137101,1.299545159194282,0.1299545159194282,0.29239766081871343,0.22742040285899934,0.0649772579597141,0.35737491877842753
E00130357,384,348,15,10,5,6,4,2,15,90.625,3.90625,2.604166666666667,1.3020833333333335,1.5625,1.0416666666666665,0.5208333333333333,3.90625
E00130359,195,181,6,5,1,2,1,1,6,92.82051282051282,3.076923076923077,2.564102564102564,0.5128205128205128,1.0256410256410255,0.5128205128205128,0.5128205128205128,3.076923076923077
E00130361,366,323,25,16,9,10,3,7,8,88.25136612021858,6.830601092896176,4.371584699453552,2.459016393442623,2.73224043715847,0.819672131147541,1.912568306010929,2.185792349726776
E00130362,330,304,9,7,2,8,4,4,9,92.12121212121212,2.727272727272727,2.1212121212121215,0.6060606060606061,2.4242424242424243,1.2121212121212122,1.2121212121212122,2.727272727272727
E00130363,242,221,16,13,3,2,2,0,3,91.32231404958677,6.6115702479338845,5.371900826446281,1.2396694214876034,0.8264462809917356,0.8264462809917356,0,1.2396694214876034
E00130365,172,158,5,2,3,5,2,3,4,91.86046511627907,2.9069767441860463,1.1627906976744187,1.744186046511628,2.9069767441860463,1.1627906976744187,1.744186046511628,2.3255813953488373
E00130366,114,105,5,3,2,1,1,0,3,92.10526315789474,4.385964912280701,2.631578947368421,1.7543859649122806,0.8771929824561403,0.8771929824561403,0,2.631578947368421
E00130367,189,155,18,14,4,6,1,5,10,82.01058201058201,9.523809523809524,7.4074074074074066,2.1164021164021163,3.1746031746031744,0.5291005291005291,2.6455026455026456,5.291005291005291
E00130368,231,205,13,7,6,7,5,2,6,88.74458874458875,5.627705627705628,3.0303030303030303,2.5974025974025974,3.0303030303030303,2.1645021645021645,0.8658008658008658,2.5974025974025974
E00130369,427,376,22,17,5,12,5,7,17,88.05620608899297,5.152224824355972,3.9812646370023423,1.1709601873536302,2.810304449648712,1.1709601873536302,1.639344262295082,3.9812646370023423
E00130370,257,239,7,5,2,3,3,0,8,92.99610894941634,2.7237354085603114,1.9455252918287937,0.7782101167315175,1.1673151750972763,1.1673151750972763,0,3.11284046692607
E00130371,262,231,14,12,2,6,5,1,11,88.16793893129771,5.343511450381679,4.580152671755725,0.7633587786259541,2.2900763358778624,1.9083969465648856,0.38167938931297707,4.198473282442748
E00130372,445,405,19,15,4,2,1,1,19,91.01123595505618,4.269662921348314,3.3707865168539324,0.8988764044943821,0.44943820224719105,0.22471910112359553,0.22471910112359553,4.269662921348314
E00130373,388,352,19,14,5,7,2,5,10,90.72164948453609,4.896907216494846,3.608247422680412,1.2886597938144329,1.804123711340206,0.5154639175257731,1.2886597938144329,2.5773195876288657
E00130374,254,227,15,12,3,2,2,0,10,89.37007874015748,5.905511811023622,4.724409448818897,1.1811023622047243,0.7874015748031495,0.7874015748031495,0,3.937007874015748
E00130375,234,211,15,10,5,2,1,1,6,90.17094017094017,6.41025641025641,4.273504273504273,2.1367521367521367,0.8547008547008548,0.4273504273504274,0.4273504273504274,2.564102564102564
E00130376,240,211,21,16,5,4,2,2,4,87.91666666666667,8.75,6.666666666666667,2.083333333333333,1.6666666666666667,0.8333333333333334,0.8333333333333334,1.6666666666666667
E00130377,255,234,11,10,1,6,4,2,4,91.76470588235294,4.313725490196078,3.9215686274509802,0.39215686274509803,2.3529411764705883,1.5686274509803921,0.7843137254901961,1.5686274509803921
E00130378,403,375,10,6,4,12,7,5,6,93.05210918114145,2.481389578163772,1.488833746898263,0.9925558312655087,2.977667493796526,1.7369727047146404,1.240694789081886,1.488833746898263
E00130379,315,294,14,10,4,3,2,1,4,93.33333333333333,4.444444444444445,3.1746031746031744,1.2698412698412698,0.9523809523809524,0.6349206349206349,0.31746031746031744,1.2698412698412698
E00130380,253,233,5,2,3,5,2,3,10,92.09486166007905,1.9762845849802373,0.7905138339920948,1.185770750988142,1.9762845849802373,0.7905138339920948,1.185770750988142,3.9525691699604746
E00130381,301,277,16,10,6,2,2,0,6,92.02657807308971,5.3156146179401995,3.322259136212625,1.9933554817275747,0.6644518272425249,0.6644518272425249,0,1.9933554817275747
E00130382,216,195,15,13,2,2,0,2,4,90.27777777777779,6.944444444444445,6.018518518518518,0.9259259259259258,0.9259259259259258,0,0.9259259259259258,1.8518518518518516
E00130383,226,206,8,5,3,2,2,0,10,91.1504424778761,3.5398230088495577,2.2123893805309733,1.3274336283185841,0.8849557522123894,0.8849557522123894,0,4.424778761061947
E00130384,275,252,9,4,5,4,2,2,10,91.63636363636364,3.272727272727273,1.4545454545454546,1.8181818181818181,1.4545454545454546,0.7272727272727273,0.7272727272727273,3.6363636363636362
E00130385,338,298,23,19,4,10,7,3,7,88.16568047337277,6.8047337278106506,5.621301775147929,1.183431952662722,2.9585798816568047,2.0710059171597637,0.8875739644970414,2.0710059171597637
E00130386,194,182,5,4,1,4,1,3,3,93.81443298969072,2.5773195876288657,2.0618556701030926,0.5154639175257731,2.0618556701030926,0.5154639175257731,1.5463917525773196,1.5463917525773196
E00130387,234,206,13,9,4,7,1,6,8,88.03418803418803,5.555555555555555,3.8461538461538463,1.7094017094017095,2.9914529914529915,0.4273504273504274,2.564102564102564,3.418803418803419
E00130388,307,293,6,5,1,1,0,1,7,95.43973941368078,1.9543973941368076,1.6286644951140066,0.32573289902280134,0.32573289902280134,0,0.32573289902280134,2.2801302931596092
E00130389,393,358,26,23,3,3,0,3,6,91.0941475826972,6.615776081424936,5.852417302798982,0.7633587786259541,0.7633587786259541,0,0.7633587786259541,1.5267175572519083
E00130390,297,271,13,5,8,5,2,3,8,91.24579124579124,4.377104377104377,1.6835016835016834,2.6936026936026933,1.6835016835016834,0.6734006734006733,1.0101010101010102,2.6936026936026933
E00130391,106,93,1,0,1,1,1,0,11,87.73584905660378,0.9433962264150944,0,0.9433962264150944,0.9433962264150944,0.9433962264150944,0,10.377358490566039
E00130392,307,283,14,10,4,2,1,1,8,92.18241042345277,4.5602605863192185,3.257328990228013,1.3029315960912053,0.6514657980456027,0.32573289902280134,0.32573289902280134,2.6058631921824107
E00130393,260,234,14,9,5,5,3,2,7,90,5.384615384615385,3.4615384615384617,1.9230769230769231,1.9230769230769231,1.153846153846154,0.7692307692307693,2.6923076923076925
E00130394,194,174,9,8,1,6,4,2,5,89.69072164948454,4.639175257731959,4.123711340206185,0.5154639175257731,3.0927835051546393,2.0618556701030926,1.0309278350515463,2.5773195876288657
E00130395,216,198,10,9,1,4,2,2,4,91.66666666666666,4.62962962962963,4.166666666666666,0.4629629629629629,1.8518518518518516,0.9259259259259258,0.9259259259259258,1.8518518518518516
E00130396,297,272,13,11,2,7,3,4,5,91.58249158249158,4.377104377104377,3.7037037037037033,0.6734006734006733,2.356902356902357,1.0101010101010102,1.3468013468013467,1.6835016835016834
E00130397,301,270,13,9,4,4,2,2,14,89.70099667774086,4.318936877076411,2.990033222591362,1.3289036544850499,1.3289036544850499,0.6644518272425249,0.6644518272425249,4.651162790697675
E00130398,301,275,15,14,1,6,4,2,5,91.36212624584718,4.983388704318937,4.651162790697675,0.33222591362126247,1.9933554817275747,1.3289036544850499,0.6644518272425249,1.6611295681063125
E00130399,447,421,11,6,5,5,4,1,10,94.1834451901566,2.460850111856823,1.342281879194631,1.1185682326621924,1.1185682326621924,0.8948545861297539,0.22371364653243847,2.237136465324385
E00130400,495,441,15,8,7,15,4,11,24,89.0909090909091,3.0303030303030303,1.6161616161616161,1.4141414141414141,3.0303030303030303,0.8080808080808081,2.2222222222222223,4.848484848484849
E00130401,218,197,5,4,1,5,2,3,11,90.36697247706422,2.293577981651376,1.834862385321101,0.45871559633027525,2.293577981651376,0.9174311926605505,1.3761467889908259,5.045871559633028
E00130402,409,379,11,7,4,8,2,6,11,92.66503667481662,2.689486552567237,1.7114914425427872,0.9779951100244498,1.9559902200488997,0.4889975550122249,1.466992665036675,2.689486552567237
E00130404,210,195,7,3,4,4,0,4,4,92.85714285714286,3.3333333333333335,1.4285714285714286,1.9047619047619049,1.9047619047619049,0,1.9047619047619049,1.9047619047619049
E00130405,198,189,6,4,2,1,0,1,2,95.45454545454545,3.0303030303030303,2.0202020202020203,1.0101010101010102,0.5050505050505051,0,0.5050505050505051,1.0101010101010102
E00130406,213,203,5,4,1,0,0,0,5,95.30516431924883,2.3474178403755865,1.8779342723004695,0.4694835680751174,0,0,0,2.3474178403755865
E00130407,430,406,10,9,1,6,4,2,8,94.41860465116278,2.3255813953488373,2.0930232558139537,0.23255813953488372,1.3953488372093024,0.9302325581395349,0.46511627906976744,1.8604651162790697
E00130408,151,143,0,0,0,5,5,0,3,94.70198675496688,0,0,0,3.3112582781456954,3.3112582781456954,0,1.9867549668874174
E00130409,270,239,16,13,3,7,4,3,8,88.51851851851852,5.9259259259259265,4.814814814814815,1.1111111111111112,2.5925925925925926,1.4814814814814816,1.1111111111111112,2.9629629629629632
E00130410,171,157,9,7,2,3,1,2,2,91.81286549707602,5.263157894736842,4.093567251461988,1.1695906432748537,1.7543859649122806,0.5847953216374269,1.1695906432748537,1.1695906432748537
E00130411,243,213,16,10,6,7,5,2,7,87.65432098765432,6.584362139917696,4.11522633744856,2.4691358024691357,2.880658436213992,2.05761316872428,0.823045267489712,2.880658436213992
E00130412,246,228,12,7,5,0,0,0,6,92.6829268292683,4.878048780487805,2.8455284552845526,2.0325203252032518,0,0,0,2.4390243902439024
E00130413,234,210,13,8,5,6,2,4,5,89.74358974358975,5.555555555555555,3.418803418803419,2.1367521367521367,2.564102564102564,0.8547008547008548,1.7094017094017095,2.1367521367521367
E00130414,391,359,17,11,6,11,3,8,4,91.81585677749361,4.3478260869565215,2.813299232736573,1.5345268542199488,2.813299232736573,0.7672634271099744,2.0460358056265986,1.0230179028132993
E00130415,225,212,5,4,1,4,2,2,4,94.22222222222221,2.2222222222222223,1.7777777777777777,0.4444444444444444,1.7777777777777777,0.8888888888888888,0.8888888888888888,1.7777777777777777
E00130416,172,145,7,6,1,11,5,6,9,84.30232558139535,4.069767441860465,3.488372093023256,0.5813953488372093,6.395348837209303,2.9069767441860463,3.488372093023256,5.232558139534884
E00130417,355,332,8,2,6,5,3,2,10,93.52112676056338,2.2535211267605635,0.5633802816901409,1.6901408450704223,1.4084507042253522,0.8450704225352111,0.5633802816901409,2.8169014084507045
E00130418,256,238,10,7,3,4,1,3,4,92.96875,3.90625,2.734375,1.171875,1.5625,0.390625,1.171875,1.5625
E00130419,256,239,9,6,3,4,0,4,4,93.359375,3.515625,2.34375,1.171875,1.5625,0,1.5625,1.5625
E00130420,371,348,15,12,3,3,2,1,5,93.80053908355795,4.0431266846361185,3.234501347708895,0.8086253369272237,0.8086253369272237,0.5390835579514826,0.2695417789757413,1.3477088948787064
E00130421,486,451,13,6,7,7,2,5,15,92.79835390946502,2.674897119341564,1.2345679012345678,1.440329218106996,1.440329218106996,0.411522633744856,1.02880658436214,3.0864197530864197
E00130422,172,150,11,7,4,5,1,4,6,87.20930232558139,6.395348837209303,4.069767441860465,2.3255813953488373,2.9069767441860463,0.5813953488372093,2.3255813953488373,3.488372093023256
E00130423,571,526,14,10,4,12,11,1,19,92.11908931698774,2.4518388791593697,1.7513134851138354,0.7005253940455342,2.1015761821366024,1.926444833625219,0.17513134851138354,3.327495621716287
E00130424,251,238,3,3,0,2,1,1,8,94.82071713147411,1.1952191235059761,1.1952191235059761,0,0.796812749003984,0.398406374501992,0.398406374501992,3.187250996015936
E00130425,417,377,13,10,3,11,6,5,16,90.40767386091127,3.117505995203837,2.3980815347721824,0.7194244604316548,2.6378896882494005,1.4388489208633095,1.1990407673860912,3.8369304556354913
E00130426,540,496,23,16,7,6,3,3,15,91.85185185185185,4.2592592592592595,2.9629629629629632,1.2962962962962963,1.1111111111111112,0.5555555555555556,0.5555555555555556,2.7777777777777777
E00130427,248,225,5,4,1,3,1,2,15,90.7258064516129,2.0161290322580645,1.6129032258064515,0.4032258064516129,1.2096774193548387,0.4032258064516129,0.8064516129032258,6.048387096774194
E00130428,173,170,1,1,0,2,1,1,0,98.26589595375722,0.5780346820809248,0.5780346820809248,0,1.1560693641618496,0.5780346820809248,0.5780346820809248,0
E00130430,348,326,10,3,7,8,6,2,4,93.67816091954023,2.8735632183908044,0.8620689655172413,2.0114942528735633,2.2988505747126435,1.7241379310344827,0.5747126436781609,1.1494252873563218
E00130431,302,278,11,8,3,3,1,2,10,92.05298013245033,3.642384105960265,2.6490066225165565,0.9933774834437087,0.9933774834437087,0.33112582781456956,0.6622516556291391,3.3112582781456954
E00130433,310,284,15,10,5,6,2,4,5,91.61290322580645,4.838709677419355,3.225806451612903,1.6129032258064515,1.935483870967742,0.6451612903225806,1.2903225806451613,1.6129032258064515
E00130434,493,465,12,8,4,8,1,7,8,94.32048681541582,2.434077079107505,1.6227180527383367,0.8113590263691683,1.6227180527383367,0.2028397565922921,1.4198782961460445,1.6227180527383367
E00130435,172,151,7,6,1,7,4,3,7,87.79069767441861,4.069767441860465,3.488372093023256,0.5813953488372093,4.069767441860465,2.3255813953488373,1.744186046511628,4.069767441860465
E00130436,204,184,5,3,2,6,1,5,9,90.19607843137256,2.450980392156863,1.4705882352941175,0.9803921568627451,2.941176470588235,0.49019607843137253,2.450980392156863,4.411764705882353
E00130437,213,209,2,1,1,1,1,0,1,98.12206572769952,0.9389671361502347,0.4694835680751174,0.4694835680751174,0.4694835680751174,0.4694835680751174,0,0.4694835680751174
E00130438,291,247,31,26,5,5,1,4,8,84.87972508591065,10.652920962199312,8.934707903780069,1.718213058419244,1.718213058419244,0.3436426116838488,1.3745704467353952,2.7491408934707904
E00130439,327,308,10,5,5,6,3,3,3,94.18960244648318,3.058103975535168,1.529051987767584,1.529051987767584,1.834862385321101,0.9174311926605505,0.9174311926605505,0.9174311926605505
E00130441,178,167,9,7,2,1,0,1,1,93.82022471910112,5.056179775280898,3.932584269662921,1.1235955056179776,0.5617977528089888,0,0.5617977528089888,0.5617977528089888
E00130442,197,183,8,6,2,1,1,0,5,92.89340101522842,4.060913705583756,3.0456852791878175,1.015228426395939,0.5076142131979695,0.5076142131979695,0,2.5380710659898478
E00130443,251,230,12,10,2,4,3,1,5,91.63346613545816,4.780876494023905,3.9840637450199203,0.796812749003984,1.593625498007968,1.1952191235059761,0.398406374501992,1.9920318725099602
E00130444,268,246,14,9,5,2,2,0,6,91.7910447761194,5.223880597014925,3.3582089552238807,1.8656716417910446,0.7462686567164178,0.7462686567164178,0,2.2388059701492535
E00130445,275,250,18,13,5,2,1,1,5,90.9090909090909,6.545454545454546,4.7272727272727275,1.8181818181818181,0.7272727272727273,0.36363636363636365,0.36363636363636365,1.8181818181818181
E00130447,375,343,24,19,5,4,2,2,4,91.46666666666667,6.4,5.066666666666666,1.3333333333333335,1.0666666666666667,0.5333333333333333,0.5333333333333333,1.0666666666666667
E00130448,375,341,25,19,6,2,2,0,7,90.93333333333334,6.666666666666667,5.066666666666666,1.6,0.5333333333333333,0.5333333333333333,0,1.866666666666667
E00130449,153,149,2,2,0,1,0,1,1,97.38562091503267,1.3071895424836601,1.3071895424836601,0,0.6535947712418301,0,0.6535947712418301,0.6535947712418301
E00130450,290,265,18,15,3,4,3,1,3,91.37931034482759,6.206896551724138,5.172413793103448,1.0344827586206897,1.3793103448275863,1.0344827586206897,0.3448275862068966,1.0344827586206897
E00130451,560,524,30,23,7,3,1,2,3,93.57142857142857,5.357142857142857,4.107142857142857,1.25,0.5357142857142857,0.17857142857142858,0.35714285714285715,0.5357142857142857
E00130452,286,251,22,19,3,4,3,1,9,87.76223776223776,7.6923076923076925,6.643356643356643,1.048951048951049,1.3986013986013985,1.048951048951049,0.34965034965034963,3.146853146853147
E00130453,318,288,20,16,4,2,2,0,8,90.56603773584906,6.289308176100629,5.031446540880504,1.257861635220126,0.628930817610063,0.628930817610063,0,2.515723270440252
E00130454,332,300,20,15,5,3,2,1,9,90.36144578313254,6.024096385542169,4.518072289156627,1.5060240963855422,0.9036144578313252,0.6024096385542169,0.30120481927710846,2.710843373493976
E00130455,277,251,20,14,6,3,1,2,3,90.61371841155234,7.2202166064981945,5.054151624548736,2.166064981949458,1.083032490974729,0.36101083032490977,0.7220216606498195,1.083032490974729
E00130456,233,203,12,7,5,0,0,0,18,87.1244635193133,5.150214592274678,3.004291845493562,2.1459227467811157,0,0,0,7.725321888412018
E00130457,278,257,10,6,4,4,4,0,7,92.44604316546763,3.5971223021582732,2.158273381294964,1.4388489208633095,1.4388489208633095,1.4388489208633095,0,2.5179856115107913
E00130458,360,319,26,21,5,8,6,2,7,88.61111111111111,7.222222222222221,5.833333333333333,1.3888888888888888,2.2222222222222223,1.6666666666666667,0.5555555555555556,1.9444444444444444
E00130459,290,262,13,10,3,6,1,5,9,90.3448275862069,4.482758620689655,3.4482758620689653,1.0344827586206897,2.0689655172413794,0.3448275862068966,1.7241379310344827,3.103448275862069
E00130460,261,234,17,15,2,1,1,0,9,89.65517241379311,6.513409961685824,5.747126436781609,0.7662835249042145,0.38314176245210724,0.38314176245210724,0,3.4482758620689653
E00130461,268,238,10,6,4,9,3,6,11,88.80597014925374,3.731343283582089,2.2388059701492535,1.4925373134328357,3.3582089552238807,1.1194029850746268,2.2388059701492535,4.104477611940299
E00130462,270,238,17,9,8,9,4,5,6,88.14814814814815,6.296296296296296,3.3333333333333335,2.9629629629629632,3.3333333333333335,1.4814814814814816,1.8518518518518516,2.2222222222222223
E00130463,351,314,19,14,5,10,4,6,8,89.45868945868945,5.413105413105413,3.9886039886039883,1.4245014245014245,2.849002849002849,1.1396011396011396,1.7094017094017095,2.2792022792022792
E00130464,231,210,14,9,5,1,0,1,6,90.9090909090909,6.0606060606060606,3.896103896103896,2.1645021645021645,0.4329004329004329,0,0.4329004329004329,2.5974025974025974
E00130465,318,272,22,14,8,7,7,0,17,85.53459119496856,6.918238993710692,4.40251572327044,2.515723270440252,2.20125786163522,2.20125786163522,0,5.345911949685535
E00130466,261,238,11,10,1,8,5,3,4,91.18773946360153,4.21455938697318,3.8314176245210727,0.38314176245210724,3.065134099616858,1.9157088122605364,1.1494252873563218,1.532567049808429
E00130467,293,259,20,15,5,7,5,2,7,88.39590443686008,6.825938566552901,5.1194539249146755,1.7064846416382253,2.3890784982935154,1.7064846416382253,0.6825938566552902,2.3890784982935154
E00130468,581,527,15,12,3,18,9,9,21,90.70567986230637,2.5817555938037864,2.0654044750430294,0.5163511187607573,3.098106712564544,1.549053356282272,1.549053356282272,3.614457831325301
E00130469,443,376,19,13,6,17,7,10,31,84.87584650112868,4.288939051918736,2.9345372460496613,1.3544018058690745,3.837471783295711,1.580135440180587,2.2573363431151243,6.997742663656885
E00130470,305,275,12,5,7,9,3,6,9,90.1639344262295,3.934426229508197,1.639344262295082,2.2950819672131146,2.9508196721311477,0.9836065573770493,1.9672131147540985,2.9508196721311477
E00130471,263,234,10,7,3,7,3,4,12,88.97338403041825,3.802281368821293,2.6615969581749046,1.1406844106463878,2.6615969581749046,1.1406844106463878,1.520912547528517,4.562737642585551
E00130472,392,348,26,24,2,9,6,3,9,88.77551020408163,6.63265306122449,6.122448979591836,0.5102040816326531,2.295918367346939,1.530612244897959,0.7653061224489796,2.295918367346939
E00130473,302,273,16,8,8,4,2,2,9,90.39735099337747,5.298013245033113,2.6490066225165565,2.6490066225165565,1.3245033112582782,0.6622516556291391,0.6622516556291391,2.980132450331126
E00130475,375,329,21,14,7,11,2,9,14,87.73333333333333,5.6000000000000005,3.733333333333334,1.866666666666667,2.933333333333333,0.5333333333333333,2.4,3.733333333333334
E00130476,268,246,19,16,3,1,0,1,2,91.7910447761194,7.08955223880597,5.970149253731343,1.1194029850746268,0.3731343283582089,0,0.3731343283582089,0.7462686567164178
E00130478,213,187,21,14,7,2,0,2,3,87.79342723004694,9.859154929577464,6.572769953051644,3.286384976525822,0.9389671361502347,0,0.9389671361502347,1.4084507042253522
E00130480,333,296,16,11,5,5,3,2,16,88.88888888888889,4.804804804804805,3.303303303303303,1.5015015015015014,1.5015015015015014,0.9009009009009009,0.6006006006006006,4.804804804804805
E00130481,195,170,12,9,3,7,2,5,6,87.17948717948718,6.153846153846154,4.615384615384616,1.5384615384615385,3.5897435897435894,1.0256410256410255,2.564102564102564,3.076923076923077
E00130482,264,247,10,8,2,2,2,0,5,93.56060606060606,3.787878787878788,3.0303030303030303,0.7575757575757576,0.7575757575757576,0.7575757575757576,0,1.893939393939394
E00130483,279,250,13,12,1,9,3,6,7,89.6057347670251,4.659498207885305,4.301075268817205,0.35842293906810035,3.225806451612903,1.0752688172043012,2.1505376344086025,2.5089605734767026
E00130484,212,188,13,11,2,6,4,2,5,88.67924528301887,6.132075471698113,5.188679245283019,0.9433962264150944,2.8301886792452833,1.8867924528301887,0.9433962264150944,2.358490566037736
E00130485,394,359,9,8,1,8,6,2,18,91.11675126903553,2.284263959390863,2.030456852791878,0.25380710659898476,2.030456852791878,1.5228426395939088,0.5076142131979695,4.568527918781726
E00130486,314,288,9,6,3,5,4,1,12,91.71974522292994,2.8662420382165608,1.910828025477707,0.9554140127388535,1.5923566878980893,1.2738853503184715,0.3184713375796179,3.821656050955414
E00130487,484,465,12,11,1,3,2,1,4,96.07438016528926,2.479338842975207,2.272727272727273,0.2066115702479339,0.6198347107438017,0.4132231404958678,0.2066115702479339,0.8264462809917356
E00130489,447,424,15,11,4,4,1,3,4,94.85458612975391,3.3557046979865772,2.460850111856823,0.8948545861297539,0.8948545861297539,0.22371364653243847,0.6711409395973155,0.8948545861297539
E00130491,242,222,7,6,1,7,4,3,6,91.73553719008265,2.8925619834710745,2.479338842975207,0.4132231404958678,2.8925619834710745,1.6528925619834711,1.2396694214876034,2.479338842975207
E00130492,316,284,12,8,4,6,3,3,14,89.87341772151899,3.79746835443038,2.5316455696202533,1.2658227848101267,1.89873417721519,0.949367088607595,0.949367088607595,4.430379746835443
E00130493,511,485,20,15,5,1,0,1,5,94.9119373776908,3.9138943248532287,2.935420743639922,0.9784735812133072,0.19569471624266144,0,0.19569471624266144,0.9784735812133072
E00130495,365,345,11,5,6,2,1,1,7,94.52054794520548,3.0136986301369864,1.36986301369863,1.643835616438356,0.547945205479452,0.273972602739726,0.273972602739726,1.9178082191780823
E00130496,296,272,16,15,1,4,2,2,4,91.8918918918919,5.405405405405405,5.0675675675675675,0.33783783783783783,1.3513513513513513,0.6756756756756757,0.6756756756756757,1.3513513513513513
E00130497,337,314,10,7,3,6,5,1,7,93.17507418397626,2.967359050445104,2.0771513353115725,0.8902077151335311,1.7804154302670623,1.483679525222552,0.2967359050445104,2.0771513353115725
E00130498,205,182,9,7,2,9,3,6,5,88.78048780487805,4.390243902439024,3.414634146341464,0.975609756097561,4.390243902439024,1.4634146341463417,2.9268292682926833,2.4390243902439024
E00130499,268,246,13,13,0,1,0,1,8,91.7910447761194,4.850746268656716,4.850746268656716,0,0.3731343283582089,0,0.3731343283582089,2.9850746268656714
E00130500,291,262,15,8,7,7,5,2,7,90.03436426116839,5.154639175257731,2.7491408934707904,2.405498281786942,2.405498281786942,1.718213058419244,0.6872852233676976,2.405498281786942
E00130501,308,279,18,15,3,4,1,3,7,90.5844155844156,5.844155844155844,4.870129870129871,0.974025974025974,1.2987012987012987,0.3246753246753247,0.974025974025974,2.272727272727273
E00130502,528,517,8,6,2,2,2,0,1,97.91666666666666,1.5151515151515151,1.1363636363636365,0.3787878787878788,0.3787878787878788,0.3787878787878788,0,0.1893939393939394
E00130503,360,352,1,1,0,3,2,1,4,97.77777777777777,0.2777777777777778,0.2777777777777778,0,0.8333333333333334,0.5555555555555556,0.2777777777777778,1.1111111111111112
E00130505,521,514,3,3,0,2,0,2,2,98.65642994241843,0.5758157389635317,0.5758157389635317,0,0.3838771593090211,0,0.3838771593090211,0.3838771593090211
E00130506,161,139,10,8,2,4,4,0,8,86.33540372670807,6.211180124223603,4.968944099378882,1.2422360248447204,2.484472049689441,2.484472049689441,0,4.968944099378882
E00130507,273,250,11,6,5,4,1,3,8,91.57509157509158,4.029304029304029,2.197802197802198,1.8315018315018317,1.465201465201465,0.3663003663003663,1.098901098901099,2.93040293040293
E00130508,316,282,18,17,1,9,2,7,7,89.24050632911393,5.69620253164557,5.379746835443038,0.31645569620253167,2.848101265822785,0.6329113924050633,2.2151898734177213,2.2151898734177213
E00130509,231,211,8,3,5,6,4,2,6,91.34199134199135,3.463203463203463,1.2987012987012987,2.1645021645021645,2.5974025974025974,1.7316017316017316,0.8658008658008658,2.5974025974025974
E00130510,213,199,5,3,2,6,1,5,3,93.42723004694837,2.3474178403755865,1.4084507042253522,0.9389671361502347,2.8169014084507045,0.4694835680751174,2.3474178403755865,1.4084507042253522
E00130511,259,224,21,15,6,4,0,4,10,86.48648648648648,8.108108108108109,5.7915057915057915,2.3166023166023164,1.5444015444015444,0,1.5444015444015444,3.861003861003861
E00130512,535,506,15,12,3,2,1,1,12,94.57943925233646,2.803738317757009,2.2429906542056073,0.5607476635514018,0.3738317757009346,0.1869158878504673,0.1869158878504673,2.2429906542056073
E00130513,251,221,12,9,3,9,7,2,9,88.04780876494024,4.780876494023905,3.5856573705179287,1.1952191235059761,3.5856573705179287,2.788844621513944,0.796812749003984,3.5856573705179287
E00130514,320,289,13,8,5,13,6,7,5,90.3125,4.0625,2.5,1.5625,4.0625,1.875,2.1875,1.5625
E00130515,258,235,14,7,7,4,4,0,5,91.08527131782945,5.426356589147287,2.7131782945736433,2.7131782945736433,1.550387596899225,1.550387596899225,0,1.937984496124031
E00130516,381,373,6,4,2,1,0,1,1,97.9002624671916,1.574803149606299,1.0498687664041995,0.5249343832020997,0.26246719160104987,0,0.26246719160104987,0.26246719160104987
E00130517,405,392,8,7,1,3,1,2,2,96.79012345679013,1.9753086419753085,1.728395061728395,0.24691358024691357,0.7407407407407408,0.24691358024691357,0.49382716049382713,0.49382716049382713
E00130518,308,282,12,9,3,4,2,2,10,91.55844155844156,3.896103896103896,2.922077922077922,0.974025974025974,1.2987012987012987,0.6493506493506493,0.6493506493506493,3.2467532467532463
E00130519,296,281,9,9,0,0,0,0,6,94.93243243243244,3.040540540540541,3.040540540540541,0,0,0,0,2.027027027027027
E00130521,344,314,23,18,5,2,1,1,5,91.27906976744185,6.686046511627906,5.232558139534884,1.4534883720930232,0.5813953488372093,0.29069767441860467,0.29069767441860467,1.4534883720930232
E00130522,264,241,16,13,3,1,0,1,6,91.28787878787878,6.0606060606060606,4.924242424242424,1.1363636363636365,0.3787878787878788,0,0.3787878787878788,2.272727272727273
E00130524,288,256,26,24,2,2,0,2,4,88.88888888888889,9.027777777777777,8.333333333333332,0.6944444444444444,0.6944444444444444,0,0.6944444444444444,1.3888888888888888
E00130525,364,342,15,11,4,5,3,2,2,93.95604395604396,4.1208791208791204,3.021978021978022,1.098901098901099,1.3736263736263736,0.8241758241758242,0.5494505494505495,0.5494505494505495
E00130526,213,194,8,7,1,2,1,1,9,91.07981220657277,3.755868544600939,3.286384976525822,0.4694835680751174,0.9389671361502347,0.4694835680751174,0.4694835680751174,4.225352112676056
E00130527,355,323,23,18,5,4,1,3,5,90.98591549295774,6.478873239436619,5.070422535211268,1.4084507042253522,1.1267605633802817,0.28169014084507044,0.8450704225352111,1.4084507042253522
E00130528,410,367,23,19,4,9,5,4,11,89.51219512195122,5.609756097560976,4.634146341463414,0.975609756097561,2.195121951219512,1.2195121951219512,0.975609756097561,2.682926829268293
E00130529,342,295,14,6,8,12,6,6,21,86.25730994152046,4.093567251461988,1.7543859649122806,2.3391812865497075,3.508771929824561,1.7543859649122806,1.7543859649122806,6.140350877192982
E00130530,362,333,16,12,4,9,5,4,4,91.9889502762431,4.41988950276243,3.314917127071823,1.1049723756906076,2.4861878453038675,1.3812154696132597,1.1049723756906076,1.1049723756906076
E00130531,269,250,8,7,1,6,2,4,5,92.93680297397769,2.973977695167286,2.6022304832713754,0.37174721189591076,2.2304832713754648,0.7434944237918215,1.486988847583643,1.858736059479554
E00130532,328,300,15,12,3,4,3,1,9,91.46341463414635,4.573170731707317,3.6585365853658534,0.9146341463414633,1.2195121951219512,0.9146341463414633,0.3048780487804878,2.7439024390243905
E00130533,201,179,13,11,2,2,1,1,7,89.05472636815921,6.467661691542288,5.472636815920398,0.9950248756218906,0.9950248756218906,0.4975124378109453,0.4975124378109453,3.482587064676617
E00130534,172,161,10,6,4,0,0,0,1,93.6046511627907,5.813953488372093,3.488372093023256,2.3255813953488373,0,0,0,0.5813953488372093
E00130535,248,219,17,15,2,4,4,0,8,88.30645161290323,6.854838709677419,6.048387096774194,0.8064516129032258,1.6129032258064515,1.6129032258064515,0,3.225806451612903
E00130536,220,197,14,14,0,3,3,0,6,89.54545454545455,6.363636363636363,6.363636363636363,0,1.3636363636363635,1.3636363636363635,0,2.727272727272727
E00130537,307,273,7,7,0,9,1,8,18,88.92508143322475,2.2801302931596092,2.2801302931596092,0,2.9315960912052117,0.32573289902280134,2.6058631921824107,5.863192182410423
E00130538,345,311,23,17,6,4,1,3,7,90.14492753623189,6.666666666666667,4.9275362318840585,1.7391304347826086,1.1594202898550725,0.2898550724637681,0.8695652173913043,2.0289855072463765
E00130539,117,107,9,8,1,0,0,0,1,91.45299145299145,7.6923076923076925,6.837606837606838,0.8547008547008548,0,0,0,0.8547008547008548
E00130540,204,186,11,9,2,3,3,0,4,91.17647058823529,5.392156862745098,4.411764705882353,0.9803921568627451,1.4705882352941175,1.4705882352941175,0,1.9607843137254901
E00130541,266,232,11,6,5,12,4,8,11,87.21804511278195,4.135338345864661,2.2556390977443606,1.8796992481203008,4.511278195488721,1.5037593984962405,3.007518796992481,4.135338345864661
E00130542,223,202,11,7,4,4,2,2,6,90.5829596412556,4.932735426008969,3.1390134529147984,1.7937219730941705,1.7937219730941705,0.8968609865470852,0.8968609865470852,2.690582959641256
E00130543,287,266,14,12,2,3,1,2,4,92.6829268292683,4.878048780487805,4.181184668989547,0.6968641114982579,1.0452961672473868,0.34843205574912894,0.6968641114982579,1.3937282229965158
E00130545,314,284,15,11,4,6,4,2,9,90.44585987261146,4.777070063694268,3.5031847133757963,1.2738853503184715,1.910828025477707,1.2738853503184715,0.6369426751592357,2.8662420382165608
E00130546,253,219,21,18,3,7,4,3,6,86.56126482213439,8.300395256916996,7.114624505928854,1.185770750988142,2.766798418972332,1.5810276679841897,1.185770750988142,2.371541501976284
E00130547,326,289,18,14,4,1,1,0,18,88.65030674846625,5.521472392638037,4.294478527607362,1.2269938650306749,0.3067484662576687,0.3067484662576687,0,5.521472392638037
E00130548,280,254,15,10,5,4,3,1,7,90.71428571428571,5.357142857142857,3.571428571428571,1.7857142857142856,1.4285714285714286,1.0714285714285714,0.35714285714285715,2.5
E00130549,245,212,21,18,3,3,3,0,9,86.53061224489797,8.571428571428571,7.346938775510205,1.2244897959183674,1.2244897959183674,1.2244897959183674,0,3.6734693877551026
E00130550,577,524,33,24,9,4,2,2,16,90.81455805892547,5.719237435008666,4.15944540727903,1.559792027729636,0.6932409012131715,0.34662045060658575,0.34662045060658575,2.772963604852686
E00130551,242,227,7,7,0,4,4,0,4,93.80165289256198,2.8925619834710745,2.8925619834710745,0,1.6528925619834711,1.6528925619834711,0,1.6528925619834711
E00130553,265,239,14,11,3,5,3,2,7,90.18867924528303,5.283018867924529,4.150943396226415,1.1320754716981132,1.8867924528301887,1.1320754716981132,0.7547169811320755,2.6415094339622645
E00130554,290,271,13,10,3,3,1,2,3,93.44827586206897,4.482758620689655,3.4482758620689653,1.0344827586206897,1.0344827586206897,0.3448275862068966,0.6896551724137931,1.0344827586206897
E00130555,360,325,19,14,5,4,1,3,12,90.27777777777779,5.277777777777778,3.888888888888889,1.3888888888888888,1.1111111111111112,0.2777777777777778,0.8333333333333334,3.3333333333333335
E00130556,284,267,11,8,3,3,1,2,3,94.01408450704226,3.873239436619718,2.8169014084507045,1.056338028169014,1.056338028169014,0.35211267605633806,0.7042253521126761,1.056338028169014
E00130557,324,306,12,10,2,3,3,0,3,94.44444444444444,3.7037037037037033,3.0864197530864197,0.6172839506172839,0.9259259259259258,0.9259259259259258,0,0.9259259259259258
E00130558,349,317,19,13,6,5,3,2,8,90.83094555873924,5.444126074498568,3.7249283667621778,1.7191977077363898,1.4326647564469914,0.8595988538681949,0.5730659025787965,2.292263610315186
E00130560,350,329,13,9,4,1,1,0,7,94,3.7142857142857144,2.571428571428571,1.1428571428571428,0.2857142857142857,0.2857142857142857,0,2
E00130561,511,476,23,22,1,6,2,4,6,93.15068493150685,4.500978473581213,4.305283757338552,0.19569471624266144,1.1741682974559686,0.3913894324853229,0.7827788649706457,1.1741682974559686
E00130562,303,276,16,13,3,3,1,2,8,91.0891089108911,5.2805280528052805,4.29042904290429,0.9900990099009901,0.9900990099009901,0.33003300330033003,0.6600660066006601,2.6402640264026402
E00130563,310,280,16,16,0,3,2,1,11,90.32258064516128,5.161290322580645,5.161290322580645,0,0.967741935483871,0.6451612903225806,0.3225806451612903,3.5483870967741935
E00130564,236,214,17,13,4,3,3,0,2,90.67796610169492,7.203389830508475,5.508474576271186,1.694915254237288,1.2711864406779663,1.2711864406779663,0,0.847457627118644
E00130565,294,275,13,9,4,1,1,0,5,93.5374149659864,4.421768707482993,3.061224489795918,1.3605442176870748,0.3401360544217687,0.3401360544217687,0,1.7006802721088436
E00130566,293,276,5,2,3,7,6,1,5,94.19795221843003,1.7064846416382253,0.6825938566552902,1.023890784982935,2.3890784982935154,2.04778156996587,0.3412969283276451,1.7064846416382253
E00130567,337,306,20,16,4,1,1,0,10,90.80118694362018,5.934718100890208,4.747774480712167,1.1869436201780417,0.2967359050445104,0.2967359050445104,0,2.967359050445104
E00130568,266,242,14,11,3,2,2,0,8,90.97744360902256,5.263157894736842,4.135338345864661,1.1278195488721803,0.7518796992481203,0.7518796992481203,0,3.007518796992481
E00130569,239,220,8,8,0,4,3,1,7,92.05020920502092,3.3472803347280333,3.3472803347280333,0,1.6736401673640167,1.2552301255230125,0.41841004184100417,2.928870292887029
E00130570,182,162,12,7,5,3,2,1,5,89.01098901098901,6.593406593406594,3.8461538461538463,2.7472527472527473,1.6483516483516485,1.098901098901099,0.5494505494505495,2.7472527472527473
E00130571,282,262,12,8,4,3,1,2,5,92.90780141843972,4.25531914893617,2.8368794326241136,1.4184397163120568,1.0638297872340425,0.3546099290780142,0.7092198581560284,1.773049645390071
E00130572,313,294,12,11,1,4,4,0,3,93.9297124600639,3.8338658146964857,3.5143769968051117,0.3194888178913738,1.2779552715654952,1.2779552715654952,0,0.9584664536741214
E00130573,392,354,25,15,10,4,1,3,9,90.3061224489796,6.377551020408164,3.826530612244898,2.5510204081632653,1.0204081632653061,0.25510204081632654,0.7653061224489796,2.295918367346939
E00130574,358,322,23,16,7,7,5,2,6,89.94413407821229,6.424581005586592,4.4692737430167595,1.9553072625698324,1.9553072625698324,1.3966480446927374,0.5586592178770949,1.675977653631285
E00130576,311,286,10,8,2,6,2,4,9,91.96141479099678,3.215434083601286,2.572347266881029,0.6430868167202572,1.929260450160772,0.6430868167202572,1.2861736334405145,2.8938906752411575
E00130577,495,458,27,16,11,7,4,3,3,92.52525252525253,5.454545454545454,3.2323232323232323,2.2222222222222223,1.4141414141414141,0.8080808080808081,0.6060606060606061,0.6060606060606061
E00130578,209,200,3,3,0,2,2,0,4,95.69377990430623,1.4354066985645932,1.4354066985645932,0,0.9569377990430622,0.9569377990430622,0,1.9138755980861244
E00130579,390,354,25,23,2,5,5,0,6,90.76923076923077,6.41025641025641,5.897435897435897,0.5128205128205128,1.282051282051282,1.282051282051282,0,1.5384615384615385
E00130581,329,301,13,9,4,7,1,6,8,91.48936170212765,3.951367781155015,2.735562310030395,1.21580547112462,2.127659574468085,0.303951367781155,1.82370820668693,2.43161094224924
E00130583,500,458,29,25,4,4,1,3,9,91.60000000000001,5.800000000000001,5,0.8,0.8,0.2,0.6,1.7999999999999998
E00130584,252,215,28,19,9,2,2,0,7,85.31746031746032,11.11111111111111,7.5396825396825395,3.571428571428571,0.7936507936507936,0.7936507936507936,0,2.7777777777777777
E00130585,295,273,10,4,6,3,0,3,9,92.54237288135593,3.389830508474576,1.3559322033898304,2.0338983050847457,1.0169491525423728,0,1.0169491525423728,3.050847457627119
E00130586,434,387,25,18,7,12,9,3,10,89.17050691244239,5.76036866359447,4.147465437788019,1.6129032258064515,2.7649769585253456,2.0737327188940093,0.6912442396313364,2.3041474654377883
E00130587,238,210,18,13,5,2,1,1,8,88.23529411764706,7.563025210084033,5.46218487394958,2.100840336134454,0.8403361344537815,0.42016806722689076,0.42016806722689076,3.361344537815126
E00130588,282,255,21,15,6,1,0,1,5,90.42553191489363,7.446808510638298,5.319148936170213,2.127659574468085,0.3546099290780142,0,0.3546099290780142,1.773049645390071
E00130589,264,237,12,8,4,7,5,2,8,89.77272727272727,4.545454545454546,3.0303030303030303,1.5151515151515151,2.6515151515151514,1.893939393939394,0.7575757575757576,3.0303030303030303
E00130590,264,239,14,11,3,5,3,2,6,90.53030303030303,5.303030303030303,4.166666666666666,1.1363636363636365,1.893939393939394,1.1363636363636365,0.7575757575757576,2.272727272727273
E00130591,280,242,27,21,6,6,3,3,5,86.42857142857143,9.642857142857144,7.5,2.142857142857143,2.142857142857143,1.0714285714285714,1.0714285714285714,1.7857142857142856
E00130592,260,232,23,17,6,1,0,1,4,89.23076923076924,8.846153846153847,6.538461538461539,2.307692307692308,0.38461538461538464,0,0.38461538461538464,1.5384615384615385
E00130593,321,295,20,15,5,0,0,0,6,91.90031152647975,6.230529595015576,4.672897196261682,1.557632398753894,0,0,0,1.8691588785046727
E00130594,254,228,13,11,2,3,2,1,10,89.76377952755905,5.118110236220472,4.330708661417323,0.7874015748031495,1.1811023622047243,0.7874015748031495,0.39370078740157477,3.937007874015748
E00130595,282,257,17,13,4,4,4,0,4,91.13475177304964,6.028368794326241,4.609929078014184,1.4184397163120568,1.4184397163120568,1.4184397163120568,0,1.4184397163120568
E00130596,237,210,13,10,3,7,4,3,7,88.60759493670885,5.485232067510549,4.219409282700422,1.2658227848101267,2.9535864978902953,1.6877637130801686,1.2658227848101267,2.9535864978902953
E00130597,350,326,12,10,2,4,1,3,8,93.14285714285714,3.428571428571429,2.857142857142857,0.5714285714285714,1.1428571428571428,0.2857142857142857,0.8571428571428572,2.2857142857142856
E00130598,287,263,11,9,2,3,1,2,10,91.63763066202091,3.8327526132404177,3.1358885017421603,0.6968641114982579,1.0452961672473868,0.34843205574912894,0.6968641114982579,3.484320557491289
E00130599,293,273,7,6,1,1,0,1,12,93.1740614334471,2.3890784982935154,2.04778156996587,0.3412969283276451,0.3412969283276451,0,0.3412969283276451,4.09556313993174
E00130600,273,246,14,11,3,3,0,3,10,90.10989010989012,5.128205128205128,4.029304029304029,1.098901098901099,1.098901098901099,0,1.098901098901099,3.6630036630036633
E00130601,237,221,8,7,1,3,2,1,5,93.24894514767934,3.375527426160337,2.9535864978902953,0.42194092827004215,1.2658227848101267,0.8438818565400843,0.42194092827004215,2.109704641350211
E00130602,264,240,16,14,2,3,3,0,5,90.9090909090909,6.0606060606060606,5.303030303030303,0.7575757575757576,1.1363636363636365,1.1363636363636365,0,1.893939393939394
E00130603,315,289,18,14,4,4,1,3,4,91.74603174603175,5.714285714285714,4.444444444444445,1.2698412698412698,1.2698412698412698,0.31746031746031744,0.9523809523809524,1.2698412698412698
E00130604,229,206,15,13,2,5,4,1,3,89.95633187772926,6.550218340611353,5.676855895196507,0.8733624454148471,2.1834061135371177,1.7467248908296942,0.43668122270742354,1.3100436681222707
E00130605,305,281,17,15,2,2,1,1,5,92.1311475409836,5.573770491803279,4.918032786885246,0.6557377049180327,0.6557377049180327,0.32786885245901637,0.32786885245901637,1.639344262295082
E00130606,455,421,17,14,3,5,1,4,12,92.52747252747253,3.7362637362637363,3.076923076923077,0.6593406593406593,1.098901098901099,0.21978021978021978,0.8791208791208791,2.6373626373626373
E00130607,340,290,22,14,8,11,3,8,17,85.29411764705883,6.470588235294119,4.117647058823529,2.3529411764705883,3.2352941176470593,0.8823529411764706,2.3529411764705883,5
E00130608,334,304,26,20,6,2,0,2,2,91.01796407185628,7.784431137724551,5.9880239520958085,1.7964071856287425,0.5988023952095809,0,0.5988023952095809,0.5988023952095809
E00130609,250,225,10,6,4,5,3,2,10,90,4,2.4,1.6,2,1.2,0.8,4
E00130610,199,185,4,3,1,1,1,0,9,92.96482412060301,2.0100502512562812,1.507537688442211,0.5025125628140703,0.5025125628140703,0.5025125628140703,0,4.522613065326634
E00130611,317,292,18,14,4,2,2,0,5,92.11356466876973,5.678233438485805,4.416403785488959,1.2618296529968454,0.6309148264984227,0.6309148264984227,0,1.5772870662460567
E00130612,282,253,17,15,2,7,0,7,5,89.71631205673759,6.028368794326241,5.319148936170213,0.7092198581560284,2.4822695035460995,0,2.4822695035460995,1.773049645390071
E00130613,282,256,17,10,7,1,1,0,8,90.78014184397163,6.028368794326241,3.546099290780142,2.4822695035460995,0.3546099290780142,0.3546099290780142,0,2.8368794326241136
E00130615,431,396,17,16,1,7,3,4,11,91.87935034802784,3.944315545243619,3.7122969837587005,0.23201856148491878,1.6241299303944314,0.6960556844547563,0.9280742459396751,2.5522041763341066
E00130616,338,294,18,7,11,5,1,4,21,86.98224852071006,5.325443786982249,2.0710059171597637,3.2544378698224854,1.4792899408284024,0.2958579881656805,1.183431952662722,6.21301775147929
E00130617,281,251,14,10,4,5,3,2,11,89.32384341637011,4.98220640569395,3.558718861209965,1.4234875444839856,1.7793594306049825,1.0676156583629894,0.7117437722419928,3.9145907473309607
E00130618,228,202,13,9,4,2,2,0,11,88.59649122807018,5.701754385964912,3.9473684210526314,1.7543859649122806,0.8771929824561403,0.8771929824561403,0,4.824561403508771
E00130620,220,193,14,11,3,7,3,4,6,87.72727272727273,6.363636363636363,5,1.3636363636363635,3.1818181818181817,1.3636363636363635,1.8181818181818181,2.727272727272727
E00130621,389,349,24,20,4,5,0,5,11,89.7172236503856,6.169665809768637,5.141388174807198,1.0282776349614395,1.2853470437017995,0,1.2853470437017995,2.827763496143959
E00130622,274,246,13,8,5,5,4,1,10,89.78102189781022,4.744525547445255,2.9197080291970803,1.824817518248175,1.824817518248175,1.4598540145985401,0.36496350364963503,3.64963503649635
E00130624,403,371,19,12,7,3,1,2,10,92.05955334987593,4.714640198511166,2.977667493796526,1.7369727047146404,0.7444168734491315,0.24813895781637718,0.49627791563275436,2.481389578163772
E00130625,227,201,15,12,3,8,5,3,3,88.54625550660793,6.607929515418502,5.286343612334802,1.3215859030837005,3.524229074889868,2.2026431718061676,1.3215859030837005,1.3215859030837005
E00130626,266,238,13,8,5,5,3,2,10,89.47368421052632,4.887218045112782,3.007518796992481,1.8796992481203008,1.8796992481203008,1.1278195488721803,0.7518796992481203,3.7593984962406015
E00130628,412,386,13,12,1,3,2,1,10,93.68932038834951,3.1553398058252426,2.912621359223301,0.24271844660194172,0.7281553398058253,0.48543689320388345,0.24271844660194172,2.4271844660194173
E00130629,186,177,7,6,1,0,0,0,2,95.16129032258065,3.763440860215054,3.225806451612903,0.5376344086021506,0,0,0,1.0752688172043012
E00130630,338,290,29,25,4,8,3,5,11,85.79881656804734,8.579881656804734,7.396449704142012,1.183431952662722,2.366863905325444,0.8875739644970414,1.4792899408284024,3.2544378698224854
E00130631,267,243,12,11,1,2,2,0,10,91.01123595505618,4.49438202247191,4.119850187265917,0.37453183520599254,0.7490636704119851,0.7490636704119851,0,3.7453183520599254
E00130632,239,209,15,10,5,4,3,1,11,87.44769874476988,6.2761506276150625,4.184100418410042,2.092050209205021,1.6736401673640167,1.2552301255230125,0.41841004184100417,4.602510460251046
E00130633,216,191,16,11,5,1,0,1,8,88.42592592592592,7.4074074074074066,5.092592592592593,2.314814814814815,0.4629629629629629,0,0.4629629629629629,3.7037037037037033
E00130634,226,215,2,2,0,4,1,3,5,95.13274336283186,0.8849557522123894,0.8849557522123894,0,1.7699115044247788,0.4424778761061947,1.3274336283185841,2.2123893805309733
E00130635,320,285,10,5,5,10,5,5,15,89.0625,3.125,1.5625,1.5625,3.125,1.5625,1.5625,4.6875
E00130636,320,289,8,6,2,12,3,9,11,90.3125,2.5,1.875,0.625,3.75,0.9375,2.8125,3.4375000000000004
E00130637,310,263,17,8,9,12,2,10,18,84.83870967741936,5.483870967741936,2.5806451612903225,2.903225806451613,3.870967741935484,0.6451612903225806,3.225806451612903,5.806451612903226
E00130638,316,280,21,13,8,3,1,2,12,88.60759493670885,6.6455696202531636,4.113924050632911,2.5316455696202533,0.949367088607595,0.31645569620253167,0.6329113924050633,3.79746835443038
E00130639,398,362,21,18,3,6,4,2,9,90.95477386934674,5.276381909547738,4.522613065326634,0.7537688442211055,1.507537688442211,1.0050251256281406,0.5025125628140703,2.261306532663317
E00130640,276,250,14,8,6,4,3,1,8,90.57971014492753,5.072463768115942,2.898550724637681,2.1739130434782608,1.4492753623188406,1.0869565217391304,0.36231884057971014,2.898550724637681
E00130641,318,279,25,20,5,1,1,0,13,87.73584905660378,7.861635220125786,6.289308176100629,1.5723270440251573,0.3144654088050315,0.3144654088050315,0,4.088050314465408
E00130642,413,382,22,18,4,4,2,2,5,92.49394673123487,5.326876513317192,4.358353510895883,0.9685230024213075,0.9685230024213075,0.48426150121065376,0.48426150121065376,1.2106537530266344
E00130643,309,285,16,14,2,3,2,1,5,92.23300970873787,5.177993527508091,4.53074433656958,0.6472491909385114,0.9708737864077669,0.6472491909385114,0.3236245954692557,1.6181229773462782
E00130644,317,282,23,18,5,3,1,2,9,88.95899053627761,7.255520504731862,5.678233438485805,1.5772870662460567,0.9463722397476341,0.31545741324921134,0.6309148264984227,2.8391167192429023
E00130645,479,429,33,21,12,5,4,1,12,89.56158663883089,6.8893528183716075,4.3841336116910234,2.5052192066805845,1.0438413361169103,0.8350730688935281,0.20876826722338201,2.5052192066805845
E00130647,181,163,8,5,3,6,3,3,4,90.05524861878453,4.41988950276243,2.7624309392265194,1.6574585635359116,3.314917127071823,1.6574585635359116,1.6574585635359116,2.209944751381215
E00130648,342,319,15,13,2,5,3,2,3,93.27485380116958,4.385964912280701,3.8011695906432745,0.5847953216374269,1.461988304093567,0.8771929824561403,0.5847953216374269,0.8771929824561403
E00130649,533,483,27,24,3,2,1,1,21,90.61913696060037,5.065666041275797,4.50281425891182,0.5628517823639775,0.37523452157598497,0.18761726078799248,0.18761726078799248,3.9399624765478425
E00130650,286,257,14,13,1,3,1,2,12,89.86013986013987,4.895104895104895,4.545454545454546,0.34965034965034963,1.048951048951049,0.34965034965034963,0.6993006993006993,4.195804195804196
E00130651,256,227,15,12,3,5,2,3,9,88.671875,5.859375,4.6875,1.171875,1.953125,0.78125,1.171875,3.515625
E00130652,305,274,25,21,4,2,1,1,4,89.8360655737705,8.19672131147541,6.885245901639345,1.3114754098360655,0.6557377049180327,0.32786885245901637,0.32786885245901637,1.3114754098360655
E00130653,304,273,14,11,3,4,2,2,13,89.80263157894737,4.605263157894736,3.618421052631579,0.9868421052631579,1.3157894736842104,0.6578947368421052,0.6578947368421052,4.276315789473684
E00130654,403,379,12,8,4,7,1,6,5,94.04466501240695,2.977667493796526,1.9851116625310175,0.9925558312655087,1.7369727047146404,0.24813895781637718,1.488833746898263,1.240694789081886
E00130655,328,288,18,12,6,11,6,5,11,87.8048780487805,5.487804878048781,3.6585365853658534,1.8292682926829267,3.353658536585366,1.8292682926829267,1.524390243902439,3.353658536585366
E00130656,279,267,4,1,3,3,0,3,5,95.6989247311828,1.4336917562724014,0.35842293906810035,1.0752688172043012,1.0752688172043012,0,1.0752688172043012,1.7921146953405016
E00130658,242,221,14,9,5,2,1,1,5,91.32231404958677,5.785123966942149,3.71900826446281,2.066115702479339,0.8264462809917356,0.4132231404958678,0.4132231404958678,2.066115702479339
E00130659,305,261,29,19,10,5,2,3,10,85.57377049180329,9.508196721311474,6.229508196721312,3.278688524590164,1.639344262295082,0.6557377049180327,0.9836065573770493,3.278688524590164
E00130661,471,422,20,15,5,12,6,6,17,89.59660297239915,4.246284501061571,3.1847133757961785,1.0615711252653928,2.547770700636943,1.2738853503184715,1.2738853503184715,3.6093418259023355
E00130662,260,233,17,13,4,2,0,2,8,89.61538461538461,6.538461538461539,5,1.5384615384615385,0.7692307692307693,0,0.7692307692307693,3.076923076923077
E00130663,341,318,9,6,3,7,5,2,7,93.25513196480938,2.6392961876832843,1.7595307917888565,0.8797653958944283,2.0527859237536656,1.466275659824047,0.5865102639296188,2.0527859237536656
E00130664,249,211,19,13,6,7,5,2,12,84.73895582329317,7.630522088353414,5.220883534136546,2.4096385542168677,2.8112449799196786,2.0080321285140563,0.8032128514056224,4.819277108433735
E00130665,381,339,22,14,8,8,3,5,12,88.9763779527559,5.774278215223097,3.674540682414698,2.099737532808399,2.099737532808399,0.7874015748031495,1.3123359580052494,3.149606299212598
E00130666,353,315,17,11,6,9,2,7,12,89.23512747875354,4.815864022662889,3.1161473087818696,1.69971671388102,2.5495750708215295,0.56657223796034,1.9830028328611897,3.39943342776204
E00130667,220,196,15,12,3,2,1,1,7,89.0909090909091,6.8181818181818175,5.454545454545454,1.3636363636363635,0.9090909090909091,0.45454545454545453,0.45454545454545453,3.1818181818181817
E00130668,245,218,17,12,5,4,1,3,6,88.9795918367347,6.938775510204081,4.8979591836734695,2.0408163265306123,1.6326530612244898,0.40816326530612246,1.2244897959183674,2.4489795918367347
E00130669,430,399,21,16,5,4,2,2,6,92.79069767441861,4.883720930232558,3.7209302325581395,1.1627906976744187,0.9302325581395349,0.46511627906976744,0.46511627906976744,1.3953488372093024
E00130670,205,189,7,6,1,3,2,1,6,92.19512195121952,3.414634146341464,2.9268292682926833,0.4878048780487805,1.4634146341463417,0.975609756097561,0.4878048780487805,2.9268292682926833
E00130671,296,248,17,15,2,8,5,3,23,83.78378378378379,5.743243243243244,5.0675675675675675,0.6756756756756757,2.7027027027027026,1.6891891891891893,1.0135135135135136,7.77027027027027
E00130672,349,311,25,13,12,4,1,3,9,89.11174785100286,7.163323782234957,3.7249283667621778,3.4383954154727796,1.146131805157593,0.28653295128939826,0.8595988538681949,2.5787965616045847
E00130673,270,249,12,11,1,0,0,0,9,92.22222222222223,4.444444444444445,4.074074074074074,0.3703703703703704,0,0,0,3.3333333333333335
E00130674,306,284,9,7,2,3,3,0,10,92.81045751633987,2.941176470588235,2.287581699346405,0.6535947712418301,0.9803921568627451,0.9803921568627451,0,3.2679738562091507
E00130675,284,265,8,6,2,8,5,3,3,93.30985915492957,2.8169014084507045,2.112676056338028,0.7042253521126761,2.8169014084507045,1.7605633802816902,1.056338028169014,1.056338028169014
E00130676,291,267,9,8,1,8,5,3,7,91.75257731958763,3.0927835051546393,2.7491408934707904,0.3436426116838488,2.7491408934707904,1.718213058419244,1.0309278350515463,2.405498281786942
E00130677,247,230,12,11,1,3,3,0,2,93.11740890688259,4.8582995951417,4.4534412955465585,0.4048582995951417,1.214574898785425,1.214574898785425,0,0.8097165991902834
E00130678,306,273,14,10,4,6,5,1,13,89.2156862745098,4.57516339869281,3.2679738562091507,1.3071895424836601,1.9607843137254901,1.6339869281045754,0.32679738562091504,4.248366013071895
E00130680,495,444,33,23,10,8,6,2,10,89.6969696969697,6.666666666666667,4.646464646464646,2.0202020202020203,1.6161616161616161,1.2121212121212122,0.40404040404040403,2.0202020202020203
E00130681,301,268,22,14,8,8,4,4,3,89.03654485049833,7.308970099667775,4.651162790697675,2.6578073089700998,2.6578073089700998,1.3289036544850499,1.3289036544850499,0.9966777408637874
E00130683,291,271,10,7,3,5,3,2,5,93.12714776632302,3.436426116838488,2.405498281786942,1.0309278350515463,1.718213058419244,1.0309278350515463,0.6872852233676976,1.718213058419244
E00130684,247,228,7,3,4,5,0,5,7,92.3076923076923,2.834008097165992,1.214574898785425,1.6194331983805668,2.0242914979757085,0,2.0242914979757085,2.834008097165992
E00130685,188,168,15,9,6,3,2,1,2,89.36170212765957,7.9787234042553195,4.787234042553192,3.1914893617021276,1.5957446808510638,1.0638297872340425,0.5319148936170213,1.0638297872340425
E00130686,283,248,19,14,5,7,2,5,9,87.63250883392226,6.713780918727916,4.946996466431095,1.76678445229682,2.4734982332155475,0.7067137809187279,1.76678445229682,3.180212014134275
E00130687,232,210,8,7,1,9,3,6,5,90.51724137931035,3.4482758620689653,3.0172413793103448,0.43103448275862066,3.8793103448275863,1.293103448275862,2.586206896551724,2.1551724137931036
E00130688,248,224,14,9,5,4,2,2,6,90.32258064516128,5.64516129032258,3.6290322580645165,2.0161290322580645,1.6129032258064515,0.8064516129032258,0.8064516129032258,2.4193548387096775
E00130689,158,139,11,9,2,2,0,2,6,87.9746835443038,6.962025316455696,5.69620253164557,1.2658227848101267,1.2658227848101267,0,1.2658227848101267,3.79746835443038
E00130690,314,283,17,10,7,8,5,3,6,90.12738853503186,5.414012738853503,3.1847133757961785,2.229299363057325,2.547770700636943,1.5923566878980893,0.9554140127388535,1.910828025477707
E00130691,166,146,12,8,4,2,1,1,6,87.95180722891565,7.228915662650602,4.819277108433735,2.4096385542168677,1.2048192771084338,0.6024096385542169,0.6024096385542169,3.614457831325301
E00130692,364,341,15,13,2,3,1,2,5,93.68131868131869,4.1208791208791204,3.571428571428571,0.5494505494505495,0.8241758241758242,0.27472527472527475,0.5494505494505495,1.3736263736263736
E00130693,260,234,17,9,8,3,2,1,6,90,6.538461538461539,3.4615384615384617,3.076923076923077,1.153846153846154,0.7692307692307693,0.38461538461538464,2.307692307692308
E00130694,167,151,10,3,7,3,2,1,3,90.41916167664671,5.9880239520958085,1.7964071856287425,4.191616766467066,1.7964071856287425,1.1976047904191618,0.5988023952095809,1.7964071856287425
E00130695,258,232,16,13,3,3,1,2,7,89.92248062015504,6.2015503875969,5.038759689922481,1.1627906976744187,1.1627906976744187,0.3875968992248062,0.7751937984496124,2.7131782945736433
E00130696,502,465,25,20,5,7,6,1,5,92.62948207171314,4.9800796812749,3.9840637450199203,0.9960159362549801,1.394422310756972,1.1952191235059761,0.199203187250996,0.9960159362549801
E00130697,376,342,22,18,4,6,4,2,6,90.95744680851064,5.851063829787234,4.787234042553192,1.0638297872340425,1.5957446808510638,1.0638297872340425,0.5319148936170213,1.5957446808510638
E00130698,325,300,10,6,4,3,1,2,12,92.3076923076923,3.076923076923077,1.8461538461538463,1.2307692307692308,0.9230769230769231,0.3076923076923077,0.6153846153846154,3.6923076923076925
E00130699,355,326,17,12,5,6,0,6,6,91.83098591549296,4.788732394366197,3.3802816901408446,1.4084507042253522,1.6901408450704223,0,1.6901408450704223,1.6901408450704223
E00130700,251,230,14,11,3,4,4,0,3,91.63346613545816,5.577689243027888,4.382470119521913,1.1952191235059761,1.593625498007968,1.593625498007968,0,1.1952191235059761
E00130701,433,401,25,21,4,3,2,1,4,92.60969976905312,5.773672055427252,4.849884526558892,0.9237875288683602,0.6928406466512702,0.4618937644341801,0.23094688221709006,0.9237875288683602
E00130702,388,348,34,26,8,4,4,0,2,89.69072164948454,8.762886597938143,6.701030927835052,2.0618556701030926,1.0309278350515463,1.0309278350515463,0,0.5154639175257731
E00130703,491,446,28,19,9,7,5,2,10,90.83503054989816,5.7026476578411405,3.8696537678207736,1.8329938900203666,1.4256619144602851,1.0183299389002036,0.40733197556008144,2.0366598778004072
E00130704,330,295,23,17,6,7,3,4,5,89.39393939393939,6.969696969696971,5.151515151515151,1.8181818181818181,2.1212121212121215,0.9090909090909091,1.2121212121212122,1.5151515151515151
E00130705,294,266,10,6,4,7,3,4,11,90.47619047619048,3.4013605442176873,2.0408163265306123,1.3605442176870748,2.380952380952381,1.0204081632653061,1.3605442176870748,3.741496598639456
E00130706,272,232,19,13,6,6,2,4,15,85.29411764705883,6.985294117647059,4.779411764705882,2.2058823529411766,2.2058823529411766,0.7352941176470588,1.4705882352941175,5.514705882352941
E00130707,348,306,14,7,7,8,7,1,20,87.93103448275862,4.022988505747127,2.0114942528735633,2.0114942528735633,2.2988505747126435,2.0114942528735633,0.28735632183908044,5.747126436781609
E00130708,180,165,5,5,0,3,1,2,7,91.66666666666666,2.7777777777777777,2.7777777777777777,0,1.6666666666666667,0.5555555555555556,1.1111111111111112,3.888888888888889
E00130709,343,313,10,7,3,5,2,3,15,91.25364431486881,2.9154518950437316,2.0408163265306123,0.8746355685131195,1.4577259475218658,0.5830903790087464,0.8746355685131195,4.373177842565598
E00130710,310,291,10,6,4,3,0,3,6,93.87096774193549,3.225806451612903,1.935483870967742,1.2903225806451613,0.967741935483871,0,0.967741935483871,1.935483870967742
E00130711,316,277,21,11,10,5,3,2,13,87.65822784810126,6.6455696202531636,3.481012658227848,3.1645569620253164,1.5822784810126582,0.949367088607595,0.6329113924050633,4.113924050632911
E00130712,281,255,16,8,8,4,2,2,6,90.74733096085409,5.6939501779359425,2.8469750889679712,2.8469750889679712,1.4234875444839856,0.7117437722419928,0.7117437722419928,2.135231316725979
E00130713,287,262,11,7,4,4,2,2,10,91.28919860627178,3.8327526132404177,2.4390243902439024,1.3937282229965158,1.3937282229965158,0.6968641114982579,0.6968641114982579,3.484320557491289
E00130714,360,324,8,6,2,9,6,3,19,90,2.2222222222222223,1.6666666666666667,0.5555555555555556,2.5,1.6666666666666667,0.8333333333333334,5.277777777777778
E00130715,343,310,20,11,9,2,0,2,11,90.37900874635568,5.830903790087463,3.206997084548105,2.623906705539359,0.5830903790087464,0,0.5830903790087464,3.206997084548105
E00130716,332,303,13,10,3,9,4,5,7,91.26506024096386,3.91566265060241,3.0120481927710845,0.9036144578313252,2.710843373493976,1.2048192771084338,1.5060240963855422,2.108433734939759
E00130717,292,254,13,8,5,11,4,7,14,86.98630136986301,4.4520547945205475,2.73972602739726,1.7123287671232876,3.767123287671233,1.36986301369863,2.3972602739726026,4.794520547945205
E00130718,318,284,21,14,7,3,0,3,10,89.30817610062893,6.60377358490566,4.40251572327044,2.20125786163522,0.9433962264150944,0,0.9433962264150944,3.1446540880503147
E00130719,296,266,12,6,6,5,2,3,13,89.86486486486487,4.054054054054054,2.027027027027027,2.027027027027027,1.6891891891891893,0.6756756756756757,1.0135135135135136,4.391891891891892
E00130720,263,230,10,4,6,9,3,6,14,87.45247148288973,3.802281368821293,1.520912547528517,2.2813688212927756,3.4220532319391634,1.1406844106463878,2.2813688212927756,5.323193916349809
E00130721,256,233,8,6,2,7,4,3,8,91.015625,3.125,2.34375,0.78125,2.734375,1.5625,1.171875,3.125
E00130723,332,304,11,7,4,6,4,2,11,91.56626506024097,3.313253012048193,2.108433734939759,1.2048192771084338,1.8072289156626504,1.2048192771084338,0.6024096385542169,3.313253012048193
E00130724,362,317,16,12,4,11,3,8,18,87.56906077348067,4.41988950276243,3.314917127071823,1.1049723756906076,3.0386740331491713,0.8287292817679558,2.209944751381215,4.972375690607735
E00130725,450,409,23,16,7,9,5,4,9,90.88888888888889,5.111111111111112,3.5555555555555554,1.5555555555555556,2,1.1111111111111112,0.8888888888888888,2
E00130726,212,196,7,6,1,4,3,1,5,92.45283018867924,3.30188679245283,2.8301886792452833,0.4716981132075472,1.8867924528301887,1.4150943396226416,0.4716981132075472,2.358490566037736
E00130727,329,292,16,12,4,8,6,2,13,88.75379939209726,4.86322188449848,3.64741641337386,1.21580547112462,2.43161094224924,1.82370820668693,0.60790273556231,3.951367781155015
E00130728,288,258,13,10,3,6,3,3,11,89.58333333333334,4.513888888888888,3.4722222222222223,1.0416666666666665,2.083333333333333,1.0416666666666665,1.0416666666666665,3.8194444444444446
E00130729,361,328,16,14,2,5,3,2,12,90.85872576177285,4.43213296398892,3.8781163434903045,0.554016620498615,1.3850415512465373,0.8310249307479225,0.554016620498615,3.32409972299169
E00130730,280,253,15,8,7,6,4,2,6,90.35714285714286,5.357142857142857,2.857142857142857,2.5,2.142857142857143,1.4285714285714286,0.7142857142857143,2.142857142857143
E00130731,331,288,23,17,6,11,3,8,9,87.00906344410876,6.948640483383686,5.13595166163142,1.812688821752266,3.3232628398791544,0.906344410876133,2.416918429003021,2.719033232628399
E00130732,321,285,13,12,1,7,4,3,16,88.78504672897196,4.049844236760125,3.7383177570093453,0.3115264797507788,2.1806853582554515,1.2461059190031152,0.9345794392523363,4.984423676012461
E00130733,290,266,14,10,4,5,4,1,5,91.72413793103448,4.827586206896552,3.4482758620689653,1.3793103448275863,1.7241379310344827,1.3793103448275863,0.3448275862068966,1.7241379310344827
E00130734,221,185,17,17,0,4,2,2,15,83.710407239819,7.6923076923076925,7.6923076923076925,0,1.809954751131222,0.904977375565611,0.904977375565611,6.787330316742081
E00130735,170,153,12,10,2,0,0,0,5,90,7.0588235294117645,5.88235294117647,1.1764705882352942,0,0,0,2.941176470588235
E00130736,438,404,23,20,3,6,4,2,5,92.23744292237443,5.251141552511415,4.5662100456621,0.684931506849315,1.36986301369863,0.91324200913242,0.45662100456621,1.141552511415525
E00130737,321,295,12,7,5,6,6,0,8,91.90031152647975,3.7383177570093453,2.1806853582554515,1.557632398753894,1.8691588785046727,1.8691588785046727,0,2.4922118380062304
E00130738,378,352,15,8,7,2,2,0,9,93.12169312169311,3.968253968253968,2.1164021164021163,1.8518518518518516,0.5291005291005291,0.5291005291005291,0,2.380952380952381
E00130739,294,265,21,19,2,5,3,2,3,90.1360544217687,7.142857142857142,6.462585034013606,0.6802721088435374,1.7006802721088436,1.0204081632653061,0.6802721088435374,1.0204081632653061
E00130740,249,220,23,18,5,2,2,0,4,88.35341365461848,9.236947791164658,7.228915662650602,2.0080321285140563,0.8032128514056224,0.8032128514056224,0,1.6064257028112447
E00130741,253,223,22,15,7,3,3,0,5,88.14229249011858,8.695652173913043,5.928853754940711,2.766798418972332,1.185770750988142,1.185770750988142,0,1.9762845849802373
E00130742,291,271,12,10,2,4,0,4,4,93.12714776632302,4.123711340206185,3.436426116838488,0.6872852233676976,1.3745704467353952,0,1.3745704467353952,1.3745704467353952
E00173293,159,152,4,3,1,2,1,1,1,95.59748427672956,2.515723270440252,1.8867924528301887,0.628930817610063,1.257861635220126,0.628930817610063,0.628930817610063,0.628930817610063
E00173296,359,318,19,10,9,11,2,9,11,88.57938718662952,5.2924791086350975,2.785515320334262,2.5069637883008355,3.064066852367688,0.5571030640668524,2.5069637883008355,3.064066852367688
E00173297,370,349,14,12,2,4,2,2,3,94.32432432432432,3.783783783783784,3.2432432432432434,0.5405405405405406,1.0810810810810811,0.5405405405405406,0.5405405405405406,0.8108108108108109
E00173298,209,193,10,6,4,4,0,4,2,92.34449760765551,4.784688995215311,2.8708133971291865,1.9138755980861244,1.9138755980861244,0,1.9138755980861244,0.9569377990430622
E00173299,344,323,8,7,1,4,2,2,9,93.8953488372093,2.3255813953488373,2.0348837209302326,0.29069767441860467,1.1627906976744187,0.5813953488372093,0.5813953488372093,2.616279069767442
E00173301,250,230,18,13,5,1,1,0,1,92,7.199999999999999,5.2,2,0.4,0.4,0,0.4
E00173303,241,231,7,3,4,0,0,0,3,95.850622406639,2.904564315352697,1.2448132780082988,1.6597510373443984,0,0,0,1.2448132780082988
E00173304,362,355,4,3,1,0,0,0,3,98.06629834254143,1.1049723756906076,0.8287292817679558,0.2762430939226519,0,0,0,0.8287292817679558
E00173305,402,387,8,7,1,6,1,5,1,96.26865671641791,1.9900497512437811,1.7412935323383085,0.24875621890547264,1.4925373134328357,0.24875621890547264,1.2437810945273633,0.24875621890547264
E00173307,303,279,15,15,0,5,3,2,4,92.07920792079209,4.9504950495049505,4.9504950495049505,0,1.65016501650165,0.9900990099009901,0.6600660066006601,1.3201320132013201
E00173309,176,167,4,4,0,4,2,2,1,94.88636363636364,2.272727272727273,2.272727272727273,0,2.272727272727273,1.1363636363636365,1.1363636363636365,0.5681818181818182
E00173310,217,202,7,7,0,2,0,2,6,93.08755760368663,3.225806451612903,3.225806451612903,0,0.9216589861751152,0,0.9216589861751152,2.7649769585253456
E00173311,266,240,16,11,5,5,2,3,5,90.22556390977444,6.015037593984962,4.135338345864661,1.8796992481203008,1.8796992481203008,0.7518796992481203,1.1278195488721803,1.8796992481203008
E00173312,187,183,1,1,0,1,0,1,2,97.86096256684492,0.53475935828877,0.53475935828877,0,0.53475935828877,0,0.53475935828877,1.06951871657754
E00173313,187,165,14,9,5,4,4,0,4,88.23529411764706,7.4866310160427805,4.81283422459893,2.6737967914438503,2.13903743315508,2.13903743315508,0,2.13903743315508
E00173314,291,270,16,12,4,2,1,1,3,92.78350515463917,5.498281786941581,4.123711340206185,1.3745704467353952,0.6872852233676976,0.3436426116838488,0.3436426116838488,1.0309278350515463
E00173315,467,443,14,14,0,4,3,1,6,94.86081370449678,2.9978586723768736,2.9978586723768736,0,0.8565310492505354,0.6423982869379015,0.21413276231263384,1.284796573875803
E00173316,504,459,26,21,5,11,8,3,8,91.07142857142857,5.158730158730158,4.166666666666666,0.992063492063492,2.1825396825396823,1.5873015873015872,0.5952380952380952,1.5873015873015872
E00173317,311,294,10,7,3,2,1,1,5,94.53376205787781,3.215434083601286,2.2508038585209005,0.964630225080386,0.6430868167202572,0.3215434083601286,0.3215434083601286,1.607717041800643
E00173318,492,478,12,11,1,0,0,0,2,97.15447154471545,2.4390243902439024,2.2357723577235773,0.20325203252032523,0,0,0,0.40650406504065045
E00173319,607,583,17,15,2,0,0,0,7,96.04612850082373,2.800658978583196,2.471169686985173,0.3294892915980231,0,0,0,1.1532125205930808
E00173320,494,475,13,9,4,3,2,1,3,96.15384615384616,2.631578947368421,1.8218623481781375,0.8097165991902834,0.6072874493927125,0.4048582995951417,0.20242914979757085,0.6072874493927125
E00173321,167,148,7,6,1,5,3,2,7,88.62275449101796,4.191616766467066,3.592814371257485,0.5988023952095809,2.9940119760479043,1.7964071856287425,1.1976047904191618,4.191616766467066
E00173322,124,116,6,6,0,1,1,0,1,93.54838709677419,4.838709677419355,4.838709677419355,0,0.8064516129032258,0.8064516129032258,0,0.8064516129032258
E00173323,587,569,11,10,1,2,2,0,5,96.9335604770017,1.8739352640545146,1.7035775127768313,0.17035775127768313,0.34071550255536626,0.34071550255536626,0,0.8517887563884157
E00173324,397,378,12,11,1,2,0,2,5,95.21410579345087,3.022670025188917,2.770780856423174,0.2518891687657431,0.5037783375314862,0,0.5037783375314862,1.2594458438287155
E00173325,278,247,16,12,4,7,3,4,8,88.84892086330936,5.755395683453238,4.316546762589928,1.4388489208633095,2.5179856115107913,1.079136690647482,1.4388489208633095,2.877697841726619
E00173326,200,188,9,8,1,2,1,1,1,94,4.5,4,0.5,1,0.5,0.5,0.5
E00173327,457,434,8,5,3,7,4,3,8,94.9671772428884,1.75054704595186,1.0940919037199124,0.6564551422319475,1.5317286652078774,0.87527352297593,0.6564551422319475,1.75054704595186
E00173328,259,222,16,13,3,8,6,2,13,85.71428571428571,6.177606177606178,5.019305019305019,1.1583011583011582,3.088803088803089,2.3166023166023164,0.7722007722007722,5.019305019305019
E00173329,232,215,9,8,1,1,0,1,7,92.67241379310344,3.8793103448275863,3.4482758620689653,0.43103448275862066,0.43103448275862066,0,0.43103448275862066,3.0172413793103448
E00173332,338,308,14,9,5,8,3,5,8,91.12426035502959,4.142011834319527,2.6627218934911245,1.4792899408284024,2.366863905325444,0.8875739644970414,1.4792899408284024,2.366863905325444
E00173333,147,133,6,4,2,4,1,3,4,90.47619047619048,4.081632653061225,2.7210884353741496,1.3605442176870748,2.7210884353741496,0.6802721088435374,2.0408163265306123,2.7210884353741496
E00173334,255,237,8,8,0,7,4,3,3,92.94117647058823,3.1372549019607843,3.1372549019607843,0,2.7450980392156863,1.5686274509803921,1.1764705882352942,1.1764705882352942
E00173335,312,294,10,10,0,5,2,3,3,94.23076923076923,3.205128205128205,3.205128205128205,0,1.6025641025641024,0.641025641025641,0.9615384615384616,0.9615384615384616
E00173336,433,398,17,12,5,10,6,4,8,91.91685912240185,3.9260969976905313,2.771362586605081,1.1547344110854503,2.3094688221709005,1.3856812933025404,0.9237875288683602,1.8475750577367205
E00173338,259,232,12,5,7,6,4,2,9,89.57528957528957,4.633204633204633,1.9305019305019304,2.7027027027027026,2.3166023166023164,1.5444015444015444,0.7722007722007722,3.474903474903475
E00173339,299,285,10,7,3,0,0,0,4,95.31772575250837,3.3444816053511706,2.341137123745819,1.0033444816053512,0,0,0,1.3377926421404682
E00173341,205,180,10,6,4,10,7,3,5,87.8048780487805,4.878048780487805,2.9268292682926833,1.951219512195122,4.878048780487805,3.414634146341464,1.4634146341463417,2.4390243902439024
E00173342,321,293,19,9,10,9,8,1,0,91.27725856697819,5.919003115264798,2.803738317757009,3.115264797507788,2.803738317757009,2.4922118380062304,0.3115264797507788,0
E00173344,468,430,21,17,4,12,4,8,5,91.88034188034187,4.487179487179487,3.632478632478633,0.8547008547008548,2.564102564102564,0.8547008547008548,1.7094017094017095,1.0683760683760684
E00173345,245,231,11,8,3,1,0,1,2,94.28571428571428,4.489795918367347,3.2653061224489797,1.2244897959183674,0.40816326530612246,0,0.40816326530612246,0.8163265306122449
E00173346,278,240,25,14,11,5,4,1,8,86.33093525179856,8.992805755395683,5.0359712230215825,3.9568345323741005,1.7985611510791366,1.4388489208633095,0.3597122302158274,2.877697841726619
E00173347,255,234,10,8,2,4,2,2,7,91.76470588235294,3.9215686274509802,3.1372549019607843,0.7843137254901961,1.5686274509803921,0.7843137254901961,0.7843137254901961,2.7450980392156863
E00173348,333,297,27,21,6,0,0,0,9,89.1891891891892,8.108108108108109,6.306306306306306,1.8018018018018018,0,0,0,2.7027027027027026
E00173349,222,206,7,5,2,2,2,0,7,92.7927927927928,3.153153153153153,2.2522522522522523,0.9009009009009009,0.9009009009009009,0.9009009009009009,0,3.153153153153153
E00173350,259,236,11,6,5,5,4,1,7,91.11969111969111,4.247104247104247,2.3166023166023164,1.9305019305019304,1.9305019305019304,1.5444015444015444,0.3861003861003861,2.7027027027027026
E00173351,111,102,7,7,0,0,0,0,2,91.8918918918919,6.306306306306306,6.306306306306306,0,0,0,0,1.8018018018018018
E00173352,409,374,24,20,4,3,1,2,8,91.44254278728606,5.8679706601467,4.88997555012225,0.9779951100244498,0.7334963325183375,0.24449877750611246,0.4889975550122249,1.9559902200488997
E00178462,499,486,5,4,1,3,0,3,5,97.39478957915831,1.002004008016032,0.8016032064128256,0.2004008016032064,0.6012024048096193,0,0.6012024048096193,1.002004008016032
E00178467,334,315,7,7,0,4,2,2,8,94.311377245509,2.095808383233533,2.095808383233533,0,1.1976047904191618,0.5988023952095809,0.5988023952095809,2.3952095808383236
E00178468,307,291,13,11,2,3,1,2,0,94.78827361563518,4.234527687296417,3.5830618892508146,0.6514657980456027,0.9771986970684038,0.32573289902280134,0.6514657980456027,0
E00178470,228,216,5,4,1,3,2,1,4,94.73684210526315,2.1929824561403506,1.7543859649122806,0.43859649122807015,1.3157894736842104,0.8771929824561403,0.43859649122807015,1.7543859649122806
E00178472,202,192,5,2,3,2,1,1,3,95.04950495049505,2.4752475247524752,0.9900990099009901,1.4851485148514851,0.9900990099009901,0.49504950495049505,0.49504950495049505,1.4851485148514851
E00178475,231,211,5,5,0,2,1,1,13,91.34199134199135,2.1645021645021645,2.1645021645021645,0,0.8658008658008658,0.4329004329004329,0.4329004329004329,5.627705627705628
E00178478,401,378,17,13,4,2,1,1,4,94.2643391521197,4.239401496259352,3.2418952618453867,0.997506234413965,0.4987531172069825,0.24937655860349126,0.24937655860349126,0.997506234413965
E00178479,224,213,6,4,2,3,0,3,2,95.08928571428571,2.6785714285714284,1.7857142857142856,0.8928571428571428,1.3392857142857142,0,1.3392857142857142,0.8928571428571428
E00178480,346,333,10,8,2,0,0,0,3,96.24277456647398,2.8901734104046244,2.312138728323699,0.5780346820809248,0,0,0,0.8670520231213872
E00178482,235,219,10,9,1,3,0,3,3,93.19148936170212,4.25531914893617,3.829787234042553,0.425531914893617,1.276595744680851,0,1.276595744680851,1.276595744680851
E00178483,306,294,6,6,0,1,1,0,5,96.07843137254902,1.9607843137254901,1.9607843137254901,0,0.32679738562091504,0.32679738562091504,0,1.6339869281045754
E00178484,346,326,14,11,3,1,0,1,5,94.21965317919076,4.046242774566474,3.1791907514450863,0.8670520231213872,0.2890173410404624,0,0.2890173410404624,1.4450867052023122
E00178486,138,134,2,2,0,2,0,2,0,97.10144927536231,1.4492753623188406,1.4492753623188406,0,1.4492753623188406,0,1.4492753623188406,0
E00178490,427,400,18,18,0,7,3,4,2,93.6768149882904,4.215456674473068,4.215456674473068,0,1.639344262295082,0.702576112412178,0.936768149882904,0.468384074941452
E00178492,432,401,16,12,4,7,3,4,8,92.82407407407408,3.7037037037037033,2.7777777777777777,0.9259259259259258,1.6203703703703702,0.6944444444444444,0.9259259259259258,1.8518518518518516
E00178493,593,579,8,6,2,3,1,2,3,97.63912310286678,1.3490725126475547,1.0118043844856661,0.33726812816188867,0.5059021922428331,0.16863406408094433,0.33726812816188867,0.5059021922428331
E00178497,306,287,13,11,2,3,0,3,3,93.79084967320262,4.248366013071895,3.594771241830065,0.6535947712418301,0.9803921568627451,0,0.9803921568627451,0.9803921568627451
E00178500,545,499,27,23,4,8,1,7,11,91.55963302752293,4.954128440366973,4.220183486238533,0.7339449541284404,1.4678899082568808,0.1834862385321101,1.2844036697247707,2.0183486238532113
E00178503,149,145,2,2,0,2,1,1,0,97.31543624161074,1.342281879194631,1.342281879194631,0,1.342281879194631,0.6711409395973155,0.6711409395973155,0
E00178514,242,228,9,7,2,0,0,0,5,94.21487603305785,3.71900826446281,2.8925619834710745,0.8264462809917356,0,0,0,2.066115702479339
E00178515,451,409,19,17,2,12,5,7,11,90.68736141906874,4.212860310421286,3.7694013303769403,0.4434589800443459,2.6607538802660753,1.1086474501108647,1.5521064301552108,2.4390243902439024
E00178520,153,131,6,2,4,4,3,1,12,85.62091503267973,3.9215686274509802,1.3071895424836601,2.6143790849673203,2.6143790849673203,1.9607843137254901,0.6535947712418301,7.8431372549019605
E00178521,223,212,1,0,1,3,1,2,7,95.06726457399103,0.4484304932735426,0,0.4484304932735426,1.345291479820628,0.4484304932735426,0.8968609865470852,3.1390134529147984
E00178522,571,540,17,13,4,3,2,1,11,94.57092819614711,2.9772329246935203,2.276707530647986,0.7005253940455342,0.5253940455341506,0.3502626970227671,0.17513134851138354,1.926444833625219
E00178523,138,121,8,7,1,3,0,3,6,87.68115942028986,5.797101449275362,5.072463768115942,0.7246376811594203,2.1739130434782608,0,2.1739130434782608,4.3478260869565215
E00178525,346,319,14,10,4,6,2,4,7,92.1965317919075,4.046242774566474,2.8901734104046244,1.1560693641618496,1.7341040462427744,0.5780346820809248,1.1560693641618496,2.023121387283237
E00178526,104,95,4,4,0,3,0,3,2,91.34615384615384,3.8461538461538463,3.8461538461538463,0,2.8846153846153846,0,2.8846153846153846,1.9230769230769231
E00178527,563,536,17,14,3,4,3,1,6,95.20426287744228,3.019538188277087,2.4866785079928952,0.5328596802841918,0.7104795737122558,0.5328596802841918,0.17761989342806395,1.0657193605683837
E00178530,399,378,11,7,4,7,3,4,3,94.73684210526315,2.756892230576441,1.7543859649122806,1.0025062656641603,1.7543859649122806,0.7518796992481203,1.0025062656641603,0.7518796992481203
E00178535,193,180,7,5,2,6,2,4,0,93.26424870466322,3.6269430051813467,2.5906735751295336,1.0362694300518136,3.1088082901554404,1.0362694300518136,2.072538860103627,0
E00178539,281,249,16,12,4,8,8,0,8,88.61209964412812,5.6939501779359425,4.270462633451958,1.4234875444839856,2.8469750889679712,2.8469750889679712,0,2.8469750889679712
E00178541,168,146,13,11,2,5,3,2,4,86.90476190476191,7.738095238095238,6.547619047619048,1.1904761904761905,2.976190476190476,1.7857142857142856,1.1904761904761905,2.380952380952381
E00178543,104,98,4,4,0,0,0,0,2,94.23076923076923,3.8461538461538463,3.8461538461538463,0,0,0,0,1.9230769230769231
E00178544,526,491,17,16,1,9,2,7,9,93.34600760456274,3.2319391634980987,3.041825095057034,0.19011406844106463,1.7110266159695817,0.38022813688212925,1.3307984790874523,1.7110266159695817
E00178546,489,463,18,15,3,2,1,1,6,94.68302658486708,3.6809815950920246,3.067484662576687,0.6134969325153374,0.408997955010225,0.2044989775051125,0.2044989775051125,1.2269938650306749
E00178547,307,269,20,18,2,10,7,3,8,87.62214983713355,6.514657980456026,5.863192182410423,0.6514657980456027,3.257328990228013,2.2801302931596092,0.9771986970684038,2.6058631921824107
E00178548,293,277,9,9,0,3,2,1,4,94.53924914675767,3.0716723549488054,3.0716723549488054,0,1.023890784982935,0.6825938566552902,0.3412969283276451,1.3651877133105803
E00178550,139,129,8,3,5,0,0,0,2,92.80575539568345,5.755395683453238,2.158273381294964,3.5971223021582732,0,0,0,1.4388489208633095
E00178553,350,322,16,9,7,3,1,2,9,92,4.571428571428571,2.571428571428571,2,0.8571428571428572,0.2857142857142857,0.5714285714285714,2.571428571428571
E00178554,453,427,12,6,6,6,3,3,8,94.26048565121413,2.6490066225165565,1.3245033112582782,1.3245033112582782,1.3245033112582782,0.6622516556291391,0.6622516556291391,1.7660044150110374
E00178555,411,383,10,5,5,4,1,3,14,93.18734793187348,2.4330900243309004,1.2165450121654502,1.2165450121654502,0.9732360097323601,0.24330900243309003,0.7299270072992701,3.40632603406326
E00178556,293,274,14,10,4,1,0,1,4,93.51535836177474,4.778156996587031,3.4129692832764507,1.3651877133105803,0.3412969283276451,0,0.3412969283276451,1.3651877133105803
E00178558,551,509,22,17,5,12,7,5,8,92.37749546279493,3.9927404718693285,3.0852994555353903,0.9074410163339384,2.1778584392014517,1.2704174228675136,0.9074410163339384,1.4519056261343013
E00178561,191,177,7,4,3,2,1,1,5,92.67015706806284,3.664921465968586,2.094240837696335,1.5706806282722512,1.0471204188481675,0.5235602094240838,0.5235602094240838,2.6178010471204187
E00178562,379,362,11,8,3,3,0,3,3,95.51451187335093,2.9023746701846966,2.1108179419525066,0.79155672823219,0.79155672823219,0,0.79155672823219,0.79155672823219
E00178565,257,232,19,16,3,4,3,1,2,90.27237354085604,7.392996108949417,6.22568093385214,1.1673151750972763,1.556420233463035,1.1673151750972763,0.38910505836575876,0.7782101167315175
E00178574,239,229,5,5,0,1,0,1,4,95.81589958158996,2.092050209205021,2.092050209205021,0,0.41841004184100417,0,0.41841004184100417,1.6736401673640167
E00178577,403,375,11,9,2,10,3,7,7,93.05210918114145,2.729528535980149,2.2332506203473943,0.49627791563275436,2.481389578163772,0.7444168734491315,1.7369727047146404,1.7369727047146404
E00178581,276,258,5,3,2,5,3,2,8,93.47826086956522,1.8115942028985508,1.0869565217391304,0.7246376811594203,1.8115942028985508,1.0869565217391304,0.7246376811594203,2.898550724637681
E00178584,545,520,16,16,0,8,6,2,1,95.41284403669725,2.9357798165137616,2.9357798165137616,0,1.4678899082568808,1.1009174311926606,0.3669724770642202,0.1834862385321101
E00178585,364,342,11,7,4,6,5,1,5,93.95604395604396,3.021978021978022,1.9230769230769231,1.098901098901099,1.6483516483516485,1.3736263736263736,0.27472527472527475,1.3736263736263736
E00178590,478,460,8,6,2,5,0,5,5,96.23430962343096,1.6736401673640167,1.2552301255230125,0.41841004184100417,1.0460251046025104,0,1.0460251046025104,1.0460251046025104
E00178593,176,162,8,5,3,2,0,2,4,92.04545454545455,4.545454545454546,2.840909090909091,1.7045454545454544,1.1363636363636365,0,1.1363636363636365,2.272727272727273
E00178594,346,321,13,12,1,3,2,1,9,92.77456647398844,3.7572254335260116,3.4682080924855487,0.2890173410404624,0.8670520231213872,0.5780346820809248,0.2890173410404624,2.601156069364162
E00178596,477,432,29,21,8,8,5,3,8,90.56603773584906,6.079664570230608,4.40251572327044,1.6771488469601679,1.6771488469601679,1.0482180293501049,0.628930817610063,1.6771488469601679
E00178598,135,113,14,7,7,4,4,0,4,83.7037037037037,10.37037037037037,5.185185185185185,5.185185185185185,2.9629629629629632,2.9629629629629632,0,2.9629629629629632
E00178599,107,103,1,0,1,1,0,1,2,96.26168224299066,0.9345794392523363,0,0.9345794392523363,0.9345794392523363,0,0.9345794392523363,1.8691588785046727
E00178603,324,290,25,22,3,6,2,4,3,89.50617283950618,7.716049382716049,6.790123456790123,0.9259259259259258,1.8518518518518516,0.6172839506172839,1.2345679012345678,0.9259259259259258
E00178605,166,159,4,2,2,2,1,1,1,95.78313253012048,2.4096385542168677,1.2048192771084338,1.2048192771084338,1.2048192771084338,0.6024096385542169,0.6024096385542169,0.6024096385542169
E00178609,349,315,20,15,5,2,2,0,12,90.25787965616045,5.730659025787966,4.297994269340974,1.4326647564469914,0.5730659025787965,0.5730659025787965,0,3.4383954154727796
E00178610,330,317,4,3,1,4,2,2,5,96.06060606060606,1.2121212121212122,0.9090909090909091,0.30303030303030304,1.2121212121212122,0.6060606060606061,0.6060606060606061,1.5151515151515151
E00178611,270,260,5,4,1,4,0,4,1,96.29629629629629,1.8518518518518516,1.4814814814814816,0.3703703703703704,1.4814814814814816,0,1.4814814814814816,0.3703703703703704
E00178613,182,167,8,6,2,2,1,1,5,91.75824175824175,4.395604395604396,3.296703296703297,1.098901098901099,1.098901098901099,0.5494505494505495,0.5494505494505495,2.7472527472527473
E00178617,397,357,19,13,6,8,4,4,13,89.92443324937027,4.785894206549118,3.27455919395466,1.5113350125944585,2.0151133501259446,1.0075566750629723,1.0075566750629723,3.27455919395466
E00178618,246,229,8,5,3,6,1,5,3,93.08943089430895,3.2520325203252036,2.0325203252032518,1.2195121951219512,2.4390243902439024,0.40650406504065045,2.0325203252032518,1.2195121951219512
E00178619,127,110,15,12,3,1,0,1,1,86.61417322834646,11.811023622047244,9.448818897637794,2.3622047244094486,0.7874015748031495,0,0.7874015748031495,0.7874015748031495
E00178621,194,179,3,3,0,2,1,1,10,92.26804123711341,1.5463917525773196,1.5463917525773196,0,1.0309278350515463,0.5154639175257731,0.5154639175257731,5.154639175257731
E00178622,290,262,19,16,3,4,0,4,5,90.3448275862069,6.551724137931035,5.517241379310345,1.0344827586206897,1.3793103448275863,0,1.3793103448275863,1.7241379310344827
E00178625,552,542,7,6,1,2,1,1,1,98.18840579710145,1.2681159420289856,1.0869565217391304,0.18115942028985507,0.36231884057971014,0.18115942028985507,0.18115942028985507,0.18115942028985507
E00178629,107,96,8,5,3,0,0,0,3,89.7196261682243,7.476635514018691,4.672897196261682,2.803738317757009,0,0,0,2.803738317757009
E00178631,329,317,9,7,2,2,2,0,1,96.35258358662614,2.735562310030395,2.127659574468085,0.60790273556231,0.60790273556231,0.60790273556231,0,0.303951367781155
E00178633,456,419,16,11,5,11,4,7,10,91.8859649122807,3.508771929824561,2.4122807017543857,1.0964912280701753,2.4122807017543857,0.8771929824561403,1.5350877192982455,2.1929824561403506
E00178634,403,375,20,13,7,3,3,0,5,93.05210918114145,4.962779156327544,3.225806451612903,1.7369727047146404,0.7444168734491315,0.7444168734491315,0,1.240694789081886
