OA,ts0390001,ts0390002,ts0390003,ts0390004,ts0390005,ts0390006,ts0390007,ts0390008,ts0390009,ts0390002_PCT,ts0390003_PCT,ts0390004_PCT,ts0390005_PCT,ts0390006_PCT,ts0390007_PCT,ts0390008_PCT,ts0390009_PCT
E00165340,341,310,21,12,9,4,4,0,6,90.9090909090909,6.158357771260997,3.519061583577713,2.6392961876832843,1.1730205278592376,1.1730205278592376,0,1.7595307917888565
E00165341,250,221,13,9,4,6,4,2,10,88.4,5.2,3.5999999999999996,1.6,2.4,1.6,0.8,4
E00165342,248,212,14,11,3,7,1,6,15,85.48387096774194,5.64516129032258,4.435483870967742,1.2096774193548387,2.82258064516129,0.4032258064516129,2.4193548387096775,6.048387096774194
E00165343,237,216,13,10,3,5,2,3,3,91.13924050632912,5.485232067510549,4.219409282700422,1.2658227848101267,2.109704641350211,0.8438818565400843,1.2658227848101267,1.2658227848101267
E00165344,288,258,10,8,2,11,5,6,9,89.58333333333334,3.4722222222222223,2.7777777777777777,0.6944444444444444,3.8194444444444446,1.7361111111111112,2.083333333333333,3.125
E00165345,220,196,12,8,4,6,2,4,6,89.0909090909091,5.454545454545454,3.6363636363636362,1.8181818181818181,2.727272727272727,0.9090909090909091,1.8181818181818181,2.727272727272727
E00165346,247,229,15,11,4,2,2,0,1,92.71255060728745,6.0728744939271255,4.4534412955465585,1.6194331983805668,0.8097165991902834,0.8097165991902834,0,0.4048582995951417
E00165347,281,246,17,15,2,8,4,4,10,87.54448398576513,6.049822064056939,5.338078291814947,0.7117437722419928,2.8469750889679712,1.4234875444839856,1.4234875444839856,3.558718861209965
E00165348,223,213,3,3,0,4,1,3,3,95.51569506726457,1.345291479820628,1.345291479820628,0,1.7937219730941705,0.4484304932735426,1.345291479820628,1.345291479820628
E00165349,334,298,12,9,3,11,7,4,13,89.22155688622755,3.592814371257485,2.694610778443114,0.8982035928143712,3.293413173652695,2.095808383233533,1.1976047904191618,3.8922155688622757
E00165350,205,170,17,7,10,10,8,2,8,82.92682926829268,8.292682926829269,3.414634146341464,4.878048780487805,4.878048780487805,3.902439024390244,0.975609756097561,3.902439024390244
E00165351,180,171,3,2,1,2,0,2,4,95,1.6666666666666667,1.1111111111111112,0.5555555555555556,1.1111111111111112,0,1.1111111111111112,2.2222222222222223
E00165352,282,252,7,4,3,9,5,4,14,89.36170212765957,2.4822695035460995,1.4184397163120568,1.0638297872340425,3.1914893617021276,1.773049645390071,1.4184397163120568,4.964539007092199
E00165353,227,208,11,9,2,2,0,2,6,91.62995594713657,4.845814977973569,3.9647577092511015,0.881057268722467,0.881057268722467,0,0.881057268722467,2.643171806167401
E00165354,285,256,15,11,4,9,6,3,5,89.82456140350877,5.263157894736842,3.8596491228070176,1.4035087719298245,3.1578947368421053,2.1052631578947367,1.0526315789473684,1.7543859649122806
E00165355,253,229,15,12,3,3,1,2,6,90.51383399209486,5.928853754940711,4.743083003952568,1.185770750988142,1.185770750988142,0.3952569169960474,0.7905138339920948,2.371541501976284
E00165356,250,223,12,9,3,4,3,1,11,89.2,4.8,3.5999999999999996,1.2,1.6,1.2,0.4,4.3999999999999995
E00165357,266,248,11,8,3,5,1,4,2,93.23308270676691,4.135338345864661,3.007518796992481,1.1278195488721803,1.8796992481203008,0.37593984962406013,1.5037593984962405,0.7518796992481203
E00165358,237,214,12,10,2,4,0,4,7,90.29535864978902,5.063291139240507,4.219409282700422,0.8438818565400843,1.6877637130801686,0,1.6877637130801686,2.9535864978902953
E00165359,295,270,8,4,4,5,3,2,12,91.52542372881356,2.711864406779661,1.3559322033898304,1.3559322033898304,1.694915254237288,1.0169491525423728,0.6779661016949152,4.067796610169491
E00165360,276,248,16,14,2,3,1,2,9,89.85507246376811,5.797101449275362,5.072463768115942,0.7246376811594203,1.0869565217391304,0.36231884057971014,0.7246376811594203,3.260869565217391
E00165361,352,316,21,15,6,7,3,4,8,89.77272727272727,5.965909090909091,4.261363636363636,1.7045454545454544,1.9886363636363635,0.8522727272727272,1.1363636363636365,2.272727272727273
E00165362,302,265,27,27,0,6,1,5,4,87.74834437086093,8.940397350993377,8.940397350993377,0,1.9867549668874174,0.33112582781456956,1.6556291390728477,1.3245033112582782
E00165363,272,242,15,10,5,3,1,2,12,88.97058823529412,5.514705882352941,3.6764705882352944,1.8382352941176472,1.1029411764705883,0.3676470588235294,0.7352941176470588,4.411764705882353
E00165364,252,226,5,3,2,5,2,3,16,89.68253968253968,1.984126984126984,1.1904761904761905,0.7936507936507936,1.984126984126984,0.7936507936507936,1.1904761904761905,6.349206349206349
E00165365,265,241,14,10,4,4,3,1,6,90.9433962264151,5.283018867924529,3.7735849056603774,1.509433962264151,1.509433962264151,1.1320754716981132,0.37735849056603776,2.2641509433962264
E00165366,290,266,13,9,4,0,0,0,11,91.72413793103448,4.482758620689655,3.103448275862069,1.3793103448275863,0,0,0,3.793103448275862
E00165367,264,251,9,5,4,2,1,1,2,95.07575757575758,3.4090909090909087,1.893939393939394,1.5151515151515151,0.7575757575757576,0.3787878787878788,0.3787878787878788,0.7575757575757576
E00165368,244,214,15,12,3,5,3,2,10,87.70491803278688,6.147540983606557,4.918032786885246,1.2295081967213115,2.0491803278688523,1.2295081967213115,0.819672131147541,4.098360655737705
E00165369,330,297,14,12,2,6,2,4,13,90,4.242424242424243,3.6363636363636362,0.6060606060606061,1.8181818181818181,0.6060606060606061,1.2121212121212122,3.939393939393939
E00165370,286,248,17,14,3,5,4,1,16,86.7132867132867,5.944055944055944,4.895104895104895,1.048951048951049,1.7482517482517483,1.3986013986013985,0.34965034965034963,5.594405594405594
E00165371,406,353,13,9,4,11,7,4,29,86.94581280788178,3.201970443349754,2.2167487684729066,0.9852216748768473,2.70935960591133,1.7241379310344827,0.9852216748768473,7.142857142857142
E00165372,331,298,16,10,6,8,6,2,9,90.03021148036254,4.833836858006042,3.0211480362537766,1.812688821752266,2.416918429003021,1.812688821752266,0.6042296072507553,2.719033232628399
E00165373,272,248,13,6,7,2,0,2,9,91.17647058823529,4.779411764705882,2.2058823529411766,2.5735294117647056,0.7352941176470588,0,0.7352941176470588,3.308823529411765
E00165374,238,216,7,6,1,6,3,3,9,90.75630252100841,2.941176470588235,2.5210084033613445,0.42016806722689076,2.5210084033613445,1.2605042016806722,1.2605042016806722,3.7815126050420167
E00165375,252,237,3,3,0,4,0,4,8,94.04761904761905,1.1904761904761905,1.1904761904761905,0,1.5873015873015872,0,1.5873015873015872,3.1746031746031744
E00165376,270,248,14,8,6,5,3,2,3,91.85185185185185,5.185185185185185,2.9629629629629632,2.2222222222222223,1.8518518518518516,1.1111111111111112,0.7407407407407408,1.1111111111111112
E00165377,342,303,17,7,10,7,3,4,15,88.59649122807018,4.970760233918129,2.046783625730994,2.923976608187134,2.046783625730994,0.8771929824561403,1.1695906432748537,4.385964912280701
E00165378,237,211,14,7,7,2,1,1,10,89.0295358649789,5.9071729957805905,2.9535864978902953,2.9535864978902953,0.8438818565400843,0.42194092827004215,0.42194092827004215,4.219409282700422
E00165379,263,239,6,4,2,4,4,0,14,90.8745247148289,2.2813688212927756,1.520912547528517,0.7604562737642585,1.520912547528517,1.520912547528517,0,5.323193916349809
E00165380,280,243,18,15,3,8,4,4,11,86.78571428571429,6.428571428571428,5.357142857142857,1.0714285714285714,2.857142857142857,1.4285714285714286,1.4285714285714286,3.9285714285714284
E00165381,263,235,6,5,1,9,5,4,13,89.35361216730038,2.2813688212927756,1.9011406844106464,0.38022813688212925,3.4220532319391634,1.9011406844106464,1.520912547528517,4.942965779467681
E00165382,283,243,19,14,5,2,2,0,19,85.86572438162544,6.713780918727916,4.946996466431095,1.76678445229682,0.7067137809187279,0.7067137809187279,0,6.713780918727916
E00165383,273,244,16,10,6,3,1,2,10,89.37728937728939,5.86080586080586,3.6630036630036633,2.197802197802198,1.098901098901099,0.3663003663003663,0.7326007326007326,3.6630036630036633
E00165384,335,311,10,6,4,4,2,2,10,92.83582089552239,2.9850746268656714,1.791044776119403,1.1940298507462688,1.1940298507462688,0.5970149253731344,0.5970149253731344,2.9850746268656714
E00165385,225,205,8,5,3,4,3,1,8,91.11111111111111,3.5555555555555554,2.2222222222222223,1.3333333333333335,1.7777777777777777,1.3333333333333335,0.4444444444444444,3.5555555555555554
E00165386,230,194,26,20,6,2,0,2,8,84.34782608695653,11.304347826086957,8.695652173913043,2.608695652173913,0.8695652173913043,0,0.8695652173913043,3.4782608695652173
E00165387,265,232,15,11,4,4,3,1,14,87.54716981132076,5.660377358490567,4.150943396226415,1.509433962264151,1.509433962264151,1.1320754716981132,0.37735849056603776,5.283018867924529
E00165388,263,231,15,8,7,9,2,7,8,87.83269961977186,5.7034220532319395,3.041825095057034,2.6615969581749046,3.4220532319391634,0.7604562737642585,2.6615969581749046,3.041825095057034
E00165389,241,219,13,10,3,3,1,2,6,90.87136929460581,5.394190871369295,4.149377593360995,1.2448132780082988,1.2448132780082988,0.4149377593360996,0.8298755186721992,2.4896265560165975
E00165390,287,258,24,20,4,2,1,1,3,89.89547038327527,8.362369337979095,6.968641114982578,1.3937282229965158,0.6968641114982579,0.34843205574912894,0.34843205574912894,1.0452961672473868
E00165391,243,231,6,3,3,4,4,0,2,95.06172839506173,2.4691358024691357,1.2345679012345678,1.2345679012345678,1.646090534979424,1.646090534979424,0,0.823045267489712
E00165392,410,373,18,13,5,10,5,5,9,90.97560975609757,4.390243902439024,3.1707317073170733,1.2195121951219512,2.4390243902439024,1.2195121951219512,1.2195121951219512,2.195121951219512
E00165393,266,236,11,9,2,5,3,2,14,88.7218045112782,4.135338345864661,3.3834586466165413,0.7518796992481203,1.8796992481203008,1.1278195488721803,0.7518796992481203,5.263157894736842
E00165394,292,275,5,3,2,7,2,5,5,94.17808219178082,1.7123287671232876,1.0273972602739725,0.684931506849315,2.3972602739726026,0.684931506849315,1.7123287671232876,1.7123287671232876
E00165395,257,233,7,3,4,10,5,5,7,90.6614785992218,2.7237354085603114,1.1673151750972763,1.556420233463035,3.8910505836575875,1.9455252918287937,1.9455252918287937,2.7237354085603114
E00165396,278,250,24,17,7,2,2,0,2,89.92805755395683,8.633093525179856,6.115107913669065,2.5179856115107913,0.7194244604316548,0.7194244604316548,0,0.7194244604316548
E00165397,360,324,14,9,5,6,4,2,16,90,3.888888888888889,2.5,1.3888888888888888,1.6666666666666667,1.1111111111111112,0.5555555555555556,4.444444444444445
E00165398,318,268,22,18,4,9,5,4,19,84.27672955974843,6.918238993710692,5.660377358490567,1.257861635220126,2.8301886792452833,1.5723270440251573,1.257861635220126,5.9748427672955975
E00165399,248,225,16,11,5,4,4,0,3,90.7258064516129,6.451612903225806,4.435483870967742,2.0161290322580645,1.6129032258064515,1.6129032258064515,0,1.2096774193548387
E00165400,304,274,9,6,3,8,3,5,13,90.13157894736842,2.9605263157894735,1.9736842105263157,0.9868421052631579,2.631578947368421,0.9868421052631579,1.644736842105263,4.276315789473684
E00165401,324,289,13,9,4,9,4,5,13,89.19753086419753,4.012345679012346,2.7777777777777777,1.2345679012345678,2.7777777777777777,1.2345679012345678,1.5432098765432098,4.012345679012346
E00165402,398,353,21,14,7,10,3,7,14,88.69346733668341,5.276381909547738,3.5175879396984926,1.7587939698492463,2.512562814070352,0.7537688442211055,1.7587939698492463,3.5175879396984926
E00165403,341,303,13,7,6,10,5,5,15,88.85630498533725,3.812316715542522,2.0527859237536656,1.7595307917888565,2.932551319648094,1.466275659824047,1.466275659824047,4.398826979472141
E00165404,346,318,20,6,14,2,1,1,6,91.90751445086705,5.780346820809249,1.7341040462427744,4.046242774566474,0.5780346820809248,0.2890173410404624,0.2890173410404624,1.7341040462427744
E00165405,290,254,12,8,4,15,8,7,9,87.58620689655172,4.137931034482759,2.7586206896551726,1.3793103448275863,5.172413793103448,2.7586206896551726,2.413793103448276,3.103448275862069
E00165406,248,218,12,10,2,12,5,7,6,87.90322580645162,4.838709677419355,4.032258064516129,0.8064516129032258,4.838709677419355,2.0161290322580645,2.82258064516129,2.4193548387096775
E00165407,304,267,21,16,5,9,3,6,7,87.82894736842105,6.907894736842106,5.263157894736842,1.644736842105263,2.9605263157894735,0.9868421052631579,1.9736842105263157,2.302631578947368
E00165408,276,248,17,10,7,4,2,2,7,89.85507246376811,6.159420289855073,3.6231884057971016,2.536231884057971,1.4492753623188406,0.7246376811594203,0.7246376811594203,2.536231884057971
E00165409,312,272,25,21,4,3,1,2,12,87.17948717948718,8.012820512820513,6.730769230769231,1.282051282051282,0.9615384615384616,0.3205128205128205,0.641025641025641,3.8461538461538463
E00165410,416,385,17,12,5,5,4,1,9,92.54807692307693,4.086538461538462,2.8846153846153846,1.201923076923077,1.201923076923077,0.9615384615384616,0.2403846153846154,2.1634615384615383
E00165411,341,307,21,15,6,4,3,1,9,90.02932551319648,6.158357771260997,4.398826979472141,1.7595307917888565,1.1730205278592376,0.8797653958944283,0.2932551319648094,2.6392961876832843
E00165412,379,348,22,16,6,4,1,3,5,91.82058047493403,5.804749340369393,4.221635883905013,1.58311345646438,1.0554089709762533,0.2638522427440633,0.79155672823219,1.3192612137203166
E00165413,286,258,11,4,7,2,1,1,15,90.20979020979021,3.8461538461538463,1.3986013986013985,2.4475524475524475,0.6993006993006993,0.34965034965034963,0.34965034965034963,5.244755244755245
E00165414,335,302,20,16,4,5,2,3,8,90.14925373134328,5.970149253731343,4.776119402985075,1.1940298507462688,1.4925373134328357,0.5970149253731344,0.8955223880597015,2.3880597014925375
E00165415,143,123,13,10,3,3,0,3,4,86.01398601398601,9.090909090909092,6.993006993006993,2.097902097902098,2.097902097902098,0,2.097902097902098,2.797202797202797
E00165416,212,196,12,6,6,2,0,2,2,92.45283018867924,5.660377358490567,2.8301886792452833,2.8301886792452833,0.9433962264150944,0,0.9433962264150944,0.9433962264150944
E00165417,150,129,8,5,3,6,3,3,7,86,5.333333333333334,3.3333333333333335,2,4,2,2,4.666666666666667
E00165418,415,388,12,11,1,6,3,3,9,93.49397590361446,2.891566265060241,2.6506024096385543,0.24096385542168677,1.4457831325301205,0.7228915662650602,0.7228915662650602,2.1686746987951806
E00165419,217,188,18,17,1,5,3,2,6,86.63594470046083,8.294930875576037,7.834101382488479,0.4608294930875576,2.3041474654377883,1.3824884792626728,0.9216589861751152,2.7649769585253456
E00165420,330,297,15,12,3,12,6,6,6,90,4.545454545454546,3.6363636363636362,0.9090909090909091,3.6363636363636362,1.8181818181818181,1.8181818181818181,1.8181818181818181
E00165421,312,283,15,10,5,5,1,4,9,90.7051282051282,4.807692307692308,3.205128205128205,1.6025641025641024,1.6025641025641024,0.3205128205128205,1.282051282051282,2.8846153846153846
E00165422,256,235,5,5,0,10,2,8,6,91.796875,1.953125,1.953125,0,3.90625,0.78125,3.125,2.34375
E00165423,350,324,12,6,6,9,7,2,5,92.57142857142857,3.428571428571429,1.7142857142857144,1.7142857142857144,2.571428571428571,2,0.5714285714285714,1.4285714285714286
E00165424,218,204,3,3,0,5,1,4,6,93.57798165137615,1.3761467889908259,1.3761467889908259,0,2.293577981651376,0.45871559633027525,1.834862385321101,2.7522935779816518
E00165425,308,283,14,10,4,4,3,1,7,91.88311688311688,4.545454545454546,3.2467532467532463,1.2987012987012987,1.2987012987012987,0.974025974025974,0.3246753246753247,2.272727272727273
E00165426,226,208,13,9,4,1,0,1,4,92.03539823008849,5.752212389380531,3.982300884955752,1.7699115044247788,0.4424778761061947,0,0.4424778761061947,1.7699115044247788
E00165427,261,245,8,7,1,4,3,1,4,93.86973180076629,3.065134099616858,2.681992337164751,0.38314176245210724,1.532567049808429,1.1494252873563218,0.38314176245210724,1.532567049808429
E00165428,212,186,14,9,5,3,3,0,9,87.73584905660378,6.60377358490566,4.245283018867925,2.358490566037736,1.4150943396226416,1.4150943396226416,0,4.245283018867925
E00165429,250,225,11,5,6,8,7,1,6,90,4.3999999999999995,2,2.4,3.2,2.8000000000000003,0.4,2.4
E00165431,301,273,13,7,6,5,2,3,10,90.69767441860465,4.318936877076411,2.3255813953488373,1.9933554817275747,1.6611295681063125,0.6644518272425249,0.9966777408637874,3.322259136212625
E00165432,218,198,13,11,2,5,4,1,2,90.82568807339449,5.963302752293578,5.045871559633028,0.9174311926605505,2.293577981651376,1.834862385321101,0.45871559633027525,0.9174311926605505
E00165433,226,214,7,4,3,1,1,0,4,94.69026548672566,3.0973451327433628,1.7699115044247788,1.3274336283185841,0.4424778761061947,0.4424778761061947,0,1.7699115044247788
E00165434,220,187,22,20,2,1,1,0,10,85,10,9.090909090909092,0.9090909090909091,0.45454545454545453,0.45454545454545453,0,4.545454545454546
E00165435,234,208,13,12,1,3,0,3,10,88.88888888888889,5.555555555555555,5.128205128205128,0.4273504273504274,1.282051282051282,0,1.282051282051282,4.273504273504273
E00165436,273,249,9,9,0,6,2,4,9,91.20879120879121,3.296703296703297,3.296703296703297,0,2.197802197802198,0.7326007326007326,1.465201465201465,3.296703296703297
E00165437,260,241,8,6,2,6,0,6,5,92.6923076923077,3.076923076923077,2.307692307692308,0.7692307692307693,2.307692307692308,0,2.307692307692308,1.9230769230769231
E00165438,225,205,9,7,2,2,1,1,9,91.11111111111111,4,3.111111111111111,0.8888888888888888,0.8888888888888888,0.4444444444444444,0.4444444444444444,4
E00165439,308,280,12,9,3,7,3,4,9,90.9090909090909,3.896103896103896,2.922077922077922,0.974025974025974,2.272727272727273,0.974025974025974,1.2987012987012987,2.922077922077922
E00165440,198,181,6,3,3,5,2,3,6,91.41414141414141,3.0303030303030303,1.5151515151515151,1.5151515151515151,2.525252525252525,1.0101010101010102,1.5151515151515151,3.0303030303030303
E00165441,312,279,14,8,6,6,2,4,13,89.42307692307693,4.487179487179487,2.564102564102564,1.9230769230769231,1.9230769230769231,0.641025641025641,1.282051282051282,4.166666666666666
E00165442,303,259,17,13,4,13,4,9,14,85.47854785478548,5.6105610561056105,4.29042904290429,1.3201320132013201,4.29042904290429,1.3201320132013201,2.9702970297029703,4.62046204620462
E00165444,363,338,6,2,4,7,0,7,12,93.1129476584022,1.6528925619834711,0.5509641873278237,1.1019283746556474,1.9283746556473829,0,1.9283746556473829,3.3057851239669422
E00165445,265,248,11,9,2,3,1,2,3,93.58490566037736,4.150943396226415,3.3962264150943398,0.7547169811320755,1.1320754716981132,0.37735849056603776,0.7547169811320755,1.1320754716981132
E00165446,244,225,12,8,4,4,3,1,3,92.21311475409836,4.918032786885246,3.278688524590164,1.639344262295082,1.639344262295082,1.2295081967213115,0.4098360655737705,1.2295081967213115
E00165447,331,302,15,9,6,7,4,3,7,91.23867069486404,4.531722054380665,2.719033232628399,1.812688821752266,2.1148036253776437,1.2084592145015105,0.906344410876133,2.1148036253776437
E00165448,225,211,6,6,0,5,5,0,3,93.77777777777779,2.666666666666667,2.666666666666667,0,2.2222222222222223,2.2222222222222223,0,1.3333333333333335
E00165449,334,296,21,16,5,8,3,5,9,88.62275449101796,6.287425149700598,4.790419161676647,1.4970059880239521,2.3952095808383236,0.8982035928143712,1.4970059880239521,2.694610778443114
E00165450,327,298,18,15,3,5,3,2,6,91.13149847094802,5.5045871559633035,4.587155963302752,0.9174311926605505,1.529051987767584,0.9174311926605505,0.6116207951070336,1.834862385321101
E00165451,289,255,12,7,5,6,1,5,16,88.23529411764706,4.1522491349480966,2.422145328719723,1.7301038062283738,2.0761245674740483,0.34602076124567477,1.7301038062283738,5.536332179930796
E00165452,321,279,24,18,6,6,4,2,12,86.91588785046729,7.476635514018691,5.607476635514018,1.8691588785046727,1.8691588785046727,1.2461059190031152,0.6230529595015576,3.7383177570093453
E00165453,324,295,10,8,2,6,3,3,13,91.0493827160494,3.0864197530864197,2.4691358024691357,0.6172839506172839,1.8518518518518516,0.9259259259259258,0.9259259259259258,4.012345679012346
E00165454,284,245,20,11,9,10,2,8,9,86.26760563380282,7.042253521126761,3.873239436619718,3.169014084507042,3.5211267605633805,0.7042253521126761,2.8169014084507045,3.169014084507042
E00165455,266,238,21,13,8,4,3,1,3,89.47368421052632,7.894736842105263,4.887218045112782,3.007518796992481,1.5037593984962405,1.1278195488721803,0.37593984962406013,1.1278195488721803
E00165456,298,273,10,7,3,4,1,3,11,91.61073825503355,3.3557046979865772,2.348993288590604,1.006711409395973,1.342281879194631,0.33557046979865773,1.006711409395973,3.691275167785235
E00165457,247,223,12,7,5,1,1,0,11,90.2834008097166,4.8582995951417,2.834008097165992,2.0242914979757085,0.4048582995951417,0.4048582995951417,0,4.4534412955465585
E00165458,195,165,10,7,3,8,4,4,12,84.61538461538461,5.128205128205128,3.5897435897435894,1.5384615384615385,4.102564102564102,2.051282051282051,2.051282051282051,6.153846153846154
E00165459,351,321,20,16,4,7,2,5,3,91.45299145299145,5.698005698005698,4.5584045584045585,1.1396011396011396,1.9943019943019942,0.5698005698005698,1.4245014245014245,0.8547008547008548
E00165460,263,228,20,16,4,6,2,4,9,86.69201520912547,7.604562737642586,6.083650190114068,1.520912547528517,2.2813688212927756,0.7604562737642585,1.520912547528517,3.4220532319391634
E00165461,293,266,16,11,5,6,3,3,5,90.78498293515358,5.460750853242321,3.754266211604096,1.7064846416382253,2.04778156996587,1.023890784982935,1.023890784982935,1.7064846416382253
E00165462,326,303,13,8,5,6,2,4,4,92.94478527607362,3.9877300613496933,2.4539877300613497,1.5337423312883436,1.8404907975460123,0.6134969325153374,1.2269938650306749,1.2269938650306749
E00165463,296,263,18,12,6,3,2,1,12,88.85135135135135,6.081081081081082,4.054054054054054,2.027027027027027,1.0135135135135136,0.6756756756756757,0.33783783783783783,4.054054054054054
E00165464,307,274,11,6,5,11,7,4,11,89.25081433224756,3.5830618892508146,1.9543973941368076,1.6286644951140066,3.5830618892508146,2.2801302931596092,1.3029315960912053,3.5830618892508146
E00165465,304,265,24,15,9,5,4,1,10,87.17105263157895,7.894736842105263,4.934210526315789,2.9605263157894735,1.644736842105263,1.3157894736842104,0.3289473684210526,3.289473684210526
E00165466,294,265,18,11,7,6,4,2,5,90.1360544217687,6.122448979591836,3.741496598639456,2.380952380952381,2.0408163265306123,1.3605442176870748,0.6802721088435374,1.7006802721088436
E00165467,303,286,9,7,2,2,1,1,6,94.38943894389439,2.9702970297029703,2.31023102310231,0.6600660066006601,0.6600660066006601,0.33003300330033003,0.33003300330033003,1.9801980198019802
E00165468,322,287,19,14,5,8,3,5,8,89.13043478260869,5.900621118012422,4.3478260869565215,1.5527950310559007,2.484472049689441,0.9316770186335404,1.5527950310559007,2.484472049689441
E00165469,311,288,11,8,3,11,3,8,1,92.60450160771704,3.536977491961415,2.572347266881029,0.964630225080386,3.536977491961415,0.964630225080386,2.572347266881029,0.3215434083601286
E00165470,310,287,7,4,3,4,4,0,12,92.58064516129032,2.258064516129032,1.2903225806451613,0.967741935483871,1.2903225806451613,1.2903225806451613,0,3.870967741935484
E00165471,291,254,13,9,4,4,1,3,20,87.2852233676976,4.4673539518900345,3.0927835051546393,1.3745704467353952,1.3745704467353952,0.3436426116838488,1.0309278350515463,6.872852233676976
E00165472,285,255,8,5,3,9,4,5,13,89.47368421052632,2.807017543859649,1.7543859649122806,1.0526315789473684,3.1578947368421053,1.4035087719298245,1.7543859649122806,4.56140350877193
E00165473,253,232,9,4,5,1,0,1,11,91.699604743083,3.557312252964427,1.5810276679841897,1.9762845849802373,0.3952569169960474,0,0.3952569169960474,4.3478260869565215
E00165474,282,250,20,15,5,3,1,2,9,88.65248226950354,7.092198581560284,5.319148936170213,1.773049645390071,1.0638297872340425,0.3546099290780142,0.7092198581560284,3.1914893617021276
E00165475,335,302,16,12,4,12,8,4,5,90.14925373134328,4.776119402985075,3.582089552238806,1.1940298507462688,3.582089552238806,2.3880597014925375,1.1940298507462688,1.4925373134328357
E00165476,275,259,9,6,3,1,1,0,6,94.18181818181817,3.272727272727273,2.181818181818182,1.090909090909091,0.36363636363636365,0.36363636363636365,0,2.181818181818182
E00165477,269,230,21,13,8,5,2,3,13,85.50185873605948,7.806691449814126,4.83271375464684,2.973977695167286,1.858736059479554,0.7434944237918215,1.1152416356877324,4.83271375464684
E00165478,262,229,17,11,6,8,3,5,8,87.40458015267176,6.488549618320611,4.198473282442748,2.2900763358778624,3.0534351145038165,1.1450381679389312,1.9083969465648856,3.0534351145038165
E00165479,327,305,13,10,3,2,2,0,7,93.27217125382263,3.9755351681957185,3.058103975535168,0.9174311926605505,0.6116207951070336,0.6116207951070336,0,2.1406727828746175
E00165480,283,268,7,5,2,3,0,3,5,94.69964664310953,2.4734982332155475,1.76678445229682,0.7067137809187279,1.0600706713780919,0,1.0600706713780919,1.76678445229682
E00165481,363,330,14,11,3,9,4,5,10,90.9090909090909,3.8567493112947657,3.0303030303030303,0.8264462809917356,2.479338842975207,1.1019283746556474,1.3774104683195594,2.7548209366391188
E00165482,260,241,6,5,1,4,1,3,9,92.6923076923077,2.307692307692308,1.9230769230769231,0.38461538461538464,1.5384615384615385,0.38461538461538464,1.153846153846154,3.4615384615384617
E00165483,428,406,11,9,2,5,0,5,6,94.85981308411215,2.570093457943925,2.102803738317757,0.46728971962616817,1.1682242990654206,0,1.1682242990654206,1.4018691588785046
E00165484,331,307,10,8,2,7,5,2,7,92.74924471299094,3.0211480362537766,2.416918429003021,0.6042296072507553,2.1148036253776437,1.5105740181268883,0.6042296072507553,2.1148036253776437
E00165486,354,326,11,6,5,7,4,3,10,92.09039548022598,3.1073446327683616,1.694915254237288,1.4124293785310735,1.977401129943503,1.1299435028248588,0.847457627118644,2.824858757062147
E00165488,281,266,10,7,3,2,1,1,3,94.66192170818505,3.558718861209965,2.491103202846975,1.0676156583629894,0.7117437722419928,0.3558718861209964,0.3558718861209964,1.0676156583629894
E00165489,260,236,11,8,3,6,2,4,7,90.76923076923077,4.230769230769231,3.076923076923077,1.153846153846154,2.307692307692308,0.7692307692307693,1.5384615384615385,2.6923076923076925
E00165490,284,258,16,12,4,5,1,4,5,90.84507042253522,5.633802816901409,4.225352112676056,1.4084507042253522,1.7605633802816902,0.35211267605633806,1.4084507042253522,1.7605633802816902
E00165491,223,202,9,8,1,6,5,1,6,90.5829596412556,4.0358744394618835,3.587443946188341,0.4484304932735426,2.690582959641256,2.242152466367713,0.4484304932735426,2.690582959641256
E00165492,255,227,11,8,3,7,2,5,10,89.01960784313725,4.313725490196078,3.1372549019607843,1.1764705882352942,2.7450980392156863,0.7843137254901961,1.9607843137254901,3.9215686274509802
E00165493,281,250,14,11,3,7,4,3,10,88.96797153024912,4.98220640569395,3.9145907473309607,1.0676156583629894,2.491103202846975,1.4234875444839856,1.0676156583629894,3.558718861209965
E00165494,285,258,18,15,3,1,1,0,8,90.52631578947368,6.315789473684211,5.263157894736842,1.0526315789473684,0.3508771929824561,0.3508771929824561,0,2.807017543859649
E00165495,298,264,10,8,2,9,2,7,15,88.59060402684564,3.3557046979865772,2.684563758389262,0.6711409395973155,3.0201342281879198,0.6711409395973155,2.348993288590604,5.033557046979865
E00165496,245,225,11,5,6,4,1,3,5,91.83673469387756,4.489795918367347,2.0408163265306123,2.4489795918367347,1.6326530612244898,0.40816326530612246,1.2244897959183674,2.0408163265306123
E00165497,235,215,13,10,3,5,5,0,2,91.48936170212765,5.531914893617021,4.25531914893617,1.276595744680851,2.127659574468085,2.127659574468085,0,0.851063829787234
E00165498,302,269,18,15,3,5,2,3,10,89.0728476821192,5.960264900662252,4.966887417218543,0.9933774834437087,1.6556291390728477,0.6622516556291391,0.9933774834437087,3.3112582781456954
E00165499,321,296,13,9,4,6,1,5,6,92.21183800623052,4.049844236760125,2.803738317757009,1.2461059190031152,1.8691588785046727,0.3115264797507788,1.557632398753894,1.8691588785046727
E00165500,239,215,13,10,3,2,0,2,9,89.9581589958159,5.439330543933055,4.184100418410042,1.2552301255230125,0.8368200836820083,0,0.8368200836820083,3.765690376569038
E00165501,285,268,9,9,0,3,0,3,5,94.03508771929825,3.1578947368421053,3.1578947368421053,0,1.0526315789473684,0,1.0526315789473684,1.7543859649122806
E00165502,274,250,13,10,3,4,0,4,7,91.24087591240875,4.744525547445255,3.64963503649635,1.094890510948905,1.4598540145985401,0,1.4598540145985401,2.5547445255474455
E00165503,368,330,18,14,4,6,1,5,14,89.67391304347827,4.891304347826087,3.804347826086957,1.0869565217391304,1.6304347826086956,0.2717391304347826,1.358695652173913,3.804347826086957
E00165504,324,290,23,19,4,5,3,2,6,89.50617283950618,7.098765432098765,5.864197530864197,1.2345679012345678,1.5432098765432098,0.9259259259259258,0.6172839506172839,1.8518518518518516
E00165505,293,270,12,9,3,5,4,1,6,92.15017064846417,4.09556313993174,3.0716723549488054,1.023890784982935,1.7064846416382253,1.3651877133105803,0.3412969283276451,2.04778156996587
E00165506,346,315,12,6,6,5,3,2,14,91.04046242774567,3.4682080924855487,1.7341040462427744,1.7341040462427744,1.4450867052023122,0.8670520231213872,0.5780346820809248,4.046242774566474
E00165507,256,225,13,9,4,4,3,1,14,87.890625,5.078125,3.515625,1.5625,1.5625,1.171875,0.390625,5.46875
E00165508,324,281,21,15,6,5,4,1,17,86.72839506172839,6.481481481481481,4.62962962962963,1.8518518518518516,1.5432098765432098,1.2345679012345678,0.30864197530864196,5.246913580246913
E00165509,248,223,8,5,3,2,1,1,15,89.91935483870968,3.225806451612903,2.0161290322580645,1.2096774193548387,0.8064516129032258,0.4032258064516129,0.4032258064516129,6.048387096774194
E00165510,310,288,10,6,4,6,3,3,6,92.90322580645162,3.225806451612903,1.935483870967742,1.2903225806451613,1.935483870967742,0.967741935483871,0.967741935483871,1.935483870967742
E00165511,269,243,16,14,2,4,4,0,6,90.33457249070632,5.947955390334572,5.204460966542751,0.7434944237918215,1.486988847583643,1.486988847583643,0,2.2304832713754648
E00165512,340,308,15,13,2,5,3,2,12,90.58823529411765,4.411764705882353,3.823529411764706,0.5882352941176471,1.4705882352941175,0.8823529411764706,0.5882352941176471,3.5294117647058822
E00165513,293,261,16,12,4,4,1,3,12,89.07849829351537,5.460750853242321,4.09556313993174,1.3651877133105803,1.3651877133105803,0.3412969283276451,1.023890784982935,4.09556313993174
E00165514,242,209,12,7,5,5,4,1,16,86.36363636363636,4.958677685950414,2.8925619834710745,2.066115702479339,2.066115702479339,1.6528925619834711,0.4132231404958678,6.6115702479338845
E00165515,284,257,16,13,3,3,2,1,8,90.49295774647888,5.633802816901409,4.577464788732395,1.056338028169014,1.056338028169014,0.7042253521126761,0.35211267605633806,2.8169014084507045
E00165516,314,275,14,9,5,10,4,6,15,87.57961783439491,4.45859872611465,2.8662420382165608,1.5923566878980893,3.1847133757961785,1.2738853503184715,1.910828025477707,4.777070063694268
E00165517,249,219,18,13,5,2,1,1,10,87.95180722891565,7.228915662650602,5.220883534136546,2.0080321285140563,0.8032128514056224,0.4016064257028112,0.4016064257028112,4.016064257028113
E00165518,275,252,14,10,4,2,1,1,7,91.63636363636364,5.090909090909091,3.6363636363636362,1.4545454545454546,0.7272727272727273,0.36363636363636365,0.36363636363636365,2.5454545454545454
E00165519,286,262,14,8,6,3,0,3,7,91.6083916083916,4.895104895104895,2.797202797202797,2.097902097902098,1.048951048951049,0,1.048951048951049,2.4475524475524475
E00165520,284,257,10,8,2,10,9,1,7,90.49295774647888,3.5211267605633805,2.8169014084507045,0.7042253521126761,3.5211267605633805,3.169014084507042,0.35211267605633806,2.464788732394366
E00165521,265,239,5,3,2,4,2,2,17,90.18867924528303,1.8867924528301887,1.1320754716981132,0.7547169811320755,1.509433962264151,0.7547169811320755,0.7547169811320755,6.415094339622642
E00165522,306,274,10,9,1,6,3,3,16,89.54248366013073,3.2679738562091507,2.941176470588235,0.32679738562091504,1.9607843137254901,0.9803921568627451,0.9803921568627451,5.228758169934641
E00165523,263,241,9,6,3,4,2,2,9,91.63498098859316,3.4220532319391634,2.2813688212927756,1.1406844106463878,1.520912547528517,0.7604562737642585,0.7604562737642585,3.4220532319391634
E00165524,237,218,8,3,5,2,0,2,9,91.9831223628692,3.375527426160337,1.2658227848101267,2.109704641350211,0.8438818565400843,0,0.8438818565400843,3.79746835443038
E00165525,321,287,19,13,6,2,1,1,13,89.40809968847351,5.919003115264798,4.049844236760125,1.8691588785046727,0.6230529595015576,0.3115264797507788,0.3115264797507788,4.049844236760125
E00165526,336,309,16,10,6,5,2,3,6,91.96428571428571,4.761904761904762,2.976190476190476,1.7857142857142856,1.488095238095238,0.5952380952380952,0.8928571428571428,1.7857142857142856
E00165527,335,306,10,8,2,6,2,4,13,91.34328358208955,2.9850746268656714,2.3880597014925375,0.5970149253731344,1.791044776119403,0.5970149253731344,1.1940298507462688,3.880597014925373
E00165528,542,485,38,33,5,8,5,3,11,89.48339483394834,7.011070110701106,6.088560885608856,0.9225092250922509,1.4760147601476015,0.9225092250922509,0.5535055350553505,2.029520295202952
E00165529,275,247,13,9,4,5,3,2,10,89.81818181818181,4.7272727272727275,3.272727272727273,1.4545454545454546,1.8181818181818181,1.090909090909091,0.7272727272727273,3.6363636363636362
E00165530,246,227,6,2,4,2,2,0,11,92.27642276422763,2.4390243902439024,0.8130081300813009,1.6260162601626018,0.8130081300813009,0.8130081300813009,0,4.471544715447155
E00165531,383,351,18,16,2,6,3,3,8,91.64490861618799,4.699738903394255,4.177545691906006,0.5221932114882507,1.5665796344647518,0.7832898172323759,0.7832898172323759,2.088772845953003
E00165532,285,262,8,5,3,6,3,3,9,91.9298245614035,2.807017543859649,1.7543859649122806,1.0526315789473684,2.1052631578947367,1.0526315789473684,1.0526315789473684,3.1578947368421053
E00165533,245,224,11,8,3,5,5,0,5,91.42857142857143,4.489795918367347,3.2653061224489797,1.2244897959183674,2.0408163265306123,2.0408163265306123,0,2.0408163265306123
E00165534,286,244,21,19,2,9,5,4,12,85.3146853146853,7.3426573426573425,6.643356643356643,0.6993006993006993,3.146853146853147,1.7482517482517483,1.3986013986013985,4.195804195804196
E00165535,318,280,20,12,8,6,6,0,12,88.0503144654088,6.289308176100629,3.7735849056603774,2.515723270440252,1.8867924528301887,1.8867924528301887,0,3.7735849056603774
E00165536,336,310,6,6,0,9,4,5,11,92.26190476190477,1.7857142857142856,1.7857142857142856,0,2.6785714285714284,1.1904761904761905,1.488095238095238,3.273809523809524
E00165537,285,260,13,11,2,6,4,2,6,91.22807017543859,4.56140350877193,3.8596491228070176,0.7017543859649122,2.1052631578947367,1.4035087719298245,0.7017543859649122,2.1052631578947367
E00165538,267,234,18,15,3,7,5,2,8,87.64044943820225,6.741573033707865,5.617977528089887,1.1235955056179776,2.6217228464419478,1.8726591760299627,0.7490636704119851,2.9962546816479403
E00165539,244,211,14,9,5,11,6,5,8,86.47540983606558,5.737704918032787,3.6885245901639343,2.0491803278688523,4.508196721311475,2.459016393442623,2.0491803278688523,3.278688524590164
E00165540,275,251,13,11,2,7,3,4,4,91.27272727272727,4.7272727272727275,4,0.7272727272727273,2.5454545454545454,1.090909090909091,1.4545454545454546,1.4545454545454546
E00165541,276,254,10,6,4,1,0,1,11,92.02898550724638,3.6231884057971016,2.1739130434782608,1.4492753623188406,0.36231884057971014,0,0.36231884057971014,3.985507246376811
E00165542,207,184,4,1,3,7,2,5,12,88.88888888888889,1.932367149758454,0.4830917874396135,1.4492753623188406,3.3816425120772946,0.966183574879227,2.4154589371980677,5.797101449275362
E00165543,306,269,23,20,3,7,3,4,7,87.90849673202614,7.516339869281046,6.535947712418301,0.9803921568627451,2.287581699346405,0.9803921568627451,1.3071895424836601,2.287581699346405
E00165544,306,276,16,14,2,4,2,2,10,90.19607843137256,5.228758169934641,4.57516339869281,0.6535947712418301,1.3071895424836601,0.6535947712418301,0.6535947712418301,3.2679738562091507
E00165545,285,254,20,15,5,7,1,6,4,89.12280701754386,7.017543859649122,5.263157894736842,1.7543859649122806,2.456140350877193,0.3508771929824561,2.1052631578947367,1.4035087719298245
E00165546,239,222,5,5,0,5,2,3,7,92.88702928870293,2.092050209205021,2.092050209205021,0,2.092050209205021,0.8368200836820083,1.2552301255230125,2.928870292887029
E00165547,246,226,10,4,6,2,1,1,8,91.869918699187,4.0650406504065035,1.6260162601626018,2.4390243902439024,0.8130081300813009,0.40650406504065045,0.40650406504065045,3.2520325203252036
E00165548,321,289,19,12,7,2,0,2,11,90.03115264797508,5.919003115264798,3.7383177570093453,2.1806853582554515,0.6230529595015576,0,0.6230529595015576,3.4267912772585665
E00165549,347,309,20,15,5,9,2,7,9,89.04899135446685,5.763688760806916,4.322766570605188,1.440922190201729,2.5936599423631126,0.57636887608069165,2.0172910662824206,2.5936599423631126
E00165550,227,200,11,8,3,6,4,2,10,88.10572687224669,4.845814977973569,3.524229074889868,1.3215859030837005,2.643171806167401,1.762114537444934,0.881057268722467,4.405286343612335
E00165551,398,364,20,13,7,4,2,2,10,91.4572864321608,5.025125628140704,3.2663316582914574,1.7587939698492463,1.0050251256281406,0.5025125628140703,0.5025125628140703,2.512562814070352
E00165552,244,222,15,12,3,3,1,2,4,90.98360655737704,6.147540983606557,4.918032786885246,1.2295081967213115,1.2295081967213115,0.4098360655737705,0.819672131147541,1.639344262295082
E00165554,254,223,9,3,6,11,5,6,11,87.79527559055119,3.543307086614173,1.1811023622047243,2.3622047244094486,4.330708661417323,1.968503937007874,2.3622047244094486,4.330708661417323
E00165555,334,291,14,9,5,13,2,11,16,87.12574850299401,4.191616766467066,2.694610778443114,1.4970059880239521,3.8922155688622757,0.5988023952095809,3.293413173652695,4.790419161676647
E00165556,236,214,8,6,2,6,3,3,8,90.67796610169492,3.389830508474576,2.5423728813559325,0.847457627118644,2.5423728813559325,1.2711864406779663,1.2711864406779663,3.389830508474576
E00165558,219,197,8,6,2,3,1,2,11,89.95433789954338,3.65296803652968,2.73972602739726,0.91324200913242,1.36986301369863,0.45662100456621,0.91324200913242,5.0228310502283104
E00165559,293,275,4,3,1,6,3,3,8,93.85665529010238,1.3651877133105803,1.023890784982935,0.3412969283276451,2.04778156996587,1.023890784982935,1.023890784982935,2.7303754266211606
E00165560,260,233,12,9,3,6,5,1,9,89.61538461538461,4.615384615384616,3.4615384615384617,1.153846153846154,2.307692307692308,1.9230769230769231,0.38461538461538464,3.4615384615384617
E00165561,281,262,12,7,5,6,1,5,1,93.23843416370107,4.270462633451958,2.491103202846975,1.7793594306049825,2.135231316725979,0.3558718861209964,1.7793594306049825,0.3558718861209964
E00165562,272,245,13,8,5,3,2,1,11,90.07352941176471,4.779411764705882,2.941176470588235,1.8382352941176472,1.1029411764705883,0.7352941176470588,0.3676470588235294,4.044117647058823
E00165563,265,232,15,12,3,4,2,2,14,87.54716981132076,5.660377358490567,4.528301886792453,1.1320754716981132,1.509433962264151,0.7547169811320755,0.7547169811320755,5.283018867924529
E00165564,359,316,13,8,5,11,3,8,19,88.02228412256268,3.6211699164345403,2.2284122562674096,1.392757660167131,3.064066852367688,0.8356545961002786,2.2284122562674096,5.2924791086350975
E00165565,241,223,11,7,4,3,1,2,4,92.5311203319502,4.564315352697095,2.904564315352697,1.6597510373443984,1.2448132780082988,0.4149377593360996,0.8298755186721992,1.6597510373443984
E00165566,253,224,16,10,6,4,3,1,9,88.53754940711462,6.324110671936759,3.9525691699604746,2.371541501976284,1.5810276679841897,1.185770750988142,0.3952569169960474,3.557312252964427
E00165567,540,489,23,13,10,12,6,6,16,90.55555555555556,4.2592592592592595,2.4074074074074074,1.8518518518518516,2.2222222222222223,1.1111111111111112,1.1111111111111112,2.9629629629629632
E00165568,223,186,16,10,6,6,3,3,15,83.40807174887892,7.174887892376682,4.484304932735426,2.690582959641256,2.690582959641256,1.345291479820628,1.345291479820628,6.726457399103139
E00165569,343,301,25,18,7,7,5,2,10,87.75510204081633,7.288629737609329,5.247813411078718,2.0408163265306123,2.0408163265306123,1.4577259475218658,0.5830903790087464,2.9154518950437316
E00165570,272,244,18,15,3,5,4,1,5,89.70588235294117,6.61764705882353,5.514705882352941,1.1029411764705883,1.8382352941176472,1.4705882352941175,0.3676470588235294,1.8382352941176472
E00165571,265,239,10,6,4,7,6,1,9,90.18867924528303,3.7735849056603774,2.2641509433962264,1.509433962264151,2.6415094339622645,2.2641509433962264,0.37735849056603776,3.3962264150943398
E00165572,201,186,5,2,3,4,0,4,6,92.53731343283582,2.4875621890547266,0.9950248756218906,1.4925373134328357,1.9900497512437811,0,1.9900497512437811,2.9850746268656714
E00165573,244,223,10,6,4,3,3,0,8,91.39344262295081,4.098360655737705,2.459016393442623,1.639344262295082,1.2295081967213115,1.2295081967213115,0,3.278688524590164
E00165574,263,240,10,7,3,6,4,2,7,91.25475285171103,3.802281368821293,2.6615969581749046,1.1406844106463878,2.2813688212927756,1.520912547528517,0.7604562737642585,2.6615969581749046
E00165575,293,266,12,9,3,6,3,3,9,90.78498293515358,4.09556313993174,3.0716723549488054,1.023890784982935,2.04778156996587,1.023890784982935,1.023890784982935,3.0716723549488054
E00165576,258,229,17,12,5,1,1,0,11,88.75968992248062,6.5891472868217065,4.651162790697675,1.937984496124031,0.3875968992248062,0.3875968992248062,0,4.263565891472868
E00165577,234,203,10,6,4,6,6,0,15,86.75213675213675,4.273504273504273,2.564102564102564,1.7094017094017095,2.564102564102564,2.564102564102564,0,6.41025641025641
E00165578,267,253,11,9,2,2,0,2,1,94.7565543071161,4.119850187265917,3.3707865168539324,0.7490636704119851,0.7490636704119851,0,0.7490636704119851,0.37453183520599254
E00165579,299,267,17,11,6,8,4,4,7,89.29765886287625,5.68561872909699,3.678929765886288,2.0066889632107023,2.6755852842809364,1.3377926421404682,1.3377926421404682,2.341137123745819
E00165580,290,271,11,10,1,6,3,3,2,93.44827586206897,3.793103448275862,3.4482758620689653,0.3448275862068966,2.0689655172413794,1.0344827586206897,1.0344827586206897,0.6896551724137931
E00165581,279,254,14,9,5,2,1,1,9,91.0394265232975,5.017921146953405,3.225806451612903,1.7921146953405016,0.7168458781362007,0.35842293906810035,0.35842293906810035,3.225806451612903
E00165582,285,262,13,8,5,4,0,4,6,91.9298245614035,4.56140350877193,2.807017543859649,1.7543859649122806,1.4035087719298245,0,1.4035087719298245,2.1052631578947367
E00165583,245,213,14,9,5,4,1,3,14,86.93877551020408,5.714285714285714,3.6734693877551026,2.0408163265306123,1.6326530612244898,0.40816326530612246,1.2244897959183674,5.714285714285714
E00165584,270,245,13,8,5,4,3,1,8,90.74074074074075,4.814814814814815,2.9629629629629632,1.8518518518518516,1.4814814814814816,1.1111111111111112,0.3703703703703704,2.9629629629629632
E00165585,319,285,15,9,6,6,2,4,13,89.34169278996865,4.702194357366771,2.8213166144200628,1.8808777429467085,1.8808777429467085,0.6269592476489028,1.2539184952978055,4.075235109717868
E00165586,272,245,18,14,4,4,2,2,5,90.07352941176471,6.61764705882353,5.147058823529411,1.4705882352941175,1.4705882352941175,0.7352941176470588,0.7352941176470588,1.8382352941176472
E00165587,274,247,17,15,2,3,1,2,7,90.14598540145985,6.204379562043796,5.474452554744526,0.7299270072992701,1.094890510948905,0.36496350364963503,0.7299270072992701,2.5547445255474455
E00165588,279,247,14,14,0,8,1,7,10,88.5304659498208,5.017921146953405,5.017921146953405,0,2.867383512544803,0.35842293906810035,2.5089605734767026,3.584229390681003
E00165589,188,170,6,2,4,5,2,3,7,90.42553191489363,3.1914893617021276,1.0638297872340425,2.127659574468085,2.6595744680851063,1.0638297872340425,1.5957446808510638,3.723404255319149
E00165590,314,278,9,4,5,12,5,7,15,88.53503184713377,2.8662420382165608,1.2738853503184715,1.5923566878980893,3.821656050955414,1.5923566878980893,2.229299363057325,4.777070063694268
E00165591,310,288,10,3,7,4,2,2,8,92.90322580645162,3.225806451612903,0.967741935483871,2.258064516129032,1.2903225806451613,0.6451612903225806,0.6451612903225806,2.5806451612903225
E00165592,202,185,7,3,4,1,0,1,9,91.58415841584159,3.4653465346534658,1.4851485148514851,1.9801980198019802,0.49504950495049505,0,0.49504950495049505,4.455445544554455
E00165593,287,260,11,8,3,9,5,4,7,90.59233449477352,3.8327526132404177,2.7874564459930316,1.0452961672473868,3.1358885017421603,1.7421602787456445,1.3937282229965158,2.4390243902439024
E00165594,208,192,11,10,1,0,0,0,5,92.3076923076923,5.288461538461538,4.807692307692308,0.4807692307692308,0,0,0,2.403846153846154
E00165595,302,262,23,10,13,8,4,4,9,86.75496688741721,7.6158940397351,3.3112582781456954,4.304635761589404,2.6490066225165565,1.3245033112582782,1.3245033112582782,2.980132450331126
E00165596,258,227,9,6,3,8,6,2,14,87.98449612403101,3.488372093023256,2.3255813953488373,1.1627906976744187,3.10077519379845,2.3255813953488373,0.7751937984496124,5.426356589147287
E00165597,334,303,16,11,5,6,5,1,9,90.71856287425149,4.790419161676647,3.293413173652695,1.4970059880239521,1.7964071856287425,1.4970059880239521,0.29940119760479045,2.694610778443114
E00165598,239,222,7,5,2,4,2,2,6,92.88702928870293,2.928870292887029,2.092050209205021,0.8368200836820083,1.6736401673640167,0.8368200836820083,0.8368200836820083,2.510460251046025
E00165599,325,294,5,5,0,13,5,8,13,90.46153846153845,1.5384615384615385,1.5384615384615385,0,4,1.5384615384615385,2.4615384615384617,4
E00165600,343,307,11,5,6,15,4,11,10,89.50437317784257,3.206997084548105,1.4577259475218658,1.749271137026239,4.373177842565598,1.1661807580174928,3.206997084548105,2.9154518950437316
E00165601,240,220,16,11,5,1,0,1,3,91.66666666666666,6.666666666666667,4.583333333333333,2.083333333333333,0.4166666666666667,0,0.4166666666666667,1.25
E00165602,493,448,18,13,5,12,3,9,15,90.87221095334685,3.6511156186612577,2.636916835699797,1.0141987829614605,2.434077079107505,0.6085192697768762,1.8255578093306288,3.0425963488843815
E00165603,286,263,7,3,4,5,1,4,11,91.95804195804196,2.4475524475524475,1.048951048951049,1.3986013986013985,1.7482517482517483,0.34965034965034963,1.3986013986013985,3.8461538461538463
E00165605,368,314,20,17,3,18,6,12,16,85.32608695652173,5.434782608695652,4.619565217391304,0.8152173913043478,4.891304347826087,1.6304347826086956,3.260869565217391,4.3478260869565215
E00165606,294,262,11,6,5,6,2,4,15,89.1156462585034,3.741496598639456,2.0408163265306123,1.7006802721088436,2.0408163265306123,0.6802721088435374,1.3605442176870748,5.1020408163265305
E00165607,279,255,10,7,3,8,3,5,6,91.39784946236558,3.584229390681003,2.5089605734767026,1.0752688172043012,2.867383512544803,1.0752688172043012,1.7921146953405016,2.1505376344086025
E00165608,306,278,11,6,5,11,5,6,6,90.84967320261438,3.594771241830065,1.9607843137254901,1.6339869281045754,3.594771241830065,1.6339869281045754,1.9607843137254901,1.9607843137254901
E00165609,359,309,14,11,3,17,9,8,19,86.0724233983287,3.8997214484679668,3.064066852367688,0.8356545961002786,4.735376044568245,2.5069637883008355,2.2284122562674096,5.2924791086350975
E00165610,385,363,15,10,5,2,0,2,5,94.28571428571428,3.896103896103896,2.5974025974025974,1.2987012987012987,0.5194805194805194,0,0.5194805194805194,1.2987012987012987
E00165611,298,261,24,17,7,2,1,1,11,87.58389261744966,8.053691275167784,5.704697986577181,2.348993288590604,0.6711409395973155,0.33557046979865773,0.33557046979865773,3.691275167785235
E00165612,277,243,19,11,8,6,4,2,9,87.72563176895306,6.859205776173286,3.9711191335740073,2.888086642599278,2.166064981949458,1.444043321299639,0.7220216606498195,3.2490974729241873
E00165613,365,327,22,13,9,7,2,5,9,89.58904109589041,6.027397260273973,3.5616438356164384,2.4657534246575343,1.9178082191780823,0.547945205479452,1.36986301369863,2.4657534246575343
E00165614,318,279,22,17,5,9,4,5,8,87.73584905660378,6.918238993710692,5.345911949685535,1.5723270440251573,2.8301886792452833,1.257861635220126,1.5723270440251573,2.515723270440252
E00165615,312,273,22,14,8,6,4,2,11,87.5,7.051282051282051,4.487179487179487,2.564102564102564,1.9230769230769231,1.282051282051282,0.641025641025641,3.5256410256410255
E00165616,345,306,23,17,6,5,0,5,11,88.69565217391305,6.666666666666667,4.9275362318840585,1.7391304347826086,1.4492753623188406,0,1.4492753623188406,3.1884057971014492
E00165617,335,312,13,8,5,7,4,3,3,93.13432835820895,3.880597014925373,2.3880597014925375,1.4925373134328357,2.0895522388059704,1.1940298507462688,0.8955223880597015,0.8955223880597015
E00165618,335,292,24,19,5,7,6,1,12,87.16417910447761,7.164179104477612,5.6716417910447765,1.4925373134328357,2.0895522388059704,1.791044776119403,0.2985074626865672,3.582089552238806
E00165619,336,299,13,10,3,7,4,3,17,88.98809523809523,3.869047619047619,2.976190476190476,0.8928571428571428,2.083333333333333,1.1904761904761905,0.8928571428571428,5.059523809523809
E00165620,371,329,22,17,5,11,4,7,9,88.67924528301887,5.929919137466308,4.5822102425876015,1.3477088948787064,2.964959568733154,1.078167115902965,1.8867924528301887,2.4258760107816713
E00165621,279,247,20,15,5,5,3,2,7,88.5304659498208,7.168458781362006,5.376344086021505,1.7921146953405016,1.7921146953405016,1.0752688172043012,0.7168458781362007,2.5089605734767026
E00165622,265,243,11,10,1,6,3,3,5,91.69811320754717,4.150943396226415,3.7735849056603774,0.37735849056603776,2.2641509433962264,1.1320754716981132,1.1320754716981132,1.8867924528301887
E00165623,324,296,10,7,3,8,1,7,10,91.35802469135803,3.0864197530864197,2.1604938271604937,0.9259259259259258,2.4691358024691357,0.30864197530864196,2.1604938271604937,3.0864197530864197
E00165624,298,274,16,12,4,3,1,2,5,91.94630872483222,5.369127516778524,4.026845637583892,1.342281879194631,1.006711409395973,0.33557046979865773,0.6711409395973155,1.6778523489932886
E00165625,297,269,17,11,6,3,3,0,8,90.57239057239057,5.723905723905724,3.7037037037037033,2.0202020202020203,1.0101010101010102,1.0101010101010102,0,2.6936026936026933
E00165626,224,200,15,12,3,5,4,1,4,89.28571428571429,6.696428571428571,5.357142857142857,1.3392857142857142,2.232142857142857,1.7857142857142856,0.4464285714285714,1.7857142857142856
E00165627,283,250,21,12,9,7,5,2,5,88.33922261484098,7.420494699646643,4.240282685512367,3.180212014134275,2.4734982332155475,1.76678445229682,0.7067137809187279,1.76678445229682
E00165628,234,219,9,7,2,3,3,0,3,93.58974358974359,3.8461538461538463,2.9914529914529915,0.8547008547008548,1.282051282051282,1.282051282051282,0,1.282051282051282
E00165629,282,249,18,15,3,8,2,6,7,88.29787234042553,6.382978723404255,5.319148936170213,1.0638297872340425,2.8368794326241136,0.7092198581560284,2.127659574468085,2.4822695035460995
E00165630,258,239,13,9,4,4,1,3,2,92.63565891472868,5.038759689922481,3.488372093023256,1.550387596899225,1.550387596899225,0.3875968992248062,1.1627906976744187,0.7751937984496124
E00165631,310,288,6,6,0,8,4,4,8,92.90322580645162,1.935483870967742,1.935483870967742,0,2.5806451612903225,1.2903225806451613,1.2903225806451613,2.5806451612903225
E00165632,302,272,17,11,6,5,3,2,8,90.06622516556291,5.629139072847682,3.642384105960265,1.9867549668874174,1.6556291390728477,0.9933774834437087,0.6622516556291391,2.6490066225165565
E00165633,450,415,11,8,3,10,4,6,14,92.22222222222223,2.4444444444444446,1.7777777777777777,0.6666666666666667,2.2222222222222223,0.8888888888888888,1.3333333333333335,3.111111111111111
E00165634,301,279,12,9,3,6,3,3,4,92.69102990033223,3.9867109634551494,2.990033222591362,0.9966777408637874,1.9933554817275747,0.9966777408637874,0.9966777408637874,1.3289036544850499
E00165635,281,242,18,13,5,3,3,0,18,86.12099644128114,6.405693950177936,4.6263345195729535,1.7793594306049825,1.0676156583629894,1.0676156583629894,0,6.405693950177936
E00165636,269,239,13,10,3,6,4,2,11,88.84758364312268,4.83271375464684,3.717472118959108,1.1152416356877324,2.2304832713754648,1.486988847583643,0.7434944237918215,4.089219330855019
E00165637,286,250,23,18,5,3,2,1,10,87.41258741258741,8.041958041958042,6.293706293706294,1.7482517482517483,1.048951048951049,0.6993006993006993,0.34965034965034963,3.4965034965034967
E00165638,302,274,19,11,8,5,3,2,4,90.72847682119205,6.291390728476822,3.642384105960265,2.6490066225165565,1.6556291390728477,0.9933774834437087,0.6622516556291391,1.3245033112582782
E00165639,258,234,11,8,3,6,3,3,7,90.69767441860465,4.263565891472868,3.10077519379845,1.1627906976744187,2.3255813953488373,1.1627906976744187,1.1627906976744187,2.7131782945736433
E00165640,355,335,11,9,2,3,3,0,6,94.36619718309859,3.0985915492957745,2.535211267605634,0.5633802816901409,0.8450704225352111,0.8450704225352111,0,1.6901408450704223
E00165641,267,234,13,8,5,4,3,1,16,87.64044943820225,4.868913857677903,2.9962546816479403,1.8726591760299627,1.4981273408239701,1.1235955056179776,0.37453183520599254,5.992509363295881
E00165642,314,279,12,9,3,7,2,5,16,88.85350318471338,3.821656050955414,2.8662420382165608,0.9554140127388535,2.229299363057325,0.6369426751592357,1.5923566878980893,5.095541401273886
E00165643,350,305,22,17,5,9,5,4,14,87.14285714285714,6.2857142857142865,4.857142857142857,1.4285714285714286,2.571428571428571,1.4285714285714286,1.1428571428571428,4
E00165644,266,228,17,9,8,9,4,5,12,85.71428571428571,6.390977443609022,3.3834586466165413,3.007518796992481,3.3834586466165413,1.5037593984962405,1.8796992481203008,4.511278195488721
E00165645,526,480,31,23,8,4,2,2,11,91.25475285171103,5.893536121673003,4.3726235741444865,1.520912547528517,0.7604562737642585,0.38022813688212925,0.38022813688212925,2.091254752851711
E00165646,143,124,11,5,6,0,0,0,8,86.7132867132867,7.6923076923076925,3.4965034965034967,4.195804195804196,0,0,0,5.594405594405594
E00165647,496,443,27,21,6,8,5,3,18,89.31451612903226,5.443548387096774,4.233870967741935,1.2096774193548387,1.6129032258064515,1.0080645161290323,0.6048387096774194,3.6290322580645165
E00165648,278,228,9,4,5,15,9,6,26,82.01438848920863,3.237410071942446,1.4388489208633095,1.7985611510791366,5.39568345323741,3.237410071942446,2.158273381294964,9.352517985611511
E00165649,270,225,19,16,3,3,3,0,23,83.33333333333334,7.037037037037037,5.9259259259259265,1.1111111111111112,1.1111111111111112,1.1111111111111112,0,8.518518518518519
E00165650,269,234,20,19,1,5,0,5,10,86.98884758364312,7.434944237918216,7.063197026022305,0.37174721189591076,1.858736059479554,0,1.858736059479554,3.717472118959108
E00165651,353,313,11,8,3,10,7,3,19,88.6685552407932,3.1161473087818696,2.26628895184136,0.84985835694051,2.8328611898017,1.9830028328611897,0.84985835694051,5.382436260623229
E00165652,447,406,16,10,6,5,3,2,20,90.82774049217002,3.5794183445190155,2.237136465324385,1.342281879194631,1.1185682326621924,0.6711409395973155,0.44742729306487694,4.47427293064877
E00165653,268,239,13,7,6,4,2,2,12,89.17910447761194,4.850746268656716,2.6119402985074625,2.2388059701492535,1.4925373134328357,0.7462686567164178,0.7462686567164178,4.477611940298507
E00165654,335,287,20,12,8,11,4,7,17,85.67164179104478,5.970149253731343,3.582089552238806,2.3880597014925375,3.2835820895522385,1.1940298507462688,2.0895522388059704,5.074626865671641
E00165655,231,201,6,6,0,7,6,1,17,87.01298701298701,2.5974025974025974,2.5974025974025974,0,3.0303030303030303,2.5974025974025974,0.4329004329004329,7.35930735930736
E00165656,279,251,14,10,4,4,2,2,10,89.96415770609319,5.017921146953405,3.584229390681003,1.4336917562724014,1.4336917562724014,0.7168458781362007,0.7168458781362007,3.584229390681003
E00165657,276,253,11,7,4,5,4,1,7,91.66666666666666,3.985507246376811,2.536231884057971,1.4492753623188406,1.8115942028985508,1.4492753623188406,0.36231884057971014,2.536231884057971
E00165658,359,324,20,17,3,4,4,0,11,90.25069637883009,5.571030640668524,4.735376044568245,0.8356545961002786,1.1142061281337048,1.1142061281337048,0,3.064066852367688
E00165659,290,266,11,7,4,4,2,2,9,91.72413793103448,3.793103448275862,2.413793103448276,1.3793103448275863,1.3793103448275863,0.6896551724137931,0.6896551724137931,3.103448275862069
E00165660,253,230,14,10,4,6,3,3,3,90.9090909090909,5.533596837944664,3.9525691699604746,1.5810276679841897,2.371541501976284,1.185770750988142,1.185770750988142,1.185770750988142
E00165661,259,231,19,17,2,3,2,1,6,89.1891891891892,7.335907335907336,6.563706563706563,0.7722007722007722,1.1583011583011582,0.7722007722007722,0.3861003861003861,2.3166023166023164
E00165662,249,229,13,12,1,2,2,0,5,91.96787148594377,5.220883534136546,4.819277108433735,0.4016064257028112,0.8032128514056224,0.8032128514056224,0,2.0080321285140563
E00165663,354,319,17,12,5,5,3,2,13,90.11299435028248,4.80225988700565,3.389830508474576,1.4124293785310735,1.4124293785310735,0.847457627118644,0.5649717514124294,3.672316384180791
E00165664,248,227,13,11,2,1,0,1,7,91.53225806451613,5.241935483870968,4.435483870967742,0.8064516129032258,0.4032258064516129,0,0.4032258064516129,2.82258064516129
E00165665,302,267,15,12,3,8,5,3,12,88.41059602649007,4.966887417218543,3.9735099337748347,0.9933774834437087,2.6490066225165565,1.6556291390728477,0.9933774834437087,3.9735099337748347
E00171606,155,147,2,2,0,1,1,0,5,94.83870967741936,1.2903225806451613,1.2903225806451613,0,0.6451612903225806,0.6451612903225806,0,3.225806451612903
E00171607,136,124,4,4,0,4,1,3,4,91.17647058823529,2.941176470588235,2.941176470588235,0,2.941176470588235,0.7352941176470588,2.2058823529411766,2.941176470588235
E00171608,198,170,12,7,5,7,2,5,9,85.85858585858585,6.0606060606060606,3.535353535353535,2.525252525252525,3.535353535353535,1.0101010101010102,2.525252525252525,4.545454545454546
E00171609,288,256,11,6,5,10,2,8,11,88.88888888888889,3.8194444444444446,2.083333333333333,1.7361111111111112,3.4722222222222223,0.6944444444444444,2.7777777777777777,3.8194444444444446
E00171610,308,276,20,15,5,7,3,4,5,89.6103896103896,6.493506493506493,4.870129870129871,1.6233766233766231,2.272727272727273,0.974025974025974,1.2987012987012987,1.6233766233766231
E00171611,193,175,7,6,1,8,5,3,3,90.67357512953367,3.6269430051813467,3.1088082901554404,0.5181347150259068,4.145077720207254,2.5906735751295336,1.5544041450777202,1.5544041450777202
E00171612,269,245,15,11,4,5,4,1,4,91.07806691449815,5.5762081784386615,4.089219330855019,1.486988847583643,1.858736059479554,1.486988847583643,0.37174721189591076,1.486988847583643
E00171613,289,256,12,9,3,5,0,5,16,88.58131487889274,4.1522491349480966,3.1141868512110724,1.0380622837370241,1.7301038062283738,0,1.7301038062283738,5.536332179930796
E00181289,227,197,5,5,0,7,3,4,18,86.78414096916299,2.2026431718061676,2.2026431718061676,0,3.0837004405286343,1.3215859030837005,1.762114537444934,7.929515418502203
E00181294,432,403,11,8,3,13,7,6,5,93.28703703703704,2.5462962962962963,1.8518518518518516,0.6944444444444444,3.009259259259259,1.6203703703703702,1.3888888888888888,1.1574074074074074
E00181328,279,245,9,7,2,8,4,4,17,87.81362007168458,3.225806451612903,2.5089605734767026,0.7168458781362007,2.867383512544803,1.4336917562724014,1.4336917562724014,6.093189964157706
E00181330,168,153,3,2,1,4,1,3,8,91.07142857142857,1.7857142857142856,1.1904761904761905,0.5952380952380952,2.380952380952381,0.5952380952380952,1.7857142857142856,4.761904761904762
E00181331,174,169,2,2,0,3,2,1,0,97.12643678160919,1.1494252873563218,1.1494252873563218,0,1.7241379310344827,1.1494252873563218,0.5747126436781609,0
E00181346,175,164,7,3,4,1,0,1,3,93.71428571428572,4,1.7142857142857144,2.2857142857142856,0.5714285714285714,0,0.5714285714285714,1.7142857142857144
E00181365,312,278,20,17,3,6,5,1,8,89.1025641025641,6.41025641025641,5.448717948717949,0.9615384615384616,1.9230769230769231,1.6025641025641024,0.3205128205128205,2.564102564102564
E00181383,217,209,3,3,0,3,2,1,2,96.31336405529954,1.3824884792626728,1.3824884792626728,0,1.3824884792626728,0.9216589861751152,0.4608294930875576,0.9216589861751152
E00181384,382,365,8,6,2,5,2,3,4,95.54973821989529,2.094240837696335,1.5706806282722512,0.5235602094240838,1.3089005235602094,0.5235602094240838,0.7853403141361256,1.0471204188481675
E00181393,96,88,6,6,0,1,0,1,1,91.66666666666666,6.25,6.25,0,1.0416666666666665,0,1.0416666666666665,1.0416666666666665
E00181403,126,121,1,1,0,2,1,1,2,96.03174603174604,0.7936507936507936,0.7936507936507936,0,1.5873015873015872,0.7936507936507936,0.7936507936507936,1.5873015873015872
