OA,ts0390001,ts0390002,ts0390003,ts0390004,ts0390005,ts0390006,ts0390007,ts0390008,ts0390009,ts0390002_PCT,ts0390003_PCT,ts0390004_PCT,ts0390005_PCT,ts0390006_PCT,ts0390007_PCT,ts0390008_PCT,ts0390009_PCT
E00083858,324,295,13,11,2,6,2,4,10,91.0493827160494,4.012345679012346,3.3950617283950617,0.6172839506172839,1.8518518518518516,0.6172839506172839,1.2345679012345678,3.0864197530864197
E00083860,393,360,17,13,4,7,5,2,9,91.6030534351145,4.325699745547073,3.307888040712468,1.0178117048346056,1.7811704834605597,1.2722646310432568,0.5089058524173028,2.2900763358778624
E00083864,268,250,6,5,1,5,1,4,7,93.28358208955224,2.2388059701492535,1.8656716417910446,0.3731343283582089,1.8656716417910446,0.3731343283582089,1.4925373134328357,2.6119402985074625
E00083865,249,232,15,13,2,2,1,1,0,93.17269076305222,6.024096385542169,5.220883534136546,0.8032128514056224,0.8032128514056224,0.4016064257028112,0.4016064257028112,0
E00083866,262,242,12,11,1,4,2,2,4,92.36641221374046,4.580152671755725,4.198473282442748,0.38167938931297707,1.5267175572519083,0.7633587786259541,0.7633587786259541,1.5267175572519083
E00083867,260,234,18,18,0,6,4,2,2,90,6.923076923076923,6.923076923076923,0,2.307692307692308,1.5384615384615385,0.7692307692307693,0.7692307692307693
E00083868,256,241,14,11,3,0,0,0,1,94.140625,5.46875,4.296875,1.171875,0,0,0,0.390625
E00083869,223,207,7,4,3,2,2,0,7,92.82511210762333,3.1390134529147984,1.7937219730941705,1.345291479820628,0.8968609865470852,0.8968609865470852,0,3.1390134529147984
E00083870,404,359,31,23,8,5,5,0,9,88.86138613861387,7.673267326732673,5.693069306930694,1.9801980198019802,1.2376237623762376,1.2376237623762376,0,2.2277227722772275
E00083871,477,463,8,7,1,1,1,0,5,97.06498951781971,1.6771488469601679,1.4675052410901468,0.20964360587002098,0.20964360587002098,0.20964360587002098,0,1.0482180293501049
E00083872,340,328,9,9,0,1,1,0,2,96.47058823529412,2.6470588235294117,2.6470588235294117,0,0.29411764705882354,0.29411764705882354,0,0.5882352941176471
E00083875,383,341,14,10,4,14,7,7,14,89.03394255874673,3.6553524804177546,2.610966057441253,1.0443864229765014,3.6553524804177546,1.8276762402088773,1.8276762402088773,3.6553524804177546
E00083876,396,361,23,13,10,4,3,1,8,91.16161616161617,5.808080808080808,3.2828282828282833,2.525252525252525,1.0101010101010102,0.7575757575757576,0.25252525252525254,2.0202020202020203
E00083877,368,342,15,10,5,6,3,3,5,92.93478260869566,4.076086956521739,2.717391304347826,1.358695652173913,1.6304347826086956,0.8152173913043478,0.8152173913043478,1.358695652173913
E00083878,348,306,18,12,6,11,6,5,13,87.93103448275862,5.172413793103448,3.4482758620689653,1.7241379310344827,3.1609195402298855,1.7241379310344827,1.4367816091954022,3.7356321839080464
E00083879,364,314,36,29,7,4,4,0,10,86.26373626373626,9.89010989010989,7.967032967032966,1.9230769230769231,1.098901098901099,1.098901098901099,0,2.7472527472527473
E00083880,353,328,13,8,5,4,1,3,8,92.91784702549575,3.6827195467422094,2.26628895184136,1.41643059490085,1.13314447592068,0.28328611898017,0.84985835694051,2.26628895184136
E00083881,344,313,15,9,6,8,5,3,8,90.98837209302324,4.3604651162790695,2.616279069767442,1.744186046511628,2.3255813953488373,1.4534883720930232,0.872093023255814,2.3255813953488373
E00083882,354,315,25,19,6,9,5,4,5,88.98305084745762,7.062146892655368,5.367231638418079,1.694915254237288,2.5423728813559325,1.4124293785310735,1.1299435028248588,1.4124293785310735
E00083883,119,111,5,4,1,2,0,2,1,93.27731092436974,4.201680672268908,3.361344537815126,0.8403361344537815,1.680672268907563,0,1.680672268907563,0.8403361344537815
E00083884,388,363,12,8,4,7,5,2,6,93.55670103092784,3.0927835051546393,2.0618556701030926,1.0309278350515463,1.804123711340206,1.2886597938144329,0.5154639175257731,1.5463917525773196
E00083885,405,366,22,14,8,6,3,3,11,90.37037037037037,5.432098765432099,3.45679012345679,1.9753086419753085,1.4814814814814816,0.7407407407407408,0.7407407407407408,2.7160493827160495
E00083886,337,304,17,6,11,5,3,2,11,90.20771513353115,5.044510385756676,1.7804154302670623,3.2640949554896146,1.483679525222552,0.8902077151335311,0.5934718100890208,3.2640949554896146
E00083887,321,300,14,10,4,2,1,1,5,93.45794392523365,4.361370716510903,3.115264797507788,1.2461059190031152,0.6230529595015576,0.3115264797507788,0.3115264797507788,1.557632398753894
E00083889,296,267,19,14,5,4,2,2,6,90.2027027027027,6.418918918918918,4.72972972972973,1.6891891891891893,1.3513513513513513,0.6756756756756757,0.6756756756756757,2.027027027027027
E00083890,227,208,5,4,1,7,3,4,7,91.62995594713657,2.2026431718061676,1.762114537444934,0.4405286343612335,3.0837004405286343,1.3215859030837005,1.762114537444934,3.0837004405286343
E00083891,318,291,14,11,3,4,0,4,9,91.50943396226415,4.40251572327044,3.459119496855346,0.9433962264150944,1.257861635220126,0,1.257861635220126,2.8301886792452833
E00083892,360,328,14,10,4,6,4,2,12,91.11111111111111,3.888888888888889,2.7777777777777777,1.1111111111111112,1.6666666666666667,1.1111111111111112,0.5555555555555556,3.3333333333333335
E00083893,256,230,12,7,5,5,4,1,9,89.84375,4.6875,2.734375,1.953125,1.953125,1.5625,0.390625,3.515625
E00083894,279,254,5,4,1,7,4,3,13,91.0394265232975,1.7921146953405016,1.4336917562724014,0.35842293906810035,2.5089605734767026,1.4336917562724014,1.0752688172043012,4.659498207885305
E00083895,217,200,8,6,2,4,2,2,5,92.16589861751152,3.686635944700461,2.7649769585253456,0.9216589861751152,1.8433179723502304,0.9216589861751152,0.9216589861751152,2.3041474654377883
E00083896,346,319,13,9,4,2,1,1,12,92.1965317919075,3.7572254335260116,2.601156069364162,1.1560693641618496,0.5780346820809248,0.2890173410404624,0.2890173410404624,3.4682080924855487
E00083897,326,294,19,14,5,7,2,5,6,90.1840490797546,5.828220858895705,4.294478527607362,1.5337423312883436,2.147239263803681,0.6134969325153374,1.5337423312883436,1.8404907975460123
E00083898,390,358,12,8,4,7,3,4,13,91.7948717948718,3.076923076923077,2.051282051282051,1.0256410256410255,1.7948717948717947,0.7692307692307693,1.0256410256410255,3.3333333333333335
E00083899,271,255,6,2,4,4,0,4,6,94.0959409594096,2.214022140221402,0.7380073800738007,1.4760147601476015,1.4760147601476015,0,1.4760147601476015,2.214022140221402
E00083900,293,255,23,19,4,7,5,2,8,87.03071672354949,7.849829351535837,6.484641638225256,1.3651877133105803,2.3890784982935154,1.7064846416382253,0.6825938566552902,2.7303754266211606
E00083901,312,287,11,9,2,2,1,1,12,91.98717948717949,3.5256410256410255,2.8846153846153846,0.641025641025641,0.641025641025641,0.3205128205128205,0.3205128205128205,3.8461538461538463
E00083902,394,353,28,25,3,4,2,2,9,89.59390862944161,7.1065989847715745,6.345177664974619,0.7614213197969544,1.015228426395939,0.5076142131979695,0.5076142131979695,2.284263959390863
E00083903,550,506,34,26,8,7,2,5,3,92,6.181818181818182,4.7272727272727275,1.4545454545454546,1.2727272727272727,0.36363636363636365,0.9090909090909091,0.5454545454545455
E00083904,232,219,9,8,1,2,1,1,2,94.39655172413794,3.8793103448275863,3.4482758620689653,0.43103448275862066,0.8620689655172413,0.43103448275862066,0.43103448275862066,0.8620689655172413
E00083905,259,253,3,0,3,3,1,2,0,97.68339768339769,1.1583011583011582,0,1.1583011583011582,1.1583011583011582,0.3861003861003861,0.7722007722007722,0
E00083906,369,336,18,11,7,8,4,4,7,91.05691056910568,4.878048780487805,2.9810298102981028,1.8970189701897018,2.168021680216802,1.084010840108401,1.084010840108401,1.8970189701897018
E00083907,371,350,14,13,1,0,0,0,7,94.33962264150944,3.7735849056603774,3.5040431266846364,0.2695417789757413,0,0,0,1.8867924528301887
E00083908,252,227,11,9,2,4,0,4,10,90.07936507936508,4.365079365079365,3.571428571428571,0.7936507936507936,1.5873015873015872,0,1.5873015873015872,3.968253968253968
E00083909,261,239,13,9,4,5,1,4,4,91.57088122605363,4.980842911877394,3.4482758620689653,1.532567049808429,1.9157088122605364,0.38314176245210724,1.532567049808429,1.532567049808429
E00083910,261,238,14,10,4,4,1,3,5,91.18773946360153,5.363984674329502,3.8314176245210727,1.532567049808429,1.532567049808429,0.38314176245210724,1.1494252873563218,1.9157088122605364
E00083911,304,282,14,12,2,4,1,3,4,92.76315789473685,4.605263157894736,3.9473684210526314,0.6578947368421052,1.3157894736842104,0.3289473684210526,0.9868421052631579,1.3157894736842104
E00083912,305,269,23,18,5,5,3,2,8,88.19672131147541,7.540983606557377,5.901639344262295,1.639344262295082,1.639344262295082,0.9836065573770493,0.6557377049180327,2.622950819672131
E00083913,321,276,17,14,3,11,4,7,17,85.98130841121495,5.29595015576324,4.361370716510903,0.9345794392523363,3.4267912772585665,1.2461059190031152,2.1806853582554515,5.29595015576324
E00083914,286,269,15,11,4,0,0,0,2,94.05594405594405,5.244755244755245,3.8461538461538463,1.3986013986013985,0,0,0,0.6993006993006993
E00083915,327,302,11,10,1,4,3,1,10,92.35474006116208,3.3639143730886847,3.058103975535168,0.3058103975535168,1.2232415902140672,0.9174311926605505,0.3058103975535168,3.058103975535168
E00083916,303,273,24,20,4,3,1,2,3,90.0990099009901,7.920792079207921,6.6006600660066,1.3201320132013201,0.9900990099009901,0.33003300330033003,0.6600660066006601,0.9900990099009901
E00083917,334,302,17,15,2,5,2,3,10,90.41916167664671,5.089820359281437,4.491017964071856,0.5988023952095809,1.4970059880239521,0.5988023952095809,0.8982035928143712,2.9940119760479043
E00083918,363,335,13,11,2,5,3,2,10,92.28650137741047,3.581267217630854,3.0303030303030303,0.5509641873278237,1.3774104683195594,0.8264462809917356,0.5509641873278237,2.7548209366391188
E00083919,276,251,10,6,4,4,3,1,11,90.94202898550725,3.6231884057971016,2.1739130434782608,1.4492753623188406,1.4492753623188406,1.0869565217391304,0.36231884057971014,3.985507246376811
E00083920,327,299,14,12,2,4,3,1,10,91.43730886850153,4.281345565749235,3.669724770642202,0.6116207951070336,1.2232415902140672,0.9174311926605505,0.3058103975535168,3.058103975535168
E00083921,283,259,15,11,4,4,2,2,5,91.51943462897526,5.30035335689046,3.8869257950530036,1.4134275618374559,1.4134275618374559,0.7067137809187279,0.7067137809187279,1.76678445229682
E00083922,281,257,12,9,3,3,1,2,9,91.45907473309609,4.270462633451958,3.202846975088968,1.0676156583629894,1.0676156583629894,0.3558718861209964,0.7117437722419928,3.202846975088968
E00083923,273,248,13,12,1,5,2,3,7,90.84249084249085,4.761904761904762,4.395604395604396,0.3663003663003663,1.8315018315018317,0.7326007326007326,1.098901098901099,2.564102564102564
E00083924,264,245,11,9,2,3,1,2,5,92.8030303030303,4.166666666666666,3.4090909090909087,0.7575757575757576,1.1363636363636365,0.3787878787878788,0.7575757575757576,1.893939393939394
E00083925,242,219,19,15,4,2,1,1,2,90.49586776859503,7.851239669421488,6.198347107438017,1.6528925619834711,0.8264462809917356,0.4132231404958678,0.4132231404958678,0.8264462809917356
E00083926,289,251,29,26,3,5,3,2,4,86.85121107266436,10.034602076124568,8.996539792387544,1.0380622837370241,1.7301038062283738,1.0380622837370241,0.6920415224913495,1.384083044982699
E00083927,340,316,23,18,5,1,1,0,0,92.94117647058823,6.764705882352941,5.294117647058823,1.4705882352941175,0.29411764705882354,0.29411764705882354,0,0
E00083929,328,306,15,10,5,3,1,2,4,93.29268292682927,4.573170731707317,3.048780487804878,1.524390243902439,0.9146341463414633,0.3048780487804878,0.6097560975609756,1.2195121951219512
E00083930,341,320,9,6,3,7,2,5,5,93.841642228739,2.6392961876832843,1.7595307917888565,0.8797653958944283,2.0527859237536656,0.5865102639296188,1.466275659824047,1.466275659824047
E00083931,472,444,21,17,4,2,0,2,5,94.0677966101695,4.4491525423728815,3.6016949152542375,0.847457627118644,0.423728813559322,0,0.423728813559322,1.059322033898305
E00083932,276,258,12,10,2,3,2,1,3,93.47826086956522,4.3478260869565215,3.6231884057971016,0.7246376811594203,1.0869565217391304,0.7246376811594203,0.36231884057971014,1.0869565217391304
E00083933,314,286,16,6,10,3,3,0,9,91.0828025477707,5.095541401273886,1.910828025477707,3.1847133757961785,0.9554140127388535,0.9554140127388535,0,2.8662420382165608
E00083934,529,497,22,19,3,3,3,0,7,93.95085066162571,4.158790170132325,3.5916824196597354,0.5671077504725899,0.5671077504725899,0.5671077504725899,0,1.3232514177693762
E00083935,340,311,13,11,2,6,2,4,10,91.47058823529412,3.823529411764706,3.2352941176470593,0.5882352941176471,1.7647058823529411,0.5882352941176471,1.1764705882352942,2.941176470588235
E00083936,525,496,14,12,2,5,3,2,10,94.47619047619048,2.666666666666667,2.2857142857142856,0.38095238095238093,0.9523809523809524,0.5714285714285714,0.38095238095238093,1.9047619047619049
E00083937,342,321,14,13,1,3,2,1,4,93.85964912280701,4.093567251461988,3.8011695906432745,0.29239766081871343,0.8771929824561403,0.5847953216374269,0.29239766081871343,1.1695906432748537
E00083938,392,367,15,15,0,5,5,0,5,93.62244897959184,3.826530612244898,3.826530612244898,0,1.2755102040816326,1.2755102040816326,0,1.2755102040816326
E00083940,291,263,16,14,2,3,2,1,9,90.37800687285224,5.498281786941581,4.810996563573884,0.6872852233676976,1.0309278350515463,0.6872852233676976,0.3436426116838488,3.0927835051546393
E00083941,324,289,21,20,1,4,3,1,10,89.19753086419753,6.481481481481481,6.172839506172839,0.30864197530864196,1.2345679012345678,0.9259259259259258,0.30864197530864196,3.0864197530864197
E00083942,326,297,15,13,2,2,1,1,12,91.1042944785276,4.601226993865031,3.9877300613496933,0.6134969325153374,0.6134969325153374,0.3067484662576687,0.3067484662576687,3.6809815950920246
E00083943,378,352,18,14,4,0,0,0,8,93.12169312169311,4.761904761904762,3.7037037037037033,1.0582010582010581,0,0,0,2.1164021164021163
E00083944,303,273,17,12,5,7,3,4,6,90.0990099009901,5.6105610561056105,3.9603960396039604,1.65016501650165,2.31023102310231,0.9900990099009901,1.3201320132013201,1.9801980198019802
E00083945,338,308,22,22,0,2,2,0,6,91.12426035502959,6.508875739644971,6.508875739644971,0,0.591715976331361,0.591715976331361,0,1.7751479289940828
E00083946,277,262,7,6,1,3,1,2,5,94.58483754512635,2.527075812274368,2.166064981949458,0.36101083032490977,1.083032490974729,0.36101083032490977,0.7220216606498195,1.8050541516245486
E00083947,317,292,19,12,7,2,2,0,4,92.11356466876973,5.993690851735016,3.7854889589905363,2.2082018927444795,0.6309148264984227,0.6309148264984227,0,1.2618296529968454
E00083948,351,327,12,10,2,4,2,2,8,93.16239316239316,3.418803418803419,2.849002849002849,0.5698005698005698,1.1396011396011396,0.5698005698005698,0.5698005698005698,2.2792022792022792
E00083949,352,341,7,5,2,3,2,1,1,96.875,1.9886363636363635,1.4204545454545454,0.5681818181818182,0.8522727272727272,0.5681818181818182,0.2840909090909091,0.2840909090909091
E00083950,323,294,13,13,0,6,5,1,10,91.02167182662538,4.024767801857585,4.024767801857585,0,1.8575851393188854,1.5479876160990713,0.30959752321981426,3.0959752321981426
E00083951,308,292,13,11,2,1,0,1,2,94.8051948051948,4.220779220779221,3.571428571428571,0.6493506493506493,0.3246753246753247,0,0.3246753246753247,0.6493506493506493
E00083952,390,363,22,17,5,2,1,1,3,93.07692307692308,5.641025641025641,4.358974358974359,1.282051282051282,0.5128205128205128,0.2564102564102564,0.2564102564102564,0.7692307692307693
E00083953,268,245,13,9,4,7,5,2,3,91.4179104477612,4.850746268656716,3.3582089552238807,1.4925373134328357,2.6119402985074625,1.8656716417910446,0.7462686567164178,1.1194029850746268
E00083954,305,281,15,12,3,2,2,0,7,92.1311475409836,4.918032786885246,3.934426229508197,0.9836065573770493,0.6557377049180327,0.6557377049180327,0,2.2950819672131146
E00083955,341,328,10,8,2,1,0,1,2,96.18768328445748,2.932551319648094,2.346041055718475,0.5865102639296188,0.2932551319648094,0,0.2932551319648094,0.5865102639296188
E00083956,365,355,8,7,1,1,0,1,1,97.26027397260275,2.191780821917808,1.9178082191780823,0.273972602739726,0.273972602739726,0,0.273972602739726,0.273972602739726
E00083957,401,367,26,25,1,2,1,1,6,91.52119700748129,6.483790523690773,6.234413965087282,0.24937655860349126,0.4987531172069825,0.24937655860349126,0.24937655860349126,1.4962593516209477
E00083958,313,282,13,7,6,11,3,8,7,90.09584664536742,4.15335463258786,2.2364217252396164,1.9169329073482428,3.5143769968051117,0.9584664536741214,2.5559105431309903,2.2364217252396164
E00083959,326,309,11,8,3,2,2,0,4,94.78527607361963,3.374233128834356,2.4539877300613497,0.9202453987730062,0.6134969325153374,0.6134969325153374,0,1.2269938650306749
E00083960,344,314,20,16,4,2,2,0,8,91.27906976744185,5.813953488372093,4.651162790697675,1.1627906976744187,0.5813953488372093,0.5813953488372093,0,2.3255813953488373
E00083961,247,229,12,7,5,1,0,1,5,92.71255060728745,4.8582995951417,2.834008097165992,2.0242914979757085,0.4048582995951417,0,0.4048582995951417,2.0242914979757085
E00083963,285,268,10,7,3,0,0,0,7,94.03508771929825,3.508771929824561,2.456140350877193,1.0526315789473684,0,0,0,2.456140350877193
E00083965,219,196,11,8,3,5,2,3,7,89.49771689497716,5.0228310502283104,3.65296803652968,1.36986301369863,2.28310502283105,0.91324200913242,1.36986301369863,3.1963470319634704
E00083966,264,239,16,11,5,6,4,2,3,90.53030303030303,6.0606060606060606,4.166666666666666,1.893939393939394,2.272727272727273,1.5151515151515151,0.7575757575757576,1.1363636363636365
E00083967,313,286,16,10,6,5,1,4,6,91.3738019169329,5.111821086261981,3.1948881789137378,1.9169329073482428,1.5974440894568689,0.3194888178913738,1.2779552715654952,1.9169329073482428
E00083968,333,310,20,15,5,1,0,1,2,93.09309309309309,6.006006006006006,4.504504504504505,1.5015015015015014,0.3003003003003003,0,0.3003003003003003,0.6006006006006006
E00083969,342,323,12,9,3,1,0,1,6,94.44444444444444,3.508771929824561,2.631578947368421,0.8771929824561403,0.29239766081871343,0,0.29239766081871343,1.7543859649122806
E00083970,289,262,17,14,3,3,1,2,7,90.65743944636678,5.88235294117647,4.844290657439446,1.0380622837370241,1.0380622837370241,0.34602076124567477,0.6920415224913495,2.422145328719723
E00083971,340,309,28,23,5,0,0,0,3,90.88235294117646,8.235294117647058,6.764705882352941,1.4705882352941175,0,0,0,0.8823529411764706
E00083972,430,405,14,14,0,4,2,2,7,94.18604651162791,3.255813953488372,3.255813953488372,0,0.9302325581395349,0.46511627906976744,0.46511627906976744,1.627906976744186
E00083973,209,190,13,9,4,2,0,2,4,90.9090909090909,6.220095693779904,4.30622009569378,1.9138755980861244,0.9569377990430622,0,0.9569377990430622,1.9138755980861244
E00083974,345,332,10,9,1,1,1,0,2,96.23188405797102,2.898550724637681,2.608695652173913,0.2898550724637681,0.2898550724637681,0.2898550724637681,0,0.5797101449275363
E00083975,280,253,14,9,5,3,0,3,10,90.35714285714286,5,3.214285714285714,1.7857142857142856,1.0714285714285714,0,1.0714285714285714,3.571428571428571
E00083976,289,266,14,10,4,5,1,4,4,92.04152249134948,4.844290657439446,3.4602076124567476,1.384083044982699,1.7301038062283738,0.34602076124567477,1.384083044982699,1.384083044982699
E00083977,343,324,16,12,4,0,0,0,3,94.46064139941691,4.664723032069971,3.498542274052478,1.1661807580174928,0,0,0,0.8746355685131195
E00083978,324,300,15,13,2,4,1,3,5,92.5925925925926,4.62962962962963,4.012345679012346,0.6172839506172839,1.2345679012345678,0.30864197530864196,0.9259259259259258,1.5432098765432098
E00083979,239,223,8,5,3,4,1,3,4,93.30543933054393,3.3472803347280333,2.092050209205021,1.2552301255230125,1.6736401673640167,0.41841004184100417,1.2552301255230125,1.6736401673640167
E00083980,316,290,17,14,3,4,3,1,5,91.77215189873418,5.379746835443038,4.430379746835443,0.949367088607595,1.2658227848101267,0.949367088607595,0.31645569620253167,1.5822784810126582
E00083981,319,289,20,12,8,4,3,1,6,90.59561128526646,6.269592476489027,3.761755485893417,2.507836990595611,1.2539184952978055,0.9404388714733543,0.3134796238244514,1.8808777429467085
E00083982,382,354,17,11,6,6,4,2,5,92.67015706806284,4.450261780104712,2.8795811518324608,1.5706806282722512,1.5706806282722512,1.0471204188481675,0.5235602094240838,1.3089005235602094
E00083983,310,287,11,10,1,4,3,1,8,92.58064516129032,3.5483870967741935,3.225806451612903,0.3225806451612903,1.2903225806451613,0.967741935483871,0.3225806451612903,2.5806451612903225
E00083984,264,240,14,12,2,3,2,1,7,90.9090909090909,5.303030303030303,4.545454545454546,0.7575757575757576,1.1363636363636365,0.7575757575757576,0.3787878787878788,2.6515151515151514
E00083985,390,355,18,17,1,6,4,2,11,91.02564102564102,4.615384615384616,4.358974358974359,0.2564102564102564,1.5384615384615385,1.0256410256410255,0.5128205128205128,2.8205128205128207
E00083986,299,284,11,9,2,2,2,0,2,94.98327759197325,3.678929765886288,3.0100334448160537,0.6688963210702341,0.6688963210702341,0.6688963210702341,0,0.6688963210702341
E00083987,326,303,13,10,3,2,1,1,8,92.94478527607362,3.9877300613496933,3.067484662576687,0.9202453987730062,0.6134969325153374,0.3067484662576687,0.3067484662576687,2.4539877300613497
E00083988,343,315,16,11,5,2,1,1,10,91.83673469387756,4.664723032069971,3.206997084548105,1.4577259475218658,0.5830903790087464,0.2915451895043732,0.2915451895043732,2.9154518950437316
E00083989,363,322,22,17,5,9,5,4,10,88.70523415977961,6.0606060606060606,4.683195592286501,1.3774104683195594,2.479338842975207,1.3774104683195594,1.1019283746556474,2.7548209366391188
E00083990,361,338,16,12,4,3,1,2,4,93.62880886426593,4.43213296398892,3.32409972299169,1.10803324099723,0.8310249307479225,0.2770083102493075,0.554016620498615,1.10803324099723
E00083991,307,276,21,15,6,7,3,4,3,89.90228013029315,6.840390879478828,4.88599348534202,1.9543973941368076,2.2801302931596092,0.9771986970684038,1.3029315960912053,0.9771986970684038
E00083992,376,346,17,16,1,1,1,0,12,92.02127659574468,4.521276595744681,4.25531914893617,0.26595744680851063,0.26595744680851063,0.26595744680851063,0,3.1914893617021276
E00083993,334,300,20,14,6,9,4,5,5,89.82035928143712,5.9880239520958085,4.191616766467066,1.7964071856287425,2.694610778443114,1.1976047904191618,1.4970059880239521,1.4970059880239521
E00083994,339,315,13,10,3,3,2,1,8,92.92035398230088,3.8348082595870205,2.949852507374631,0.8849557522123894,0.8849557522123894,0.5899705014749262,0.2949852507374631,2.359882005899705
E00083995,442,415,18,13,5,3,3,0,6,93.89140271493213,4.072398190045249,2.941176470588235,1.1312217194570136,0.6787330316742082,0.6787330316742082,0,1.3574660633484164
E00083996,320,289,16,10,6,6,3,3,9,90.3125,5,3.125,1.875,1.875,0.9375,0.9375,2.8125
E00083997,310,282,21,15,6,2,2,0,5,90.96774193548387,6.774193548387098,4.838709677419355,1.935483870967742,0.6451612903225806,0.6451612903225806,0,1.6129032258064515
E00083998,168,158,6,5,1,0,0,0,4,94.04761904761905,3.571428571428571,2.976190476190476,0.5952380952380952,0,0,0,2.380952380952381
E00083999,283,262,7,6,1,4,3,1,10,92.57950530035336,2.4734982332155475,2.1201413427561837,0.35335689045936397,1.4134275618374559,1.0600706713780919,0.35335689045936397,3.53356890459364
E00084000,188,166,11,9,2,3,1,2,8,88.29787234042553,5.851063829787234,4.787234042553192,1.0638297872340425,1.5957446808510638,0.5319148936170213,1.0638297872340425,4.25531914893617
E00084002,307,286,13,11,2,2,1,1,6,93.15960912052117,4.234527687296417,3.5830618892508146,0.6514657980456027,0.6514657980456027,0.32573289902280134,0.32573289902280134,1.9543973941368076
E00084003,295,266,19,16,3,2,0,2,8,90.16949152542372,6.440677966101695,5.423728813559322,1.0169491525423728,0.6779661016949152,0,0.6779661016949152,2.711864406779661
E00084004,376,348,18,12,6,4,2,2,6,92.5531914893617,4.787234042553192,3.1914893617021276,1.5957446808510638,1.0638297872340425,0.5319148936170213,0.5319148936170213,1.5957446808510638
E00084005,225,207,9,8,1,2,1,1,7,92,4,3.5555555555555554,0.4444444444444444,0.8888888888888888,0.4444444444444444,0.4444444444444444,3.111111111111111
E00084006,330,306,15,13,2,2,1,1,7,92.72727272727272,4.545454545454546,3.939393939393939,0.6060606060606061,0.6060606060606061,0.30303030303030304,0.30303030303030304,2.1212121212121215
E00084007,309,279,22,20,2,5,4,1,3,90.29126213592234,7.119741100323624,6.472491909385113,0.6472491909385114,1.6181229773462782,1.2944983818770228,0.3236245954692557,0.9708737864077669
E00084008,388,369,12,9,3,1,1,0,6,95.10309278350515,3.0927835051546393,2.3195876288659796,0.7731958762886598,0.25773195876288657,0.25773195876288657,0,1.5463917525773196
E00084009,295,272,19,19,0,1,1,0,3,92.20338983050847,6.440677966101695,6.440677966101695,0,0.3389830508474576,0.3389830508474576,0,1.0169491525423728
E00084010,299,273,6,6,0,7,3,4,13,91.30434782608695,2.0066889632107023,2.0066889632107023,0,2.341137123745819,1.0033444816053512,1.3377926421404682,4.3478260869565215
E00084011,264,248,10,6,4,3,2,1,3,93.93939393939394,3.787878787878788,2.272727272727273,1.5151515151515151,1.1363636363636365,0.7575757575757576,0.3787878787878788,1.1363636363636365
E00084012,315,292,18,14,4,3,2,1,2,92.6984126984127,5.714285714285714,4.444444444444445,1.2698412698412698,0.9523809523809524,0.6349206349206349,0.31746031746031744,0.6349206349206349
E00084013,238,208,22,19,3,4,2,2,4,87.39495798319328,9.243697478991598,7.9831932773109235,1.2605042016806722,1.680672268907563,0.8403361344537815,0.8403361344537815,1.680672268907563
E00084014,310,286,14,9,5,7,4,3,3,92.25806451612904,4.516129032258064,2.903225806451613,1.6129032258064515,2.258064516129032,1.2903225806451613,0.967741935483871,0.967741935483871
E00084015,362,332,23,20,3,4,3,1,3,91.71270718232044,6.353591160220995,5.524861878453039,0.8287292817679558,1.1049723756906076,0.8287292817679558,0.2762430939226519,0.8287292817679558
E00084016,372,341,23,17,6,3,2,1,5,91.66666666666666,6.182795698924731,4.56989247311828,1.6129032258064515,0.8064516129032258,0.5376344086021506,0.2688172043010753,1.3440860215053763
E00084017,342,321,11,8,3,6,3,3,4,93.85964912280701,3.216374269005848,2.3391812865497075,0.8771929824561403,1.7543859649122806,0.8771929824561403,0.8771929824561403,1.1695906432748537
E00084018,246,227,15,12,3,3,1,2,1,92.27642276422763,6.097560975609756,4.878048780487805,1.2195121951219512,1.2195121951219512,0.40650406504065045,0.8130081300813009,0.40650406504065045
E00084019,307,282,12,8,4,7,3,4,6,91.85667752442997,3.908794788273615,2.6058631921824107,1.3029315960912053,2.2801302931596092,0.9771986970684038,1.3029315960912053,1.9543973941368076
E00084020,279,259,11,9,2,6,4,2,3,92.831541218638,3.942652329749104,3.225806451612903,0.7168458781362007,2.1505376344086025,1.4336917562724014,0.7168458781362007,1.0752688172043012
E00084021,309,291,10,8,2,3,1,2,5,94.1747572815534,3.2362459546925564,2.5889967637540456,0.6472491909385114,0.9708737864077669,0.3236245954692557,0.6472491909385114,1.6181229773462782
E00084022,234,221,9,7,2,1,1,0,3,94.44444444444444,3.8461538461538463,2.9914529914529915,0.8547008547008548,0.4273504273504274,0.4273504273504274,0,1.282051282051282
E00084023,211,190,13,12,1,5,2,3,3,90.04739336492891,6.161137440758294,5.687203791469194,0.47393364928909953,2.3696682464454977,0.9478672985781991,1.4218009478672986,1.4218009478672986
E00084024,265,242,12,8,4,5,0,5,6,91.32075471698113,4.528301886792453,3.018867924528302,1.509433962264151,1.8867924528301887,0,1.8867924528301887,2.2641509433962264
E00084025,395,374,17,14,3,0,0,0,4,94.68354430379748,4.30379746835443,3.5443037974683547,0.7594936708860759,0,0,0,1.0126582278481013
E00084026,308,285,11,11,0,2,1,1,10,92.53246753246754,3.571428571428571,3.571428571428571,0,0.6493506493506493,0.3246753246753247,0.3246753246753247,3.2467532467532463
E00084027,185,175,7,7,0,3,0,3,0,94.5945945945946,3.783783783783784,3.783783783783784,0,1.6216216216216217,0,1.6216216216216217,0
E00084028,252,235,8,7,1,1,0,1,8,93.25396825396825,3.1746031746031744,2.7777777777777777,0.3968253968253968,0.3968253968253968,0,0.3968253968253968,3.1746031746031744
E00084029,293,281,9,7,2,1,1,0,2,95.90443686006826,3.0716723549488054,2.3890784982935154,0.6825938566552902,0.3412969283276451,0.3412969283276451,0,0.6825938566552902
E00084031,153,146,5,4,1,1,0,1,1,95.42483660130719,3.2679738562091507,2.6143790849673203,0.6535947712418301,0.6535947712418301,0,0.6535947712418301,0.6535947712418301
E00084032,225,215,7,3,4,3,2,1,0,95.55555555555556,3.111111111111111,1.3333333333333335,1.7777777777777777,1.3333333333333335,0.8888888888888888,0.4444444444444444,0
E00084033,266,259,4,3,1,2,1,1,1,97.36842105263158,1.5037593984962405,1.1278195488721803,0.37593984962406013,0.7518796992481203,0.37593984962406013,0.37593984962406013,0.37593984962406013
E00084034,310,288,11,11,0,7,3,4,4,92.90322580645162,3.5483870967741935,3.5483870967741935,0,2.258064516129032,0.967741935483871,1.2903225806451613,1.2903225806451613
E00084035,232,212,15,9,6,1,0,1,4,91.37931034482759,6.4655172413793105,3.8793103448275863,2.586206896551724,0.43103448275862066,0,0.43103448275862066,1.7241379310344827
E00084036,363,349,4,4,0,5,2,3,5,96.14325068870524,1.1019283746556474,1.1019283746556474,0,1.3774104683195594,0.5509641873278237,0.8264462809917356,1.3774104683195594
E00084037,289,281,5,4,1,2,1,1,1,97.23183391003461,1.7301038062283738,1.384083044982699,0.34602076124567477,0.6920415224913495,0.34602076124567477,0.34602076124567477,0.34602076124567477
E00084038,284,268,9,9,0,2,0,2,5,94.36619718309859,3.169014084507042,3.169014084507042,0,0.7042253521126761,0,0.7042253521126761,1.7605633802816902
E00084039,307,280,19,13,6,4,2,2,4,91.20521172638436,6.188925081433225,4.234527687296417,1.9543973941368076,1.3029315960912053,0.6514657980456027,0.6514657980456027,1.3029315960912053
E00084040,256,243,11,7,4,0,0,0,2,94.921875,4.296875,2.734375,1.5625,0,0,0,0.78125
E00084041,260,239,12,8,4,1,1,0,8,91.92307692307692,4.615384615384616,3.076923076923077,1.5384615384615385,0.38461538461538464,0.38461538461538464,0,3.076923076923077
E00084042,308,265,30,23,7,5,1,4,8,86.03896103896103,9.740259740259742,7.467532467532467,2.272727272727273,1.6233766233766231,0.3246753246753247,1.2987012987012987,2.5974025974025974
E00084043,325,290,15,11,4,12,10,2,8,89.23076923076924,4.615384615384616,3.3846153846153846,1.2307692307692308,3.6923076923076925,3.076923076923077,0.6153846153846154,2.4615384615384617
E00084044,330,314,8,7,1,6,4,2,2,95.15151515151516,2.4242424242424243,2.1212121212121215,0.30303030303030304,1.8181818181818181,1.2121212121212122,0.6060606060606061,0.6060606060606061
E00084045,262,237,17,14,3,4,1,3,4,90.45801526717557,6.488549618320611,5.343511450381679,1.1450381679389312,1.5267175572519083,0.38167938931297707,1.1450381679389312,1.5267175572519083
E00084046,272,249,16,11,5,4,2,2,3,91.54411764705883,5.88235294117647,4.044117647058823,1.8382352941176472,1.4705882352941175,0.7352941176470588,0.7352941176470588,1.1029411764705883
E00084047,230,211,12,10,2,6,4,2,1,91.73913043478261,5.217391304347826,4.3478260869565215,0.8695652173913043,2.608695652173913,1.7391304347826086,0.8695652173913043,0.43478260869565216
E00084048,351,322,20,15,5,3,2,1,6,91.73789173789174,5.698005698005698,4.273504273504273,1.4245014245014245,0.8547008547008548,0.5698005698005698,0.2849002849002849,1.7094017094017095
E00084049,412,378,20,19,1,6,4,2,8,91.74757281553399,4.854368932038835,4.611650485436893,0.24271844660194172,1.4563106796116505,0.9708737864077669,0.48543689320388345,1.9417475728155338
E00084050,251,234,12,8,4,3,3,0,2,93.22709163346613,4.780876494023905,3.187250996015936,1.593625498007968,1.1952191235059761,1.1952191235059761,0,0.796812749003984
E00084051,302,287,6,5,1,3,1,2,6,95.03311258278146,1.9867549668874174,1.6556291390728477,0.33112582781456956,0.9933774834437087,0.33112582781456956,0.6622516556291391,1.9867549668874174
E00084052,352,337,11,9,2,2,1,1,2,95.73863636363636,3.125,2.556818181818182,0.5681818181818182,0.5681818181818182,0.2840909090909091,0.2840909090909091,0.5681818181818182
E00084053,268,252,11,9,2,4,0,4,1,94.02985074626866,4.104477611940299,3.3582089552238807,0.7462686567164178,1.4925373134328357,0,1.4925373134328357,0.3731343283582089
E00084054,302,292,7,4,3,2,2,0,1,96.68874172185431,2.3178807947019866,1.3245033112582782,0.9933774834437087,0.6622516556291391,0.6622516556291391,0,0.33112582781456956
E00084055,269,245,14,13,1,1,0,1,9,91.07806691449815,5.204460966542751,4.83271375464684,0.37174721189591076,0.37174721189591076,0,0.37174721189591076,3.3457249070631967
E00084056,268,238,15,12,3,4,0,4,11,88.80597014925374,5.597014925373134,4.477611940298507,1.1194029850746268,1.4925373134328357,0,1.4925373134328357,4.104477611940299
E00084057,329,301,17,13,4,2,1,1,9,91.48936170212765,5.167173252279635,3.951367781155015,1.21580547112462,0.60790273556231,0.303951367781155,0.303951367781155,2.735562310030395
E00084058,271,252,9,7,2,2,1,1,8,92.98892988929889,3.3210332103321036,2.5830258302583027,0.7380073800738007,0.7380073800738007,0.36900369003690037,0.36900369003690037,2.952029520295203
E00084059,343,305,27,22,5,3,3,0,8,88.92128279883383,7.871720116618077,6.41399416909621,1.4577259475218658,0.8746355685131195,0.8746355685131195,0,2.3323615160349855
E00084060,329,310,14,9,5,1,1,0,4,94.22492401215806,4.25531914893617,2.735562310030395,1.5197568389057752,0.303951367781155,0.303951367781155,0,1.21580547112462
E00084061,299,290,7,7,0,1,0,1,1,96.98996655518395,2.341137123745819,2.341137123745819,0,0.33444816053511706,0,0.33444816053511706,0.33444816053511706
E00084062,303,298,5,4,1,0,0,0,0,98.34983498349835,1.65016501650165,1.3201320132013201,0.33003300330033003,0,0,0,0
E00084063,333,297,19,15,4,8,4,4,9,89.1891891891892,5.7057057057057055,4.504504504504505,1.2012012012012012,2.4024024024024024,1.2012012012012012,1.2012012012012012,2.7027027027027026
E00084064,178,162,9,7,2,4,0,4,3,91.01123595505618,5.056179775280898,3.932584269662921,1.1235955056179776,2.247191011235955,0,2.247191011235955,1.6853932584269662
E00084065,331,307,12,10,2,7,3,4,5,92.74924471299094,3.625377643504532,3.0211480362537766,0.6042296072507553,2.1148036253776437,0.906344410876133,1.2084592145015105,1.5105740181268883
E00084066,294,277,9,6,3,5,3,2,3,94.21768707482994,3.061224489795918,2.0408163265306123,1.0204081632653061,1.7006802721088436,1.0204081632653061,0.6802721088435374,1.0204081632653061
E00084067,299,272,18,11,7,8,3,5,1,90.96989966555184,6.0200668896321075,3.678929765886288,2.341137123745819,2.6755852842809364,1.0033444816053512,1.6722408026755853,0.33444816053511706
E00084068,215,207,2,2,0,2,2,0,4,96.27906976744185,0.9302325581395349,0.9302325581395349,0,0.9302325581395349,0.9302325581395349,0,1.8604651162790697
E00084069,373,336,27,19,8,2,2,0,8,90.0804289544236,7.238605898123325,5.093833780160858,2.1447721179624666,0.5361930294906166,0.5361930294906166,0,2.1447721179624666
E00084070,301,276,23,19,4,2,0,2,0,91.69435215946844,7.641196013289036,6.312292358803987,1.3289036544850499,0.6644518272425249,0,0.6644518272425249,0
E00084071,319,298,10,8,2,6,2,4,5,93.41692789968651,3.1347962382445136,2.507836990595611,0.6269592476489028,1.8808777429467085,0.6269592476489028,1.2539184952978055,1.5673981191222568
E00084072,287,263,15,11,4,3,2,1,6,91.63763066202091,5.2264808362369335,3.8327526132404177,1.3937282229965158,1.0452961672473868,0.6968641114982579,0.34843205574912894,2.0905923344947737
E00084073,366,331,21,18,3,5,4,1,9,90.43715846994536,5.737704918032787,4.918032786885246,0.819672131147541,1.366120218579235,1.092896174863388,0.273224043715847,2.459016393442623
E00084074,360,331,16,13,3,2,0,2,11,91.94444444444444,4.444444444444445,3.6111111111111107,0.8333333333333334,0.5555555555555556,0,0.5555555555555556,3.0555555555555554
E00084075,264,238,18,14,4,8,3,5,0,90.15151515151516,6.8181818181818175,5.303030303030303,1.5151515151515151,3.0303030303030303,1.1363636363636365,1.893939393939394,0
E00084076,337,303,24,19,5,4,1,3,6,89.91097922848664,7.121661721068249,5.637982195845697,1.483679525222552,1.1869436201780417,0.2967359050445104,0.8902077151335311,1.7804154302670623
E00084077,185,170,6,6,0,2,0,2,7,91.8918918918919,3.2432432432432434,3.2432432432432434,0,1.0810810810810811,0,1.0810810810810811,3.783783783783784
E00084078,359,332,14,11,3,3,0,3,10,92.47910863509749,3.8997214484679668,3.064066852367688,0.8356545961002786,0.8356545961002786,0,0.8356545961002786,2.785515320334262
E00084079,355,323,14,12,2,10,5,5,8,90.98591549295774,3.943661971830986,3.3802816901408446,0.5633802816901409,2.8169014084507045,1.4084507042253522,1.4084507042253522,2.2535211267605635
E00084080,294,280,10,7,3,1,1,0,3,95.23809523809523,3.4013605442176873,2.380952380952381,1.0204081632653061,0.3401360544217687,0.3401360544217687,0,1.0204081632653061
E00084081,315,282,19,14,5,9,4,5,5,89.52380952380953,6.031746031746032,4.444444444444445,1.5873015873015872,2.857142857142857,1.2698412698412698,1.5873015873015872,1.5873015873015872
E00084082,382,348,26,20,6,3,3,0,5,91.09947643979058,6.806282722513089,5.2356020942408374,1.5706806282722512,0.7853403141361256,0.7853403141361256,0,1.3089005235602094
E00084083,314,278,23,21,2,6,2,4,7,88.53503184713377,7.32484076433121,6.687898089171974,0.6369426751592357,1.910828025477707,0.6369426751592357,1.2738853503184715,2.229299363057325
E00084084,448,413,19,11,8,4,1,3,12,92.1875,4.241071428571429,2.455357142857143,1.7857142857142856,0.8928571428571428,0.2232142857142857,0.6696428571428571,2.6785714285714284
E00084085,297,276,17,16,1,1,1,0,3,92.92929292929293,5.723905723905724,5.387205387205387,0.33670033670033667,0.33670033670033667,0.33670033670033667,0,1.0101010101010102
E00084086,273,248,10,8,2,1,1,0,14,90.84249084249085,3.6630036630036633,2.93040293040293,0.7326007326007326,0.3663003663003663,0.3663003663003663,0,5.128205128205128
E00084087,349,324,11,9,2,8,5,3,6,92.83667621776505,3.151862464183381,2.5787965616045847,0.5730659025787965,2.292263610315186,1.4326647564469914,0.8595988538681949,1.7191977077363898
E00084088,279,260,13,7,6,0,0,0,6,93.1899641577061,4.659498207885305,2.5089605734767026,2.1505376344086025,0,0,0,2.1505376344086025
E00084089,233,220,8,7,1,2,1,1,3,94.4206008583691,3.4334763948497855,3.004291845493562,0.4291845493562232,0.8583690987124464,0.4291845493562232,0.4291845493562232,1.2875536480686696
E00084091,270,251,11,9,2,3,1,2,5,92.96296296296296,4.074074074074074,3.3333333333333335,0.7407407407407408,1.1111111111111112,0.3703703703703704,0.7407407407407408,1.8518518518518516
E00084092,232,221,8,3,5,2,1,1,1,95.25862068965517,3.4482758620689653,1.293103448275862,2.1551724137931036,0.8620689655172413,0.43103448275862066,0.43103448275862066,0.43103448275862066
E00084093,359,335,11,8,3,9,4,5,4,93.31476323119777,3.064066852367688,2.2284122562674096,0.8356545961002786,2.5069637883008355,1.1142061281337048,1.392757660167131,1.1142061281337048
E00084094,274,261,7,7,0,3,1,2,3,95.25547445255475,2.5547445255474455,2.5547445255474455,0,1.094890510948905,0.36496350364963503,0.7299270072992701,1.094890510948905
E00084095,289,268,14,12,2,6,2,4,1,92.73356401384083,4.844290657439446,4.1522491349480966,0.6920415224913495,2.0761245674740483,0.6920415224913495,1.384083044982699,0.34602076124567477
E00084096,429,413,9,9,0,3,2,1,4,96.27039627039628,2.097902097902098,2.097902097902098,0,0.6993006993006993,0.4662004662004662,0.2331002331002331,0.9324009324009324
E00084097,287,266,11,5,6,2,0,2,8,92.6829268292683,3.8327526132404177,1.7421602787456445,2.0905923344947737,0.6968641114982579,0,0.6968641114982579,2.7874564459930316
E00084098,308,280,16,11,5,4,0,4,8,90.9090909090909,5.194805194805195,3.571428571428571,1.6233766233766231,1.2987012987012987,0,1.2987012987012987,2.5974025974025974
E00084099,258,233,14,8,6,3,2,1,8,90.31007751937985,5.426356589147287,3.10077519379845,2.3255813953488373,1.1627906976744187,0.7751937984496124,0.3875968992248062,3.10077519379845
E00084100,328,306,12,8,4,5,1,4,5,93.29268292682927,3.6585365853658534,2.4390243902439024,1.2195121951219512,1.524390243902439,0.3048780487804878,1.2195121951219512,1.524390243902439
E00084101,194,183,5,3,2,4,0,4,2,94.3298969072165,2.5773195876288657,1.5463917525773196,1.0309278350515463,2.0618556701030926,0,2.0618556701030926,1.0309278350515463
E00084102,230,210,5,3,2,5,1,4,10,91.30434782608695,2.1739130434782608,1.3043478260869565,0.8695652173913043,2.1739130434782608,0.43478260869565216,1.7391304347826086,4.3478260869565215
E00084103,286,263,6,5,1,8,4,4,9,91.95804195804196,2.097902097902098,1.7482517482517483,0.34965034965034963,2.797202797202797,1.3986013986013985,1.3986013986013985,3.146853146853147
E00084104,284,270,5,5,0,2,1,1,7,95.07042253521126,1.7605633802816902,1.7605633802816902,0,0.7042253521126761,0.35211267605633806,0.35211267605633806,2.464788732394366
E00084105,309,294,9,6,3,4,3,1,2,95.14563106796116,2.912621359223301,1.9417475728155338,0.9708737864077669,1.2944983818770228,0.9708737864077669,0.3236245954692557,0.6472491909385114
E00084106,307,276,14,11,3,9,5,4,8,89.90228013029315,4.5602605863192185,3.5830618892508146,0.9771986970684038,2.9315960912052117,1.6286644951140066,1.3029315960912053,2.6058631921824107
E00084107,333,311,13,7,6,2,0,2,7,93.3933933933934,3.903903903903904,2.1021021021021022,1.8018018018018018,0.6006006006006006,0,0.6006006006006006,2.1021021021021022
E00084108,344,321,11,9,2,4,4,0,8,93.31395348837209,3.1976744186046515,2.616279069767442,0.5813953488372093,1.1627906976744187,1.1627906976744187,0,2.3255813953488373
E00084109,377,339,21,13,8,4,1,3,13,89.92042440318302,5.570291777188329,3.4482758620689653,2.122015915119363,1.0610079575596816,0.2652519893899204,0.7957559681697612,3.4482758620689653
E00084110,300,285,12,9,3,1,1,0,2,95,4,3,1,0.33333333333333337,0.33333333333333337,0,0.6666666666666667
E00084111,402,373,20,17,3,5,2,3,4,92.7860696517413,4.975124378109453,4.228855721393035,0.7462686567164178,1.2437810945273633,0.4975124378109453,0.7462686567164178,0.9950248756218906
E00084112,291,270,16,10,6,0,0,0,5,92.78350515463917,5.498281786941581,3.436426116838488,2.0618556701030926,0,0,0,1.718213058419244
E00084113,305,277,19,15,4,4,3,1,5,90.81967213114754,6.229508196721312,4.918032786885246,1.3114754098360655,1.3114754098360655,0.9836065573770493,0.32786885245901637,1.639344262295082
E00084114,396,363,24,20,4,5,2,3,4,91.66666666666666,6.0606060606060606,5.05050505050505,1.0101010101010102,1.2626262626262625,0.5050505050505051,0.7575757575757576,1.0101010101010102
E00084115,229,218,8,7,1,1,0,1,2,95.19650655021834,3.4934497816593884,3.056768558951965,0.43668122270742354,0.43668122270742354,0,0.43668122270742354,0.8733624454148471
E00084116,358,331,18,13,5,1,1,0,8,92.45810055865921,5.027932960893855,3.6312849162011176,1.3966480446927374,0.27932960893854747,0.27932960893854747,0,2.2346368715083798
E00084118,338,303,20,17,3,8,4,4,7,89.64497041420118,5.9171597633136095,5.029585798816568,0.8875739644970414,2.366863905325444,1.183431952662722,1.183431952662722,2.0710059171597637
E00084119,275,259,7,6,1,3,3,0,6,94.18181818181817,2.5454545454545454,2.181818181818182,0.36363636363636365,1.090909090909091,1.090909090909091,0,2.181818181818182
E00084120,407,392,9,6,3,2,1,1,4,96.31449631449631,2.211302211302211,1.4742014742014742,0.7371007371007371,0.4914004914004914,0.2457002457002457,0.2457002457002457,0.9828009828009828
E00084121,385,347,20,11,9,8,6,2,10,90.12987012987013,5.194805194805195,2.857142857142857,2.3376623376623376,2.0779220779220777,1.5584415584415585,0.5194805194805194,2.5974025974025974
E00084122,397,363,18,15,3,1,1,0,15,91.43576826196474,4.534005037783375,3.7783375314861463,0.7556675062972292,0.2518891687657431,0.2518891687657431,0,3.7783375314861463
E00084123,231,210,15,11,4,3,3,0,3,90.9090909090909,6.493506493506493,4.761904761904762,1.7316017316017316,1.2987012987012987,1.2987012987012987,0,1.2987012987012987
E00084124,420,394,17,14,3,6,4,2,3,93.80952380952381,4.0476190476190474,3.3333333333333335,0.7142857142857143,1.4285714285714286,0.9523809523809524,0.4761904761904762,0.7142857142857143
E00084125,338,307,24,20,4,0,0,0,7,90.8284023668639,7.100591715976331,5.9171597633136095,1.183431952662722,0,0,0,2.0710059171597637
E00084126,332,305,17,15,2,5,2,3,5,91.86746987951807,5.120481927710843,4.518072289156627,0.6024096385542169,1.5060240963855422,0.6024096385542169,0.9036144578313252,1.5060240963855422
E00084127,300,266,16,11,5,4,1,3,14,88.66666666666667,5.333333333333334,3.6666666666666665,1.6666666666666667,1.3333333333333335,0.33333333333333337,1,4.666666666666667
E00084128,303,292,8,6,2,2,1,1,1,96.36963696369637,2.6402640264026402,1.9801980198019802,0.6600660066006601,0.6600660066006601,0.33003300330033003,0.33003300330033003,0.33003300330033003
E00084129,287,270,12,11,1,1,0,1,4,94.07665505226481,4.181184668989547,3.8327526132404177,0.34843205574912894,0.34843205574912894,0,0.34843205574912894,1.3937282229965158
E00084130,346,319,14,11,3,4,0,4,9,92.1965317919075,4.046242774566474,3.1791907514450863,0.8670520231213872,1.1560693641618496,0,1.1560693641618496,2.601156069364162
E00084131,309,287,14,10,4,3,1,2,5,92.88025889967638,4.53074433656958,3.2362459546925564,1.2944983818770228,0.9708737864077669,0.3236245954692557,0.6472491909385114,1.6181229773462782
E00084132,247,215,12,10,2,5,3,2,15,87.04453441295547,4.8582995951417,4.048582995951417,0.8097165991902834,2.0242914979757085,1.214574898785425,0.8097165991902834,6.0728744939271255
E00084133,303,289,10,9,1,0,0,0,4,95.37953795379538,3.3003300330033,2.9702970297029703,0.33003300330033003,0,0,0,1.3201320132013201
E00084134,248,220,11,7,4,7,5,2,10,88.70967741935483,4.435483870967742,2.82258064516129,1.6129032258064515,2.82258064516129,2.0161290322580645,0.8064516129032258,4.032258064516129
E00084135,399,372,5,4,1,3,2,1,19,93.23308270676691,1.2531328320802004,1.0025062656641603,0.2506265664160401,0.7518796992481203,0.5012531328320802,0.2506265664160401,4.761904761904762
E00084136,260,245,7,5,2,3,1,2,5,94.23076923076923,2.6923076923076925,1.9230769230769231,0.7692307692307693,1.153846153846154,0.38461538461538464,0.7692307692307693,1.9230769230769231
E00084137,422,398,13,7,6,4,0,4,7,94.3127962085308,3.080568720379147,1.6587677725118484,1.4218009478672986,0.9478672985781991,0,0.9478672985781991,1.6587677725118484
E00084138,239,215,13,8,5,6,5,1,5,89.9581589958159,5.439330543933055,3.3472803347280333,2.092050209205021,2.510460251046025,2.092050209205021,0.41841004184100417,2.092050209205021
E00084139,279,256,16,14,2,2,2,0,5,91.75627240143369,5.734767025089606,5.017921146953405,0.7168458781362007,0.7168458781362007,0.7168458781362007,0,1.7921146953405016
E00084141,321,307,6,6,0,3,1,2,5,95.6386292834891,1.8691588785046727,1.8691588785046727,0,0.9345794392523363,0.3115264797507788,0.6230529595015576,1.557632398753894
E00084142,223,209,4,3,1,5,3,2,5,93.72197309417041,1.7937219730941705,1.345291479820628,0.4484304932735426,2.242152466367713,1.345291479820628,0.8968609865470852,2.242152466367713
E00084143,481,467,9,8,1,2,0,2,3,97.0893970893971,1.8711018711018712,1.6632016632016633,0.2079002079002079,0.4158004158004158,0,0.4158004158004158,0.6237006237006237
E00084144,360,339,12,10,2,2,0,2,7,94.16666666666667,3.3333333333333335,2.7777777777777777,0.5555555555555556,0.5555555555555556,0,0.5555555555555556,1.9444444444444444
E00084145,137,128,5,5,0,1,0,1,3,93.43065693430657,3.64963503649635,3.64963503649635,0,0.7299270072992701,0,0.7299270072992701,2.18978102189781
E00084146,294,269,8,7,1,3,1,2,14,91.49659863945578,2.7210884353741496,2.380952380952381,0.3401360544217687,1.0204081632653061,0.3401360544217687,0.6802721088435374,4.761904761904762
E00084147,261,248,9,9,0,1,0,1,3,95.01915708812261,3.4482758620689653,3.4482758620689653,0,0.38314176245210724,0,0.38314176245210724,1.1494252873563218
E00084148,391,362,19,11,8,7,7,0,3,92.58312020460357,4.859335038363171,2.813299232736573,2.0460358056265986,1.7902813299232736,1.7902813299232736,0,0.7672634271099744
E00084149,287,265,8,6,2,9,8,1,5,92.33449477351915,2.7874564459930316,2.0905923344947737,0.6968641114982579,3.1358885017421603,2.7874564459930316,0.34843205574912894,1.7421602787456445
E00084151,298,269,8,7,1,3,1,2,18,90.26845637583892,2.684563758389262,2.348993288590604,0.33557046979865773,1.006711409395973,0.33557046979865773,0.6711409395973155,6.0402684563758395
E00084152,307,283,16,15,1,4,3,1,4,92.18241042345277,5.211726384364821,4.88599348534202,0.32573289902280134,1.3029315960912053,0.9771986970684038,0.32573289902280134,1.3029315960912053
E00084153,324,301,13,12,1,3,3,0,7,92.90123456790124,4.012345679012346,3.7037037037037033,0.30864197530864196,0.9259259259259258,0.9259259259259258,0,2.1604938271604937
E00084154,301,277,11,8,3,3,2,1,10,92.02657807308971,3.6544850498338874,2.6578073089700998,0.9966777408637874,0.9966777408637874,0.6644518272425249,0.33222591362126247,3.322259136212625
E00084155,322,292,19,11,8,4,1,3,7,90.6832298136646,5.900621118012422,3.4161490683229814,2.484472049689441,1.2422360248447204,0.3105590062111801,0.9316770186335404,2.1739130434782608
E00084156,318,294,16,12,4,3,1,2,5,92.45283018867924,5.031446540880504,3.7735849056603774,1.257861635220126,0.9433962264150944,0.3144654088050315,0.628930817610063,1.5723270440251573
E00084158,264,247,6,6,0,7,6,1,4,93.56060606060606,2.272727272727273,2.272727272727273,0,2.6515151515151514,2.272727272727273,0.3787878787878788,1.5151515151515151
E00084160,214,197,7,5,2,3,0,3,7,92.05607476635514,3.2710280373831773,2.336448598130841,0.9345794392523363,1.4018691588785046,0,1.4018691588785046,3.2710280373831773
E00084161,252,223,19,17,2,5,2,3,5,88.4920634920635,7.5396825396825395,6.746031746031746,0.7936507936507936,1.984126984126984,0.7936507936507936,1.1904761904761905,1.984126984126984
E00084162,347,310,23,17,6,5,4,1,9,89.33717579250721,6.628242074927954,4.899135446685879,1.729106628242075,1.440922190201729,1.1527377521613833,0.2881844380403458,2.5936599423631126
E00084163,235,216,9,7,2,1,1,0,9,91.91489361702128,3.829787234042553,2.9787234042553195,0.851063829787234,0.425531914893617,0.425531914893617,0,3.829787234042553
E00084164,190,182,4,4,0,2,1,1,2,95.78947368421052,2.1052631578947367,2.1052631578947367,0,1.0526315789473684,0.5263157894736842,0.5263157894736842,1.0526315789473684
E00084165,296,275,12,11,1,3,2,1,6,92.9054054054054,4.054054054054054,3.7162162162162162,0.33783783783783783,1.0135135135135136,0.6756756756756757,0.33783783783783783,2.027027027027027
E00084166,327,301,19,16,3,1,0,1,6,92.04892966360856,5.81039755351682,4.892966360856269,0.9174311926605505,0.3058103975535168,0,0.3058103975535168,1.834862385321101
E00084167,123,114,6,6,0,2,2,0,1,92.6829268292683,4.878048780487805,4.878048780487805,0,1.6260162601626018,1.6260162601626018,0,0.8130081300813009
E00084168,246,220,19,16,3,4,2,2,3,89.43089430894308,7.723577235772358,6.504065040650407,1.2195121951219512,1.6260162601626018,0.8130081300813009,0.8130081300813009,1.2195121951219512
E00084169,313,292,12,9,3,0,0,0,9,93.29073482428115,3.8338658146964857,2.8753993610223643,0.9584664536741214,0,0,0,2.8753993610223643
E00084170,368,341,20,16,4,2,0,2,5,92.66304347826086,5.434782608695652,4.3478260869565215,1.0869565217391304,0.5434782608695652,0,0.5434782608695652,1.358695652173913
E00084171,283,266,15,12,3,0,0,0,2,93.99293286219081,5.30035335689046,4.240282685512367,1.0600706713780919,0,0,0,0.7067137809187279
E00084172,295,269,15,10,5,6,3,3,5,91.18644067796609,5.084745762711865,3.389830508474576,1.694915254237288,2.0338983050847457,1.0169491525423728,1.0169491525423728,1.694915254237288
E00084173,209,184,14,8,6,3,3,0,8,88.03827751196172,6.698564593301436,3.827751196172249,2.8708133971291865,1.4354066985645932,1.4354066985645932,0,3.827751196172249
E00084174,266,242,15,14,1,5,2,3,4,90.97744360902256,5.639097744360902,5.263157894736842,0.37593984962406013,1.8796992481203008,0.7518796992481203,1.1278195488721803,1.5037593984962405
E00084175,334,309,17,14,3,1,1,0,7,92.51497005988024,5.089820359281437,4.191616766467066,0.8982035928143712,0.29940119760479045,0.29940119760479045,0,2.095808383233533
E00084176,206,194,9,5,4,1,1,0,2,94.1747572815534,4.368932038834951,2.4271844660194173,1.9417475728155338,0.48543689320388345,0.48543689320388345,0,0.9708737864077669
E00084177,204,182,13,8,5,4,4,0,5,89.2156862745098,6.372549019607843,3.9215686274509802,2.450980392156863,1.9607843137254901,1.9607843137254901,0,2.450980392156863
E00084178,298,272,17,14,3,2,1,1,7,91.2751677852349,5.704697986577181,4.697986577181208,1.006711409395973,0.6711409395973155,0.33557046979865773,0.33557046979865773,2.348993288590604
E00084179,298,280,11,8,3,4,2,2,3,93.95973154362416,3.691275167785235,2.684563758389262,1.006711409395973,1.342281879194631,0.6711409395973155,0.6711409395973155,1.006711409395973
E00084180,293,269,10,8,2,4,2,2,10,91.80887372013652,3.4129692832764507,2.7303754266211606,0.6825938566552902,1.3651877133105803,0.6825938566552902,0.6825938566552902,3.4129692832764507
E00084181,307,271,15,10,5,9,7,2,12,88.27361563517914,4.88599348534202,3.257328990228013,1.6286644951140066,2.9315960912052117,2.2801302931596092,0.6514657980456027,3.908794788273615
E00084183,363,336,16,14,2,4,3,1,7,92.56198347107438,4.40771349862259,3.8567493112947657,0.5509641873278237,1.1019283746556474,0.8264462809917356,0.27548209366391185,1.9283746556473829
E00084184,363,334,13,13,0,8,6,2,8,92.01101928374655,3.581267217630854,3.581267217630854,0,2.203856749311295,1.6528925619834711,0.5509641873278237,2.203856749311295
E00084185,326,303,11,8,3,7,3,4,5,92.94478527607362,3.374233128834356,2.4539877300613497,0.9202453987730062,2.147239263803681,0.9202453987730062,1.2269938650306749,1.5337423312883436
E00084186,343,317,14,13,1,2,0,2,10,92.4198250728863,4.081632653061225,3.7900874635568513,0.2915451895043732,0.5830903790087464,0,0.5830903790087464,2.9154518950437316
E00084187,314,304,1,1,0,0,0,0,9,96.81528662420382,0.3184713375796179,0.3184713375796179,0,0,0,0,2.8662420382165608
E00084189,299,285,14,12,2,0,0,0,0,95.31772575250837,4.682274247491638,4.013377926421405,0.6688963210702341,0,0,0,0
E00084191,561,524,26,24,2,5,4,1,6,93.40463458110517,4.634581105169341,4.27807486631016,0.35650623885918004,0.8912655971479502,0.7130124777183601,0.17825311942959002,1.06951871657754
E00084195,305,275,13,11,2,9,5,4,8,90.1639344262295,4.2622950819672125,3.606557377049181,0.6557377049180327,2.9508196721311477,1.639344262295082,1.3114754098360655,2.622950819672131
E00084196,332,311,14,14,0,3,3,0,4,93.67469879518072,4.216867469879518,4.216867469879518,0,0.9036144578313252,0.9036144578313252,0,1.2048192771084338
E00084197,274,246,14,10,4,8,3,5,6,89.78102189781022,5.109489051094891,3.64963503649635,1.4598540145985401,2.9197080291970803,1.094890510948905,1.824817518248175,2.18978102189781
E00084198,285,261,13,8,5,5,3,2,6,91.57894736842105,4.56140350877193,2.807017543859649,1.7543859649122806,1.7543859649122806,1.0526315789473684,0.7017543859649122,2.1052631578947367
E00084199,275,244,13,10,3,4,2,2,14,88.72727272727273,4.7272727272727275,3.6363636363636362,1.090909090909091,1.4545454545454546,0.7272727272727273,0.7272727272727273,5.090909090909091
E00084200,189,172,8,5,3,4,2,2,5,91.005291005291,4.232804232804233,2.6455026455026456,1.5873015873015872,2.1164021164021163,1.0582010582010581,1.0582010582010581,2.6455026455026456
E00084201,424,379,22,14,8,12,6,6,11,89.38679245283019,5.188679245283019,3.30188679245283,1.8867924528301887,2.8301886792452833,1.4150943396226416,1.4150943396226416,2.5943396226415096
E00084203,329,302,12,7,5,7,1,6,8,91.7933130699088,3.64741641337386,2.127659574468085,1.5197568389057752,2.127659574468085,0.303951367781155,1.82370820668693,2.43161094224924
E00084204,413,384,22,17,5,5,4,1,2,92.97820823244552,5.326876513317192,4.116222760290557,1.2106537530266344,1.2106537530266344,0.9685230024213075,0.24213075060532688,0.48426150121065376
E00084205,244,217,14,7,7,3,2,1,10,88.9344262295082,5.737704918032787,2.8688524590163933,2.8688524590163933,1.2295081967213115,0.819672131147541,0.4098360655737705,4.098360655737705
E00084206,280,258,15,11,4,3,1,2,4,92.14285714285714,5.357142857142857,3.9285714285714284,1.4285714285714286,1.0714285714285714,0.35714285714285715,0.7142857142857143,1.4285714285714286
E00084207,313,279,20,20,0,6,1,5,8,89.1373801916933,6.3897763578274756,6.3897763578274756,0,1.9169329073482428,0.3194888178913738,1.5974440894568689,2.5559105431309903
E00084208,311,286,17,12,5,2,0,2,6,91.96141479099678,5.466237942122187,3.858520900321544,1.607717041800643,0.6430868167202572,0,0.6430868167202572,1.929260450160772
E00084209,359,312,30,24,6,8,5,3,9,86.90807799442896,8.356545961002785,6.685236768802229,1.6713091922005572,2.2284122562674096,1.392757660167131,0.8356545961002786,2.5069637883008355
E00084210,466,434,21,20,1,6,3,3,5,93.13304721030042,4.506437768240343,4.291845493562231,0.2145922746781116,1.2875536480686696,0.6437768240343348,0.6437768240343348,1.0729613733905579
E00084211,331,294,22,16,6,7,3,4,8,88.82175226586104,6.646525679758309,4.833836858006042,1.812688821752266,2.1148036253776437,0.906344410876133,1.2084592145015105,2.416918429003021
E00084212,371,341,17,11,6,1,1,0,12,91.91374663072777,4.5822102425876015,2.964959568733154,1.6172506738544474,0.2695417789757413,0.2695417789757413,0,3.234501347708895
E00084213,320,286,23,19,4,3,1,2,8,89.375,7.187499999999999,5.9375,1.25,0.9375,0.3125,0.625,2.5
E00084214,318,290,15,12,3,8,3,5,5,91.19496855345912,4.716981132075472,3.7735849056603774,0.9433962264150944,2.515723270440252,0.9433962264150944,1.5723270440251573,1.5723270440251573
E00084215,282,249,22,14,8,6,4,2,5,88.29787234042553,7.801418439716312,4.964539007092199,2.8368794326241136,2.127659574468085,1.4184397163120568,0.7092198581560284,1.773049645390071
E00084216,293,267,13,11,2,3,1,2,10,91.12627986348123,4.436860068259386,3.754266211604096,0.6825938566552902,1.023890784982935,0.3412969283276451,0.6825938566552902,3.4129692832764507
E00084217,254,226,17,12,5,0,0,0,11,88.9763779527559,6.692913385826772,4.724409448818897,1.968503937007874,0,0,0,4.330708661417323
E00084218,309,284,14,11,3,3,0,3,8,91.9093851132686,4.53074433656958,3.559870550161812,0.9708737864077669,0.9708737864077669,0,0.9708737864077669,2.5889967637540456
E00084219,246,225,12,10,2,5,3,2,4,91.46341463414635,4.878048780487805,4.0650406504065035,0.8130081300813009,2.0325203252032518,1.2195121951219512,0.8130081300813009,1.6260162601626018
E00084221,266,249,10,9,1,2,0,2,5,93.60902255639097,3.7593984962406015,3.3834586466165413,0.37593984962406013,0.7518796992481203,0,0.7518796992481203,1.8796992481203008
E00084222,307,276,25,15,10,3,3,0,3,89.90228013029315,8.143322475570033,4.88599348534202,3.257328990228013,0.9771986970684038,0.9771986970684038,0,0.9771986970684038
E00084223,176,163,11,9,2,0,0,0,2,92.61363636363636,6.25,5.113636363636364,1.1363636363636365,0,0,0,1.1363636363636365
E00084224,321,305,11,8,3,4,2,2,1,95.01557632398755,3.4267912772585665,2.4922118380062304,0.9345794392523363,1.2461059190031152,0.6230529595015576,0.6230529595015576,0.3115264797507788
E00084225,248,223,11,9,2,3,3,0,11,89.91935483870968,4.435483870967742,3.6290322580645165,0.8064516129032258,1.2096774193548387,1.2096774193548387,0,4.435483870967742
E00084226,233,206,13,11,2,8,5,3,6,88.41201716738198,5.579399141630901,4.721030042918455,0.8583690987124464,3.4334763948497855,2.1459227467811157,1.2875536480686696,2.575107296137339
E00084227,280,271,5,5,0,1,0,1,3,96.78571428571429,1.7857142857142856,1.7857142857142856,0,0.35714285714285715,0,0.35714285714285715,1.0714285714285714
E00084228,249,222,17,14,3,3,3,0,7,89.1566265060241,6.827309236947792,5.622489959839357,1.2048192771084338,1.2048192771084338,1.2048192771084338,0,2.8112449799196786
E00084229,278,258,10,9,1,2,2,0,8,92.80575539568345,3.5971223021582732,3.237410071942446,0.3597122302158274,0.7194244604316548,0.7194244604316548,0,2.877697841726619
E00084232,328,301,22,19,3,3,2,1,2,91.76829268292683,6.707317073170732,5.7926829268292686,0.9146341463414633,0.9146341463414633,0.6097560975609756,0.3048780487804878,0.6097560975609756
E00084233,329,304,16,13,3,3,2,1,6,92.401215805471125,4.86322188449848,3.951367781155015,0.911854103343465,0.911854103343465,0.60790273556231,0.303951367781155,1.82370820668693
E00084234,297,265,21,15,6,8,6,2,3,89.22558922558923,7.07070707070707,5.05050505050505,2.0202020202020203,2.6936026936026933,2.0202020202020203,0.6734006734006733,1.0101010101010102
E00084235,341,306,18,15,3,5,2,3,12,89.73607038123167,5.278592375366569,4.398826979472141,0.8797653958944283,1.466275659824047,0.5865102639296188,0.8797653958944283,3.519061583577713
E00084236,200,180,11,8,3,3,3,0,6,90,5.5,4,1.5,1.5,1.5,0,3
E00084237,253,234,6,5,1,5,4,1,8,92.4901185770751,2.371541501976284,1.9762845849802373,0.3952569169960474,1.9762845849802373,1.5810276679841897,0.3952569169960474,3.1620553359683794
E00084238,305,282,18,15,3,1,1,0,4,92.45901639344262,5.901639344262295,4.918032786885246,0.9836065573770493,0.32786885245901637,0.32786885245901637,0,1.3114754098360655
E00084239,339,300,19,15,4,9,3,6,11,88.49557522123894,5.604719764011799,4.424778761061947,1.1799410029498525,2.6548672566371683,0.8849557522123894,1.7699115044247788,3.2448377581120944
E00084240,296,280,8,6,2,7,5,2,1,94.5945945945946,2.7027027027027026,2.027027027027027,0.6756756756756757,2.364864864864865,1.6891891891891893,0.6756756756756757,0.33783783783783783
E00084241,423,400,19,16,3,1,1,0,3,94.56264775413712,4.491725768321513,3.7825059101654848,0.7092198581560284,0.2364066193853428,0.2364066193853428,0,0.7092198581560284
E00084242,235,211,14,13,1,1,0,1,9,89.7872340425532,5.957446808510639,5.531914893617021,0.425531914893617,0.425531914893617,0,0.425531914893617,3.829787234042553
E00084243,306,285,15,13,2,1,1,0,5,93.13725490196079,4.901960784313726,4.248366013071895,0.6535947712418301,0.32679738562091504,0.32679738562091504,0,1.6339869281045754
E00084244,270,251,13,13,0,2,0,2,4,92.96296296296296,4.814814814814815,4.814814814814815,0,0.7407407407407408,0,0.7407407407407408,1.4814814814814816
E00084245,268,248,14,14,0,1,1,0,5,92.53731343283582,5.223880597014925,5.223880597014925,0,0.3731343283582089,0.3731343283582089,0,1.8656716417910446
E00084246,164,157,7,7,0,0,0,0,0,95.73170731707317,4.2682926829268295,4.2682926829268295,0,0,0,0,0
E00084247,299,273,18,13,5,4,1,3,4,91.30434782608695,6.0200668896321075,4.3478260869565215,1.6722408026755853,1.3377926421404682,0.33444816053511706,1.0033444816053512,1.3377926421404682
E00084248,269,244,20,16,4,2,1,1,3,90.70631970260223,7.434944237918216,5.947955390334572,1.486988847583643,0.7434944237918215,0.37174721189591076,0.37174721189591076,1.1152416356877324
E00084249,291,267,17,16,1,1,0,1,6,91.75257731958763,5.841924398625429,5.498281786941581,0.3436426116838488,0.3436426116838488,0,0.3436426116838488,2.0618556701030926
E00084250,300,273,17,14,3,2,2,0,8,91,5.666666666666666,4.666666666666667,1,0.6666666666666667,0.6666666666666667,0,2.666666666666667
E00084251,241,226,6,6,0,0,0,0,9,93.7759336099585,2.4896265560165975,2.4896265560165975,0,0,0,0,3.7344398340248963
E00084252,432,414,14,11,3,1,0,1,3,95.83333333333334,3.2407407407407405,2.5462962962962963,0.6944444444444444,0.23148148148148145,0,0.23148148148148145,0.6944444444444444
E00084253,350,332,11,7,4,1,1,0,6,94.85714285714286,3.1428571428571432,2,1.1428571428571428,0.2857142857142857,0.2857142857142857,0,1.7142857142857144
E00084254,311,277,18,14,4,5,4,1,11,89.06752411575563,5.787781350482315,4.501607717041801,1.2861736334405145,1.607717041800643,1.2861736334405145,0.3215434083601286,3.536977491961415
E00084255,199,186,12,10,2,1,0,1,0,93.46733668341709,6.030150753768844,5.025125628140704,1.0050251256281406,0.5025125628140703,0,0.5025125628140703,0
E00084256,276,254,14,12,2,5,1,4,3,92.02898550724638,5.072463768115942,4.3478260869565215,0.7246376811594203,1.8115942028985508,0.36231884057971014,1.4492753623188406,1.0869565217391304
E00084257,291,273,9,7,2,5,2,3,4,93.81443298969072,3.0927835051546393,2.405498281786942,0.6872852233676976,1.718213058419244,0.6872852233676976,1.0309278350515463,1.3745704467353952
E00084258,236,222,12,10,2,2,2,0,0,94.0677966101695,5.084745762711865,4.23728813559322,0.847457627118644,0.847457627118644,0.847457627118644,0,0
E00084259,351,320,18,16,2,5,3,2,8,91.16809116809117,5.128205128205128,4.5584045584045585,0.5698005698005698,1.4245014245014245,0.8547008547008548,0.5698005698005698,2.2792022792022792
E00084260,272,245,13,10,3,5,4,1,9,90.07352941176471,4.779411764705882,3.6764705882352944,1.1029411764705883,1.8382352941176472,1.4705882352941175,0.3676470588235294,3.308823529411765
E00084261,288,266,11,11,0,4,4,0,7,92.36111111111111,3.8194444444444446,3.8194444444444446,0,1.3888888888888888,1.3888888888888888,0,2.430555555555556
E00084262,254,232,12,11,1,5,2,3,5,91.33858267716536,4.724409448818897,4.330708661417323,0.39370078740157477,1.968503937007874,0.7874015748031495,1.1811023622047243,1.968503937007874
E00084263,314,293,13,9,4,3,2,1,5,93.31210191082803,4.140127388535031,2.8662420382165608,1.2738853503184715,0.9554140127388535,0.6369426751592357,0.3184713375796179,1.5923566878980893
E00084264,403,390,10,8,2,3,1,2,0,96.7741935483871,2.481389578163772,1.9851116625310175,0.49627791563275436,0.7444168734491315,0.24813895781637718,0.49627791563275436,0
E00084266,368,336,22,20,2,3,0,3,7,91.30434782608695,5.978260869565218,5.434782608695652,0.5434782608695652,0.8152173913043478,0,0.8152173913043478,1.9021739130434785
E00084267,276,259,8,7,1,3,3,0,6,93.84057971014492,2.898550724637681,2.536231884057971,0.36231884057971014,1.0869565217391304,1.0869565217391304,0,2.1739130434782608
E00084268,266,249,7,7,0,5,1,4,5,93.60902255639097,2.631578947368421,2.631578947368421,0,1.8796992481203008,0.37593984962406013,1.5037593984962405,1.8796992481203008
E00084269,241,231,4,2,2,2,1,1,4,95.850622406639,1.6597510373443984,0.8298755186721992,0.8298755186721992,0.8298755186721992,0.4149377593360996,0.4149377593360996,1.6597510373443984
E00084270,293,270,16,12,4,3,2,1,4,92.15017064846417,5.460750853242321,4.09556313993174,1.3651877133105803,1.023890784982935,0.6825938566552902,0.3412969283276451,1.3651877133105803
E00084271,416,396,11,10,1,2,1,1,7,95.1923076923077,2.644230769230769,2.403846153846154,0.2403846153846154,0.4807692307692308,0.2403846153846154,0.2403846153846154,1.6826923076923077
E00084272,260,239,13,13,0,4,2,2,4,91.92307692307692,5,5,0,1.5384615384615385,0.7692307692307693,0.7692307692307693,1.5384615384615385
E00084273,368,334,28,23,5,2,2,0,4,90.76086956521739,7.608695652173914,6.25,1.358695652173913,0.5434782608695652,0.5434782608695652,0,1.0869565217391304
E00084274,315,294,16,12,4,3,0,3,2,93.33333333333333,5.079365079365079,3.8095238095238098,1.2698412698412698,0.9523809523809524,0,0.9523809523809524,0.6349206349206349
E00084275,349,315,19,14,5,7,3,4,8,90.25787965616045,5.444126074498568,4.011461318051576,1.4326647564469914,2.005730659025788,0.8595988538681949,1.146131805157593,2.292263610315186
E00084276,339,316,20,17,3,1,1,0,2,93.21533923303835,5.899705014749262,5.014749262536873,0.8849557522123894,0.2949852507374631,0.2949852507374631,0,0.5899705014749262
E00084277,370,332,30,23,7,6,5,1,2,89.72972972972974,8.108108108108109,6.216216216216217,1.891891891891892,1.6216216216216217,1.3513513513513513,0.2702702702702703,0.5405405405405406
E00084278,315,295,10,8,2,5,5,0,5,93.65079365079364,3.1746031746031744,2.5396825396825395,0.6349206349206349,1.5873015873015872,1.5873015873015872,0,1.5873015873015872
E00084279,327,302,19,13,6,2,0,2,4,92.35474006116208,5.81039755351682,3.9755351681957185,1.834862385321101,0.6116207951070336,0,0.6116207951070336,1.2232415902140672
E00084280,241,214,11,7,4,1,0,1,15,88.79668049792531,4.564315352697095,2.904564315352697,1.6597510373443984,0.4149377593360996,0,0.4149377593360996,6.224066390041494
E00084281,317,285,21,13,8,4,2,2,7,89.90536277602523,6.624605678233439,4.100946372239748,2.5236593059936907,1.2618296529968454,0.6309148264984227,0.6309148264984227,2.2082018927444795
E00084282,411,387,14,10,4,4,3,1,6,94.16058394160584,3.40632603406326,2.4330900243309004,0.9732360097323601,0.9732360097323601,0.7299270072992701,0.24330900243309003,1.4598540145985401
E00084283,266,240,13,9,4,8,2,6,5,90.22556390977444,4.887218045112782,3.3834586466165413,1.5037593984962405,3.007518796992481,0.7518796992481203,2.2556390977443606,1.8796992481203008
E00084284,419,370,19,14,5,13,7,6,17,88.3054892601432,4.534606205250596,3.341288782816229,1.1933174224343674,3.1026252983293556,1.6706443914081146,1.431980906921241,4.05727923627685
E00084285,375,342,15,9,6,8,4,4,10,91.2,4,2.4,1.6,2.1333333333333333,1.0666666666666667,1.0666666666666667,2.666666666666667
E00084286,307,283,13,8,5,3,0,3,8,92.18241042345277,4.234527687296417,2.6058631921824107,1.6286644951140066,0.9771986970684038,0,0.9771986970684038,2.6058631921824107
E00084288,495,457,16,15,1,8,4,4,14,92.32323232323232,3.2323232323232323,3.0303030303030303,0.20202020202020202,1.6161616161616161,0.8080808080808081,0.8080808080808081,2.8282828282828283
E00084289,333,322,6,6,0,1,0,1,4,96.69669669669669,1.8018018018018018,1.8018018018018018,0,0.3003003003003003,0,0.3003003003003003,1.2012012012012012
E00084291,375,342,19,16,3,9,4,5,5,91.2,5.066666666666666,4.266666666666667,0.8,2.4,1.0666666666666667,1.3333333333333335,1.3333333333333335
E00084292,304,274,22,19,3,4,1,3,4,90.13157894736842,7.236842105263158,6.25,0.9868421052631579,1.3157894736842104,0.3289473684210526,0.9868421052631579,1.3157894736842104
E00084293,269,232,10,6,4,10,3,7,17,86.2453531598513,3.717472118959108,2.2304832713754648,1.486988847583643,3.717472118959108,1.1152416356877324,2.6022304832713754,6.319702602230483
E00084294,389,365,15,11,4,5,2,3,4,93.83033419023135,3.8560411311053984,2.827763496143959,1.0282776349614395,1.2853470437017995,0.5141388174807198,0.7712082262210797,1.0282776349614395
E00084295,470,448,16,14,2,5,1,4,1,95.31914893617022,3.404255319148936,2.9787234042553195,0.425531914893617,1.0638297872340425,0.2127659574468085,0.851063829787234,0.2127659574468085
E00084296,351,325,14,10,4,4,3,1,8,92.5925925925926,3.9886039886039883,2.849002849002849,1.1396011396011396,1.1396011396011396,0.8547008547008548,0.2849002849002849,2.2792022792022792
E00084297,422,387,23,19,4,5,0,5,7,91.70616113744076,5.450236966824645,4.502369668246446,0.9478672985781991,1.1848341232227488,0,1.1848341232227488,1.6587677725118484
E00084298,380,357,15,14,1,5,4,1,3,93.94736842105263,3.9473684210526314,3.684210526315789,0.2631578947368421,1.3157894736842104,1.0526315789473684,0.2631578947368421,0.7894736842105263
E00084299,496,459,21,17,4,7,2,5,9,92.54032258064517,4.233870967741935,3.4274193548387095,0.8064516129032258,1.411290322580645,0.4032258064516129,1.0080645161290323,1.8145161290322582
E00084300,439,406,26,20,6,1,1,0,6,92.48291571753985,5.922551252847381,4.555808656036446,1.366742596810934,0.22779043280182232,0.22779043280182232,0,1.366742596810934
E00084301,256,237,9,6,3,3,0,3,7,92.578125,3.515625,2.34375,1.171875,1.171875,0,1.171875,2.734375
E00084302,287,260,20,19,1,4,2,2,3,90.59233449477352,6.968641114982578,6.620209059233449,0.34843205574912894,1.3937282229965158,0.6968641114982579,0.6968641114982579,1.0452961672473868
E00084303,417,388,17,14,3,5,0,5,7,93.04556354916068,4.07673860911271,3.357314148681055,0.7194244604316548,1.1990407673860912,0,1.1990407673860912,1.6786570743405276
E00084304,307,285,14,11,3,1,0,1,7,92.83387622149837,4.5602605863192185,3.5830618892508146,0.9771986970684038,0.32573289902280134,0,0.32573289902280134,2.2801302931596092
E00084305,292,256,21,21,0,5,2,3,10,87.67123287671232,7.191780821917808,7.191780821917808,0,1.7123287671232876,0.684931506849315,1.0273972602739725,3.4246575342465753
E00084306,291,277,10,8,2,0,0,0,4,95.1890034364261,3.436426116838488,2.7491408934707904,0.6872852233676976,0,0,0,1.3745704467353952
E00084307,343,312,25,21,4,5,3,2,1,90.96209912536443,7.288629737609329,6.122448979591836,1.1661807580174928,1.4577259475218658,0.8746355685131195,0.5830903790087464,0.2915451895043732
E00084308,310,283,19,17,2,1,0,1,7,91.29032258064517,6.129032258064516,5.483870967741936,0.6451612903225806,0.3225806451612903,0,0.3225806451612903,2.258064516129032
E00084309,341,305,22,19,3,6,4,2,8,89.44281524926686,6.451612903225806,5.571847507331378,0.8797653958944283,1.7595307917888565,1.1730205278592376,0.5865102639296188,2.346041055718475
E00084310,252,228,16,13,3,2,2,0,6,90.47619047619048,6.349206349206349,5.158730158730158,1.1904761904761905,0.7936507936507936,0.7936507936507936,0,2.380952380952381
E00084311,250,226,11,9,2,6,3,3,7,90.4,4.3999999999999995,3.5999999999999996,0.8,2.4,1.2,1.2,2.8000000000000003
E00084312,328,298,20,16,4,3,2,1,7,90.85365853658537,6.097560975609756,4.878048780487805,1.2195121951219512,0.9146341463414633,0.6097560975609756,0.3048780487804878,2.1341463414634148
E00084313,308,278,22,17,5,0,0,0,8,90.25974025974025,7.142857142857142,5.51948051948052,1.6233766233766231,0,0,0,2.5974025974025974
E00084314,541,514,13,8,5,8,4,4,6,95.00924214417745,2.4029574861367835,1.478743068391867,0.9242144177449169,1.478743068391867,0.7393715341959335,0.7393715341959335,1.1090573012939002
E00084315,419,400,15,13,2,1,0,1,3,95.4653937947494,3.579952267303103,3.1026252983293556,0.47732696897374705,0.23866348448687352,0,0.23866348448687352,0.7159904534606205
E00084316,457,433,12,8,4,8,0,8,4,94.74835886214443,2.62582056892779,1.75054704595186,0.87527352297593,1.75054704595186,0,1.75054704595186,0.87527352297593
E00084317,270,252,12,10,2,2,1,1,4,93.33333333333333,4.444444444444445,3.7037037037037033,0.7407407407407408,0.7407407407407408,0.3703703703703704,0.3703703703703704,1.4814814814814816
E00084318,433,407,14,10,4,3,3,0,9,93.99538106235565,3.233256351039261,2.3094688221709005,0.9237875288683602,0.6928406466512702,0.6928406466512702,0,2.0785219399538106
E00084319,369,349,14,10,4,2,2,0,4,94.579945799458,3.7940379403794036,2.710027100271003,1.084010840108401,0.5420054200542005,0.5420054200542005,0,1.084010840108401
E00084320,292,261,23,14,9,3,2,1,5,89.38356164383562,7.876712328767123,4.794520547945205,3.0821917808219177,1.0273972602739725,0.684931506849315,0.3424657534246575,1.7123287671232876
E00084321,310,289,14,10,4,1,1,0,6,93.2258064516129,4.516129032258064,3.225806451612903,1.2903225806451613,0.3225806451612903,0.3225806451612903,0,1.935483870967742
E00084322,316,288,21,17,4,3,0,3,4,91.13924050632912,6.6455696202531636,5.379746835443038,1.2658227848101267,0.949367088607595,0,0.949367088607595,1.2658227848101267
E00084323,307,284,13,11,2,5,2,3,5,92.50814332247556,4.234527687296417,3.5830618892508146,0.6514657980456027,1.6286644951140066,0.6514657980456027,0.9771986970684038,1.6286644951140066
E00084324,343,312,22,15,7,5,2,3,4,90.96209912536443,6.41399416909621,4.373177842565598,2.0408163265306123,1.4577259475218658,0.5830903790087464,0.8746355685131195,1.1661807580174928
E00167029,152,145,6,4,2,1,0,1,0,95.39473684210526,3.9473684210526314,2.631578947368421,1.3157894736842104,0.6578947368421052,0,0.6578947368421052,0
E00167030,399,381,12,6,6,3,1,2,3,95.48872180451127,3.007518796992481,1.5037593984962405,1.5037593984962405,0.7518796992481203,0.2506265664160401,0.5012531328320802,0.7518796992481203
E00167033,394,377,10,9,1,5,4,1,2,95.68527918781726,2.5380710659898478,2.284263959390863,0.25380710659898476,1.2690355329949239,1.015228426395939,0.25380710659898476,0.5076142131979695
E00167034,408,395,10,7,3,0,0,0,3,96.81372549019608,2.450980392156863,1.715686274509804,0.7352941176470588,0,0,0,0.7352941176470588
E00167035,287,264,9,8,1,6,3,3,8,91.98606271777004,3.1358885017421603,2.7874564459930316,0.34843205574912894,2.0905923344947737,1.0452961672473868,1.0452961672473868,2.7874564459930316
E00167036,198,183,11,8,3,0,0,0,4,92.42424242424242,5.555555555555555,4.040404040404041,1.5151515151515151,0,0,0,2.0202020202020203
E00167037,242,230,10,9,1,0,0,0,2,95.0413223140496,4.132231404958678,3.71900826446281,0.4132231404958678,0,0,0,0.8264462809917356
E00167038,148,136,6,2,4,3,0,3,3,91.8918918918919,4.054054054054054,1.3513513513513513,2.7027027027027026,2.027027027027027,0,2.027027027027027,2.027027027027027
E00167039,206,195,9,7,2,1,1,0,1,94.66019417475728,4.368932038834951,3.3980582524271843,0.9708737864077669,0.48543689320388345,0.48543689320388345,0,0.48543689320388345
E00167040,329,310,8,8,0,4,4,0,7,94.22492401215806,2.43161094224924,2.43161094224924,0,1.21580547112462,1.21580547112462,0,2.127659574468085
E00167042,353,328,17,14,3,6,1,5,2,92.91784702549575,4.815864022662889,3.9660056657223794,0.84985835694051,1.69971671388102,0.28328611898017,1.41643059490085,0.56657223796034
E00167043,308,282,15,13,2,7,2,5,4,91.55844155844156,4.870129870129871,4.220779220779221,0.6493506493506493,2.272727272727273,0.6493506493506493,1.6233766233766231,1.2987012987012987
E00167044,263,259,2,2,0,2,1,1,0,98.47908745247148,0.7604562737642585,0.7604562737642585,0,0.7604562737642585,0.38022813688212925,0.38022813688212925,0
E00167045,313,300,8,8,0,3,2,1,2,95.84664536741214,2.5559105431309903,2.5559105431309903,0,0.9584664536741214,0.6389776357827476,0.3194888178913738,0.6389776357827476
E00167046,344,318,15,12,3,7,4,3,4,92.44186046511628,4.3604651162790695,3.488372093023256,0.872093023255814,2.0348837209302326,1.1627906976744187,0.872093023255814,1.1627906976744187
E00167047,339,317,16,11,5,1,1,0,5,93.5103244837758,4.71976401179941,3.2448377581120944,1.4749262536873156,0.2949852507374631,0.2949852507374631,0,1.4749262536873156
E00167048,420,400,12,9,3,5,3,2,3,95.23809523809523,2.857142857142857,2.142857142857143,0.7142857142857143,1.1904761904761905,0.7142857142857143,0.4761904761904762,0.7142857142857143
E00167049,283,262,15,13,2,3,0,3,3,92.57950530035336,5.30035335689046,4.593639575971731,0.7067137809187279,1.0600706713780919,0,1.0600706713780919,1.0600706713780919
E00188338,487,457,17,12,5,5,3,2,8,93.83983572895276,3.4907597535934287,2.4640657084188913,1.0266940451745379,1.0266940451745379,0.6160164271047228,0.41067761806981523,1.642710472279261
E00188341,216,206,4,1,3,3,2,1,3,95.37037037037037,1.8518518518518516,0.4629629629629629,1.3888888888888888,1.3888888888888888,0.9259259259259258,0.4629629629629629,1.3888888888888888
E00188342,269,256,9,6,3,3,2,1,1,95.16728624535315,3.3457249070631967,2.2304832713754648,1.1152416356877324,1.1152416356877324,0.7434944237918215,0.37174721189591076,0.37174721189591076
E00188346,371,336,22,14,8,9,4,5,4,90.56603773584906,5.929919137466308,3.7735849056603774,2.15633423180593,2.4258760107816713,1.078167115902965,1.3477088948787064,1.078167115902965
E00188347,274,264,6,6,0,2,0,2,2,96.35036496350365,2.18978102189781,2.18978102189781,0,0.7299270072992701,0,0.7299270072992701,0.7299270072992701
E00188349,375,356,12,9,3,2,1,1,5,94.93333333333334,3.2,2.4,0.8,0.5333333333333333,0.26666666666666666,0.26666666666666666,1.3333333333333335
E00188350,312,294,6,4,2,7,1,6,5,94.23076923076923,1.9230769230769231,1.282051282051282,0.641025641025641,2.2435897435897436,0.3205128205128205,1.9230769230769231,1.6025641025641024
E00188351,258,249,3,3,0,1,0,1,5,96.51162790697676,1.1627906976744187,1.1627906976744187,0,0.3875968992248062,0,0.3875968992248062,1.937984496124031
E00188355,242,224,11,7,4,1,0,1,6,92.56198347107438,4.545454545454546,2.8925619834710745,1.6528925619834711,0.4132231404958678,0,0.4132231404958678,2.479338842975207
E00188360,310,283,13,10,3,6,3,3,8,91.29032258064517,4.193548387096775,3.225806451612903,0.967741935483871,1.935483870967742,0.967741935483871,0.967741935483871,2.5806451612903225
E00188364,296,287,5,4,1,1,1,0,3,96.95945945945947,1.6891891891891893,1.3513513513513513,0.33783783783783783,0.33783783783783783,0.33783783783783783,0,1.0135135135135136
E00188366,260,252,5,4,1,1,0,1,2,96.92307692307692,1.9230769230769231,1.5384615384615385,0.38461538461538464,0.38461538461538464,0,0.38461538461538464,0.7692307692307693
E00188369,330,322,5,4,1,3,1,2,0,97.57575757575758,1.5151515151515151,1.2121212121212122,0.30303030303030304,0.9090909090909091,0.30303030303030304,0.6060606060606061,0
E00188370,222,213,8,8,0,0,0,0,1,95.94594594594594,3.6036036036036037,3.6036036036036037,0,0,0,0,0.45045045045045046
E00188371,286,268,8,8,0,6,4,2,4,93.7062937062937,2.797202797202797,2.797202797202797,0,2.097902097902098,1.3986013986013985,0.6993006993006993,1.3986013986013985
E00188374,262,259,0,0,0,3,2,1,0,98.85496183206108,0,0,0,1.1450381679389312,0.7633587786259541,0.38167938931297707,0
E00188379,318,306,3,3,0,2,1,1,7,96.22641509433963,0.9433962264150944,0.9433962264150944,0,0.628930817610063,0.3144654088050315,0.3144654088050315,2.20125786163522
E00188381,302,284,10,7,3,3,2,1,5,94.03973509933775,3.3112582781456954,2.3178807947019866,0.9933774834437087,0.9933774834437087,0.6622516556291391,0.33112582781456956,1.6556291390728477
E00188383,297,278,12,7,5,2,1,1,5,93.60269360269359,4.040404040404041,2.356902356902357,1.6835016835016834,0.6734006734006733,0.33670033670033667,0.33670033670033667,1.6835016835016834
E00188386,293,282,1,1,0,5,1,4,5,96.24573378839591,0.3412969283276451,0.3412969283276451,0,1.7064846416382253,0.3412969283276451,1.3651877133105803,1.7064846416382253
E00188387,323,313,4,2,2,2,0,2,4,96.90402476780186,1.238390092879257,0.6191950464396285,0.6191950464396285,0.6191950464396285,0,0.6191950464396285,1.238390092879257
E00188389,292,273,11,7,4,1,1,0,7,93.4931506849315,3.767123287671233,2.3972602739726026,1.36986301369863,0.3424657534246575,0.3424657534246575,0,2.3972602739726026
E00188390,289,278,5,5,0,3,1,2,3,96.19377162629758,1.7301038062283738,1.7301038062283738,0,1.0380622837370241,0.34602076124567477,0.6920415224913495,1.0380622837370241
E00188393,452,428,8,4,4,6,2,4,10,94.69026548672566,1.7699115044247788,0.8849557522123894,0.8849557522123894,1.3274336283185841,0.4424778761061947,0.8849557522123894,2.2123893805309733
E00188394,288,271,11,10,1,1,0,1,5,94.09722222222221,3.8194444444444446,3.4722222222222223,0.3472222222222222,0.3472222222222222,0,0.3472222222222222,1.7361111111111112
E00188395,311,307,4,3,1,0,0,0,0,98.71382636655949,1.2861736334405145,0.964630225080386,0.3215434083601286,0,0,0,0
E00188397,286,276,1,1,0,5,2,3,4,96.5034965034965,0.34965034965034963,0.34965034965034963,0,1.7482517482517483,0.6993006993006993,1.048951048951049,1.3986013986013985
E00188399,317,300,7,7,0,2,2,0,8,94.6372239747634,2.2082018927444795,2.2082018927444795,0,0.6309148264984227,0.6309148264984227,0,2.5236593059936907
E00188400,341,330,7,6,1,3,2,1,1,96.7741935483871,2.0527859237536656,1.7595307917888565,0.2932551319648094,0.8797653958944283,0.5865102639296188,0.2932551319648094,0.2932551319648094
E00188402,1703,1668,27,22,5,6,1,5,2,97.94480328831474,1.5854374633000587,1.291837933059307,0.2935995302407516,0.35231943628890194,0.05871990604815032,0.2935995302407516,0.11743981209630064
E00188404,290,272,12,11,1,3,0,3,3,93.79310344827586,4.137931034482759,3.793103448275862,0.3448275862068966,1.0344827586206897,0,1.0344827586206897,1.0344827586206897
E00188405,198,189,4,4,0,2,0,2,3,95.45454545454545,2.0202020202020203,2.0202020202020203,0,1.0101010101010102,0,1.0101010101010102,1.5151515151515151
E00188412,289,272,9,8,1,2,1,1,6,94.11764705882352,3.1141868512110724,2.768166089965398,0.34602076124567477,0.6920415224913495,0.34602076124567477,0.34602076124567477,2.0761245674740483
E00188415,276,250,4,3,1,7,2,5,15,90.57971014492753,1.4492753623188406,1.0869565217391304,0.36231884057971014,2.536231884057971,0.7246376811594203,1.8115942028985508,5.434782608695652
E00188417,286,272,8,5,3,3,2,1,3,95.1048951048951,2.797202797202797,1.7482517482517483,1.048951048951049,1.048951048951049,0.6993006993006993,0.34965034965034963,1.048951048951049
E00188419,312,300,6,6,0,2,1,1,4,96.15384615384616,1.9230769230769231,1.9230769230769231,0,0.641025641025641,0.3205128205128205,0.3205128205128205,1.282051282051282
E00188420,253,243,6,6,0,3,2,1,1,96.04743083003953,2.371541501976284,2.371541501976284,0,1.185770750988142,0.7905138339920948,0.3952569169960474,0.3952569169960474
E00188424,369,342,17,12,5,4,2,2,6,92.6829268292683,4.607046070460704,3.2520325203252036,1.3550135501355014,1.084010840108401,0.5420054200542005,0.5420054200542005,1.6260162601626018
E00188425,322,290,19,15,4,8,1,7,5,90.06211180124224,5.900621118012422,4.658385093167702,1.2422360248447204,2.484472049689441,0.3105590062111801,2.1739130434782608,1.5527950310559007
E00188426,318,307,6,3,3,2,0,2,3,96.54088050314465,1.8867924528301887,0.9433962264150944,0.9433962264150944,0.628930817610063,0,0.628930817610063,0.9433962264150944
E00188430,327,315,8,8,0,2,2,0,2,96.3302752293578,2.4464831804281344,2.4464831804281344,0,0.6116207951070336,0.6116207951070336,0,0.6116207951070336
E00188434,285,262,15,12,3,4,0,4,4,91.9298245614035,5.263157894736842,4.2105263157894735,1.0526315789473684,1.4035087719298245,0,1.4035087719298245,1.4035087719298245
E00188437,324,304,4,0,4,10,4,6,6,93.82716049382715,1.2345679012345678,0,1.2345679012345678,3.0864197530864197,1.2345679012345678,1.8518518518518516,1.8518518518518516
E00188440,262,245,12,10,2,3,1,2,2,93.51145038167938,4.580152671755725,3.816793893129771,0.7633587786259541,1.1450381679389312,0.38167938931297707,0.7633587786259541,0.7633587786259541
E00188445,292,275,13,10,3,1,0,1,3,94.17808219178082,4.4520547945205475,3.4246575342465753,1.0273972602739725,0.3424657534246575,0,0.3424657534246575,1.0273972602739725
E00188447,301,284,8,7,1,4,2,2,5,94.35215946843853,2.6578073089700998,2.3255813953488373,0.33222591362126247,1.3289036544850499,0.6644518272425249,0.6644518272425249,1.6611295681063125
E00188448,321,302,11,10,1,5,3,2,3,94.0809968847352,3.4267912772585665,3.115264797507788,0.3115264797507788,1.557632398753894,0.9345794392523363,0.6230529595015576,0.9345794392523363
E00188449,301,293,5,4,1,0,0,0,3,97.34219269102991,1.6611295681063125,1.3289036544850499,0.33222591362126247,0,0,0,0.9966777408637874
E00188451,339,336,2,1,1,0,0,0,1,99.11504424778761,0.5899705014749262,0.2949852507374631,0.2949852507374631,0,0,0,0.2949852507374631
E00188455,177,171,4,4,0,0,0,0,2,96.61016949152543,2.2598870056497176,2.2598870056497176,0,0,0,0,1.1299435028248588
E00188461,293,281,6,6,0,1,0,1,5,95.90443686006826,2.04778156996587,2.04778156996587,0,0.3412969283276451,0,0.3412969283276451,1.7064846416382253
E00188465,285,275,7,7,0,0,0,0,3,96.49122807017544,2.456140350877193,2.456140350877193,0,0,0,0,1.0526315789473684
E00188469,304,282,6,1,5,9,4,5,7,92.76315789473685,1.9736842105263157,0.3289473684210526,1.644736842105263,2.9605263157894735,1.3157894736842104,1.644736842105263,2.302631578947368
E00188472,241,233,6,5,1,0,0,0,2,96.6804979253112,2.4896265560165975,2.0746887966804977,0.4149377593360996,0,0,0,0.8298755186721992
E00188473,248,231,4,4,0,5,1,4,8,93.14516129032258,1.6129032258064515,1.6129032258064515,0,2.0161290322580645,0.4032258064516129,1.6129032258064515,3.225806451612903
E00188474,332,309,16,11,5,5,1,4,2,93.07228915662651,4.819277108433735,3.313253012048193,1.5060240963855422,1.5060240963855422,0.30120481927710846,1.2048192771084338,0.6024096385542169
E00188475,374,351,12,10,2,3,2,1,8,93.85026737967914,3.2085561497326207,2.6737967914438503,0.53475935828877,0.8021390374331552,0.53475935828877,0.267379679144385,2.13903743315508
E00188476,339,324,11,9,2,1,0,1,3,95.57522123893806,3.2448377581120944,2.6548672566371683,0.5899705014749262,0.2949852507374631,0,0.2949852507374631,0.8849557522123894
E00188477,117,108,5,2,3,1,1,0,3,92.3076923076923,4.273504273504273,1.7094017094017095,2.564102564102564,0.8547008547008548,0.8547008547008548,0,2.564102564102564
E00188479,325,308,8,6,2,5,2,3,4,94.76923076923077,2.4615384615384617,1.8461538461538463,0.6153846153846154,1.5384615384615385,0.6153846153846154,0.9230769230769231,1.2307692307692308
E00188481,329,312,11,6,5,1,0,1,5,94.83282674772036,3.343465045592705,1.82370820668693,1.5197568389057752,0.303951367781155,0,0.303951367781155,1.5197568389057752
E00188482,307,294,8,5,3,0,0,0,5,95.76547231270358,2.6058631921824107,1.6286644951140066,0.9771986970684038,0,0,0,1.6286644951140066
E00188486,305,288,8,6,2,8,2,6,1,94.42622950819673,2.622950819672131,1.9672131147540985,0.6557377049180327,2.622950819672131,0.6557377049180327,1.9672131147540985,0.32786885245901637
E00188490,327,304,10,7,3,3,2,1,10,92.96636085626912,3.058103975535168,2.1406727828746175,0.9174311926605505,0.9174311926605505,0.6116207951070336,0.3058103975535168,3.058103975535168
E00188493,338,315,13,12,1,2,1,1,8,93.19526627218934,3.8461538461538463,3.5502958579881656,0.2958579881656805,0.591715976331361,0.2958579881656805,0.2958579881656805,2.366863905325444
E00188497,263,248,11,9,2,0,0,0,4,94.29657794676805,4.182509505703422,3.4220532319391634,0.7604562737642585,0,0,0,1.520912547528517
E00188498,305,291,11,7,4,1,1,0,2,95.40983606557377,3.606557377049181,2.2950819672131146,1.3114754098360655,0.32786885245901637,0.32786885245901637,0,0.6557377049180327
E00188500,274,266,4,1,3,1,0,1,3,97.08029197080292,1.4598540145985401,0.36496350364963503,1.094890510948905,0.36496350364963503,0,0.36496350364963503,1.094890510948905
E00188502,291,273,11,10,1,5,2,3,2,93.81443298969072,3.7800687285223367,3.436426116838488,0.3436426116838488,1.718213058419244,0.6872852233676976,1.0309278350515463,0.6872852233676976
E00188503,285,267,13,8,5,3,2,1,2,93.6842105263158,4.56140350877193,2.807017543859649,1.7543859649122806,1.0526315789473684,0.7017543859649122,0.3508771929824561,0.7017543859649122
E00188508,290,276,6,3,3,4,4,0,4,95.17241379310344,2.0689655172413794,1.0344827586206897,1.0344827586206897,1.3793103448275863,1.3793103448275863,0,1.3793103448275863
E00188516,319,303,8,5,3,2,1,1,6,94.98432601880877,2.507836990595611,1.5673981191222568,0.9404388714733543,0.6269592476489028,0.3134796238244514,0.3134796238244514,1.8808777429467085
E00188517,228,215,9,7,2,2,1,1,2,94.2982456140351,3.9473684210526314,3.070175438596491,0.8771929824561403,0.8771929824561403,0.43859649122807015,0.43859649122807015,0.8771929824561403
E00188519,263,243,14,12,2,2,1,1,4,92.39543726235742,5.323193916349809,4.562737642585551,0.7604562737642585,0.7604562737642585,0.38022813688212925,0.38022813688212925,1.520912547528517
E00188523,378,350,15,12,3,7,7,0,6,92.5925925925926,3.968253968253968,3.1746031746031744,0.7936507936507936,1.8518518518518516,1.8518518518518516,0,1.5873015873015872
E00188525,378,355,13,10,3,3,1,2,7,93.91534391534393,3.439153439153439,2.6455026455026456,0.7936507936507936,0.7936507936507936,0.26455026455026454,0.5291005291005291,1.8518518518518516
E00188527,225,209,8,6,2,2,1,1,6,92.88888888888889,3.5555555555555554,2.666666666666667,0.8888888888888888,0.8888888888888888,0.4444444444444444,0.4444444444444444,2.666666666666667
E00188529,256,215,20,16,4,14,8,6,7,83.984375,7.8125,6.25,1.5625,5.46875,3.125,2.34375,2.734375
E00188530,317,301,3,1,2,5,1,4,8,94.95268138801262,0.9463722397476341,0.31545741324921134,0.6309148264984227,1.5772870662460567,0.31545741324921134,1.2618296529968454,2.5236593059936907
E00188531,315,291,16,12,4,2,0,2,6,92.38095238095238,5.079365079365079,3.8095238095238098,1.2698412698412698,0.6349206349206349,0,0.6349206349206349,1.9047619047619049
E00188533,166,161,2,1,1,1,1,0,2,96.98795180722891,1.2048192771084338,0.6024096385542169,0.6024096385542169,0.6024096385542169,0.6024096385542169,0,1.2048192771084338
E00188536,377,365,6,2,4,3,1,2,3,96.81697612732096,1.5915119363395225,0.5305039787798408,1.0610079575596816,0.7957559681697612,0.2652519893899204,0.5305039787798408,0.7957559681697612
E00188540,341,323,11,5,6,3,2,1,4,94.72140762463343,3.225806451612903,1.466275659824047,1.7595307917888565,0.8797653958944283,0.5865102639296188,0.2932551319648094,1.1730205278592376
