OA,ts0390001,ts0390002,ts0390003,ts0390004,ts0390005,ts0390006,ts0390007,ts0390008,ts0390009,ts0390002_PCT,ts0390003_PCT,ts0390004_PCT,ts0390005_PCT,ts0390006_PCT,ts0390007_PCT,ts0390008_PCT,ts0390009_PCT
E00161203,460,440,9,9,0,4,1,3,7,95.65217391304348,1.956521739130435,1.956521739130435,0,0.8695652173913043,0.21739130434782608,0.6521739130434783,1.5217391304347827
E00161204,327,305,11,9,2,5,3,2,6,93.27217125382263,3.3639143730886847,2.7522935779816518,0.6116207951070336,1.529051987767584,0.9174311926605505,0.6116207951070336,1.834862385321101
E00161205,342,315,20,15,5,0,0,0,7,92.10526315789474,5.847953216374268,4.385964912280701,1.461988304093567,0,0,0,2.046783625730994
E00161207,494,449,35,31,4,1,1,0,9,90.89068825910931,7.08502024291498,6.275303643724696,0.8097165991902834,0.20242914979757085,0.20242914979757085,0,1.8218623481781375
E00161208,319,287,21,15,6,4,4,0,7,89.96865203761756,6.583072100313479,4.702194357366771,1.8808777429467085,1.2539184952978055,1.2539184952978055,0,2.19435736677116
E00161209,324,300,21,18,3,1,1,0,2,92.5925925925926,6.481481481481481,5.555555555555555,0.9259259259259258,0.30864197530864196,0.30864197530864196,0,0.6172839506172839
E00161211,349,331,11,7,4,3,2,1,4,94.84240687679083,3.151862464183381,2.005730659025788,1.146131805157593,0.8595988538681949,0.5730659025787965,0.28653295128939826,1.146131805157593
E00161214,286,266,13,12,1,2,1,1,5,93.00699300699301,4.545454545454546,4.195804195804196,0.34965034965034963,0.6993006993006993,0.34965034965034963,0.34965034965034963,1.7482517482517483
E00161215,505,457,28,24,4,8,5,3,12,90.4950495049505,5.544554455445545,4.752475247524752,0.7920792079207921,1.5841584158415842,0.9900990099009901,0.594059405940594,2.376237623762376
E00161217,403,340,43,34,9,10,5,5,10,84.36724565756823,10.669975186104217,8.436724565756824,2.2332506203473943,2.481389578163772,1.240694789081886,1.240694789081886,2.481389578163772
E00161219,328,302,12,6,6,8,3,5,6,92.07317073170732,3.6585365853658534,1.8292682926829267,1.8292682926829267,2.4390243902439024,0.9146341463414633,1.524390243902439,1.8292682926829267
E00161220,305,275,14,11,3,5,1,4,11,90.1639344262295,4.590163934426229,3.606557377049181,0.9836065573770493,1.639344262295082,0.32786885245901637,1.3114754098360655,3.606557377049181
E00161221,306,285,10,7,3,1,1,0,10,93.13725490196079,3.2679738562091507,2.287581699346405,0.9803921568627451,0.32679738562091504,0.32679738562091504,0,3.2679738562091507
E00161222,242,219,13,8,5,4,2,2,6,90.49586776859503,5.371900826446281,3.3057851239669422,2.066115702479339,1.6528925619834711,0.8264462809917356,0.8264462809917356,2.479338842975207
E00161223,294,260,18,16,2,5,2,3,11,88.43537414965986,6.122448979591836,5.442176870748299,0.6802721088435374,1.7006802721088436,0.6802721088435374,1.0204081632653061,3.741496598639456
E00161224,350,312,14,11,3,7,6,1,17,89.14285714285714,4,3.1428571428571432,0.8571428571428572,2,1.7142857142857144,0.2857142857142857,4.857142857142857
E00161225,271,243,19,11,8,3,2,1,6,89.66789667896678,7.011070110701106,4.059040590405904,2.952029520295203,1.107011070110701,0.7380073800738007,0.36900369003690037,2.214022140221402
E00161226,333,302,26,18,8,1,0,1,4,90.69069069069069,7.807807807807808,5.405405405405405,2.4024024024024024,0.3003003003003003,0,0.3003003003003003,1.2012012012012012
E00161228,292,268,15,14,1,3,1,2,6,91.78082191780823,5.136986301369863,4.794520547945205,0.3424657534246575,1.0273972602739725,0.3424657534246575,0.684931506849315,2.054794520547945
E00161229,234,214,16,14,2,1,1,0,3,91.45299145299145,6.837606837606838,5.982905982905983,0.8547008547008548,0.4273504273504274,0.4273504273504274,0,1.282051282051282
E00161230,209,190,14,12,2,2,1,1,3,90.9090909090909,6.698564593301436,5.741626794258373,0.9569377990430622,0.9569377990430622,0.4784688995215311,0.4784688995215311,1.4354066985645932
E00161231,210,186,13,12,1,3,2,1,8,88.57142857142857,6.190476190476191,5.714285714285714,0.4761904761904762,1.4285714285714286,0.9523809523809524,0.4761904761904762,3.8095238095238098
E00161232,211,185,16,12,4,3,0,3,7,87.67772511848341,7.5829383886255926,5.687203791469194,1.8957345971563981,1.4218009478672986,0,1.4218009478672986,3.3175355450236967
E00161233,333,298,11,7,4,7,3,4,17,89.4894894894895,3.303303303303303,2.1021021021021022,1.2012012012012012,2.1021021021021022,0.9009009009009009,1.2012012012012012,5.105105105105105
E00161234,385,338,27,24,3,5,1,4,15,87.79220779220779,7.012987012987012,6.233766233766234,0.7792207792207793,1.2987012987012987,0.2597402597402597,1.0389610389610389,3.896103896103896
E00161235,331,295,27,23,4,4,0,4,5,89.12386706948641,8.157099697885197,6.948640483383686,1.2084592145015105,1.2084592145015105,0,1.2084592145015105,1.5105740181268883
E00161236,294,267,17,13,4,6,2,4,4,90.81632653061224,5.782312925170068,4.421768707482993,1.3605442176870748,2.0408163265306123,0.6802721088435374,1.3605442176870748,1.3605442176870748
E00161237,367,333,24,16,8,4,1,3,6,90.73569482288828,6.539509536784741,4.35967302452316,2.17983651226158,1.08991825613079,0.2724795640326975,0.8174386920980926,1.6348773841961852
E00161238,230,210,12,10,2,5,4,1,3,91.30434782608695,5.217391304347826,4.3478260869565215,0.8695652173913043,2.1739130434782608,1.7391304347826086,0.43478260869565216,1.3043478260869565
E00161239,271,242,14,14,0,7,1,6,8,89.2988929889299,5.166051660516605,5.166051660516605,0,2.5830258302583027,0.36900369003690037,2.214022140221402,2.952029520295203
E00161240,305,268,28,19,9,3,2,1,6,87.8688524590164,9.180327868852459,6.229508196721312,2.9508196721311477,0.9836065573770493,0.6557377049180327,0.32786885245901637,1.9672131147540985
E00161241,359,323,21,15,6,6,4,2,9,89.97214484679665,5.8495821727019495,4.178272980501393,1.6713091922005572,1.6713091922005572,1.1142061281337048,0.5571030640668524,2.5069637883008355
E00161242,276,235,30,22,8,4,4,0,7,85.14492753623189,10.869565217391305,7.971014492753622,2.898550724637681,1.4492753623188406,1.4492753623188406,0,2.536231884057971
E00161243,259,235,17,13,4,1,1,0,6,90.73359073359073,6.563706563706563,5.019305019305019,1.5444015444015444,0.3861003861003861,0.3861003861003861,0,2.3166023166023164
E00161244,262,232,22,16,6,5,3,2,3,88.54961832061069,8.396946564885496,6.106870229007633,2.2900763358778624,1.9083969465648856,1.1450381679389312,0.7633587786259541,1.1450381679389312
E00161245,278,253,14,11,3,4,4,0,7,91.00719424460432,5.0359712230215825,3.9568345323741005,1.079136690647482,1.4388489208633095,1.4388489208633095,0,2.5179856115107913
E00161248,332,306,18,17,1,2,2,0,6,92.16867469879519,5.421686746987952,5.120481927710843,0.30120481927710846,0.6024096385542169,0.6024096385542169,0,1.8072289156626504
E00161249,251,237,11,8,3,1,1,0,2,94.42231075697211,4.382470119521913,3.187250996015936,1.1952191235059761,0.398406374501992,0.398406374501992,0,0.796812749003984
E00161250,266,242,11,6,5,6,2,4,7,90.97744360902256,4.135338345864661,2.2556390977443606,1.8796992481203008,2.2556390977443606,0.7518796992481203,1.5037593984962405,2.631578947368421
E00161251,310,278,18,16,2,6,2,4,8,89.6774193548387,5.806451612903226,5.161290322580645,0.6451612903225806,1.935483870967742,0.6451612903225806,1.2903225806451613,2.5806451612903225
E00161252,308,287,14,12,2,1,0,1,6,93.18181818181817,4.545454545454546,3.896103896103896,0.6493506493506493,0.3246753246753247,0,0.3246753246753247,1.948051948051948
E00161253,302,271,12,10,2,7,4,3,12,89.73509933774835,3.9735099337748347,3.3112582781456954,0.6622516556291391,2.3178807947019866,1.3245033112582782,0.9933774834437087,3.9735099337748347
E00161254,239,220,11,10,1,3,1,2,5,92.05020920502092,4.602510460251046,4.184100418410042,0.41841004184100417,1.2552301255230125,0.41841004184100417,0.8368200836820083,2.092050209205021
E00161255,271,252,13,13,0,4,3,1,2,92.98892988929889,4.797047970479705,4.797047970479705,0,1.4760147601476015,1.107011070110701,0.36900369003690037,0.7380073800738007
E00161256,286,266,16,12,4,1,0,1,3,93.00699300699301,5.594405594405594,4.195804195804196,1.3986013986013985,0.34965034965034963,0,0.34965034965034963,1.048951048951049
E00161257,333,299,21,16,5,10,4,6,3,89.7897897897898,6.306306306306306,4.804804804804805,1.5015015015015014,3.003003003003003,1.2012012012012012,1.8018018018018018,0.9009009009009009
E00161258,354,336,9,7,2,2,2,0,7,94.91525423728814,2.5423728813559325,1.977401129943503,0.5649717514124294,0.5649717514124294,0.5649717514124294,0,1.977401129943503
E00161259,364,340,16,12,4,4,1,3,4,93.4065934065934,4.395604395604396,3.296703296703297,1.098901098901099,1.098901098901099,0.27472527472527475,0.8241758241758242,1.098901098901099
E00161260,567,525,19,14,5,9,7,2,14,92.5925925925926,3.3509700176366843,2.4691358024691357,0.8818342151675485,1.5873015873015872,1.2345679012345678,0.3527336860670194,2.4691358024691357
E00161261,325,301,11,7,4,9,2,7,4,92.61538461538461,3.3846153846153846,2.1538461538461537,1.2307692307692308,2.769230769230769,0.6153846153846154,2.1538461538461537,1.2307692307692308
E00161262,334,312,16,14,2,5,3,2,1,93.41317365269461,4.790419161676647,4.191616766467066,0.5988023952095809,1.4970059880239521,0.8982035928143712,0.5988023952095809,0.29940119760479045
E00161263,360,300,37,27,10,1,0,1,22,83.33333333333334,10.277777777777777,7.5,2.7777777777777777,0.2777777777777778,0,0.2777777777777778,6.111111111111111
E00161264,510,470,31,24,7,2,0,2,7,92.15686274509804,6.078431372549019,4.705882352941177,1.3725490196078431,0.39215686274509803,0,0.39215686274509803,1.3725490196078431
E00161265,409,382,20,15,5,4,1,3,3,93.39853300733496,4.88997555012225,3.6674816625916873,1.2224938875305624,0.9779951100244498,0.24449877750611246,0.7334963325183375,0.7334963325183375
E00161266,379,354,16,13,3,3,1,2,6,93.40369393139841,4.221635883905013,3.430079155672823,0.79155672823219,0.79155672823219,0.2638522427440633,0.5277044854881267,1.58311345646438
E00161268,312,287,14,7,7,7,4,3,4,91.98717948717949,4.487179487179487,2.2435897435897436,2.2435897435897436,2.2435897435897436,1.282051282051282,0.9615384615384616,1.282051282051282
E00161269,294,273,14,11,3,1,0,1,6,92.85714285714286,4.761904761904762,3.741496598639456,1.0204081632653061,0.3401360544217687,0,0.3401360544217687,2.0408163265306123
E00161270,308,277,21,18,3,1,1,0,9,89.93506493506493,6.8181818181818175,5.844155844155844,0.974025974025974,0.3246753246753247,0.3246753246753247,0,2.922077922077922
E00161271,272,247,12,8,4,2,2,0,11,90.80882352941177,4.411764705882353,2.941176470588235,1.4705882352941175,0.7352941176470588,0.7352941176470588,0,4.044117647058823
E00161272,313,285,23,19,4,1,0,1,4,91.05431309904152,7.348242811501597,6.070287539936102,1.2779552715654952,0.3194888178913738,0,0.3194888178913738,1.2779552715654952
E00161273,290,264,19,12,7,2,1,1,5,91.0344827586207,6.551724137931035,4.137931034482759,2.413793103448276,0.6896551724137931,0.3448275862068966,0.3448275862068966,1.7241379310344827
E00161274,259,238,17,11,6,4,3,1,0,91.8918918918919,6.563706563706563,4.247104247104247,2.3166023166023164,1.5444015444015444,1.1583011583011582,0.3861003861003861,0
E00161275,291,269,11,8,3,1,1,0,10,92.43986254295532,3.7800687285223367,2.7491408934707904,1.0309278350515463,0.3436426116838488,0.3436426116838488,0,3.436426116838488
E00161276,264,247,10,7,3,1,1,0,6,93.56060606060606,3.787878787878788,2.6515151515151514,1.1363636363636365,0.3787878787878788,0.3787878787878788,0,2.272727272727273
E00161277,306,279,18,13,5,0,0,0,9,91.17647058823529,5.88235294117647,4.248366013071895,1.6339869281045754,0,0,0,2.941176470588235
E00161278,237,215,7,6,1,5,4,1,10,90.71729957805907,2.9535864978902953,2.5316455696202533,0.42194092827004215,2.109704641350211,1.6877637130801686,0.42194092827004215,4.219409282700422
E00161279,216,198,10,10,0,4,0,4,4,91.66666666666666,4.62962962962963,4.62962962962963,0,1.8518518518518516,0,1.8518518518518516,1.8518518518518516
E00161280,209,190,9,9,0,5,2,3,5,90.9090909090909,4.30622009569378,4.30622009569378,0,2.3923444976076556,0.9569377990430622,1.4354066985645932,2.3923444976076556
E00161281,275,241,11,9,2,13,5,8,10,87.63636363636364,4,3.272727272727273,0.7272727272727273,4.7272727272727275,1.8181818181818181,2.909090909090909,3.6363636363636362
E00161282,275,249,17,14,3,6,4,2,3,90.54545454545455,6.181818181818182,5.090909090909091,1.090909090909091,2.181818181818182,1.4545454545454546,0.7272727272727273,1.090909090909091
E00161283,213,194,13,11,2,4,1,3,2,91.07981220657277,6.103286384976526,5.164319248826291,0.9389671361502347,1.8779342723004695,0.4694835680751174,1.4084507042253522,0.9389671361502347
E00161284,328,296,19,15,4,1,0,1,12,90.2439024390244,5.7926829268292686,4.573170731707317,1.2195121951219512,0.3048780487804878,0,0.3048780487804878,3.6585365853658534
E00161285,266,253,9,6,3,1,1,0,3,95.11278195488721,3.3834586466165413,2.2556390977443606,1.1278195488721803,0.37593984962406013,0.37593984962406013,0,1.1278195488721803
E00161286,344,320,16,14,2,2,1,1,6,93.02325581395348,4.651162790697675,4.069767441860465,0.5813953488372093,0.5813953488372093,0.29069767441860467,0.29069767441860467,1.744186046511628
E00161287,276,241,21,18,3,4,0,4,10,87.31884057971014,7.608695652173914,6.521739130434782,1.0869565217391304,1.4492753623188406,0,1.4492753623188406,3.6231884057971016
E00161288,287,264,17,13,4,1,1,0,5,91.98606271777004,5.923344947735192,4.529616724738676,1.3937282229965158,0.34843205574912894,0.34843205574912894,0,1.7421602787456445
E00161289,551,509,27,24,3,5,4,1,10,92.37749546279493,4.900181488203267,4.3557168784029034,0.5444646098003629,0.9074410163339384,0.7259528130671506,0.18148820326678766,1.8148820326678767
E00161290,386,352,17,16,1,8,4,4,9,91.19170984455958,4.404145077720207,4.145077720207254,0.2590673575129534,2.072538860103627,1.0362694300518136,1.0362694300518136,2.33160621761658
E00161291,309,288,9,7,2,4,4,0,8,93.20388349514563,2.912621359223301,2.26537216828479,0.6472491909385114,1.2944983818770228,1.2944983818770228,0,2.5889967637540456
E00161292,229,209,10,7,3,2,1,1,8,91.26637554585153,4.366812227074235,3.056768558951965,1.3100436681222707,0.8733624454148471,0.43668122270742354,0.43668122270742354,3.4934497816593884
E00161293,371,324,29,25,4,9,3,6,9,87.33153638814017,7.816711590296496,6.738544474393531,1.078167115902965,2.4258760107816713,0.8086253369272237,1.6172506738544474,2.4258760107816713
E00161294,302,271,14,12,2,7,7,0,10,89.73509933774835,4.635761589403973,3.9735099337748347,0.6622516556291391,2.3178807947019866,2.3178807947019866,0,3.3112582781456954
E00161295,241,226,6,6,0,2,1,1,7,93.7759336099585,2.4896265560165975,2.4896265560165975,0,0.8298755186721992,0.4149377593360996,0.4149377593360996,2.904564315352697
E00161296,285,256,13,9,4,3,2,1,13,89.82456140350877,4.56140350877193,3.1578947368421053,1.4035087719298245,1.0526315789473684,0.7017543859649122,0.3508771929824561,4.56140350877193
E00161297,277,256,12,8,4,3,2,1,6,92.4187725631769,4.332129963898916,2.888086642599278,1.444043321299639,1.083032490974729,0.7220216606498195,0.36101083032490977,2.166064981949458
E00161298,317,288,17,14,3,4,3,1,8,90.85173501577287,5.3627760252365935,4.416403785488959,0.9463722397476341,1.2618296529968454,0.9463722397476341,0.31545741324921134,2.5236593059936907
E00161299,263,244,12,11,1,3,3,0,4,92.77566539923954,4.562737642585551,4.182509505703422,0.38022813688212925,1.1406844106463878,1.1406844106463878,0,1.520912547528517
E00161300,321,290,22,18,4,3,0,3,6,90.34267912772586,6.853582554517133,5.607476635514018,1.2461059190031152,0.9345794392523363,0,0.9345794392523363,1.8691588785046727
E00161301,410,375,19,11,8,10,6,4,6,91.46341463414635,4.634146341463414,2.682926829268293,1.951219512195122,2.4390243902439024,1.4634146341463417,0.975609756097561,1.4634146341463417
E00161302,195,178,10,10,0,1,0,1,6,91.28205128205128,5.128205128205128,5.128205128205128,0,0.5128205128205128,0,0.5128205128205128,3.076923076923077
E00161303,286,263,9,5,4,10,4,6,4,91.95804195804196,3.146853146853147,1.7482517482517483,1.3986013986013985,3.4965034965034967,1.3986013986013985,2.097902097902098,1.3986013986013985
E00161304,371,324,23,21,2,12,10,2,12,87.33153638814017,6.199460916442049,5.660377358490567,0.5390835579514826,3.234501347708895,2.6954177897574128,0.5390835579514826,3.234501347708895
E00161305,250,222,18,11,7,4,3,1,6,88.8,7.199999999999999,4.3999999999999995,2.8000000000000003,1.6,1.2,0.4,2.4
E00161306,426,394,12,9,3,6,3,3,14,92.48826291079813,2.8169014084507045,2.112676056338028,0.7042253521126761,1.4084507042253522,0.7042253521126761,0.7042253521126761,3.286384976525822
E00161307,331,299,21,19,2,2,0,2,9,90.33232628398792,6.3444108761329305,5.740181268882175,0.6042296072507553,0.6042296072507553,0,0.6042296072507553,2.719033232628399
E00161309,258,243,10,9,1,0,0,0,5,94.18604651162791,3.875968992248062,3.488372093023256,0.3875968992248062,0,0,0,1.937984496124031
E00161310,268,245,15,13,2,5,2,3,3,91.4179104477612,5.597014925373134,4.850746268656716,0.7462686567164178,1.8656716417910446,0.7462686567164178,1.1194029850746268,1.1194029850746268
E00161311,296,273,14,9,5,3,2,1,6,92.22972972972973,4.72972972972973,3.040540540540541,1.6891891891891893,1.0135135135135136,0.6756756756756757,0.33783783783783783,2.027027027027027
E00161312,355,312,25,17,8,5,2,3,13,87.88732394366198,7.042253521126761,4.788732394366197,2.2535211267605635,1.4084507042253522,0.5633802816901409,0.8450704225352111,3.6619718309859155
E00161313,298,267,24,18,6,2,2,0,5,89.59731543624162,8.053691275167784,6.0402684563758395,2.013422818791946,0.6711409395973155,0.6711409395973155,0,1.6778523489932886
E00161314,399,370,20,16,4,2,2,0,7,92.73182957393483,5.012531328320802,4.010025062656641,1.0025062656641603,0.5012531328320802,0.5012531328320802,0,1.7543859649122806
E00161315,275,256,15,10,5,3,3,0,1,93.0909090909091,5.454545454545454,3.6363636363636362,1.8181818181818181,1.090909090909091,1.090909090909091,0,0.36363636363636365
E00161316,251,222,18,11,7,4,1,3,7,88.44621513944223,7.171314741035857,4.382470119521913,2.788844621513944,1.593625498007968,0.398406374501992,1.1952191235059761,2.788844621513944
E00161317,309,286,20,18,2,0,0,0,3,92.55663430420712,6.472491909385113,5.825242718446602,0.6472491909385114,0,0,0,0.9708737864077669
E00161319,350,317,20,18,2,3,3,0,10,90.57142857142857,5.714285714285714,5.142857142857142,0.5714285714285714,0.8571428571428572,0.8571428571428572,0,2.857142857142857
E00161320,371,332,24,20,4,5,4,1,10,89.4878706199461,6.46900269541779,5.3908355795148255,1.078167115902965,1.3477088948787064,1.078167115902965,0.2695417789757413,2.6954177897574128
E00161321,321,290,21,13,8,4,4,0,6,90.34267912772586,6.5420560747663545,4.049844236760125,2.4922118380062304,1.2461059190031152,1.2461059190031152,0,1.8691588785046727
E00161322,278,249,23,20,3,2,1,1,4,89.568345323741,8.273381294964029,7.1942446043165464,1.079136690647482,0.7194244604316548,0.3597122302158274,0.3597122302158274,1.4388489208633095
E00161323,328,307,13,11,2,4,3,1,4,93.59756097560977,3.9634146341463414,3.353658536585366,0.6097560975609756,1.2195121951219512,0.9146341463414633,0.3048780487804878,1.2195121951219512
E00161324,324,292,23,18,5,2,1,1,7,90.12345679012346,7.098765432098765,5.555555555555555,1.5432098765432098,0.6172839506172839,0.30864197530864196,0.30864197530864196,2.1604938271604937
E00161325,262,239,13,11,2,5,5,0,5,91.22137404580153,4.961832061068702,4.198473282442748,0.7633587786259541,1.9083969465648856,1.9083969465648856,0,1.9083969465648856
E00161326,302,267,23,18,5,5,1,4,7,88.41059602649007,7.6158940397351,5.960264900662252,1.6556291390728477,1.6556291390728477,0.33112582781456956,1.3245033112582782,2.3178807947019866
E00161327,241,216,17,12,5,4,3,1,4,89.62655601659752,7.053941908713693,4.979253112033195,2.0746887966804977,1.6597510373443984,1.2448132780082988,0.4149377593360996,1.6597510373443984
E00161328,270,239,18,11,7,6,3,3,7,88.51851851851852,6.666666666666667,4.074074074074074,2.5925925925925926,2.2222222222222223,1.1111111111111112,1.1111111111111112,2.5925925925925926
E00161330,417,376,16,14,2,9,0,9,16,90.16786570743405,3.8369304556354913,3.357314148681055,0.4796163069544364,2.158273381294964,0,2.158273381294964,3.8369304556354913
E00161331,315,292,12,8,4,5,3,2,6,92.6984126984127,3.8095238095238098,2.5396825396825395,1.2698412698412698,1.5873015873015872,0.9523809523809524,0.6349206349206349,1.9047619047619049
E00161332,290,270,13,10,3,4,1,3,3,93.10344827586206,4.482758620689655,3.4482758620689653,1.0344827586206897,1.3793103448275863,0.3448275862068966,1.0344827586206897,1.0344827586206897
E00161333,228,204,17,15,2,1,0,1,6,89.47368421052632,7.456140350877193,6.578947368421052,0.8771929824561403,0.43859649122807015,0,0.43859649122807015,2.631578947368421
E00161334,250,229,12,9,3,6,2,4,3,91.60000000000001,4.8,3.5999999999999996,1.2,2.4,0.8,1.6,1.2
E00161335,213,205,3,3,0,1,0,1,4,96.24413145539906,1.4084507042253522,1.4084507042253522,0,0.4694835680751174,0,0.4694835680751174,1.8779342723004695
E00161336,313,282,18,15,3,5,2,3,8,90.09584664536742,5.7507987220447285,4.792332268370607,0.9584664536741214,1.5974440894568689,0.6389776357827476,0.9584664536741214,2.5559105431309903
E00161338,279,268,8,6,2,2,2,0,1,96.05734767025089,2.867383512544803,2.1505376344086025,0.7168458781362007,0.7168458781362007,0.7168458781362007,0,0.35842293906810035
E00161339,421,387,21,17,4,5,5,0,8,91.92399049881234,4.98812351543943,4.038004750593824,0.9501187648456058,1.187648456057007,1.187648456057007,0,1.9002375296912115
E00161340,275,245,17,12,5,7,5,2,6,89.0909090909091,6.181818181818182,4.363636363636364,1.8181818181818181,2.5454545454545454,1.8181818181818181,0.7272727272727273,2.181818181818182
E00161341,274,243,16,13,3,6,3,3,9,88.6861313868613,5.839416058394161,4.744525547445255,1.094890510948905,2.18978102189781,1.094890510948905,1.094890510948905,3.2846715328467155
E00161342,260,240,9,5,4,7,3,4,4,92.3076923076923,3.4615384615384617,1.9230769230769231,1.5384615384615385,2.6923076923076925,1.153846153846154,1.5384615384615385,1.5384615384615385
E00161343,378,334,34,31,3,5,2,3,5,88.35978835978835,8.994708994708994,8.201058201058201,0.7936507936507936,1.3227513227513228,0.5291005291005291,0.7936507936507936,1.3227513227513228
E00161344,255,242,5,4,1,1,1,0,7,94.90196078431372,1.9607843137254901,1.5686274509803921,0.39215686274509803,0.39215686274509803,0.39215686274509803,0,2.7450980392156863
E00161345,328,302,9,8,1,7,2,5,10,92.07317073170732,2.7439024390243905,2.4390243902439024,0.3048780487804878,2.1341463414634148,0.6097560975609756,1.524390243902439,3.048780487804878
E00161346,247,226,16,13,3,1,0,1,4,91.49797570850203,6.477732793522267,5.263157894736842,1.214574898785425,0.4048582995951417,0,0.4048582995951417,1.6194331983805668
E00161347,304,283,9,8,1,1,1,0,11,93.0921052631579,2.9605263157894735,2.631578947368421,0.3289473684210526,0.3289473684210526,0.3289473684210526,0,3.618421052631579
E00161349,264,238,19,16,3,3,3,0,4,90.15151515151516,7.196969696969697,6.0606060606060606,1.1363636363636365,1.1363636363636365,1.1363636363636365,0,1.5151515151515151
E00161350,265,236,15,12,3,1,0,1,13,89.05660377358491,5.660377358490567,4.528301886792453,1.1320754716981132,0.37735849056603776,0,0.37735849056603776,4.905660377358491
E00161351,277,255,16,15,1,1,1,0,5,92.05776173285199,5.776173285198556,5.415162454873646,0.36101083032490977,0.36101083032490977,0.36101083032490977,0,1.8050541516245486
E00161352,308,274,23,23,0,5,2,3,6,88.96103896103897,7.467532467532467,7.467532467532467,0,1.6233766233766231,0.6493506493506493,0.974025974025974,1.948051948051948
E00161354,364,337,15,14,1,4,2,2,8,92.58241758241759,4.1208791208791204,3.8461538461538463,0.27472527472527475,1.098901098901099,0.5494505494505495,0.5494505494505495,2.197802197802198
E00161355,275,247,13,9,4,6,3,3,9,89.81818181818181,4.7272727272727275,3.272727272727273,1.4545454545454546,2.181818181818182,1.090909090909091,1.090909090909091,3.272727272727273
E00161357,149,132,6,4,2,6,3,3,5,88.59060402684564,4.026845637583892,2.684563758389262,1.342281879194631,4.026845637583892,2.013422818791946,2.013422818791946,3.3557046979865772
E00161358,331,307,18,17,1,3,2,1,3,92.74924471299094,5.438066465256798,5.13595166163142,0.3021148036253776,0.906344410876133,0.6042296072507553,0.3021148036253776,0.906344410876133
E00161359,327,302,16,14,2,3,1,2,6,92.35474006116208,4.892966360856269,4.281345565749235,0.6116207951070336,0.9174311926605505,0.3058103975535168,0.6116207951070336,1.834862385321101
E00161360,350,313,20,14,6,4,2,2,13,89.42857142857143,5.714285714285714,4,1.7142857142857144,1.1428571428571428,0.5714285714285714,0.5714285714285714,3.7142857142857144
E00161361,255,221,15,11,4,7,1,6,12,86.66666666666667,5.88235294117647,4.313725490196078,1.5686274509803921,2.7450980392156863,0.39215686274509803,2.3529411764705883,4.705882352941177
E00161363,406,375,19,14,5,2,0,2,10,92.36453201970444,4.679802955665025,3.4482758620689653,1.2315270935960592,0.49261083743842365,0,0.49261083743842365,2.4630541871921183
E00161364,417,380,29,22,7,2,0,2,6,91.12709832134293,6.954436450839328,5.275779376498801,1.6786570743405276,0.4796163069544364,0,0.4796163069544364,1.4388489208633095
E00161365,232,202,15,15,0,6,4,2,9,87.06896551724138,6.4655172413793105,6.4655172413793105,0,2.586206896551724,1.7241379310344827,0.8620689655172413,3.8793103448275863
E00161366,267,239,11,7,4,11,6,5,6,89.51310861423221,4.119850187265917,2.6217228464419478,1.4981273408239701,4.119850187265917,2.247191011235955,1.8726591760299627,2.247191011235955
E00161367,225,196,15,14,1,5,2,3,9,87.1111111111111,6.666666666666667,6.222222222222222,0.4444444444444444,2.2222222222222223,0.8888888888888888,1.3333333333333335,4
E00161368,293,271,13,12,1,4,0,4,5,92.4914675767918,4.436860068259386,4.09556313993174,0.3412969283276451,1.3651877133105803,0,1.3651877133105803,1.7064846416382253
E00161369,248,221,20,14,6,1,0,1,6,89.11290322580645,8.064516129032258,5.64516129032258,2.4193548387096775,0.4032258064516129,0,0.4032258064516129,2.4193548387096775
E00161370,199,174,11,10,1,5,1,4,9,87.43718592964824,5.527638190954774,5.025125628140704,0.5025125628140703,2.512562814070352,0.5025125628140703,2.0100502512562812,4.522613065326634
E00161371,278,253,11,7,4,4,4,0,10,91.00719424460432,3.9568345323741005,2.5179856115107913,1.4388489208633095,1.4388489208633095,1.4388489208633095,0,3.5971223021582732
E00161373,242,222,9,7,2,4,3,1,7,91.73553719008265,3.71900826446281,2.8925619834710745,0.8264462809917356,1.6528925619834711,1.2396694214876034,0.4132231404958678,2.8925619834710745
E00161374,285,249,22,14,8,6,3,3,8,87.36842105263159,7.719298245614035,4.912280701754386,2.807017543859649,2.1052631578947367,1.0526315789473684,1.0526315789473684,2.807017543859649
E00161375,236,215,10,6,4,5,2,3,6,91.10169491525424,4.23728813559322,2.5423728813559325,1.694915254237288,2.11864406779661,0.847457627118644,1.2711864406779663,2.5423728813559325
E00161376,302,283,13,9,4,1,1,0,5,93.70860927152319,4.304635761589404,2.980132450331126,1.3245033112582782,0.33112582781456956,0.33112582781456956,0,1.6556291390728477
E00161377,403,370,16,12,4,6,4,2,11,91.81141439205956,3.970223325062035,2.977667493796526,0.9925558312655087,1.488833746898263,0.9925558312655087,0.49627791563275436,2.729528535980149
E00161378,409,397,8,4,4,1,0,1,3,97.06601466992664,1.9559902200488997,0.9779951100244498,0.9779951100244498,0.24449877750611246,0,0.24449877750611246,0.7334963325183375
E00161379,328,301,18,14,4,5,1,4,4,91.76829268292683,5.487804878048781,4.2682926829268295,1.2195121951219512,1.524390243902439,0.3048780487804878,1.2195121951219512,1.2195121951219512
E00161380,225,207,13,11,2,2,0,2,3,92,5.777777777777778,4.888888888888889,0.8888888888888888,0.8888888888888888,0,0.8888888888888888,1.3333333333333335
E00161381,320,285,23,17,6,5,3,2,7,89.0625,7.187499999999999,5.3125,1.875,1.5625,0.9375,0.625,2.1875
E00161382,224,204,12,10,2,4,2,2,4,91.07142857142857,5.357142857142857,4.464285714285714,0.8928571428571428,1.7857142857142856,0.8928571428571428,0.8928571428571428,1.7857142857142856
E00161383,304,287,8,7,1,3,2,1,6,94.4078947368421,2.631578947368421,2.302631578947368,0.3289473684210526,0.9868421052631579,0.6578947368421052,0.3289473684210526,1.9736842105263157
E00161384,369,330,9,6,3,12,6,6,18,89.43089430894308,2.4390243902439024,1.6260162601626018,0.8130081300813009,3.2520325203252036,1.6260162601626018,1.6260162601626018,4.878048780487805
E00161385,214,195,11,5,6,4,3,1,4,91.1214953271028,5.14018691588785,2.336448598130841,2.803738317757009,1.8691588785046727,1.4018691588785046,0.46728971962616817,1.8691588785046727
E00161386,353,319,17,15,2,9,5,4,8,90.36827195467421,4.815864022662889,4.2492917847025495,0.56657223796034,2.5495750708215295,1.41643059490085,1.13314447592068,2.26628895184136
E00161387,246,230,9,6,3,2,0,2,5,93.4959349593496,3.6585365853658534,2.4390243902439024,1.2195121951219512,0.8130081300813009,0,0.8130081300813009,2.0325203252032518
E00161388,472,442,22,22,0,3,1,2,5,93.64406779661016,4.661016949152542,4.661016949152542,0,0.6355932203389831,0.211864406779661,0.423728813559322,1.059322033898305
E00161389,525,489,16,10,6,12,5,7,8,93.14285714285714,3.0476190476190474,1.9047619047619049,1.1428571428571428,2.2857142857142856,0.9523809523809524,1.3333333333333335,1.5238095238095237
E00161390,277,262,11,8,3,2,1,1,2,94.58483754512635,3.9711191335740073,2.888086642599278,1.083032490974729,0.7220216606498195,0.36101083032490977,0.36101083032490977,0.7220216606498195
E00161391,290,270,12,9,3,5,2,3,3,93.10344827586206,4.137931034482759,3.103448275862069,1.0344827586206897,1.7241379310344827,0.6896551724137931,1.0344827586206897,1.0344827586206897
E00161392,332,310,16,10,6,4,1,3,2,93.37349397590361,4.819277108433735,3.0120481927710845,1.8072289156626504,1.2048192771084338,0.30120481927710846,0.9036144578313252,0.6024096385542169
E00161393,284,258,22,16,6,3,1,2,1,90.84507042253522,7.746478873239436,5.633802816901409,2.112676056338028,1.056338028169014,0.35211267605633806,0.7042253521126761,0.35211267605633806
E00161394,310,285,21,16,5,0,0,0,4,91.93548387096774,6.774193548387098,5.161290322580645,1.6129032258064515,0,0,0,1.2903225806451613
E00161395,270,257,10,6,4,3,3,0,0,95.18518518518519,3.7037037037037033,2.2222222222222223,1.4814814814814816,1.1111111111111112,1.1111111111111112,0,0
E00161396,182,173,7,6,1,1,0,1,1,95.05494505494505,3.8461538461538463,3.296703296703297,0.5494505494505495,0.5494505494505495,0,0.5494505494505495,0.5494505494505495
E00161398,282,259,17,16,1,3,2,1,3,91.84397163120568,6.028368794326241,5.673758865248227,0.3546099290780142,1.0638297872340425,0.7092198581560284,0.3546099290780142,1.0638297872340425
E00161399,257,241,10,9,1,4,4,0,2,93.77431906614785,3.8910505836575875,3.501945525291829,0.38910505836575876,1.556420233463035,1.556420233463035,0,0.7782101167315175
E00161400,370,330,27,26,1,5,4,1,8,89.1891891891892,7.297297297297297,7.027027027027027,0.2702702702702703,1.3513513513513513,1.0810810810810811,0.2702702702702703,2.1621621621621623
E00161401,193,177,7,5,2,3,2,1,6,91.70984455958549,3.6269430051813467,2.5906735751295336,1.0362694300518136,1.5544041450777202,1.0362694300518136,0.5181347150259068,3.1088082901554404
E00161402,241,215,17,9,8,5,4,1,4,89.21161825726142,7.053941908713693,3.7344398340248963,3.319502074688797,2.0746887966804977,1.6597510373443984,0.4149377593360996,1.6597510373443984
E00161403,209,198,4,2,2,3,2,1,4,94.73684210526315,1.9138755980861244,0.9569377990430622,0.9569377990430622,1.4354066985645932,0.9569377990430622,0.4784688995215311,1.9138755980861244
E00161404,307,276,19,18,1,3,2,1,9,89.90228013029315,6.188925081433225,5.863192182410423,0.32573289902280134,0.9771986970684038,0.6514657980456027,0.32573289902280134,2.9315960912052117
E00161405,364,335,18,14,4,1,1,0,10,92.03296703296702,4.945054945054945,3.8461538461538463,1.098901098901099,0.27472527472527475,0.27472527472527475,0,2.7472527472527473
E00161406,363,323,26,20,6,4,1,3,10,88.98071625344353,7.162534435261708,5.5096418732782375,1.6528925619834711,1.1019283746556474,0.27548209366391185,0.8264462809917356,2.7548209366391188
E00161409,271,253,12,11,1,4,1,3,2,93.35793357933579,4.428044280442804,4.059040590405904,0.36900369003690037,1.4760147601476015,0.36900369003690037,1.107011070110701,0.7380073800738007
E00161410,218,204,12,8,4,0,0,0,2,93.57798165137615,5.5045871559633035,3.669724770642202,1.834862385321101,0,0,0,0.9174311926605505
E00161411,193,180,8,7,1,0,0,0,5,93.26424870466322,4.145077720207254,3.6269430051813467,0.5181347150259068,0,0,0,2.5906735751295336
E00161412,363,332,20,18,2,1,0,1,10,91.46005509641874,5.5096418732782375,4.958677685950414,0.5509641873278237,0.27548209366391185,0,0.27548209366391185,2.7548209366391188
E00161413,301,271,20,18,2,5,1,4,5,90.03322259136213,6.64451827242525,5.980066445182724,0.6644518272425249,1.6611295681063125,0.33222591362126247,1.3289036544850499,1.6611295681063125
E00161414,334,325,8,8,0,0,0,0,1,97.30538922155688,2.3952095808383236,2.3952095808383236,0,0,0,0,0.29940119760479045
E00161415,446,410,24,14,10,3,1,2,9,91.92825112107623,5.381165919282512,3.1390134529147984,2.242152466367713,0.672645739910314,0.2242152466367713,0.4484304932735426,2.0179372197309418
E00161416,249,228,18,12,6,2,0,2,1,91.56626506024097,7.228915662650602,4.819277108433735,2.4096385542168677,0.8032128514056224,0,0.8032128514056224,0.4016064257028112
E00161417,324,287,17,13,4,9,4,5,11,88.58024691358025,5.246913580246913,4.012345679012346,1.2345679012345678,2.7777777777777777,1.2345679012345678,1.5432098765432098,3.3950617283950617
E00161418,299,273,16,12,4,3,3,0,7,91.30434782608695,5.351170568561873,4.013377926421405,1.3377926421404682,1.0033444816053512,1.0033444816053512,0,2.341137123745819
E00161419,267,242,14,10,4,6,4,2,5,90.63670411985018,5.2434456928838955,3.7453183520599254,1.4981273408239701,2.247191011235955,1.4981273408239701,0.7490636704119851,1.8726591760299627
E00161420,214,195,9,7,2,6,3,3,4,91.1214953271028,4.205607476635514,3.2710280373831773,0.9345794392523363,2.803738317757009,1.4018691588785046,1.4018691588785046,1.8691588785046727
E00161422,359,330,19,17,2,4,4,0,6,91.92200557103064,5.2924791086350975,4.735376044568245,0.5571030640668524,1.1142061281337048,1.1142061281337048,0,1.6713091922005572
E00161423,316,286,18,13,5,5,3,2,7,90.50632911392405,5.69620253164557,4.113924050632911,1.5822784810126582,1.5822784810126582,0.949367088607595,0.6329113924050633,2.2151898734177213
E00161424,267,247,17,12,5,2,0,2,1,92.50936329588015,6.367041198501873,4.49438202247191,1.8726591760299627,0.7490636704119851,0,0.7490636704119851,0.37453183520599254
E00161425,245,212,21,19,2,5,2,3,7,86.53061224489797,8.571428571428571,7.755102040816326,0.8163265306122449,2.0408163265306123,0.8163265306122449,1.2244897959183674,2.857142857142857
E00161426,394,361,23,20,3,4,4,0,6,91.6243654822335,5.83756345177665,5.0761421319796955,0.7614213197969544,1.015228426395939,1.015228426395939,0,1.5228426395939088
E00161427,229,206,10,4,6,7,2,5,6,89.95633187772926,4.366812227074235,1.7467248908296942,2.6200873362445414,3.056768558951965,0.8733624454148471,2.1834061135371177,2.6200873362445414
E00161429,271,246,10,9,1,7,4,3,8,90.7749077490775,3.6900369003690034,3.3210332103321036,0.36900369003690037,2.5830258302583027,1.4760147601476015,1.107011070110701,2.952029520295203
E00161430,269,252,9,9,0,1,1,0,7,93.68029739776952,3.3457249070631967,3.3457249070631967,0,0.37174721189591076,0.37174721189591076,0,2.6022304832713754
E00161431,308,280,16,13,3,7,2,5,5,90.9090909090909,5.194805194805195,4.220779220779221,0.974025974025974,2.272727272727273,0.6493506493506493,1.6233766233766231,1.6233766233766231
E00161432,309,283,8,3,5,2,2,0,16,91.58576051779936,2.5889967637540456,0.9708737864077669,1.6181229773462782,0.6472491909385114,0.6472491909385114,0,5.177993527508091
E00161433,241,221,11,9,2,1,0,1,8,91.70124481327801,4.564315352697095,3.7344398340248963,0.8298755186721992,0.4149377593360996,0,0.4149377593360996,3.319502074688797
E00161434,310,283,12,10,2,4,3,1,11,91.29032258064517,3.870967741935484,3.225806451612903,0.6451612903225806,1.2903225806451613,0.967741935483871,0.3225806451612903,3.5483870967741935
E00161435,362,326,13,7,6,9,4,5,14,90.05524861878453,3.591160220994475,1.9337016574585635,1.6574585635359116,2.4861878453038675,1.1049723756906076,1.3812154696132597,3.867403314917127
E00161436,363,336,24,22,2,1,1,0,2,92.56198347107438,6.6115702479338845,6.0606060606060606,0.5509641873278237,0.27548209366391185,0.27548209366391185,0,0.5509641873278237
E00161437,306,281,18,13,5,3,0,3,4,91.83006535947712,5.88235294117647,4.248366013071895,1.6339869281045754,0.9803921568627451,0,0.9803921568627451,1.3071895424836601
E00161439,397,354,21,19,2,13,10,3,9,89.16876574307305,5.289672544080604,4.785894206549118,0.5037783375314862,3.27455919395466,2.518891687657431,0.7556675062972292,2.2670025188916876
E00161440,346,317,20,16,4,1,0,1,8,91.61849710982659,5.780346820809249,4.624277456647398,1.1560693641618496,0.2890173410404624,0,0.2890173410404624,2.312138728323699
E00161441,413,378,23,17,6,5,3,2,7,91.52542372881356,5.569007263922518,4.116222760290557,1.4527845036319613,1.2106537530266344,0.7263922518159807,0.48426150121065376,1.694915254237288
E00161442,369,334,22,13,9,8,3,5,5,90.5149051490515,5.9620596205962055,3.523035230352303,2.4390243902439024,2.168021680216802,0.8130081300813009,1.3550135501355014,1.3550135501355014
E00161443,351,319,24,16,8,0,0,0,8,90.88319088319088,6.837606837606838,4.5584045584045585,2.2792022792022792,0,0,0,2.2792022792022792
E00161444,377,342,12,10,2,9,4,5,14,90.71618037135278,3.183023872679045,2.6525198938992043,0.5305039787798408,2.3872679045092835,1.0610079575596816,1.3262599469496021,3.7135278514588856
E00161445,333,308,8,8,0,4,4,0,13,92.49249249249249,2.4024024024024024,2.4024024024024024,0,1.2012012012012012,1.2012012012012012,0,3.903903903903904
E00161446,398,363,22,11,11,4,2,2,9,91.20603015075378,5.527638190954774,2.763819095477387,2.763819095477387,1.0050251256281406,0.5025125628140703,0.5025125628140703,2.261306532663317
E00161447,329,298,14,13,1,7,5,2,10,90.5775075987842,4.25531914893617,3.951367781155015,0.303951367781155,2.127659574468085,1.5197568389057752,0.60790273556231,3.0395136778115504
E00161448,282,255,18,16,2,5,2,3,4,90.42553191489363,6.382978723404255,5.673758865248227,0.7092198581560284,1.773049645390071,0.7092198581560284,1.0638297872340425,1.4184397163120568
E00161449,267,239,14,13,1,6,4,2,8,89.51310861423221,5.2434456928838955,4.868913857677903,0.37453183520599254,2.247191011235955,1.4981273408239701,0.7490636704119851,2.9962546816479403
E00161450,260,238,15,12,3,4,3,1,3,91.53846153846153,5.769230769230769,4.615384615384616,1.153846153846154,1.5384615384615385,1.153846153846154,0.38461538461538464,1.153846153846154
E00161451,450,413,25,21,4,4,3,1,8,91.77777777777779,5.555555555555555,4.666666666666667,0.8888888888888888,0.8888888888888888,0.6666666666666667,0.2222222222222222,1.7777777777777777
E00161452,335,308,24,20,4,2,1,1,1,91.94029850746269,7.164179104477612,5.970149253731343,1.1940298507462688,0.5970149253731344,0.2985074626865672,0.2985074626865672,0.2985074626865672
E00161453,336,306,14,10,4,6,3,3,10,91.07142857142857,4.166666666666666,2.976190476190476,1.1904761904761905,1.7857142857142856,0.8928571428571428,0.8928571428571428,2.976190476190476
E00161454,422,383,24,19,5,5,3,2,10,90.75829383886256,5.687203791469194,4.502369668246446,1.1848341232227488,1.1848341232227488,0.7109004739336493,0.47393364928909953,2.3696682464454977
E00161455,247,221,16,11,5,3,0,3,7,89.47368421052632,6.477732793522267,4.4534412955465585,2.0242914979757085,1.214574898785425,0,1.214574898785425,2.834008097165992
E00161456,370,344,18,12,6,3,2,1,5,92.97297297297298,4.864864864864865,3.2432432432432434,1.6216216216216217,0.8108108108108109,0.5405405405405406,0.2702702702702703,1.3513513513513513
E00161457,323,299,18,14,4,4,2,2,2,92.56965944272446,5.572755417956656,4.3343653250774,1.238390092879257,1.238390092879257,0.6191950464396285,0.6191950464396285,0.6191950464396285
E00161458,374,329,28,24,4,3,2,1,14,87.96791443850267,7.4866310160427805,6.417112299465241,1.06951871657754,0.8021390374331552,0.53475935828877,0.267379679144385,3.7433155080213902
E00161459,254,227,15,15,0,3,1,2,9,89.37007874015748,5.905511811023622,5.905511811023622,0,1.1811023622047243,0.39370078740157477,0.7874015748031495,3.543307086614173
E00161460,286,265,16,14,2,3,3,0,2,92.65734265734265,5.594405594405594,4.895104895104895,0.6993006993006993,1.048951048951049,1.048951048951049,0,0.6993006993006993
E00161461,307,277,15,13,2,7,2,5,8,90.22801302931596,4.88599348534202,4.234527687296417,0.6514657980456027,2.2801302931596092,0.6514657980456027,1.6286644951140066,2.6058631921824107
E00161462,314,283,21,12,9,4,1,3,6,90.12738853503186,6.687898089171974,3.821656050955414,2.8662420382165608,1.2738853503184715,0.3184713375796179,0.9554140127388535,1.910828025477707
E00161463,272,253,6,4,2,7,5,2,6,93.01470588235294,2.2058823529411766,1.4705882352941175,0.7352941176470588,2.5735294117647056,1.8382352941176472,0.7352941176470588,2.2058823529411766
E00161464,240,220,11,10,1,4,2,2,5,91.66666666666666,4.583333333333333,4.166666666666666,0.4166666666666667,1.6666666666666667,0.8333333333333334,0.8333333333333334,2.083333333333333
E00161465,221,196,13,11,2,7,4,3,5,88.68778280542986,5.88235294117647,4.97737556561086,0.904977375565611,3.167420814479638,1.809954751131222,1.3574660633484164,2.262443438914027
E00161466,256,239,10,7,3,3,2,1,4,93.359375,3.90625,2.734375,1.171875,1.171875,0.78125,0.390625,1.5625
E00161467,280,251,21,20,1,3,1,2,5,89.64285714285715,7.5,7.142857142857142,0.35714285714285715,1.0714285714285714,0.35714285714285715,0.7142857142857143,1.7857142857142856
E00161468,337,296,22,16,6,11,6,5,8,87.83382789317507,6.528189910979229,4.747774480712167,1.7804154302670623,3.2640949554896146,1.7804154302670623,1.483679525222552,2.3738872403560833
E00161469,280,259,16,12,4,4,2,2,1,92.5,5.714285714285714,4.285714285714286,1.4285714285714286,1.4285714285714286,0.7142857142857143,0.7142857142857143,0.35714285714285715
E00161470,304,272,16,13,3,4,1,3,12,89.47368421052632,5.263157894736842,4.276315789473684,0.9868421052631579,1.3157894736842104,0.3289473684210526,0.9868421052631579,3.9473684210526314
E00161471,398,366,24,20,4,2,2,0,6,91.95979899497488,6.030150753768844,5.025125628140704,1.0050251256281406,0.5025125628140703,0.5025125628140703,0,1.507537688442211
E00161473,245,222,14,10,4,3,1,2,6,90.61224489795919,5.714285714285714,4.081632653061225,1.6326530612244898,1.2244897959183674,0.40816326530612246,0.8163265306122449,2.4489795918367347
E00161474,470,442,15,13,2,4,2,2,9,94.04255319148936,3.1914893617021276,2.7659574468085104,0.425531914893617,0.851063829787234,0.425531914893617,0.425531914893617,1.9148936170212765
E00161475,291,270,12,7,5,3,1,2,6,92.78350515463917,4.123711340206185,2.405498281786942,1.718213058419244,1.0309278350515463,0.3436426116838488,0.6872852233676976,2.0618556701030926
E00161476,328,303,17,15,2,2,2,0,6,92.3780487804878,5.182926829268292,4.573170731707317,0.6097560975609756,0.6097560975609756,0.6097560975609756,0,1.8292682926829267
E00161477,298,273,8,5,3,7,3,4,10,91.61073825503355,2.684563758389262,1.6778523489932886,1.006711409395973,2.348993288590604,1.006711409395973,1.342281879194631,3.3557046979865772
E00161478,269,248,15,11,4,0,0,0,6,92.19330855018588,5.5762081784386615,4.089219330855019,1.486988847583643,0,0,0,2.2304832713754648
E00161479,250,223,15,13,2,7,3,4,5,89.2,6,5.2,0.8,2.8000000000000003,1.2,1.6,2
E00161480,357,329,13,11,2,9,2,7,6,92.15686274509804,3.6414565826330536,3.081232492997199,0.5602240896358543,2.5210084033613445,0.5602240896358543,1.9607843137254901,1.680672268907563
E00161481,285,259,16,13,3,0,0,0,10,90.87719298245615,5.614035087719298,4.56140350877193,1.0526315789473684,0,0,0,3.508771929824561
E00161482,318,288,17,12,5,4,3,1,9,90.56603773584906,5.345911949685535,3.7735849056603774,1.5723270440251573,1.257861635220126,0.9433962264150944,0.3144654088050315,2.8301886792452833
E00161483,262,241,12,11,1,2,1,1,7,91.98473282442748,4.580152671755725,4.198473282442748,0.38167938931297707,0.7633587786259541,0.38167938931297707,0.38167938931297707,2.6717557251908395
E00161484,271,242,12,10,2,6,0,6,11,89.2988929889299,4.428044280442804,3.6900369003690034,0.7380073800738007,2.214022140221402,0,2.214022140221402,4.059040590405904
E00161485,292,269,13,9,4,2,2,0,8,92.12328767123287,4.4520547945205475,3.0821917808219177,1.36986301369863,0.684931506849315,0.684931506849315,0,2.73972602739726
E00161486,299,269,20,17,3,5,3,2,5,89.96655518394648,6.688963210702341,5.68561872909699,1.0033444816053512,1.6722408026755853,1.0033444816053512,0.6688963210702341,1.6722408026755853
E00161487,265,240,14,11,3,4,2,2,7,90.56603773584906,5.283018867924529,4.150943396226415,1.1320754716981132,1.509433962264151,0.7547169811320755,0.7547169811320755,2.6415094339622645
E00161488,318,281,22,17,5,2,1,1,13,88.36477987421384,6.918238993710692,5.345911949685535,1.5723270440251573,0.628930817610063,0.3144654088050315,0.3144654088050315,4.088050314465408
E00161489,317,288,17,14,3,6,3,3,6,90.85173501577287,5.3627760252365935,4.416403785488959,0.9463722397476341,1.8927444794952681,0.9463722397476341,0.9463722397476341,1.8927444794952681
E00161490,258,231,15,11,4,2,1,1,10,89.53488372093024,5.813953488372093,4.263565891472868,1.550387596899225,0.7751937984496124,0.3875968992248062,0.3875968992248062,3.875968992248062
E00161491,287,257,21,12,9,8,3,5,1,89.54703832752612,7.317073170731707,4.181184668989547,3.1358885017421603,2.7874564459930316,1.0452961672473868,1.7421602787456445,0.34843205574912894
E00161492,333,310,15,13,2,2,1,1,6,93.09309309309309,4.504504504504505,3.903903903903904,0.6006006006006006,0.6006006006006006,0.3003003003003003,0.3003003003003003,1.8018018018018018
E00161493,223,203,10,6,4,1,0,1,9,91.03139013452915,4.484304932735426,2.690582959641256,1.7937219730941705,0.4484304932735426,0,0.4484304932735426,4.0358744394618835
E00161494,315,285,19,16,3,5,2,3,6,90.47619047619048,6.031746031746032,5.079365079365079,0.9523809523809524,1.5873015873015872,0.6349206349206349,0.9523809523809524,1.9047619047619049
E00161495,249,224,15,12,3,2,1,1,8,89.95983935742971,6.024096385542169,4.819277108433735,1.2048192771084338,0.8032128514056224,0.4016064257028112,0.4016064257028112,3.2128514056224895
E00161496,266,247,13,11,2,1,1,0,5,92.85714285714286,4.887218045112782,4.135338345864661,0.7518796992481203,0.37593984962406013,0.37593984962406013,0,1.8796992481203008
E00161497,361,336,12,9,3,6,4,2,7,93.07479224376732,3.32409972299169,2.4930747922437675,0.8310249307479225,1.662049861495845,1.10803324099723,0.554016620498615,1.9390581717451523
E00161498,311,293,10,6,4,4,2,2,4,94.21221864951768,3.215434083601286,1.929260450160772,1.2861736334405145,1.2861736334405145,0.6430868167202572,0.6430868167202572,1.2861736334405145
E00161499,294,269,6,4,2,7,3,4,12,91.49659863945578,2.0408163265306123,1.3605442176870748,0.6802721088435374,2.380952380952381,1.0204081632653061,1.3605442176870748,4.081632653061225
E00161501,279,268,8,7,1,2,2,0,1,96.05734767025089,2.867383512544803,2.5089605734767026,0.35842293906810035,0.7168458781362007,0.7168458781362007,0,0.35842293906810035
E00161502,154,148,4,3,1,0,0,0,2,96.1038961038961,2.5974025974025974,1.948051948051948,0.6493506493506493,0,0,0,1.2987012987012987
E00161503,218,206,8,8,0,2,0,2,2,94.4954128440367,3.669724770642202,3.669724770642202,0,0.9174311926605505,0,0.9174311926605505,0.9174311926605505
E00161504,351,324,17,14,3,9,4,5,1,92.3076923076923,4.843304843304843,3.9886039886039883,0.8547008547008548,2.564102564102564,1.1396011396011396,1.4245014245014245,0.2849002849002849
E00161505,201,183,11,8,3,3,2,1,4,91.04477611940298,5.472636815920398,3.9800995024875623,1.4925373134328357,1.4925373134328357,0.9950248756218906,0.4975124378109453,1.9900497512437811
E00161506,291,264,16,14,2,6,3,3,5,90.72164948453609,5.498281786941581,4.810996563573884,0.6872852233676976,2.0618556701030926,1.0309278350515463,1.0309278350515463,1.718213058419244
E00161507,153,138,11,10,1,2,0,2,2,90.19607843137256,7.18954248366013,6.535947712418301,0.6535947712418301,1.3071895424836601,0,1.3071895424836601,1.3071895424836601
E00161508,277,245,15,12,3,7,3,4,10,88.4476534296029,5.415162454873646,4.332129963898916,1.083032490974729,2.527075812274368,1.083032490974729,1.444043321299639,3.6101083032490973
E00161509,251,232,10,9,1,2,1,1,7,92.43027888446214,3.9840637450199203,3.5856573705179287,0.398406374501992,0.796812749003984,0.398406374501992,0.398406374501992,2.788844621513944
E00161510,325,304,11,9,2,5,4,1,5,93.53846153846153,3.3846153846153846,2.769230769230769,0.6153846153846154,1.5384615384615385,1.2307692307692308,0.3076923076923077,1.5384615384615385
E00161511,278,260,13,10,3,4,0,4,1,93.5251798561151,4.676258992805756,3.5971223021582732,1.079136690647482,1.4388489208633095,0,1.4388489208633095,0.3597122302158274
E00161512,237,218,13,10,3,2,0,2,4,91.9831223628692,5.485232067510549,4.219409282700422,1.2658227848101267,0.8438818565400843,0,0.8438818565400843,1.6877637130801686
E00161513,341,315,13,12,1,6,2,4,7,92.37536656891496,3.812316715542522,3.519061583577713,0.2932551319648094,1.7595307917888565,0.5865102639296188,1.1730205278592376,2.0527859237536656
E00161514,373,353,12,12,0,4,1,3,4,94.63806970509383,3.2171581769436997,3.2171581769436997,0,1.0723860589812333,0.2680965147453083,0.8042895442359249,1.0723860589812333
E00161515,294,276,14,13,1,2,0,2,2,93.87755102040816,4.761904761904762,4.421768707482993,0.3401360544217687,0.6802721088435374,0,0.6802721088435374,0.6802721088435374
E00161516,277,253,12,8,4,5,2,3,7,91.33574007220217,4.332129963898916,2.888086642599278,1.444043321299639,1.8050541516245486,0.7220216606498195,1.083032490974729,2.527075812274368
E00161517,330,298,18,14,4,6,2,4,8,90.30303030303031,5.454545454545454,4.242424242424243,1.2121212121212122,1.8181818181818181,0.6060606060606061,1.2121212121212122,2.4242424242424243
E00161518,283,261,13,11,2,6,3,3,3,92.226148409894,4.593639575971731,3.8869257950530036,0.7067137809187279,2.1201413427561837,1.0600706713780919,1.0600706713780919,1.0600706713780919
E00161519,167,152,8,7,1,0,0,0,7,91.01796407185628,4.790419161676647,4.191616766467066,0.5988023952095809,0,0,0,4.191616766467066
E00161520,197,185,5,3,2,2,1,1,5,93.90862944162437,2.5380710659898478,1.5228426395939088,1.015228426395939,1.015228426395939,0.5076142131979695,0.5076142131979695,2.5380710659898478
E00161521,367,330,24,19,5,8,4,4,5,89.91825613079018,6.539509536784741,5.177111716621254,1.3623978201634876,2.17983651226158,1.08991825613079,1.08991825613079,1.3623978201634876
E00161522,448,401,29,23,6,5,2,3,13,89.50892857142857,6.4732142857142865,5.133928571428571,1.3392857142857142,1.1160714285714286,0.4464285714285714,0.6696428571428571,2.9017857142857144
E00161523,353,321,22,20,2,3,2,1,7,90.93484419263456,6.232294617563739,5.6657223796034,0.56657223796034,0.84985835694051,0.56657223796034,0.28328611898017,1.9830028328611897
E00161524,397,368,22,16,6,2,0,2,5,92.69521410579345,5.541561712846348,4.030226700251889,1.5113350125944585,0.5037783375314862,0,0.5037783375314862,1.2594458438287155
E00161525,316,283,27,19,8,2,1,1,4,89.55696202531645,8.544303797468354,6.012658227848101,2.5316455696202533,0.6329113924050633,0.31645569620253167,0.31645569620253167,1.2658227848101267
E00161526,395,365,20,12,8,7,6,1,3,92.40506329113924,5.063291139240507,3.0379746835443036,2.0253164556962027,1.7721518987341773,1.5189873417721518,0.25316455696202533,0.7594936708860759
E00161527,300,268,23,18,5,1,0,1,8,89.33333333333333,7.666666666666666,6,1.6666666666666667,0.33333333333333337,0,0.33333333333333337,2.666666666666667
E00161528,293,270,16,13,3,1,0,1,6,92.15017064846417,5.460750853242321,4.436860068259386,1.023890784982935,0.3412969283276451,0,0.3412969283276451,2.04778156996587
E00161529,331,292,30,26,4,3,3,0,6,88.21752265861026,9.06344410876133,7.854984894259818,1.2084592145015105,0.906344410876133,0.906344410876133,0,1.812688821752266
E00161532,300,270,22,16,6,5,3,2,3,90,7.333333333333333,5.333333333333334,2,1.6666666666666667,1,0.6666666666666667,1
E00161534,330,304,18,12,6,2,2,0,6,92.12121212121212,5.454545454545454,3.6363636363636362,1.8181818181818181,0.6060606060606061,0.6060606060606061,0,1.8181818181818181
E00161535,301,272,17,13,4,9,3,6,3,90.36544850498339,5.647840531561462,4.318936877076411,1.3289036544850499,2.990033222591362,0.9966777408637874,1.9933554817275747,0.9966777408637874
E00161536,335,306,18,16,2,4,4,0,7,91.34328358208955,5.3731343283582085,4.776119402985075,0.5970149253731344,1.1940298507462688,1.1940298507462688,0,2.0895522388059704
E00161537,355,333,12,7,5,3,1,2,7,93.80281690140845,3.3802816901408446,1.971830985915493,1.4084507042253522,0.8450704225352111,0.28169014084507044,0.5633802816901409,1.971830985915493
E00161539,292,267,20,15,5,4,3,1,1,91.43835616438356,6.8493150684931505,5.136986301369863,1.7123287671232876,1.36986301369863,1.0273972602739725,0.3424657534246575,0.3424657534246575
E00161540,374,346,18,15,3,7,4,3,3,92.51336898395722,4.81283422459893,4.0106951871657754,0.8021390374331552,1.8716577540106951,1.06951871657754,0.8021390374331552,0.8021390374331552
E00161542,318,275,18,13,5,12,5,7,13,86.47798742138365,5.660377358490567,4.088050314465408,1.5723270440251573,3.7735849056603774,1.5723270440251573,2.20125786163522,4.088050314465408
E00161543,443,408,23,19,4,5,1,4,7,92.09932279909707,5.191873589164786,4.288939051918736,0.9029345372460496,1.1286681715575622,0.2257336343115124,0.9029345372460496,1.580135440180587
E00161544,287,262,20,18,2,0,0,0,5,91.28919860627178,6.968641114982578,6.2717770034843205,0.6968641114982579,0,0,0,1.7421602787456445
E00161545,257,223,19,11,8,8,2,6,7,86.7704280155642,7.392996108949417,4.280155642023346,3.11284046692607,3.11284046692607,0.7782101167315175,2.3346303501945527,2.7237354085603114
E00161546,289,258,19,13,6,2,0,2,10,89.27335640138409,6.5743944636678195,4.498269896193772,2.0761245674740483,0.6920415224913495,0,0.6920415224913495,3.4602076124567476
E00161547,400,377,13,10,3,4,4,0,6,94.25,3.25,2.5,0.75,1,1,0,1.5
E00161548,215,195,12,8,4,2,2,0,6,90.69767441860465,5.5813953488372094,3.7209302325581395,1.8604651162790697,0.9302325581395349,0.9302325581395349,0,2.7906976744186047
E00161550,339,301,18,18,0,10,5,5,10,88.79056047197639,5.3097345132743365,5.3097345132743365,0,2.949852507374631,1.4749262536873156,1.4749262536873156,2.949852507374631
E00161551,307,283,17,13,4,3,2,1,4,92.18241042345277,5.537459283387622,4.234527687296417,1.3029315960912053,0.9771986970684038,0.6514657980456027,0.32573289902280134,1.3029315960912053
E00161553,479,437,29,20,9,6,3,3,7,91.23173277661796,6.05427974947808,4.175365344467641,1.8789144050104383,1.2526096033402923,0.6263048016701461,0.6263048016701461,1.4613778705636742
E00161554,318,294,16,13,3,5,2,3,3,92.45283018867924,5.031446540880504,4.088050314465408,0.9433962264150944,1.5723270440251573,0.628930817610063,0.9433962264150944,0.9433962264150944
E00161555,377,350,18,15,3,6,0,6,3,92.83819628647215,4.774535809018567,3.978779840848806,0.7957559681697612,1.5915119363395225,0,1.5915119363395225,0.7957559681697612
E00161556,253,237,10,10,0,2,1,1,4,93.67588932806325,3.9525691699604746,3.9525691699604746,0,0.7905138339920948,0.3952569169960474,0.3952569169960474,1.5810276679841897
E00161557,232,221,7,7,0,1,1,0,3,95.25862068965517,3.0172413793103448,3.0172413793103448,0,0.43103448275862066,0.43103448275862066,0,1.293103448275862
E00161558,329,303,15,12,3,5,3,2,6,92.09726443768997,4.5592705167173255,3.64741641337386,0.911854103343465,1.5197568389057752,0.911854103343465,0.60790273556231,1.82370820668693
E00161559,311,286,19,15,4,3,1,2,3,91.96141479099678,6.109324758842444,4.823151125401929,1.2861736334405145,0.964630225080386,0.3215434083601286,0.6430868167202572,0.964630225080386
E00161560,298,284,11,10,1,0,0,0,3,95.30201342281879,3.691275167785235,3.3557046979865772,0.33557046979865773,0,0,0,1.006711409395973
E00161561,226,205,14,10,4,3,2,1,4,90.7079646017699,6.1946902654867255,4.424778761061947,1.7699115044247788,1.3274336283185841,0.8849557522123894,0.4424778761061947,1.7699115044247788
E00161562,317,278,26,20,6,5,2,3,8,87.69716088328076,8.201892744479496,6.309148264984227,1.8927444794952681,1.5772870662460567,0.6309148264984227,0.9463722397476341,2.5236593059936907
E00161563,397,371,18,14,4,5,5,0,3,93.45088161209067,4.534005037783375,3.5264483627204033,1.0075566750629723,1.2594458438287155,1.2594458438287155,0,0.7556675062972292
E00161564,358,337,12,10,2,2,0,2,7,94.1340782122905,3.35195530726257,2.793296089385475,0.5586592178770949,0.5586592178770949,0,0.5586592178770949,1.9553072625698324
E00161565,506,477,21,18,3,5,1,4,3,94.26877470355731,4.150197628458498,3.557312252964427,0.592885375494071,0.9881422924901186,0.1976284584980237,0.7905138339920948,0.592885375494071
E00161566,262,244,11,7,4,4,2,2,3,93.12977099236642,4.198473282442748,2.6717557251908395,1.5267175572519083,1.5267175572519083,0.7633587786259541,0.7633587786259541,1.1450381679389312
E00161567,298,256,30,28,2,9,4,5,3,85.90604026845638,10.06711409395973,9.395973154362416,0.6711409395973155,3.0201342281879198,1.342281879194631,1.6778523489932886,1.006711409395973
E00161568,303,291,9,9,0,2,2,0,1,96.03960396039604,2.9702970297029703,2.9702970297029703,0,0.6600660066006601,0.6600660066006601,0,0.33003300330033003
E00161569,279,247,15,14,1,9,4,5,8,88.5304659498208,5.376344086021505,5.017921146953405,0.35842293906810035,3.225806451612903,1.4336917562724014,1.7921146953405016,2.867383512544803
E00161570,324,301,14,13,1,4,1,3,5,92.90123456790124,4.320987654320987,4.012345679012346,0.30864197530864196,1.2345679012345678,0.30864197530864196,0.9259259259259258,1.5432098765432098
E00161571,285,256,22,17,5,4,1,3,3,89.82456140350877,7.719298245614035,5.964912280701754,1.7543859649122806,1.4035087719298245,0.3508771929824561,1.0526315789473684,1.0526315789473684
E00161572,144,130,12,11,1,0,0,0,2,90.27777777777779,8.333333333333332,7.638888888888889,0.6944444444444444,0,0,0,1.3888888888888888
E00161573,270,241,18,12,6,1,1,0,10,89.25925925925927,6.666666666666667,4.444444444444445,2.2222222222222223,0.3703703703703704,0.3703703703703704,0,3.7037037037037033
E00161574,249,231,13,8,5,1,1,0,4,92.7710843373494,5.220883534136546,3.2128514056224895,2.0080321285140563,0.4016064257028112,0.4016064257028112,0,1.6064257028112447
E00161575,267,251,13,8,5,1,1,0,2,94.00749063670412,4.868913857677903,2.9962546816479403,1.8726591760299627,0.37453183520599254,0.37453183520599254,0,0.7490636704119851
E00161576,510,473,26,26,0,4,3,1,7,92.74509803921569,5.098039215686274,5.098039215686274,0,0.7843137254901961,0.5882352941176471,0.19607843137254902,1.3725490196078431
E00161577,226,207,9,7,2,3,1,2,7,91.5929203539823,3.982300884955752,3.0973451327433628,0.8849557522123894,1.3274336283185841,0.4424778761061947,0.8849557522123894,3.0973451327433628
E00161578,270,259,7,5,2,1,1,0,3,95.92592592592592,2.5925925925925926,1.8518518518518516,0.7407407407407408,0.3703703703703704,0.3703703703703704,0,1.1111111111111112
E00161579,206,179,17,12,5,2,0,2,8,86.89320388349515,8.25242718446602,5.825242718446602,2.4271844660194173,0.9708737864077669,0,0.9708737864077669,3.8834951456310676
E00161580,364,324,21,18,3,8,2,6,11,89.01098901098901,5.769230769230769,4.945054945054945,0.8241758241758242,2.197802197802198,0.5494505494505495,1.6483516483516485,3.021978021978022
E00161581,302,287,12,9,3,0,0,0,3,95.03311258278146,3.9735099337748347,2.980132450331126,0.9933774834437087,0,0,0,0.9933774834437087
E00161582,277,252,16,11,5,2,1,1,7,90.97472924187726,5.776173285198556,3.9711191335740073,1.8050541516245486,0.7220216606498195,0.36101083032490977,0.36101083032490977,2.527075812274368
E00161583,244,229,11,11,0,2,2,0,2,93.85245901639344,4.508196721311475,4.508196721311475,0,0.819672131147541,0.819672131147541,0,0.819672131147541
E00161584,292,267,17,12,5,1,0,1,7,91.43835616438356,5.821917808219178,4.10958904109589,1.7123287671232876,0.3424657534246575,0,0.3424657534246575,2.3972602739726026
E00161585,259,223,23,15,8,7,5,2,6,86.10038610038609,8.880308880308881,5.7915057915057915,3.088803088803089,2.7027027027027026,1.9305019305019304,0.7722007722007722,2.3166023166023164
E00161586,268,247,11,7,4,5,3,2,5,92.16417910447761,4.104477611940299,2.6119402985074625,1.4925373134328357,1.8656716417910446,1.1194029850746268,0.7462686567164178,1.8656716417910446
E00161587,245,235,6,6,0,3,3,0,1,95.91836734693877,2.4489795918367347,2.4489795918367347,0,1.2244897959183674,1.2244897959183674,0,0.40816326530612246
E00161588,253,235,6,5,1,9,3,6,3,92.88537549407114,2.371541501976284,1.9762845849802373,0.3952569169960474,3.557312252964427,1.185770750988142,2.371541501976284,1.185770750988142
E00161589,293,271,16,13,3,1,0,1,5,92.4914675767918,5.460750853242321,4.436860068259386,1.023890784982935,0.3412969283276451,0,0.3412969283276451,1.7064846416382253
E00161590,295,281,10,7,3,3,1,2,1,95.25423728813558,3.389830508474576,2.3728813559322033,1.0169491525423728,1.0169491525423728,0.3389830508474576,0.6779661016949152,0.3389830508474576
E00161591,278,256,15,12,3,4,3,1,3,92.08633093525181,5.39568345323741,4.316546762589928,1.079136690647482,1.4388489208633095,1.079136690647482,0.3597122302158274,1.079136690647482
E00161592,239,228,5,3,2,2,1,1,4,95.39748953974896,2.092050209205021,1.2552301255230125,0.8368200836820083,0.8368200836820083,0.41841004184100417,0.41841004184100417,1.6736401673640167
E00161593,265,237,12,8,4,5,3,2,11,89.43396226415095,4.528301886792453,3.018867924528302,1.509433962264151,1.8867924528301887,1.1320754716981132,0.7547169811320755,4.150943396226415
E00161594,306,279,15,9,6,4,3,1,8,91.17647058823529,4.901960784313726,2.941176470588235,1.9607843137254901,1.3071895424836601,0.9803921568627451,0.32679738562091504,2.6143790849673203
E00161595,287,269,8,7,1,4,1,3,6,93.72822299651567,2.7874564459930316,2.4390243902439024,0.34843205574912894,1.3937282229965158,0.34843205574912894,1.0452961672473868,2.0905923344947737
E00161596,219,200,16,10,6,1,1,0,2,91.32420091324201,7.30593607305936,4.5662100456621,2.73972602739726,0.45662100456621,0.45662100456621,0,0.91324200913242
E00161597,295,268,10,8,2,6,2,4,11,90.84745762711864,3.389830508474576,2.711864406779661,0.6779661016949152,2.0338983050847457,0.6779661016949152,1.3559322033898304,3.728813559322034
E00161598,285,267,9,7,2,4,2,2,5,93.6842105263158,3.1578947368421053,2.456140350877193,0.7017543859649122,1.4035087719298245,0.7017543859649122,0.7017543859649122,1.7543859649122806
E00161600,301,272,24,19,5,0,0,0,5,90.36544850498339,7.973421926910299,6.312292358803987,1.6611295681063125,0,0,0,1.6611295681063125
E00161601,333,298,21,16,5,2,1,1,12,89.4894894894895,6.306306306306306,4.804804804804805,1.5015015015015014,0.6006006006006006,0.3003003003003003,0.3003003003003003,3.6036036036036037
E00161602,259,229,14,14,0,4,2,2,12,88.41698841698842,5.405405405405405,5.405405405405405,0,1.5444015444015444,0.7722007722007722,0.7722007722007722,4.633204633204633
E00161603,285,262,12,7,5,5,2,3,6,91.9298245614035,4.2105263157894735,2.456140350877193,1.7543859649122806,1.7543859649122806,0.7017543859649122,1.0526315789473684,2.1052631578947367
E00161604,249,228,12,10,2,4,3,1,5,91.56626506024097,4.819277108433735,4.016064257028113,0.8032128514056224,1.6064257028112447,1.2048192771084338,0.4016064257028112,2.0080321285140563
E00161605,348,318,19,18,1,2,0,2,9,91.37931034482759,5.459770114942529,5.172413793103448,0.28735632183908044,0.5747126436781609,0,0.5747126436781609,2.586206896551724
E00161606,276,247,21,14,7,4,2,2,4,89.4927536231884,7.608695652173914,5.072463768115942,2.536231884057971,1.4492753623188406,0.7246376811594203,0.7246376811594203,1.4492753623188406
E00167707,362,328,17,12,5,5,1,4,12,90.60773480662984,4.696132596685083,3.314917127071823,1.3812154696132597,1.3812154696132597,0.2762430939226519,1.1049723756906076,3.314917127071823
E00167708,344,318,20,15,5,1,0,1,5,92.44186046511628,5.813953488372093,4.3604651162790695,1.4534883720930232,0.29069767441860467,0,0.29069767441860467,1.4534883720930232
E00167711,212,196,9,7,2,5,2,3,2,92.45283018867924,4.245283018867925,3.30188679245283,0.9433962264150944,2.358490566037736,0.9433962264150944,1.4150943396226416,0.9433962264150944
E00167713,282,256,16,14,2,1,0,1,9,90.78014184397163,5.673758865248227,4.964539007092199,0.7092198581560284,0.3546099290780142,0,0.3546099290780142,3.1914893617021276
E00167714,273,262,3,2,1,5,2,3,3,95.97069597069597,1.098901098901099,0.7326007326007326,0.3663003663003663,1.8315018315018317,0.7326007326007326,1.098901098901099,1.098901098901099
E00167715,108,97,4,4,0,4,0,4,3,89.81481481481481,3.7037037037037033,3.7037037037037033,0,3.7037037037037033,0,3.7037037037037033,2.7777777777777777
E00167716,197,184,9,9,0,2,1,1,2,93.4010152284264,4.568527918781726,4.568527918781726,0,1.015228426395939,0.5076142131979695,0.5076142131979695,1.015228426395939
E00167717,348,315,19,17,2,5,2,3,9,90.51724137931035,5.459770114942529,4.885057471264368,0.5747126436781609,1.4367816091954022,0.5747126436781609,0.8620689655172413,2.586206896551724
E00167718,209,194,7,6,1,4,1,3,4,92.82296650717703,3.349282296650718,2.8708133971291865,0.4784688995215311,1.9138755980861244,0.4784688995215311,1.4354066985645932,1.9138755980861244
E00167719,297,288,6,6,0,0,0,0,3,96.96969696969697,2.0202020202020203,2.0202020202020203,0,0,0,0,1.0101010101010102
E00167720,163,155,4,3,1,1,0,1,3,95.0920245398773,2.4539877300613497,1.8404907975460123,0.6134969325153374,0.6134969325153374,0,0.6134969325153374,1.8404907975460123
E00167721,208,197,10,5,5,1,1,0,0,94.71153846153845,4.807692307692308,2.403846153846154,2.403846153846154,0.4807692307692308,0.4807692307692308,0,0
E00167722,293,260,15,11,4,9,4,5,9,88.73720136518772,5.1194539249146755,3.754266211604096,1.3651877133105803,3.0716723549488054,1.3651877133105803,1.7064846416382253,3.0716723549488054
E00167723,206,195,8,4,4,2,0,2,1,94.66019417475728,3.8834951456310676,1.9417475728155338,1.9417475728155338,0.9708737864077669,0,0.9708737864077669,0.48543689320388345
E00167724,177,159,7,7,0,3,0,3,8,89.83050847457628,3.954802259887006,3.954802259887006,0,1.694915254237288,0,1.694915254237288,4.519774011299435
E00167726,314,282,21,15,6,5,3,2,6,89.80891719745223,6.687898089171974,4.777070063694268,1.910828025477707,1.5923566878980893,0.9554140127388535,0.6369426751592357,1.910828025477707
E00167727,247,225,7,6,1,5,3,2,10,91.09311740890689,2.834008097165992,2.42914979757085,0.4048582995951417,2.0242914979757085,1.214574898785425,0.8097165991902834,4.048582995951417
E00188555,440,395,30,26,4,5,2,3,10,89.77272727272727,6.8181818181818175,5.909090909090909,0.9090909090909091,1.1363636363636365,0.45454545454545453,0.6818181818181818,2.272727272727273
E00188556,433,393,23,15,8,6,1,5,11,90.76212471131639,5.311778290993072,3.4642032332563506,1.8475750577367205,1.3856812933025404,0.23094688221709006,1.1547344110854503,2.5404157043879905
E00188563,246,236,8,6,2,2,1,1,0,95.9349593495935,3.2520325203252036,2.4390243902439024,0.8130081300813009,0.8130081300813009,0.40650406504065045,0.40650406504065045,0
E00188567,209,194,9,7,2,1,1,0,5,92.82296650717703,4.30622009569378,3.349282296650718,0.9569377990430622,0.4784688995215311,0.4784688995215311,0,2.3923444976076556
E00188568,162,153,6,5,1,2,1,1,1,94.44444444444444,3.7037037037037033,3.0864197530864197,0.6172839506172839,1.2345679012345678,0.6172839506172839,0.6172839506172839,0.6172839506172839
E00188569,363,331,10,7,3,10,5,5,12,91.18457300275482,2.7548209366391188,1.9283746556473829,0.8264462809917356,2.7548209366391188,1.3774104683195594,1.3774104683195594,3.3057851239669422
E00188571,286,260,17,15,2,3,3,0,6,90.9090909090909,5.944055944055944,5.244755244755245,0.6993006993006993,1.048951048951049,1.048951048951049,0,2.097902097902098
E00188572,286,262,8,6,2,4,0,4,12,91.6083916083916,2.797202797202797,2.097902097902098,0.6993006993006993,1.3986013986013985,0,1.3986013986013985,4.195804195804196
E00188574,313,283,17,16,1,5,2,3,8,90.41533546325878,5.431309904153355,5.111821086261981,0.3194888178913738,1.5974440894568689,0.6389776357827476,0.9584664536741214,2.5559105431309903
E00188575,339,316,13,10,3,5,2,3,5,93.21533923303835,3.8348082595870205,2.949852507374631,0.8849557522123894,1.4749262536873156,0.5899705014749262,0.8849557522123894,1.4749262536873156
E00188577,325,282,30,25,5,2,1,1,11,86.76923076923076,9.230769230769232,7.6923076923076925,1.5384615384615385,0.6153846153846154,0.3076923076923077,0.3076923076923077,3.3846153846153846
E00188582,287,262,23,16,7,0,0,0,2,91.28919860627178,8.013937282229964,5.574912891986063,2.4390243902439024,0,0,0,0.6968641114982579
E00188585,294,282,7,6,1,3,2,1,2,95.91836734693877,2.380952380952381,2.0408163265306123,0.3401360544217687,1.0204081632653061,0.6802721088435374,0.3401360544217687,0.6802721088435374
E00188587,250,242,7,6,1,0,0,0,1,96.8,2.8000000000000003,2.4,0.4,0,0,0,0.4
E00188588,362,326,15,12,3,7,4,3,14,90.05524861878453,4.143646408839778,3.314917127071823,0.8287292817679558,1.9337016574585635,1.1049723756906076,0.8287292817679558,3.867403314917127
E00188593,352,334,8,3,5,5,4,1,5,94.88636363636364,2.272727272727273,0.8522727272727272,1.4204545454545454,1.4204545454545454,1.1363636363636365,0.2840909090909091,1.4204545454545454
E00188595,217,199,9,9,0,8,1,7,1,91.70506912442397,4.147465437788019,4.147465437788019,0,3.686635944700461,0.4608294930875576,3.225806451612903,0.4608294930875576
E00188597,232,207,11,5,6,1,0,1,13,89.22413793103449,4.741379310344827,2.1551724137931036,2.586206896551724,0.43103448275862066,0,0.43103448275862066,5.603448275862069
E00188603,314,268,25,18,7,11,5,6,10,85.35031847133759,7.961783439490445,5.7324840764331215,2.229299363057325,3.5031847133757963,1.5923566878980893,1.910828025477707,3.1847133757961785
E00188606,269,252,10,9,1,3,3,0,4,93.68029739776952,3.717472118959108,3.3457249070631967,0.37174721189591076,1.1152416356877324,1.1152416356877324,0,1.486988847583643
E00188607,257,247,8,8,0,2,0,2,0,96.10894941634241,3.11284046692607,3.11284046692607,0,0.7782101167315175,0,0.7782101167315175,0
E00188611,252,243,4,4,0,3,2,1,2,96.42857142857143,1.5873015873015872,1.5873015873015872,0,1.1904761904761905,0.7936507936507936,0.3968253968253968,0.7936507936507936
E00188612,311,283,18,11,7,7,4,3,3,90.9967845659164,5.787781350482315,3.536977491961415,2.2508038585209005,2.2508038585209005,1.2861736334405145,0.964630225080386,0.964630225080386
E00188617,297,278,15,13,2,3,1,2,1,93.60269360269359,5.05050505050505,4.377104377104377,0.6734006734006733,1.0101010101010102,0.33670033670033667,0.6734006734006733,0.33670033670033667
E00188618,329,313,10,9,1,4,0,4,2,95.13677811550151,3.0395136778115504,2.735562310030395,0.303951367781155,1.21580547112462,0,1.21580547112462,0.60790273556231
E00188620,178,169,3,3,0,4,3,1,2,94.9438202247191,1.6853932584269662,1.6853932584269662,0,2.247191011235955,1.6853932584269662,0.5617977528089888,1.1235955056179776
E00188622,159,145,5,4,1,5,1,4,4,91.19496855345912,3.1446540880503147,2.515723270440252,0.628930817610063,3.1446540880503147,0.628930817610063,2.515723270440252,2.515723270440252
E00188623,270,261,6,5,1,2,1,1,1,96.66666666666667,2.2222222222222223,1.8518518518518516,0.3703703703703704,0.7407407407407408,0.3703703703703704,0.3703703703703704,0.3703703703703704
E00188625,156,152,1,0,1,2,2,0,1,97.43589743589743,0.641025641025641,0,0.641025641025641,1.282051282051282,1.282051282051282,0,0.641025641025641
E00188629,324,302,15,12,3,7,1,6,0,93.20987654320987,4.62962962962963,3.7037037037037033,0.9259259259259258,2.1604938271604937,0.30864197530864196,1.8518518518518516,0
E00188630,399,365,16,13,3,7,3,4,11,91.47869674185463,4.010025062656641,3.258145363408521,0.7518796992481203,1.7543859649122806,0.7518796992481203,1.0025062656641603,2.756892230576441
E00188631,220,202,8,8,0,6,3,3,4,91.81818181818183,3.6363636363636362,3.6363636363636362,0,2.727272727272727,1.3636363636363635,1.3636363636363635,1.8181818181818181
E00188633,324,304,11,11,0,2,2,0,7,93.82716049382715,3.3950617283950617,3.3950617283950617,0,0.6172839506172839,0.6172839506172839,0,2.1604938271604937
E00188638,225,217,4,3,1,4,2,2,0,96.44444444444444,1.7777777777777777,1.3333333333333335,0.4444444444444444,1.7777777777777777,0.8888888888888888,0.8888888888888888,0
E00188639,403,384,13,10,3,1,0,1,5,95.28535980148884,3.225806451612903,2.481389578163772,0.7444168734491315,0.24813895781637718,0,0.24813895781637718,1.240694789081886
E00188640,188,167,4,4,0,8,1,7,9,88.82978723404256,2.127659574468085,2.127659574468085,0,4.25531914893617,0.5319148936170213,3.723404255319149,4.787234042553192
E00188641,397,372,14,10,4,4,0,4,7,93.70277078085643,3.5264483627204033,2.518891687657431,1.0075566750629723,1.0075566750629723,0,1.0075566750629723,1.7632241813602016
E00188643,297,278,12,11,1,3,1,2,4,93.60269360269359,4.040404040404041,3.7037037037037033,0.33670033670033667,1.0101010101010102,0.33670033670033667,0.6734006734006733,1.3468013468013467
E00188648,326,304,12,10,2,3,3,0,7,93.25153374233128,3.6809815950920246,3.067484662576687,0.6134969325153374,0.9202453987730062,0.9202453987730062,0,2.147239263803681
E00188651,276,253,20,17,3,2,0,2,1,91.66666666666666,7.246376811594203,6.159420289855073,1.0869565217391304,0.7246376811594203,0,0.7246376811594203,0.36231884057971014
E00188655,218,202,9,9,0,3,3,0,4,92.66055045871559,4.128440366972478,4.128440366972478,0,1.3761467889908259,1.3761467889908259,0,1.834862385321101
E00188656,245,235,6,3,3,1,1,0,3,95.91836734693877,2.4489795918367347,1.2244897959183674,1.2244897959183674,0.40816326530612246,0.40816326530612246,0,1.2244897959183674
E00188658,293,267,14,12,2,3,2,1,9,91.12627986348123,4.778156996587031,4.09556313993174,0.6825938566552902,1.023890784982935,0.6825938566552902,0.3412969283276451,3.0716723549488054
E00188661,284,259,17,17,0,4,1,3,4,91.19718309859155,5.985915492957746,5.985915492957746,0,1.4084507042253522,0.35211267605633806,1.056338028169014,1.4084507042253522
E00188662,358,330,16,14,2,6,1,5,6,92.17877094972067,4.4692737430167595,3.910614525139665,0.5586592178770949,1.675977653631285,0.27932960893854747,1.3966480446927374,1.675977653631285
E00188668,287,264,17,14,3,1,0,1,5,91.98606271777004,5.923344947735192,4.878048780487805,1.0452961672473868,0.34843205574912894,0,0.34843205574912894,1.7421602787456445
E00188670,296,287,1,1,0,4,1,3,4,96.95945945945947,0.33783783783783783,0.33783783783783783,0,1.3513513513513513,0.33783783783783783,1.0135135135135136,1.3513513513513513
E00188671,329,302,22,18,4,2,0,2,3,91.7933130699088,6.68693009118541,5.47112462006079,1.21580547112462,0.60790273556231,0,0.60790273556231,0.911854103343465
E00188674,322,307,8,8,0,4,1,3,3,95.34161490683229,2.484472049689441,2.484472049689441,0,1.2422360248447204,0.3105590062111801,0.9316770186335404,0.9316770186335404
E00188675,228,219,6,3,3,1,0,1,2,96.05263157894737,2.631578947368421,1.3157894736842104,1.3157894736842104,0.43859649122807015,0,0.43859649122807015,0.8771929824561403
E00188678,259,250,3,3,0,1,1,0,5,96.52509652509652,1.1583011583011582,1.1583011583011582,0,0.3861003861003861,0.3861003861003861,0,1.9305019305019304
E00188679,384,353,20,15,5,7,3,4,4,91.92708333333334,5.208333333333334,3.90625,1.3020833333333335,1.8229166666666667,0.78125,1.0416666666666665,1.0416666666666665
E00188680,355,331,15,15,0,4,2,2,5,93.2394366197183,4.225352112676056,4.225352112676056,0,1.1267605633802817,0.5633802816901409,0.5633802816901409,1.4084507042253522
E00188685,201,177,10,6,4,7,1,6,7,88.05970149253731,4.975124378109453,2.9850746268656714,1.9900497512437811,3.482587064676617,0.4975124378109453,2.9850746268656714,3.482587064676617
E00188686,346,322,11,7,4,4,2,2,9,93.0635838150289,3.1791907514450863,2.023121387283237,1.1560693641618496,1.1560693641618496,0.5780346820809248,0.5780346820809248,2.601156069364162
E00188687,300,288,7,3,4,2,1,1,3,96,2.3333333333333335,1,1.3333333333333335,0.6666666666666667,0.33333333333333337,0.33333333333333337,1
E00188693,134,126,6,5,1,0,0,0,2,94.02985074626866,4.477611940298507,3.731343283582089,0.7462686567164178,0,0,0,1.4925373134328357
E00188694,280,263,6,3,3,6,0,6,5,93.92857142857143,2.142857142857143,1.0714285714285714,1.0714285714285714,2.142857142857143,0,2.142857142857143,1.7857142857142856
E00188695,288,267,10,7,3,2,2,0,9,92.70833333333334,3.4722222222222223,2.430555555555556,1.0416666666666665,0.6944444444444444,0.6944444444444444,0,3.125
E00188699,279,269,3,3,0,5,3,2,2,96.415770609319,1.0752688172043012,1.0752688172043012,0,1.7921146953405016,1.0752688172043012,0.7168458781362007,0.7168458781362007
E00188702,225,217,8,7,1,0,0,0,0,96.44444444444444,3.5555555555555554,3.111111111111111,0.4444444444444444,0,0,0,0
E00188705,212,205,5,3,2,2,2,0,0,96.69811320754717,2.358490566037736,1.4150943396226416,0.9433962264150944,0.9433962264150944,0.9433962264150944,0,0
E00188709,281,256,16,11,5,3,1,2,6,91.10320284697508,5.6939501779359425,3.9145907473309607,1.7793594306049825,1.0676156583629894,0.3558718861209964,0.7117437722419928,2.135231316725979
E00188711,336,316,7,2,5,4,3,1,9,94.04761904761905,2.083333333333333,0.5952380952380952,1.488095238095238,1.1904761904761905,0.8928571428571428,0.2976190476190476,2.6785714285714284
E00188718,242,228,3,2,1,3,0,3,8,94.21487603305785,1.2396694214876034,0.8264462809917356,0.4132231404958678,1.2396694214876034,0,1.2396694214876034,3.3057851239669422
E00188721,248,236,7,4,3,5,0,5,0,95.16129032258065,2.82258064516129,1.6129032258064515,1.2096774193548387,2.0161290322580645,0,2.0161290322580645,0
E00188722,222,201,8,5,3,7,0,7,6,90.54054054054053,3.6036036036036037,2.2522522522522523,1.3513513513513513,3.153153153153153,0,3.153153153153153,2.7027027027027026
E00188724,466,426,24,17,7,7,1,6,9,91.41630901287554,5.150214592274678,3.648068669527897,1.502145922746781,1.502145922746781,0.2145922746781116,1.2875536480686696,1.9313304721030045
E00188729,252,236,9,5,4,0,0,0,7,93.65079365079364,3.571428571428571,1.984126984126984,1.5873015873015872,0,0,0,2.7777777777777777
E00188730,909,864,36,30,6,2,0,2,7,95.04950495049505,3.9603960396039604,3.3003300330033,0.6600660066006601,0.22002200220022,0,0.22002200220022,0.77007700770077
E00188732,228,223,3,2,1,2,1,1,0,97.80701754385966,1.3157894736842104,0.8771929824561403,0.43859649122807015,0.8771929824561403,0.43859649122807015,0.43859649122807015,0
E00188735,291,271,15,11,4,1,1,0,4,93.12714776632302,5.154639175257731,3.7800687285223367,1.3745704467353952,0.3436426116838488,0.3436426116838488,0,1.3745704467353952
E00188736,248,234,6,3,3,4,3,1,4,94.35483870967742,2.4193548387096775,1.2096774193548387,1.2096774193548387,1.6129032258064515,1.2096774193548387,0.4032258064516129,1.6129032258064515
E00188740,274,253,14,13,1,2,0,2,5,92.33576642335767,5.109489051094891,4.744525547445255,0.36496350364963503,0.7299270072992701,0,0.7299270072992701,1.824817518248175
E00188742,294,280,6,5,1,1,1,0,7,95.23809523809523,2.0408163265306123,1.7006802721088436,0.3401360544217687,0.3401360544217687,0.3401360544217687,0,2.380952380952381
E00188745,251,230,14,12,2,0,0,0,7,91.63346613545816,5.577689243027888,4.780876494023905,0.796812749003984,0,0,0,2.788844621513944
E00188746,314,299,9,6,3,2,2,0,4,95.22292993630573,2.8662420382165608,1.910828025477707,0.9554140127388535,0.6369426751592357,0.6369426751592357,0,1.2738853503184715
E00188749,298,277,11,7,4,4,2,2,6,92.9530201342282,3.691275167785235,2.348993288590604,1.342281879194631,1.342281879194631,0.6711409395973155,0.6711409395973155,2.013422818791946
