OA,ts0390001,ts0390002,ts0390003,ts0390004,ts0390005,ts0390006,ts0390007,ts0390008,ts0390009,ts0390002_PCT,ts0390003_PCT,ts0390004_PCT,ts0390005_PCT,ts0390006_PCT,ts0390007_PCT,ts0390008_PCT,ts0390009_PCT
E00078837,326,299,16,12,4,4,3,1,7,91.71779141104295,4.9079754601226995,3.6809815950920246,1.2269938650306749,1.2269938650306749,0.9202453987730062,0.3067484662576687,2.147239263803681
E00078838,351,316,28,20,8,5,3,2,2,90.02849002849003,7.977207977207977,5.698005698005698,2.2792022792022792,1.4245014245014245,0.8547008547008548,0.5698005698005698,0.5698005698005698
E00078839,355,326,13,8,5,5,3,2,11,91.83098591549296,3.6619718309859155,2.2535211267605635,1.4084507042253522,1.4084507042253522,0.8450704225352111,0.5633802816901409,3.0985915492957745
E00078840,182,167,9,7,2,1,0,1,5,91.75824175824175,4.945054945054945,3.8461538461538463,1.098901098901099,0.5494505494505495,0,0.5494505494505495,2.7472527472527473
E00078841,247,229,12,11,1,3,2,1,3,92.71255060728745,4.8582995951417,4.4534412955465585,0.4048582995951417,1.214574898785425,0.8097165991902834,0.4048582995951417,1.214574898785425
E00078842,429,379,34,22,12,7,5,2,9,88.34498834498834,7.925407925407925,5.128205128205128,2.797202797202797,1.6317016317016315,1.1655011655011656,0.4662004662004662,2.097902097902098
E00078843,422,378,20,18,2,10,9,1,14,89.57345971563981,4.739336492890995,4.265402843601896,0.47393364928909953,2.3696682464454977,2.132701421800948,0.23696682464454977,3.3175355450236967
E00078844,348,326,18,14,4,1,0,1,3,93.67816091954023,5.172413793103448,4.022988505747127,1.1494252873563218,0.28735632183908044,0,0.28735632183908044,0.8620689655172413
E00078845,142,130,9,8,1,0,0,0,3,91.54929577464789,6.338028169014084,5.633802816901409,0.7042253521126761,0,0,0,2.112676056338028
E00078846,256,235,12,10,2,5,3,2,4,91.796875,4.6875,3.90625,0.78125,1.953125,1.171875,0.78125,1.5625
E00078847,308,289,10,10,0,1,1,0,8,93.83116883116884,3.2467532467532463,3.2467532467532463,0,0.3246753246753247,0.3246753246753247,0,2.5974025974025974
E00078848,377,334,16,8,8,11,5,6,16,88.59416445623343,4.244031830238726,2.122015915119363,2.122015915119363,2.9177718832891246,1.3262599469496021,1.5915119363395225,4.244031830238726
E00078849,154,147,2,2,0,4,3,1,1,95.45454545454545,1.2987012987012987,1.2987012987012987,0,2.5974025974025974,1.948051948051948,0.6493506493506493,0.6493506493506493
E00078850,376,337,14,12,2,9,4,5,16,89.62765957446808,3.723404255319149,3.1914893617021276,0.5319148936170213,2.393617021276596,1.0638297872340425,1.3297872340425532,4.25531914893617
E00078851,317,298,5,3,2,5,2,3,9,94.00630914826499,1.5772870662460567,0.9463722397476341,0.6309148264984227,1.5772870662460567,0.6309148264984227,0.9463722397476341,2.8391167192429023
E00078852,300,272,8,2,6,12,3,9,8,90.66666666666666,2.666666666666667,0.6666666666666667,2,4,1,3,2.666666666666667
E00078853,316,294,10,8,2,6,2,4,6,93.0379746835443,3.1645569620253164,2.5316455696202533,0.6329113924050633,1.89873417721519,0.6329113924050633,1.2658227848101267,1.89873417721519
E00078854,272,250,3,2,1,4,2,2,15,91.91176470588235,1.1029411764705883,0.7352941176470588,0.3676470588235294,1.4705882352941175,0.7352941176470588,0.7352941176470588,5.514705882352941
E00078855,207,190,5,5,0,2,0,2,10,91.78743961352657,2.4154589371980677,2.4154589371980677,0,0.966183574879227,0,0.966183574879227,4.830917874396135
E00078856,385,367,5,4,1,2,2,0,11,95.32467532467533,1.2987012987012987,1.0389610389610389,0.2597402597402597,0.5194805194805194,0.5194805194805194,0,2.857142857142857
E00078857,232,213,9,7,2,5,3,2,5,91.8103448275862,3.8793103448275863,3.0172413793103448,0.8620689655172413,2.1551724137931036,1.293103448275862,0.8620689655172413,2.1551724137931036
E00078858,419,383,9,6,3,9,2,7,18,91.40811455847255,2.1479713603818613,1.431980906921241,0.7159904534606205,2.1479713603818613,0.47732696897374705,1.6706443914081146,4.295942720763723
E00078859,229,203,10,4,6,7,1,6,9,88.64628820960698,4.366812227074235,1.7467248908296942,2.6200873362445414,3.056768558951965,0.43668122270742354,2.6200873362445414,3.9301310043668125
E00078860,236,208,10,9,1,11,2,9,7,88.13559322033898,4.23728813559322,3.8135593220338984,0.423728813559322,4.661016949152542,0.847457627118644,3.8135593220338984,2.9661016949152543
E00078861,281,244,16,12,4,4,2,2,17,86.83274021352312,5.6939501779359425,4.270462633451958,1.4234875444839856,1.4234875444839856,0.7117437722419928,0.7117437722419928,6.049822064056939
E00078862,318,291,15,9,6,6,4,2,6,91.50943396226415,4.716981132075472,2.8301886792452833,1.8867924528301887,1.8867924528301887,1.257861635220126,0.628930817610063,1.8867924528301887
E00078863,251,233,6,5,1,5,2,3,7,92.82868525896414,2.3904382470119523,1.9920318725099602,0.398406374501992,1.9920318725099602,0.796812749003984,1.1952191235059761,2.788844621513944
E00078864,243,231,4,4,0,2,1,1,6,95.06172839506173,1.646090534979424,1.646090534979424,0,0.823045267489712,0.411522633744856,0.411522633744856,2.4691358024691357
E00078865,330,303,9,5,4,5,3,2,13,91.81818181818183,2.727272727272727,1.5151515151515151,1.2121212121212122,1.5151515151515151,0.9090909090909091,0.6060606060606061,3.939393939393939
E00078866,264,250,10,6,4,0,0,0,4,94.6969696969697,3.787878787878788,2.272727272727273,1.5151515151515151,0,0,0,1.5151515151515151
E00078867,361,329,13,7,6,5,1,4,14,91.13573407202216,3.6011080332409975,1.9390581717451523,1.662049861495845,1.3850415512465373,0.2770083102493075,1.10803324099723,3.8781163434903045
E00078868,367,326,23,18,5,9,5,4,9,88.8283378746594,6.267029972752043,4.904632152588556,1.3623978201634876,2.452316076294278,1.3623978201634876,1.08991825613079,2.452316076294278
E00078869,396,358,14,9,5,9,4,5,15,90.40404040404042,3.535353535353535,2.272727272727273,1.2626262626262625,2.272727272727273,1.0101010101010102,1.2626262626262625,3.787878787878788
E00078870,343,318,8,4,4,7,5,2,10,92.71137026239067,2.3323615160349855,1.1661807580174928,1.1661807580174928,2.0408163265306123,1.4577259475218658,0.5830903790087464,2.9154518950437316
E00078871,284,264,6,2,4,6,2,4,8,92.95774647887323,2.112676056338028,0.7042253521126761,1.4084507042253522,2.112676056338028,0.7042253521126761,1.4084507042253522,2.8169014084507045
E00078872,386,359,14,9,5,9,2,7,4,93.00518134715026,3.6269430051813467,2.33160621761658,1.2953367875647668,2.33160621761658,0.5181347150259068,1.8134715025906734,1.0362694300518136
E00078873,459,422,10,7,3,9,3,6,18,91.93899782135077,2.178649237472767,1.5250544662309369,0.6535947712418301,1.9607843137254901,0.6535947712418301,1.3071895424836601,3.9215686274509802
E00078874,317,300,8,5,3,3,2,1,6,94.6372239747634,2.5236593059936907,1.5772870662460567,0.9463722397476341,0.9463722397476341,0.6309148264984227,0.31545741324921134,1.8927444794952681
E00078875,453,418,11,10,1,9,5,4,15,92.27373068432672,2.4282560706401766,2.207505518763797,0.22075055187637968,1.9867549668874174,1.1037527593818985,0.8830022075055187,3.3112582781456954
E00078876,316,290,10,6,4,7,3,4,9,91.77215189873418,3.1645569620253164,1.89873417721519,1.2658227848101267,2.2151898734177213,0.949367088607595,1.2658227848101267,2.848101265822785
E00078877,374,346,5,5,0,13,7,6,10,92.51336898395722,1.3368983957219251,1.3368983957219251,0,3.4759358288770055,1.8716577540106951,1.6042780748663104,2.6737967914438503
E00078878,301,276,13,10,3,2,2,0,10,91.69435215946844,4.318936877076411,3.322259136212625,0.9966777408637874,0.6644518272425249,0.6644518272425249,0,3.322259136212625
E00078879,288,270,8,7,1,6,2,4,4,93.75,2.7777777777777777,2.430555555555556,0.3472222222222222,2.083333333333333,0.6944444444444444,1.3888888888888888,1.3888888888888888
E00078880,325,285,19,14,5,7,4,3,14,87.6923076923077,5.846153846153846,4.3076923076923075,1.5384615384615385,2.1538461538461537,1.2307692307692308,0.9230769230769231,4.3076923076923075
E00078881,219,205,6,5,1,3,1,2,5,93.60730593607306,2.73972602739726,2.28310502283105,0.45662100456621,1.36986301369863,0.45662100456621,0.91324200913242,2.28310502283105
E00078882,281,258,8,6,2,8,3,5,7,91.81494661921708,2.8469750889679712,2.135231316725979,0.7117437722419928,2.8469750889679712,1.0676156583629894,1.7793594306049825,2.491103202846975
E00078883,351,308,13,11,2,11,6,5,19,87.74928774928775,3.7037037037037033,3.133903133903134,0.5698005698005698,3.133903133903134,1.7094017094017095,1.4245014245014245,5.413105413105413
E00078884,349,311,27,21,6,4,2,2,7,89.11174785100286,7.736389684813753,6.017191977077363,1.7191977077363898,1.146131805157593,0.5730659025787965,0.5730659025787965,2.005730659025788
E00078885,273,250,12,9,3,8,4,4,3,91.57509157509158,4.395604395604396,3.296703296703297,1.098901098901099,2.93040293040293,1.465201465201465,1.465201465201465,1.098901098901099
E00078886,361,324,12,6,6,11,1,10,14,89.75069252077562,3.32409972299169,1.662049861495845,1.662049861495845,3.0470914127423825,0.2770083102493075,2.7700831024930745,3.8781163434903045
E00078887,367,335,18,11,7,5,1,4,9,91.28065395095368,4.904632152588556,2.997275204359673,1.9073569482288828,1.3623978201634876,0.2724795640326975,1.08991825613079,2.452316076294278
E00078888,279,245,17,12,5,5,2,3,12,87.81362007168458,6.093189964157706,4.301075268817205,1.7921146953405016,1.7921146953405016,0.7168458781362007,1.0752688172043012,4.301075268817205
E00078889,499,464,8,4,4,13,5,8,14,92.98597194388778,1.6032064128256511,0.8016032064128256,0.8016032064128256,2.6052104208416833,1.002004008016032,1.6032064128256511,2.80561122244489
E00078892,446,428,4,4,0,2,1,1,12,95.96412556053812,0.8968609865470852,0.8968609865470852,0,0.4484304932735426,0.2242152466367713,0.2242152466367713,2.690582959641256
E00078893,453,429,13,10,3,7,3,4,4,94.70198675496688,2.869757174392936,2.207505518763797,0.6622516556291391,1.545253863134658,0.6622516556291391,0.8830022075055187,0.8830022075055187
E00078894,288,269,6,3,3,4,0,4,9,93.40277777777779,2.083333333333333,1.0416666666666665,1.0416666666666665,1.3888888888888888,0,1.3888888888888888,3.125
E00078896,589,560,10,8,2,6,2,4,13,95.07640067911714,1.697792869269949,1.3582342954159592,0.3395585738539898,1.0186757215619695,0.3395585738539898,0.6791171477079796,2.2071307300509337
E00078898,280,268,2,2,0,5,1,4,5,95.71428571428572,0.7142857142857143,0.7142857142857143,0,1.7857142857142856,0.35714285714285715,1.4285714285714286,1.7857142857142856
E00078899,508,472,12,3,9,15,4,11,9,92.91338582677166,2.3622047244094486,0.5905511811023622,1.7716535433070866,2.952755905511811,0.7874015748031495,2.1653543307086616,1.7716535433070866
E00078900,413,386,15,13,2,5,3,2,7,93.46246973365618,3.631961259079903,3.14769975786925,0.48426150121065376,1.2106537530266344,0.7263922518159807,0.48426150121065376,1.694915254237288
E00078901,564,518,19,10,9,20,9,11,7,91.84397163120568,3.368794326241135,1.773049645390071,1.5957446808510638,3.546099290780142,1.5957446808510638,1.950354609929078,1.2411347517730498
E00078902,564,519,14,9,5,18,12,6,13,92.02127659574468,2.4822695035460995,1.5957446808510638,0.8865248226950355,3.1914893617021276,2.127659574468085,1.0638297872340425,2.304964539007092
E00078903,479,447,12,6,6,10,4,6,10,93.31941544885177,2.5052192066805845,1.2526096033402923,1.2526096033402923,2.0876826722338206,0.8350730688935281,1.2526096033402923,2.0876826722338206
E00078904,517,479,12,8,4,15,5,10,11,92.64990328820116,2.321083172147002,1.5473887814313347,0.7736943907156674,2.9013539651837523,0.9671179883945842,1.9342359767891684,2.127659574468085
E00078905,456,428,9,4,5,11,6,5,8,93.85964912280701,1.9736842105263157,0.8771929824561403,1.0964912280701753,2.4122807017543857,1.3157894736842104,1.0964912280701753,1.7543859649122806
E00078906,374,352,4,2,2,8,4,4,10,94.11764705882352,1.06951871657754,0.53475935828877,0.53475935828877,2.13903743315508,1.06951871657754,1.06951871657754,2.6737967914438503
E00078907,491,464,8,3,5,9,3,6,10,94.5010183299389,1.6293279022403258,0.6109979633401221,1.0183299389002036,1.8329938900203666,0.6109979633401221,1.2219959266802443,2.0366598778004072
E00078909,482,451,9,7,2,7,3,4,15,93.56846473029046,1.8672199170124482,1.4522821576763485,0.4149377593360996,1.4522821576763485,0.6224066390041494,0.8298755186721992,3.112033195020747
E00078910,429,412,2,2,0,9,6,3,6,96.03729603729604,0.4662004662004662,0.4662004662004662,0,2.097902097902098,1.3986013986013985,0.6993006993006993,1.3986013986013985
E00078911,572,526,22,16,6,14,5,9,10,91.95804195804196,3.8461538461538463,2.797202797202797,1.048951048951049,2.4475524475524475,0.8741258741258742,1.5734265734265735,1.7482517482517483
E00078912,398,367,8,4,4,9,8,1,14,92.21105527638191,2.0100502512562812,1.0050251256281406,1.0050251256281406,2.261306532663317,2.0100502512562812,0.25125628140703515,3.5175879396984926
E00078913,349,323,10,8,2,8,3,5,8,92.55014326647564,2.865329512893983,2.292263610315186,0.5730659025787965,2.292263610315186,0.8595988538681949,1.4326647564469914,2.292263610315186
E00078914,340,315,12,10,2,11,5,6,2,92.64705882352942,3.5294117647058822,2.941176470588235,0.5882352941176471,3.2352941176470593,1.4705882352941175,1.7647058823529411,0.5882352941176471
E00078915,362,333,12,8,4,8,5,3,9,91.9889502762431,3.314917127071823,2.209944751381215,1.1049723756906076,2.209944751381215,1.3812154696132597,0.8287292817679558,2.4861878453038675
E00078916,401,371,8,7,1,11,4,7,11,92.51870324189527,1.99501246882793,1.7456359102244388,0.24937655860349126,2.7431421446384037,0.997506234413965,1.7456359102244388,2.7431421446384037
E00078917,386,356,6,3,3,8,3,5,16,92.2279792746114,1.5544041450777202,0.7772020725388601,0.7772020725388601,2.072538860103627,0.7772020725388601,1.2953367875647668,4.145077720207254
E00078918,341,301,15,8,7,13,4,9,12,88.26979472140762,4.398826979472141,2.346041055718475,2.0527859237536656,3.812316715542522,1.1730205278592376,2.6392961876832843,3.519061583577713
E00078919,490,456,15,8,7,6,3,3,13,93.06122448979592,3.061224489795918,1.6326530612244898,1.4285714285714286,1.2244897959183674,0.6122448979591837,0.6122448979591837,2.6530612244897958
E00078920,263,247,5,3,2,6,3,3,5,93.91634980988593,1.9011406844106464,1.1406844106463878,0.7604562737642585,2.2813688212927756,1.1406844106463878,1.1406844106463878,1.9011406844106464
E00078921,289,268,4,4,0,7,2,5,10,92.73356401384083,1.384083044982699,1.384083044982699,0,2.422145328719723,0.6920415224913495,1.7301038062283738,3.4602076124567476
E00078922,239,215,7,6,1,9,5,4,8,89.9581589958159,2.928870292887029,2.510460251046025,0.41841004184100417,3.765690376569038,2.092050209205021,1.6736401673640167,3.3472803347280333
E00078923,301,286,1,1,0,7,2,5,7,95.01661129568106,0.33222591362126247,0.33222591362126247,0,2.3255813953488373,0.6644518272425249,1.6611295681063125,2.3255813953488373
E00078924,320,301,7,3,4,7,3,4,5,94.0625,2.1875,0.9375,1.25,2.1875,0.9375,1.25,1.5625
E00078925,282,259,8,4,4,9,2,7,6,91.84397163120568,2.8368794326241136,1.4184397163120568,1.4184397163120568,3.1914893617021276,0.7092198581560284,2.4822695035460995,2.127659574468085
E00078926,256,240,5,3,2,6,1,5,5,93.75,1.953125,1.171875,0.78125,2.34375,0.390625,1.953125,1.953125
E00078927,337,300,15,7,8,6,3,3,16,89.02077151335311,4.451038575667656,2.0771513353115725,2.3738872403560833,1.7804154302670623,0.8902077151335311,0.8902077151335311,4.747774480712167
E00078928,313,295,3,2,1,6,3,3,9,94.24920127795528,0.9584664536741214,0.6389776357827476,0.3194888178913738,1.9169329073482428,0.9584664536741214,0.9584664536741214,2.8753993610223643
E00078929,454,417,16,9,7,7,5,2,14,91.85022026431719,3.524229074889868,1.9823788546255507,1.5418502202643172,1.5418502202643172,1.1013215859030838,0.4405286343612335,3.0837004405286343
E00078930,452,424,11,6,5,7,2,5,10,93.80530973451327,2.433628318584071,1.3274336283185841,1.1061946902654867,1.5486725663716814,0.4424778761061947,1.1061946902654867,2.2123893805309733
E00078931,264,240,4,3,1,5,3,2,15,90.9090909090909,1.5151515151515151,1.1363636363636365,0.3787878787878788,1.893939393939394,1.1363636363636365,0.7575757575757576,5.681818181818182
E00078932,336,313,8,4,4,8,2,6,7,93.15476190476191,2.380952380952381,1.1904761904761905,1.1904761904761905,2.380952380952381,0.5952380952380952,1.7857142857142856,2.083333333333333
E00078933,351,323,6,3,3,6,4,2,16,92.02279202279202,1.7094017094017095,0.8547008547008548,0.8547008547008548,1.7094017094017095,1.1396011396011396,0.5698005698005698,4.5584045584045585
E00078934,343,308,13,6,7,7,5,2,15,89.79591836734694,3.7900874635568513,1.749271137026239,2.0408163265306123,2.0408163265306123,1.4577259475218658,0.5830903790087464,4.373177842565598
E00078935,347,315,16,13,3,6,2,4,10,90.77809798270894,4.610951008645533,3.7463976945244957,0.8645533141210375,1.729106628242075,0.57636887608069165,1.1527377521613833,2.881844380403458
E00078936,319,292,7,7,0,9,2,7,11,91.53605015673982,2.19435736677116,2.19435736677116,0,2.8213166144200628,0.6269592476489028,2.19435736677116,3.4482758620689653
E00078937,312,287,6,4,2,8,1,7,11,91.98717948717949,1.9230769230769231,1.282051282051282,0.641025641025641,2.564102564102564,0.3205128205128205,2.2435897435897436,3.5256410256410255
E00078938,423,387,19,13,6,4,3,1,13,91.48936170212765,4.491725768321513,3.0732860520094563,1.4184397163120568,0.9456264775413712,0.7092198581560284,0.2364066193853428,3.0732860520094563
E00078939,370,350,4,2,2,9,0,9,7,94.5945945945946,1.0810810810810811,0.5405405405405406,0.5405405405405406,2.4324324324324325,0,2.4324324324324325,1.891891891891892
E00078940,309,287,10,4,6,4,2,2,8,92.88025889967638,3.2362459546925564,1.2944983818770228,1.9417475728155338,1.2944983818770228,0.6472491909385114,0.6472491909385114,2.5889967637540456
E00078941,358,335,8,3,5,9,2,7,6,93.57541899441341,2.2346368715083798,0.8379888268156425,1.3966480446927374,2.5139664804469275,0.5586592178770949,1.9553072625698324,1.675977653631285
E00078942,327,295,11,8,3,11,9,2,10,90.21406727828746,3.3639143730886847,2.4464831804281344,0.9174311926605505,3.3639143730886847,2.7522935779816518,0.6116207951070336,3.058103975535168
E00078943,254,232,8,5,3,6,2,4,8,91.33858267716536,3.149606299212598,1.968503937007874,1.1811023622047243,2.3622047244094486,0.7874015748031495,1.574803149606299,3.149606299212598
E00078944,427,382,24,14,10,11,4,7,10,89.46135831381733,5.620608899297424,3.278688524590164,2.3419203747072603,2.576112412177986,0.936768149882904,1.639344262295082,2.3419203747072603
E00078945,346,319,7,3,4,4,1,3,16,92.1965317919075,2.023121387283237,0.8670520231213872,1.1560693641618496,1.1560693641618496,0.2890173410404624,0.8670520231213872,4.624277456647398
E00078946,396,366,12,8,4,9,3,6,9,92.42424242424242,3.0303030303030303,2.0202020202020203,1.0101010101010102,2.272727272727273,0.7575757575757576,1.5151515151515151,2.272727272727273
E00078948,310,280,12,10,2,6,4,2,12,90.32258064516128,3.870967741935484,3.225806451612903,0.6451612903225806,1.935483870967742,1.2903225806451613,0.6451612903225806,3.870967741935484
E00078949,404,367,18,13,5,8,4,4,11,90.84158415841584,4.455445544554455,3.217821782178218,1.2376237623762376,1.9801980198019802,0.9900990099009901,0.9900990099009901,2.722772277227723
E00078950,448,422,8,5,3,9,7,2,9,94.19642857142857,1.7857142857142856,1.1160714285714286,0.6696428571428571,2.0089285714285716,1.5625,0.4464285714285714,2.0089285714285716
E00078951,314,292,8,6,2,7,4,3,7,92.99363057324841,2.547770700636943,1.910828025477707,0.6369426751592357,2.229299363057325,1.2738853503184715,0.9554140127388535,2.229299363057325
E00078952,431,386,17,13,4,15,7,8,13,89.55916473317865,3.944315545243619,3.0162412993039442,0.9280742459396751,3.480278422273782,1.6241299303944314,1.8561484918793503,3.0162412993039442
E00078953,302,281,4,0,4,1,0,1,16,93.04635761589404,1.3245033112582782,0,1.3245033112582782,0.33112582781456956,0,0.33112582781456956,5.298013245033113
E00078954,409,380,7,5,2,13,4,9,9,92.90953545232273,1.7114914425427872,1.2224938875305624,0.4889975550122249,3.1784841075794623,0.9779951100244498,2.2004889975550124,2.2004889975550124
E00078955,362,339,11,8,3,7,3,4,5,93.646408839779,3.0386740331491713,2.209944751381215,0.8287292817679558,1.9337016574585635,0.8287292817679558,1.1049723756906076,1.3812154696132597
E00078956,362,347,5,3,2,6,3,3,4,95.85635359116023,1.3812154696132597,0.8287292817679558,0.5524861878453038,1.6574585635359116,0.8287292817679558,0.8287292817679558,1.1049723756906076
E00078957,547,502,11,6,5,20,5,15,14,91.77330895795247,2.010968921389397,1.0968921389396709,0.9140767824497258,3.656307129798903,0.9140767824497258,2.742230347349177,2.5594149908592323
E00078958,420,400,8,5,3,4,2,2,8,95.23809523809523,1.9047619047619049,1.1904761904761905,0.7142857142857143,0.9523809523809524,0.4761904761904762,0.4761904761904762,1.9047619047619049
E00078959,368,335,16,11,5,9,2,7,8,91.03260869565217,4.3478260869565215,2.989130434782609,1.358695652173913,2.4456521739130435,0.5434782608695652,1.9021739130434785,2.1739130434782608
E00078960,401,355,24,17,7,12,7,5,10,88.5286783042394,5.985037406483791,4.239401496259352,1.7456359102244388,2.9925187032418954,1.7456359102244388,1.2468827930174564,2.493765586034913
E00078961,450,425,11,8,3,6,2,4,8,94.44444444444444,2.4444444444444446,1.7777777777777777,0.6666666666666667,1.3333333333333335,0.4444444444444444,0.8888888888888888,1.7777777777777777
E00078962,339,321,3,2,1,4,3,1,11,94.69026548672566,0.8849557522123894,0.5899705014749262,0.2949852507374631,1.1799410029498525,0.8849557522123894,0.2949852507374631,3.2448377581120944
E00078963,365,329,16,7,9,12,7,5,8,90.13698630136986,4.383561643835616,1.9178082191780823,2.4657534246575343,3.287671232876712,1.9178082191780823,1.36986301369863,2.191780821917808
E00078964,328,294,11,4,7,12,1,11,11,89.63414634146342,3.353658536585366,1.2195121951219512,2.1341463414634148,3.6585365853658534,0.3048780487804878,3.353658536585366,3.353658536585366
E00078965,344,321,12,8,4,2,1,1,9,93.31395348837209,3.488372093023256,2.3255813953488373,1.1627906976744187,0.5813953488372093,0.29069767441860467,0.29069767441860467,2.616279069767442
E00078967,191,181,3,1,2,4,2,2,3,94.76439790575915,1.5706806282722512,0.5235602094240838,1.0471204188481675,2.094240837696335,1.0471204188481675,1.0471204188481675,1.5706806282722512
E00078968,370,350,4,3,1,4,2,2,12,94.5945945945946,1.0810810810810811,0.8108108108108109,0.2702702702702703,1.0810810810810811,0.5405405405405406,0.5405405405405406,3.2432432432432434
E00078969,394,358,11,8,3,9,1,8,16,90.86294416243655,2.7918781725888326,2.030456852791878,0.7614213197969544,2.284263959390863,0.25380710659898476,2.030456852791878,4.060913705583756
E00078970,320,297,6,3,3,7,1,6,10,92.8125,1.875,0.9375,0.9375,2.1875,0.3125,1.875,3.125
E00078971,181,167,4,4,0,3,0,3,7,92.26519337016575,2.209944751381215,2.209944751381215,0,1.6574585635359116,0,1.6574585635359116,3.867403314917127
E00078972,352,324,14,10,4,5,2,3,9,92.04545454545455,3.977272727272727,2.840909090909091,1.1363636363636365,1.4204545454545454,0.5681818181818182,0.8522727272727272,2.556818181818182
E00078974,319,277,14,10,4,10,3,7,18,86.83385579937304,4.38871473354232,3.1347962382445136,1.2539184952978055,3.1347962382445136,0.9404388714733543,2.19435736677116,5.6426332288401255
E00078975,177,153,10,6,4,6,1,5,8,86.4406779661017,5.649717514124294,3.389830508474576,2.2598870056497176,3.389830508474576,0.5649717514124294,2.824858757062147,4.519774011299435
E00078976,262,233,23,21,2,2,1,1,4,88.93129770992367,8.778625954198473,8.015267175572518,0.7633587786259541,0.7633587786259541,0.38167938931297707,0.38167938931297707,1.5267175572519083
E00078977,335,313,15,13,2,4,2,2,3,93.43283582089552,4.477611940298507,3.880597014925373,0.5970149253731344,1.1940298507462688,0.5970149253731344,0.5970149253731344,0.8955223880597015
E00078978,225,202,14,10,4,2,1,1,7,89.77777777777777,6.222222222222222,4.444444444444445,1.7777777777777777,0.8888888888888888,0.4444444444444444,0.4444444444444444,3.111111111111111
E00078979,476,421,38,28,10,6,1,5,11,88.4453781512605,7.9831932773109235,5.88235294117647,2.100840336134454,1.2605042016806722,0.21008403361344538,1.050420168067227,2.3109243697478994
E00078980,237,200,22,20,2,3,1,2,12,84.38818565400844,9.282700421940929,8.438818565400844,0.8438818565400843,1.2658227848101267,0.42194092827004215,0.8438818565400843,5.063291139240507
E00078981,305,276,16,15,1,5,3,2,8,90.49180327868852,5.245901639344262,4.918032786885246,0.32786885245901637,1.639344262295082,0.9836065573770493,0.6557377049180327,2.622950819672131
E00078982,483,443,12,8,4,12,4,8,16,91.7184265010352,2.484472049689441,1.6563146997929608,0.8281573498964804,2.484472049689441,0.8281573498964804,1.6563146997929608,3.3126293995859215
E00078983,419,387,14,10,4,8,3,5,10,92.36276849642005,3.341288782816229,2.386634844868735,0.9546539379474941,1.9093078758949882,0.7159904534606205,1.1933174224343674,2.386634844868735
E00078984,351,310,20,10,10,11,3,8,10,88.31908831908832,5.698005698005698,2.849002849002849,2.849002849002849,3.133903133903134,0.8547008547008548,2.2792022792022792,2.849002849002849
E00078985,331,305,10,8,2,7,5,2,9,92.14501510574019,3.0211480362537766,2.416918429003021,0.6042296072507553,2.1148036253776437,1.5105740181268883,0.6042296072507553,2.719033232628399
E00078987,469,416,29,24,5,13,6,7,11,88.69936034115139,6.183368869936034,5.11727078891258,1.0660980810234542,2.771855010660981,1.279317697228145,1.4925373134328357,2.345415778251599
E00078988,371,335,20,17,3,6,6,0,10,90.29649595687331,5.3908355795148255,4.5822102425876015,0.8086253369272237,1.6172506738544474,1.6172506738544474,0,2.6954177897574128
E00078989,265,242,10,7,3,4,1,3,9,91.32075471698113,3.7735849056603774,2.6415094339622645,1.1320754716981132,1.509433962264151,0.37735849056603776,1.1320754716981132,3.3962264150943398
E00078990,425,375,30,24,6,9,5,4,11,88.23529411764706,7.0588235294117645,5.647058823529412,1.411764705882353,2.1176470588235294,1.1764705882352942,0.9411764705882352,2.588235294117647
E00078991,418,379,30,25,5,3,1,2,6,90.66985645933015,7.177033492822966,5.980861244019139,1.1961722488038278,0.7177033492822966,0.23923444976076555,0.4784688995215311,1.4354066985645932
E00078992,266,239,18,15,3,3,0,3,6,89.84962406015038,6.7669172932330826,5.639097744360902,1.1278195488721803,1.1278195488721803,0,1.1278195488721803,2.2556390977443606
E00078993,405,344,19,13,6,20,6,14,22,84.93827160493828,4.691358024691358,3.2098765432098766,1.4814814814814816,4.938271604938271,1.4814814814814816,3.45679012345679,5.432098765432099
E00078994,239,211,14,8,6,3,0,3,11,88.28451882845188,5.857740585774058,3.3472803347280333,2.510460251046025,1.2552301255230125,0,1.2552301255230125,4.602510460251046
E00078995,191,160,7,4,3,7,5,2,17,83.7696335078534,3.664921465968586,2.094240837696335,1.5706806282722512,3.664921465968586,2.6178010471204187,1.0471204188481675,8.900523560209423
E00078996,285,268,5,5,0,5,3,2,7,94.03508771929825,1.7543859649122806,1.7543859649122806,0,1.7543859649122806,1.0526315789473684,0.7017543859649122,2.456140350877193
E00078997,327,313,6,5,1,4,2,2,4,95.71865443425077,1.834862385321101,1.529051987767584,0.3058103975535168,1.2232415902140672,0.6116207951070336,0.6116207951070336,1.2232415902140672
E00078998,336,306,19,14,5,4,0,4,7,91.07142857142857,5.654761904761905,4.166666666666666,1.488095238095238,1.1904761904761905,0,1.1904761904761905,2.083333333333333
E00078999,560,523,20,15,5,5,2,3,12,93.39285714285714,3.571428571428571,2.6785714285714284,0.8928571428571428,0.8928571428571428,0.35714285714285715,0.5357142857142857,2.142857142857143
E00079000,393,362,12,9,3,8,4,4,11,92.1119592875318,3.0534351145038165,2.2900763358778624,0.7633587786259541,2.035623409669211,1.0178117048346056,1.0178117048346056,2.7989821882951653
E00079001,327,307,12,8,4,4,3,1,4,93.88379204892966,3.669724770642202,2.4464831804281344,1.2232415902140672,1.2232415902140672,0.9174311926605505,0.3058103975535168,1.2232415902140672
E00079003,227,212,3,2,1,5,4,1,7,93.3920704845815,1.3215859030837005,0.881057268722467,0.4405286343612335,2.2026431718061676,1.762114537444934,0.4405286343612335,3.0837004405286343
E00079004,337,320,7,4,3,5,1,4,5,94.95548961424333,2.0771513353115725,1.1869436201780417,0.8902077151335311,1.483679525222552,0.2967359050445104,1.1869436201780417,1.483679525222552
E00079005,259,244,7,3,4,4,0,4,4,94.20849420849422,2.7027027027027026,1.1583011583011582,1.5444015444015444,1.5444015444015444,0,1.5444015444015444,1.5444015444015444
E00079006,340,315,9,8,1,3,2,1,13,92.64705882352942,2.6470588235294117,2.3529411764705883,0.29411764705882354,0.8823529411764706,0.5882352941176471,0.29411764705882354,3.823529411764706
E00079007,267,244,9,5,4,5,5,0,9,91.38576779026218,3.3707865168539324,1.8726591760299627,1.4981273408239701,1.8726591760299627,1.8726591760299627,0,3.3707865168539324
E00079008,206,188,9,7,2,4,2,2,5,91.2621359223301,4.368932038834951,3.3980582524271843,0.9708737864077669,1.9417475728155338,0.9708737864077669,0.9708737864077669,2.4271844660194173
E00079009,213,186,14,11,3,6,6,0,7,87.32394366197182,6.572769953051644,5.164319248826291,1.4084507042253522,2.8169014084507045,2.8169014084507045,0,3.286384976525822
E00079010,235,217,13,11,2,5,4,1,0,92.34042553191489,5.531914893617021,4.680851063829787,0.851063829787234,2.127659574468085,1.702127659574468,0.425531914893617,0
E00079011,266,249,7,4,3,6,2,4,4,93.60902255639097,2.631578947368421,1.5037593984962405,1.1278195488721803,2.2556390977443606,0.7518796992481203,1.5037593984962405,1.5037593984962405
E00079012,249,230,12,8,4,2,1,1,5,92.3694779116466,4.819277108433735,3.2128514056224895,1.6064257028112447,0.8032128514056224,0.4016064257028112,0.4016064257028112,2.0080321285140563
E00079013,500,468,12,7,5,7,2,5,13,93.60000000000001,2.4,1.4000000000000001,1,1.4000000000000001,0.4,1,2.6
E00079014,281,265,6,4,2,6,2,4,4,94.30604982206405,2.135231316725979,1.4234875444839856,0.7117437722419928,2.135231316725979,0.7117437722419928,1.4234875444839856,1.4234875444839856
E00079015,301,275,8,6,2,11,3,8,7,91.36212624584718,2.6578073089700998,1.9933554817275747,0.6644518272425249,3.6544850498338874,0.9966777408637874,2.6578073089700998,2.3255813953488373
E00079017,291,280,8,6,2,0,0,0,3,96.21993127147766,2.7491408934707904,2.0618556701030926,0.6872852233676976,0,0,0,1.0309278350515463
E00079018,292,263,15,12,3,7,5,2,7,90.06849315068493,5.136986301369863,4.10958904109589,1.0273972602739725,2.3972602739726026,1.7123287671232876,0.684931506849315,2.3972602739726026
E00079019,269,251,11,8,3,3,0,3,4,93.3085501858736,4.089219330855019,2.973977695167286,1.1152416356877324,1.1152416356877324,0,1.1152416356877324,1.486988847583643
E00079020,527,512,10,8,2,4,0,4,1,97.15370018975332,1.8975332068311195,1.5180265654648957,0.3795066413662239,0.7590132827324478,0,0.7590132827324478,0.18975332068311196
E00079021,507,471,20,17,3,8,4,4,8,92.89940828402366,3.9447731755424065,3.353057199211045,0.591715976331361,1.5779092702169626,0.7889546351084813,0.7889546351084813,1.5779092702169626
E00079022,323,307,7,3,4,4,4,0,5,95.04643962848297,2.1671826625387,0.9287925696594427,1.238390092879257,1.238390092879257,1.238390092879257,0,1.5479876160990713
E00079024,363,337,9,4,5,7,3,4,10,92.8374655647383,2.479338842975207,1.1019283746556474,1.3774104683195594,1.9283746556473829,0.8264462809917356,1.1019283746556474,2.7548209366391188
E00079025,215,192,10,9,1,4,1,3,9,89.30232558139535,4.651162790697675,4.186046511627907,0.46511627906976744,1.8604651162790697,0.46511627906976744,1.3953488372093024,4.186046511627907
E00079026,268,245,15,12,3,2,2,0,6,91.4179104477612,5.597014925373134,4.477611940298507,1.1194029850746268,0.7462686567164178,0.7462686567164178,0,2.2388059701492535
E00079027,257,219,23,20,3,5,1,4,10,85.21400778210116,8.949416342412452,7.782101167315175,1.1673151750972763,1.9455252918287937,0.38910505836575876,1.556420233463035,3.8910505836575875
E00079028,302,262,24,20,4,7,5,2,9,86.75496688741721,7.9470198675496695,6.622516556291391,1.3245033112582782,2.3178807947019866,1.6556291390728477,0.6622516556291391,2.980132450331126
E00079029,330,298,21,16,5,5,2,3,6,90.30303030303031,6.363636363636363,4.848484848484849,1.5151515151515151,1.5151515151515151,0.6060606060606061,0.9090909090909091,1.8181818181818181
E00079030,306,279,12,10,2,3,1,2,12,91.17647058823529,3.9215686274509802,3.2679738562091507,0.6535947712418301,0.9803921568627451,0.32679738562091504,0.6535947712418301,3.9215686274509802
E00079031,359,311,25,16,9,7,4,3,16,86.62952646239555,6.963788300835655,4.456824512534819,2.5069637883008355,1.9498607242339834,1.1142061281337048,0.8356545961002786,4.456824512534819
E00079032,382,343,28,19,9,4,3,1,7,89.79057591623037,7.329842931937172,4.973821989528796,2.356020942408377,1.0471204188481675,0.7853403141361256,0.2617801047120419,1.832460732984293
E00079033,306,280,10,8,2,8,3,5,8,91.50326797385621,3.2679738562091507,2.6143790849673203,0.6535947712418301,2.6143790849673203,0.9803921568627451,1.6339869281045754,2.6143790849673203
E00079034,142,129,9,7,2,1,1,0,3,90.84507042253522,6.338028169014084,4.929577464788732,1.4084507042253522,0.7042253521126761,0.7042253521126761,0,2.112676056338028
E00079035,181,164,14,4,10,1,0,1,2,90.60773480662984,7.734806629834254,2.209944751381215,5.524861878453039,0.5524861878453038,0,0.5524861878453038,1.1049723756906076
E00079036,176,162,10,5,5,0,0,0,4,92.04545454545455,5.681818181818182,2.840909090909091,2.840909090909091,0,0,0,2.272727272727273
E00079037,344,314,24,20,4,3,1,2,3,91.27906976744185,6.976744186046512,5.813953488372093,1.1627906976744187,0.872093023255814,0.29069767441860467,0.5813953488372093,0.872093023255814
E00079038,144,126,9,7,2,3,1,2,6,87.5,6.25,4.861111111111112,1.3888888888888888,2.083333333333333,0.6944444444444444,1.3888888888888888,4.166666666666666
E00079040,319,307,1,1,0,4,3,1,7,96.23824451410658,0.3134796238244514,0.3134796238244514,0,1.2539184952978055,0.9404388714733543,0.3134796238244514,2.19435736677116
E00079042,285,268,6,5,1,4,1,3,7,94.03508771929825,2.1052631578947367,1.7543859649122806,0.3508771929824561,1.4035087719298245,0.3508771929824561,1.0526315789473684,2.456140350877193
E00079043,326,292,19,18,1,7,4,3,8,89.57055214723927,5.828220858895705,5.521472392638037,0.3067484662576687,2.147239263803681,1.2269938650306749,0.9202453987730062,2.4539877300613497
E00079044,310,285,9,8,1,7,2,5,9,91.93548387096774,2.903225806451613,2.5806451612903225,0.3225806451612903,2.258064516129032,0.6451612903225806,1.6129032258064515,2.903225806451613
E00079045,122,109,9,6,3,1,1,0,3,89.34426229508196,7.377049180327869,4.918032786885246,2.459016393442623,0.819672131147541,0.819672131147541,0,2.459016393442623
E00079047,525,486,23,18,5,8,5,3,8,92.57142857142857,4.380952380952381,3.428571428571429,0.9523809523809524,1.5238095238095237,0.9523809523809524,0.5714285714285714,1.5238095238095237
E00079048,374,331,22,19,3,6,4,2,15,88.50267379679144,5.88235294117647,5.080213903743315,0.8021390374331552,1.6042780748663104,1.06951871657754,0.53475935828877,4.0106951871657754
E00079049,228,202,16,15,1,7,3,4,3,88.59649122807018,7.017543859649122,6.578947368421052,0.43859649122807015,3.070175438596491,1.3157894736842104,1.7543859649122806,1.3157894736842104
E00079050,112,102,5,4,1,3,2,1,2,91.07142857142857,4.464285714285714,3.571428571428571,0.8928571428571428,2.6785714285714284,1.7857142857142856,0.8928571428571428,1.7857142857142856
E00079051,268,249,9,5,4,5,1,4,5,92.91044776119402,3.3582089552238807,1.8656716417910446,1.4925373134328357,1.8656716417910446,0.3731343283582089,1.4925373134328357,1.8656716417910446
E00079052,273,241,23,20,3,3,2,1,6,88.27838827838828,8.424908424908425,7.326007326007327,1.098901098901099,1.098901098901099,0.7326007326007326,0.3663003663003663,2.197802197802198
E00079053,471,435,25,19,6,4,0,4,7,92.35668789808918,5.3078556263269645,4.033970276008493,1.2738853503184715,0.8492569002123143,0,0.8492569002123143,1.48619957537155
E00079054,327,308,7,4,3,5,2,3,7,94.18960244648318,2.1406727828746175,1.2232415902140672,0.9174311926605505,1.529051987767584,0.6116207951070336,0.9174311926605505,2.1406727828746175
E00079055,365,344,7,3,4,6,4,2,8,94.24657534246576,1.9178082191780823,0.821917808219178,1.095890410958904,1.643835616438356,1.095890410958904,0.547945205479452,2.191780821917808
E00079056,227,209,7,6,1,3,0,3,8,92.07048458149781,3.0837004405286343,2.643171806167401,0.4405286343612335,1.3215859030837005,0,1.3215859030837005,3.524229074889868
E00079057,334,300,14,10,4,4,2,2,16,89.82035928143712,4.191616766467066,2.9940119760479043,1.1976047904191618,1.1976047904191618,0.5988023952095809,0.5988023952095809,4.790419161676647
E00079058,184,170,7,5,2,2,0,2,5,92.3913043478261,3.804347826086957,2.717391304347826,1.0869565217391304,1.0869565217391304,0,1.0869565217391304,2.717391304347826
E00079059,261,238,6,5,1,6,3,3,11,91.18773946360153,2.2988505747126435,1.9157088122605364,0.38314176245210724,2.2988505747126435,1.1494252873563218,1.1494252873563218,4.21455938697318
E00079060,364,305,9,6,3,14,7,7,36,83.79120879120879,2.4725274725274726,1.6483516483516485,0.8241758241758242,3.8461538461538463,1.9230769230769231,1.9230769230769231,9.89010989010989
E00079061,324,306,7,3,4,4,1,3,7,94.44444444444444,2.1604938271604937,0.9259259259259258,1.2345679012345678,1.2345679012345678,0.30864197530864196,0.9259259259259258,2.1604938271604937
E00079062,456,424,14,4,10,4,2,2,14,92.98245614035088,3.070175438596491,0.8771929824561403,2.1929824561403506,0.8771929824561403,0.43859649122807015,0.43859649122807015,3.070175438596491
E00079063,382,362,5,2,3,11,6,5,4,94.76439790575915,1.3089005235602094,0.5235602094240838,0.7853403141361256,2.8795811518324608,1.5706806282722512,1.3089005235602094,1.0471204188481675
E00079064,339,321,8,5,3,6,2,4,4,94.69026548672566,2.359882005899705,1.4749262536873156,0.8849557522123894,1.7699115044247788,0.5899705014749262,1.1799410029498525,1.1799410029498525
E00079065,326,311,6,4,2,2,2,0,7,95.39877300613497,1.8404907975460123,1.2269938650306749,0.6134969325153374,0.6134969325153374,0.6134969325153374,0,2.147239263803681
E00079066,308,279,14,12,2,6,4,2,9,90.5844155844156,4.545454545454546,3.896103896103896,0.6493506493506493,1.948051948051948,1.2987012987012987,0.6493506493506493,2.922077922077922
E00079067,272,256,2,0,2,3,3,0,11,94.11764705882352,0.7352941176470588,0,0.7352941176470588,1.1029411764705883,1.1029411764705883,0,4.044117647058823
E00079068,333,309,5,4,1,8,1,7,11,92.7927927927928,1.5015015015015014,1.2012012012012012,0.3003003003003003,2.4024024024024024,0.3003003003003003,2.1021021021021022,3.303303303303303
E00079069,303,285,5,1,4,4,0,4,9,94.05940594059405,1.65016501650165,0.33003300330033003,1.3201320132013201,1.3201320132013201,0,1.3201320132013201,2.9702970297029703
E00079070,244,227,6,2,4,6,4,2,5,93.0327868852459,2.459016393442623,0.819672131147541,1.639344262295082,2.459016393442623,1.639344262295082,0.819672131147541,2.0491803278688523
E00079071,390,369,6,4,2,5,2,3,10,94.61538461538461,1.5384615384615385,1.0256410256410255,0.5128205128205128,1.282051282051282,0.5128205128205128,0.7692307692307693,2.564102564102564
E00079072,295,271,4,2,2,10,6,4,10,91.86440677966101,1.3559322033898304,0.6779661016949152,0.6779661016949152,3.389830508474576,2.0338983050847457,1.3559322033898304,3.389830508474576
E00079073,538,492,31,28,3,5,2,3,10,91.44981412639405,5.762081784386617,5.204460966542751,0.5576208178438662,0.929368029739777,0.37174721189591076,0.5576208178438662,1.858736059479554
E00079074,134,120,9,8,1,1,1,0,4,89.55223880597015,6.7164179104477615,5.970149253731343,0.7462686567164178,0.7462686567164178,0.7462686567164178,0,2.9850746268656714
E00079075,361,331,18,12,6,2,2,0,10,91.68975069252078,4.986149584487535,3.32409972299169,1.662049861495845,0.554016620498615,0.554016620498615,0,2.7700831024930745
E00079076,293,258,27,23,4,4,0,4,4,88.05460750853243,9.215017064846416,7.849829351535837,1.3651877133105803,1.3651877133105803,0,1.3651877133105803,1.3651877133105803
E00079077,288,255,18,12,6,4,2,2,11,88.54166666666666,6.25,4.166666666666666,2.083333333333333,1.3888888888888888,0.6944444444444444,0.6944444444444444,3.8194444444444446
E00079078,297,278,9,8,1,4,2,2,6,93.60269360269359,3.0303030303030303,2.6936026936026933,0.33670033670033667,1.3468013468013467,0.6734006734006733,0.6734006734006733,2.0202020202020203
E00079079,290,253,17,13,4,9,5,4,11,87.24137931034483,5.862068965517241,4.482758620689655,1.3793103448275863,3.103448275862069,1.7241379310344827,1.3793103448275863,3.793103448275862
E00079080,421,376,30,26,4,4,3,1,11,89.31116389548693,7.1258907363420425,6.175771971496437,0.9501187648456058,0.9501187648456058,0.7125890736342043,0.23752969121140144,2.6128266033254155
E00079081,416,364,32,23,9,9,4,5,11,87.5,7.6923076923076925,5.528846153846153,2.1634615384615383,2.1634615384615383,0.9615384615384616,1.201923076923077,2.644230769230769
E00079082,347,311,6,5,1,8,5,3,22,89.62536023054754,1.729106628242075,1.440922190201729,0.2881844380403458,2.3054755043227666,1.440922190201729,0.8645533141210375,6.340057636887608
E00079083,370,341,10,7,3,8,4,4,11,92.16216216216216,2.7027027027027026,1.891891891891892,0.8108108108108109,2.1621621621621623,1.0810810810810811,1.0810810810810811,2.9729729729729732
E00079084,319,302,9,9,0,6,3,3,2,94.67084639498434,2.8213166144200628,2.8213166144200628,0,1.8808777429467085,0.9404388714733543,0.9404388714733543,0.6269592476489028
E00079085,399,366,11,7,4,10,7,3,12,91.72932330827066,2.756892230576441,1.7543859649122806,1.0025062656641603,2.506265664160401,1.7543859649122806,0.7518796992481203,3.007518796992481
E00079086,338,318,9,5,4,4,3,1,7,94.0828402366864,2.6627218934911245,1.4792899408284024,1.183431952662722,1.183431952662722,0.8875739644970414,0.2958579881656805,2.0710059171597637
E00079087,255,228,12,10,2,3,1,2,12,89.41176470588236,4.705882352941177,3.9215686274509802,0.7843137254901961,1.1764705882352942,0.39215686274509803,0.7843137254901961,4.705882352941177
E00079088,166,149,6,4,2,1,1,0,10,89.7590361445783,3.614457831325301,2.4096385542168677,1.2048192771084338,0.6024096385542169,0.6024096385542169,0,6.024096385542169
E00079089,240,201,18,12,6,8,2,6,13,83.75,7.5,5,2.5,3.3333333333333335,0.8333333333333334,2.5,5.416666666666667
E00079090,335,306,12,8,4,7,6,1,10,91.34328358208955,3.582089552238806,2.3880597014925375,1.1940298507462688,2.0895522388059704,1.791044776119403,0.2985074626865672,2.9850746268656714
E00079091,364,329,9,6,3,10,6,4,16,90.38461538461539,2.4725274725274726,1.6483516483516485,0.8241758241758242,2.7472527472527473,1.6483516483516485,1.098901098901099,4.395604395604396
E00079092,249,225,12,11,1,8,2,6,4,90.36144578313254,4.819277108433735,4.417670682730924,0.4016064257028112,3.2128514056224895,0.8032128514056224,2.4096385542168677,1.6064257028112447
E00079093,221,192,7,4,3,5,3,2,17,86.87782805429865,3.167420814479638,1.809954751131222,1.3574660633484164,2.262443438914027,1.3574660633484164,0.904977375565611,7.6923076923076925
E00079094,287,254,17,11,6,6,3,3,10,88.50174216027874,5.923344947735192,3.8327526132404177,2.0905923344947737,2.0905923344947737,1.0452961672473868,1.0452961672473868,3.484320557491289
E00079095,329,316,2,0,2,4,2,2,7,96.04863221884499,0.60790273556231,0,0.60790273556231,1.21580547112462,0.60790273556231,0.60790273556231,2.127659574468085
E00079096,351,303,15,10,5,21,13,8,12,86.32478632478633,4.273504273504273,2.849002849002849,1.4245014245014245,5.982905982905983,3.7037037037037033,2.2792022792022792,3.418803418803419
E00079097,329,306,9,4,5,3,0,3,11,93.00911854103343,2.735562310030395,1.21580547112462,1.5197568389057752,0.911854103343465,0,0.911854103343465,3.343465045592705
E00079098,307,284,16,15,1,3,2,1,4,92.50814332247556,5.211726384364821,4.88599348534202,0.32573289902280134,0.9771986970684038,0.6514657980456027,0.32573289902280134,1.3029315960912053
E00079099,308,284,9,5,4,6,3,3,9,92.20779220779221,2.922077922077922,1.6233766233766231,1.2987012987012987,1.948051948051948,0.974025974025974,0.974025974025974,2.922077922077922
E00079100,329,298,11,6,5,8,1,7,12,90.5775075987842,3.343465045592705,1.82370820668693,1.5197568389057752,2.43161094224924,0.303951367781155,2.127659574468085,3.64741641337386
E00079101,269,241,6,6,0,3,0,3,19,89.59107806691449,2.2304832713754648,2.2304832713754648,0,1.1152416356877324,0,1.1152416356877324,7.063197026022305
E00079102,350,323,10,7,3,5,2,3,12,92.28571428571428,2.857142857142857,2,0.8571428571428572,1.4285714285714286,0.5714285714285714,0.8571428571428572,3.428571428571429
E00079103,328,289,16,10,6,10,2,8,13,88.10975609756098,4.878048780487805,3.048780487804878,1.8292682926829267,3.048780487804878,0.6097560975609756,2.4390243902439024,3.9634146341463414
E00079104,238,218,6,3,3,6,1,5,8,91.59663865546219,2.5210084033613445,1.2605042016806722,1.2605042016806722,2.5210084033613445,0.42016806722689076,2.100840336134454,3.361344537815126
E00079105,283,246,18,14,4,6,3,3,13,86.92579505300353,6.36042402826855,4.946996466431095,1.4134275618374559,2.1201413427561837,1.0600706713780919,1.0600706713780919,4.593639575971731
E00079106,265,241,9,6,3,8,5,3,7,90.9433962264151,3.3962264150943398,2.2641509433962264,1.1320754716981132,3.018867924528302,1.8867924528301887,1.1320754716981132,2.6415094339622645
E00079107,260,227,15,13,2,8,6,2,10,87.3076923076923,5.769230769230769,5,0.7692307692307693,3.076923076923077,2.307692307692308,0.7692307692307693,3.8461538461538463
E00079108,335,301,7,3,4,13,6,7,14,89.8507462686567,2.0895522388059704,0.8955223880597015,1.1940298507462688,3.880597014925373,1.791044776119403,2.0895522388059704,4.179104477611941
E00079109,276,242,14,11,3,9,6,3,11,87.68115942028986,5.072463768115942,3.985507246376811,1.0869565217391304,3.260869565217391,2.1739130434782608,1.0869565217391304,3.985507246376811
E00079110,160,153,6,6,0,0,0,0,1,95.625,3.75,3.75,0,0,0,0,0.625
E00079111,353,326,9,7,2,9,5,4,9,92.3512747875354,2.5495750708215295,1.9830028328611897,0.56657223796034,2.5495750708215295,1.41643059490085,1.13314447592068,2.5495750708215295
E00079112,465,429,19,13,6,5,3,2,12,92.25806451612904,4.086021505376344,2.795698924731183,1.2903225806451613,1.0752688172043012,0.6451612903225806,0.43010752688172044,2.5806451612903225
E00079113,315,295,6,2,4,9,5,4,5,93.65079365079364,1.9047619047619049,0.6349206349206349,1.2698412698412698,2.857142857142857,1.5873015873015872,1.2698412698412698,1.5873015873015872
E00079114,217,190,12,11,1,4,1,3,11,87.55760368663594,5.529953917050691,5.0691244239631335,0.4608294930875576,1.8433179723502304,0.4608294930875576,1.3824884792626728,5.0691244239631335
E00079115,317,278,24,21,3,5,3,2,10,87.69716088328076,7.570977917981073,6.624605678233439,0.9463722397476341,1.5772870662460567,0.9463722397476341,0.6309148264984227,3.1545741324921135
E00079116,278,241,19,13,6,5,2,3,13,86.6906474820144,6.83453237410072,4.676258992805756,2.158273381294964,1.7985611510791366,0.7194244604316548,1.079136690647482,4.676258992805756
E00079117,198,175,12,9,3,1,1,0,10,88.38383838383838,6.0606060606060606,4.545454545454546,1.5151515151515151,0.5050505050505051,0.5050505050505051,0,5.05050505050505
E00079118,304,266,18,11,7,11,6,5,9,87.5,5.921052631578947,3.618421052631579,2.302631578947368,3.618421052631579,1.9736842105263157,1.644736842105263,2.9605263157894735
E00079119,368,335,24,23,1,4,3,1,5,91.03260869565217,6.521739130434782,6.25,0.2717391304347826,1.0869565217391304,0.8152173913043478,0.2717391304347826,1.358695652173913
E00079120,317,287,12,7,5,4,4,0,14,90.53627760252367,3.7854889589905363,2.2082018927444795,1.5772870662460567,1.2618296529968454,1.2618296529968454,0,4.416403785488959
E00079121,259,239,15,11,4,1,1,0,4,92.27799227799228,5.7915057915057915,4.247104247104247,1.5444015444015444,0.3861003861003861,0.3861003861003861,0,1.5444015444015444
E00079122,249,218,11,9,2,8,6,2,12,87.55020080321285,4.417670682730924,3.614457831325301,0.8032128514056224,3.2128514056224895,2.4096385542168677,0.8032128514056224,4.819277108433735
E00079123,239,217,8,7,1,7,3,4,7,90.7949790794979,3.3472803347280333,2.928870292887029,0.41841004184100417,2.928870292887029,1.2552301255230125,1.6736401673640167,2.928870292887029
E00079125,195,187,5,4,1,2,2,0,1,95.8974358974359,2.564102564102564,2.051282051282051,0.5128205128205128,1.0256410256410255,1.0256410256410255,0,0.5128205128205128
E00079126,253,226,12,10,2,6,4,2,9,89.32806324110672,4.743083003952568,3.9525691699604746,0.7905138339920948,2.371541501976284,1.5810276679841897,0.7905138339920948,3.557312252964427
E00079127,374,329,22,14,8,12,3,9,11,87.96791443850267,5.88235294117647,3.7433155080213902,2.13903743315508,3.2085561497326207,0.8021390374331552,2.406417112299465,2.941176470588235
E00079128,160,153,4,4,0,2,2,0,1,95.625,2.5,2.5,0,1.25,1.25,0,0.625
E00079129,396,375,8,7,1,3,0,3,10,94.6969696969697,2.0202020202020203,1.7676767676767675,0.25252525252525254,0.7575757575757576,0,0.7575757575757576,2.525252525252525
E00079130,347,316,8,4,4,10,3,7,13,91.06628242074927,2.3054755043227666,1.1527377521613833,1.1527377521613833,2.881844380403458,0.8645533141210375,2.0172910662824206,3.7463976945244957
E00079131,236,209,9,8,1,8,3,5,10,88.5593220338983,3.8135593220338984,3.389830508474576,0.423728813559322,3.389830508474576,1.2711864406779663,2.11864406779661,4.23728813559322
E00079132,410,369,19,13,6,9,4,5,13,90,4.634146341463414,3.1707317073170733,1.4634146341463417,2.195121951219512,0.975609756097561,1.2195121951219512,3.1707317073170733
E00079133,291,262,22,19,3,3,3,0,4,90.03436426116839,7.560137457044673,6.529209621993128,1.0309278350515463,1.0309278350515463,1.0309278350515463,0,1.3745704467353952
E00079134,249,224,17,16,1,2,1,1,6,89.95983935742971,6.827309236947792,6.425702811244979,0.4016064257028112,0.8032128514056224,0.4016064257028112,0.4016064257028112,2.4096385542168677
E00079135,272,247,15,13,2,5,4,1,5,90.80882352941177,5.514705882352941,4.779411764705882,0.7352941176470588,1.8382352941176472,1.4705882352941175,0.3676470588235294,1.8382352941176472
E00079136,239,212,14,12,2,3,1,2,10,88.70292887029288,5.857740585774058,5.02092050209205,0.8368200836820083,1.2552301255230125,0.41841004184100417,0.8368200836820083,4.184100418410042
E00079137,167,159,4,4,0,2,1,1,2,95.20958083832335,2.3952095808383236,2.3952095808383236,0,1.1976047904191618,0.5988023952095809,0.5988023952095809,1.1976047904191618
E00079138,265,243,17,14,3,1,0,1,4,91.69811320754717,6.415094339622642,5.283018867924529,1.1320754716981132,0.37735849056603776,0,0.37735849056603776,1.509433962264151
E00079139,201,191,5,3,2,1,0,1,4,95.02487562189054,2.4875621890547266,1.4925373134328357,0.9950248756218906,0.4975124378109453,0,0.4975124378109453,1.9900497512437811
E00079140,326,290,14,14,0,7,2,5,15,88.95705521472392,4.294478527607362,4.294478527607362,0,2.147239263803681,0.6134969325153374,1.5337423312883436,4.601226993865031
E00079141,271,253,6,5,1,6,2,4,6,93.35793357933579,2.214022140221402,1.8450184501845017,0.36900369003690037,2.214022140221402,0.7380073800738007,1.4760147601476015,2.214022140221402
E00079142,278,253,19,15,4,2,0,2,4,91.00719424460432,6.83453237410072,5.39568345323741,1.4388489208633095,0.7194244604316548,0,0.7194244604316548,1.4388489208633095
E00079145,126,122,1,0,1,1,0,1,2,96.82539682539682,0.7936507936507936,0,0.7936507936507936,0.7936507936507936,0,0.7936507936507936,1.5873015873015872
E00079146,363,342,15,13,2,4,1,3,2,94.21487603305785,4.132231404958678,3.581267217630854,0.5509641873278237,1.1019283746556474,0.27548209366391185,0.8264462809917356,0.5509641873278237
E00079147,267,234,14,10,4,8,4,4,11,87.64044943820225,5.2434456928838955,3.7453183520599254,1.4981273408239701,2.9962546816479403,1.4981273408239701,1.4981273408239701,4.119850187265917
E00079148,272,248,17,10,7,4,2,2,3,91.17647058823529,6.25,3.6764705882352944,2.5735294117647056,1.4705882352941175,0.7352941176470588,0.7352941176470588,1.1029411764705883
E00079149,285,269,12,9,3,2,1,1,2,94.38596491228071,4.2105263157894735,3.1578947368421053,1.0526315789473684,0.7017543859649122,0.3508771929824561,0.3508771929824561,0.7017543859649122
E00079151,286,262,12,10,2,5,1,4,7,91.6083916083916,4.195804195804196,3.4965034965034967,0.6993006993006993,1.7482517482517483,0.34965034965034963,1.3986013986013985,2.4475524475524475
E00079152,233,207,16,12,4,4,3,1,6,88.8412017167382,6.866952789699571,5.150214592274678,1.7167381974248928,1.7167381974248928,1.2875536480686696,0.4291845493562232,2.575107296137339
E00079153,315,290,14,11,3,7,5,2,4,92.06349206349206,4.444444444444445,3.492063492063492,0.9523809523809524,2.2222222222222223,1.5873015873015872,0.6349206349206349,1.2698412698412698
E00079154,481,434,21,13,8,14,8,6,12,90.22869022869024,4.365904365904366,2.7027027027027026,1.6632016632016633,2.9106029106029108,1.6632016632016633,1.2474012474012475,2.494802494802495
E00079155,246,238,2,1,1,2,0,2,4,96.7479674796748,0.8130081300813009,0.40650406504065045,0.40650406504065045,0.8130081300813009,0,0.8130081300813009,1.6260162601626018
E00079156,248,212,13,7,6,12,7,5,11,85.48387096774194,5.241935483870968,2.82258064516129,2.4193548387096775,4.838709677419355,2.82258064516129,2.0161290322580645,4.435483870967742
E00079157,362,341,11,7,4,7,2,5,3,94.1988950276243,3.0386740331491713,1.9337016574585635,1.1049723756906076,1.9337016574585635,0.5524861878453038,1.3812154696132597,0.8287292817679558
E00079158,323,310,10,9,1,2,0,2,1,95.97523219814241,3.0959752321981426,2.786377708978328,0.30959752321981426,0.6191950464396285,0,0.6191950464396285,0.30959752321981426
E00079159,324,308,8,4,4,5,1,4,3,95.06172839506173,2.4691358024691357,1.2345679012345678,1.2345679012345678,1.5432098765432098,0.30864197530864196,1.2345679012345678,0.9259259259259258
E00079160,315,286,16,12,4,8,7,1,5,90.7936507936508,5.079365079365079,3.8095238095238098,1.2698412698412698,2.5396825396825395,2.2222222222222223,0.31746031746031744,1.5873015873015872
E00079161,364,321,19,14,5,7,3,4,17,88.18681318681318,5.21978021978022,3.8461538461538463,1.3736263736263736,1.9230769230769231,0.8241758241758242,1.098901098901099,4.670329670329671
E00079162,500,465,15,7,8,9,1,8,11,93,3,1.4000000000000001,1.6,1.7999999999999998,0.2,1.6,2.1999999999999997
E00079163,452,417,12,11,1,15,8,7,8,92.2566371681416,2.6548672566371683,2.433628318584071,0.22123893805309736,3.3185840707964607,1.7699115044247788,1.5486725663716814,1.7699115044247788
E00079164,387,346,20,13,7,12,5,7,9,89.40568475452196,5.167958656330749,3.359173126614987,1.8087855297157622,3.10077519379845,1.2919896640826873,1.8087855297157622,2.3255813953488373
E00079165,448,411,15,11,4,7,2,5,15,91.74107142857143,3.3482142857142856,2.455357142857143,0.8928571428571428,1.5625,0.4464285714285714,1.1160714285714286,3.3482142857142856
E00079166,448,402,19,13,6,17,9,8,10,89.73214285714286,4.241071428571429,2.9017857142857144,1.3392857142857142,3.7946428571428568,2.0089285714285716,1.7857142857142856,2.232142857142857
E00079167,406,372,18,11,7,8,3,5,8,91.62561576354679,4.433497536945813,2.70935960591133,1.7241379310344827,1.9704433497536946,0.7389162561576355,1.2315270935960592,1.9704433497536946
E00079168,420,370,22,12,10,20,8,12,8,88.09523809523809,5.238095238095238,2.857142857142857,2.380952380952381,4.761904761904762,1.9047619047619049,2.857142857142857,1.9047619047619049
E00079169,455,426,3,0,3,21,8,13,5,93.62637362637362,0.6593406593406593,0,0.6593406593406593,4.615384615384616,1.7582417582417582,2.857142857142857,1.098901098901099
E00079170,440,415,13,8,5,8,1,7,4,94.31818181818183,2.9545454545454546,1.8181818181818181,1.1363636363636365,1.8181818181818181,0.22727272727272727,1.5909090909090908,0.9090909090909091
E00079171,397,370,14,5,9,8,5,3,5,93.19899244332494,3.5264483627204033,1.2594458438287155,2.2670025188916876,2.0151133501259446,1.2594458438287155,0.7556675062972292,1.2594458438287155
E00079172,330,305,14,8,6,5,3,2,6,92.42424242424242,4.242424242424243,2.4242424242424243,1.8181818181818181,1.5151515151515151,0.9090909090909091,0.6060606060606061,1.8181818181818181
E00079173,398,354,26,20,6,10,5,5,8,88.94472361809045,6.532663316582915,5.025125628140704,1.507537688442211,2.512562814070352,1.256281407035176,1.256281407035176,2.0100502512562812
E00079174,449,417,16,11,5,8,2,6,8,92.87305122494432,3.5634743875278394,2.4498886414253898,1.1135857461024499,1.7817371937639197,0.4454342984409799,1.3363028953229399,1.7817371937639197
E00079175,366,340,12,5,7,8,5,3,6,92.89617486338798,3.278688524590164,1.366120218579235,1.912568306010929,2.185792349726776,1.366120218579235,0.819672131147541,1.639344262295082
E00079177,320,308,6,3,3,4,3,1,2,96.25,1.875,0.9375,0.9375,1.25,0.9375,0.3125,0.625
E00079178,236,225,3,2,1,5,0,5,3,95.33898305084746,1.2711864406779663,0.847457627118644,0.423728813559322,2.11864406779661,0,2.11864406779661,1.2711864406779663
E00079179,453,433,11,11,0,5,0,5,4,95.58498896247241,2.4282560706401766,2.4282560706401766,0,1.1037527593818985,0,1.1037527593818985,0.8830022075055187
E00079180,469,452,5,2,3,7,2,5,5,96.37526652452026,1.0660980810234542,0.42643923240938164,0.6396588486140725,1.4925373134328357,0.42643923240938164,1.0660980810234542,1.0660980810234542
E00079181,239,218,9,7,2,5,4,1,7,91.21338912133892,3.765690376569038,2.928870292887029,0.8368200836820083,2.092050209205021,1.6736401673640167,0.41841004184100417,2.928870292887029
E00079182,267,243,15,15,0,4,0,4,5,91.01123595505618,5.617977528089887,5.617977528089887,0,1.4981273408239701,0,1.4981273408239701,1.8726591760299627
E00079183,251,231,4,4,0,7,2,5,9,92.03187250996015,1.593625498007968,1.593625498007968,0,2.788844621513944,0.796812749003984,1.9920318725099602,3.5856573705179287
E00079185,303,283,7,6,1,5,2,3,8,93.3993399339934,2.31023102310231,1.9801980198019802,0.33003300330033003,1.65016501650165,0.6600660066006601,0.9900990099009901,2.6402640264026402
E00079186,309,281,13,6,7,4,4,0,11,90.93851132686083,4.207119741100324,1.9417475728155338,2.26537216828479,1.2944983818770228,1.2944983818770228,0,3.559870550161812
E00079187,432,400,12,6,6,10,3,7,10,92.5925925925926,2.7777777777777777,1.3888888888888888,1.3888888888888888,2.314814814814815,0.6944444444444444,1.6203703703703702,2.314814814814815
E00079188,410,367,17,10,7,9,4,5,17,89.51219512195122,4.146341463414634,2.4390243902439024,1.707317073170732,2.195121951219512,0.975609756097561,1.2195121951219512,4.146341463414634
E00079189,386,353,12,11,1,9,8,1,12,91.45077720207254,3.1088082901554404,2.849740932642487,0.2590673575129534,2.33160621761658,2.072538860103627,0.2590673575129534,3.1088082901554404
E00079190,193,184,4,4,0,1,1,0,4,95.33678756476684,2.072538860103627,2.072538860103627,0,0.5181347150259068,0.5181347150259068,0,2.072538860103627
E00079191,317,288,18,16,2,7,2,5,4,90.85173501577287,5.678233438485805,5.047318611987381,0.6309148264984227,2.2082018927444795,0.6309148264984227,1.5772870662460567,1.2618296529968454
E00079192,219,208,8,8,0,2,1,1,1,94.97716894977168,3.65296803652968,3.65296803652968,0,0.91324200913242,0.45662100456621,0.45662100456621,0.45662100456621
E00079193,254,234,11,7,4,4,1,3,5,92.1259842519685,4.330708661417323,2.7559055118110236,1.574803149606299,1.574803149606299,0.39370078740157477,1.1811023622047243,1.968503937007874
E00079194,243,206,19,10,9,5,3,2,13,84.77366255144034,7.818930041152264,4.11522633744856,3.7037037037037033,2.05761316872428,1.2345679012345678,0.823045267489712,5.349794238683128
E00079195,246,232,11,9,2,1,0,1,2,94.3089430894309,4.471544715447155,3.6585365853658534,0.8130081300813009,0.40650406504065045,0,0.40650406504065045,0.8130081300813009
E00079196,220,194,15,11,4,6,2,4,5,88.18181818181819,6.8181818181818175,5,1.8181818181818181,2.727272727272727,0.9090909090909091,1.8181818181818181,2.272727272727273
E00079197,261,234,10,7,3,10,5,5,7,89.65517241379311,3.8314176245210727,2.681992337164751,1.1494252873563218,3.8314176245210727,1.9157088122605364,1.9157088122605364,2.681992337164751
E00079198,274,247,13,8,5,5,0,5,9,90.14598540145985,4.744525547445255,2.9197080291970803,1.824817518248175,1.824817518248175,0,1.824817518248175,3.2846715328467155
E00079199,274,252,8,7,1,4,1,3,10,91.970802919708035,2.9197080291970803,2.5547445255474455,0.36496350364963503,1.4598540145985401,0.36496350364963503,1.094890510948905,3.64963503649635
E00079200,306,278,11,7,4,9,5,4,8,90.84967320261438,3.594771241830065,2.287581699346405,1.3071895424836601,2.941176470588235,1.6339869281045754,1.3071895424836601,2.6143790849673203
E00079201,305,272,10,6,4,6,2,4,17,89.18032786885246,3.278688524590164,1.9672131147540985,1.3114754098360655,1.9672131147540985,0.6557377049180327,1.3114754098360655,5.573770491803279
E00079202,230,208,10,5,5,2,0,2,10,90.43478260869566,4.3478260869565215,2.1739130434782608,2.1739130434782608,0.8695652173913043,0,0.8695652173913043,4.3478260869565215
E00079203,218,203,7,4,3,3,0,3,5,93.11926605504587,3.211009174311927,1.834862385321101,1.3761467889908259,1.3761467889908259,0,1.3761467889908259,2.293577981651376
E00079204,274,251,7,7,0,5,0,5,11,91.6058394160584,2.5547445255474455,2.5547445255474455,0,1.824817518248175,0,1.824817518248175,4.014598540145985
E00079205,407,353,12,7,5,21,12,9,21,86.73218673218673,2.9484029484029484,1.71990171990172,1.2285012285012284,5.159705159705159,2.9484029484029484,2.211302211302211,5.159705159705159
E00079206,256,236,10,9,1,7,1,6,3,92.1875,3.90625,3.515625,0.390625,2.734375,0.390625,2.34375,1.171875
E00079207,263,224,26,12,14,4,3,1,9,85.17110266159695,9.885931558935361,4.562737642585551,5.323193916349809,1.520912547528517,1.1406844106463878,0.38022813688212925,3.4220532319391634
E00079208,436,404,4,3,1,9,4,5,19,92.66055045871559,0.9174311926605505,0.6880733944954129,0.22935779816513763,2.064220183486239,0.9174311926605505,1.146788990825688,4.3577981651376145
E00079209,303,280,8,6,2,4,0,4,11,92.4092409240924,2.6402640264026402,1.9801980198019802,0.6600660066006601,1.3201320132013201,0,1.3201320132013201,3.6303630363036308
E00079210,291,268,9,6,3,3,0,3,11,92.09621993127148,3.0927835051546393,2.0618556701030926,1.0309278350515463,1.0309278350515463,0,1.0309278350515463,3.7800687285223367
E00079211,292,261,12,5,7,6,2,4,13,89.38356164383562,4.10958904109589,1.7123287671232876,2.3972602739726026,2.054794520547945,0.684931506849315,1.36986301369863,4.4520547945205475
E00079212,326,294,13,7,6,10,3,7,9,90.1840490797546,3.9877300613496933,2.147239263803681,1.8404907975460123,3.067484662576687,0.9202453987730062,2.147239263803681,2.7607361963190185
E00079213,295,269,4,4,0,12,6,6,10,91.18644067796609,1.3559322033898304,1.3559322033898304,0,4.067796610169491,2.0338983050847457,2.0338983050847457,3.389830508474576
E00079214,349,320,7,6,1,13,5,8,9,91.69054441260745,2.005730659025788,1.7191977077363898,0.28653295128939826,3.7249283667621778,1.4326647564469914,2.292263610315186,2.5787965616045847
E00079215,294,274,6,2,4,4,0,4,10,93.19727891156462,2.0408163265306123,0.6802721088435374,1.3605442176870748,1.3605442176870748,0,1.3605442176870748,3.4013605442176873
E00079216,307,279,9,6,3,5,4,1,14,90.87947882736157,2.9315960912052117,1.9543973941368076,0.9771986970684038,1.6286644951140066,1.3029315960912053,0.32573289902280134,4.5602605863192185
E00079217,201,185,4,4,0,10,4,6,2,92.03980099502488,1.9900497512437811,1.9900497512437811,0,4.975124378109453,1.9900497512437811,2.9850746268656714,0.9950248756218906
E00079218,269,254,4,4,0,4,1,3,7,94.42379182156134,1.486988847583643,1.486988847583643,0,1.486988847583643,0.37174721189591076,1.1152416356877324,2.6022304832713754
E00079219,398,366,13,10,3,11,0,11,8,91.95979899497488,3.2663316582914574,2.512562814070352,0.7537688442211055,2.763819095477387,0,2.763819095477387,2.0100502512562812
E00079220,347,332,6,6,0,1,1,0,8,95.67723342939482,1.729106628242075,1.729106628242075,0,0.2881844380403458,0.2881844380403458,0,2.3054755043227666
E00079221,459,436,7,3,4,5,2,3,11,94.98910675381264,1.5250544662309369,0.6535947712418301,0.8714596949891068,1.0893246187363834,0.4357298474945534,0.6535947712418301,2.3965141612200433
E00079222,415,374,15,7,8,15,7,8,11,90.12048192771084,3.614457831325301,1.6867469879518073,1.9277108433734942,3.614457831325301,1.6867469879518073,1.9277108433734942,2.6506024096385543
E00079223,476,439,16,6,10,11,6,5,10,92.22689075630252,3.361344537815126,1.2605042016806722,2.100840336134454,2.3109243697478994,1.2605042016806722,1.050420168067227,2.100840336134454
E00079224,291,271,11,7,4,4,3,1,5,93.12714776632302,3.7800687285223367,2.405498281786942,1.3745704467353952,1.3745704467353952,1.0309278350515463,0.3436426116838488,1.718213058419244
E00079226,312,285,13,8,5,6,3,3,8,91.34615384615384,4.166666666666666,2.564102564102564,1.6025641025641024,1.9230769230769231,0.9615384615384616,0.9615384615384616,2.564102564102564
E00079227,430,396,17,13,4,8,4,4,9,92.09302325581396,3.953488372093023,3.0232558139534884,0.9302325581395349,1.8604651162790697,0.9302325581395349,0.9302325581395349,2.0930232558139537
E00079228,310,279,12,8,4,8,4,4,11,90,3.870967741935484,2.5806451612903225,1.2903225806451613,2.5806451612903225,1.2903225806451613,1.2903225806451613,3.5483870967741935
E00079229,301,287,9,8,1,2,1,1,3,95.34883720930233,2.990033222591362,2.6578073089700998,0.33222591362126247,0.6644518272425249,0.33222591362126247,0.33222591362126247,0.9966777408637874
E00079230,364,332,10,3,7,14,5,9,8,91.20879120879121,2.7472527472527473,0.8241758241758242,1.9230769230769231,3.8461538461538463,1.3736263736263736,2.4725274725274726,2.197802197802198
E00079231,350,326,12,8,4,6,2,4,6,93.14285714285714,3.428571428571429,2.2857142857142856,1.1428571428571428,1.7142857142857144,0.5714285714285714,1.1428571428571428,1.7142857142857144
E00079232,253,223,17,11,6,9,3,6,4,88.14229249011858,6.719367588932807,4.3478260869565215,2.371541501976284,3.557312252964427,1.185770750988142,2.371541501976284,1.5810276679841897
E00079233,306,273,17,13,4,8,6,2,8,89.2156862745098,5.555555555555555,4.248366013071895,1.3071895424836601,2.6143790849673203,1.9607843137254901,0.6535947712418301,2.6143790849673203
E00079234,276,253,16,10,6,4,2,2,3,91.66666666666666,5.797101449275362,3.6231884057971016,2.1739130434782608,1.4492753623188406,0.7246376811594203,0.7246376811594203,1.0869565217391304
E00079236,375,342,14,9,5,3,1,2,16,91.2,3.733333333333334,2.4,1.3333333333333335,0.8,0.26666666666666666,0.5333333333333333,4.266666666666667
E00079237,228,208,5,3,2,10,4,6,5,91.22807017543859,2.1929824561403506,1.3157894736842104,0.8771929824561403,4.385964912280701,1.7543859649122806,2.631578947368421,2.1929824561403506
E00079238,248,227,9,4,5,5,4,1,7,91.53225806451613,3.6290322580645165,1.6129032258064515,2.0161290322580645,2.0161290322580645,1.6129032258064515,0.4032258064516129,2.82258064516129
E00079239,286,264,16,13,3,1,0,1,5,92.3076923076923,5.594405594405594,4.545454545454546,1.048951048951049,0.34965034965034963,0,0.34965034965034963,1.7482517482517483
E00079240,257,238,8,4,4,4,1,3,7,92.60700389105058,3.11284046692607,1.556420233463035,1.556420233463035,1.556420233463035,0.38910505836575876,1.1673151750972763,2.7237354085603114
E00079241,282,256,11,7,4,2,2,0,13,90.78014184397163,3.900709219858156,2.4822695035460995,1.4184397163120568,0.7092198581560284,0.7092198581560284,0,4.609929078014184
E00079243,239,222,3,2,1,5,3,2,9,92.88702928870293,1.2552301255230125,0.8368200836820083,0.41841004184100417,2.092050209205021,1.2552301255230125,0.8368200836820083,3.765690376569038
E00079244,292,257,14,8,6,9,5,4,12,88.01369863013699,4.794520547945205,2.73972602739726,2.054794520547945,3.0821917808219177,1.7123287671232876,1.36986301369863,4.10958904109589
E00079245,228,204,10,7,3,7,4,3,7,89.47368421052632,4.385964912280701,3.070175438596491,1.3157894736842104,3.070175438596491,1.7543859649122806,1.3157894736842104,3.070175438596491
E00079246,279,246,19,13,6,4,2,2,10,88.17204301075269,6.810035842293908,4.659498207885305,2.1505376344086025,1.4336917562724014,0.7168458781362007,0.7168458781362007,3.584229390681003
E00079247,292,268,9,8,1,5,2,3,10,91.78082191780823,3.0821917808219177,2.73972602739726,0.3424657534246575,1.7123287671232876,0.684931506849315,1.0273972602739725,3.4246575342465753
E00079248,306,275,9,6,3,7,6,1,15,89.86928104575163,2.941176470588235,1.9607843137254901,0.9803921568627451,2.287581699346405,1.9607843137254901,0.32679738562091504,4.901960784313726
E00079249,255,230,11,9,2,4,3,1,10,90.19607843137256,4.313725490196078,3.5294117647058822,0.7843137254901961,1.5686274509803921,1.1764705882352942,0.39215686274509803,3.9215686274509802
E00079250,267,240,14,12,2,4,1,3,9,89.8876404494382,5.2434456928838955,4.49438202247191,0.7490636704119851,1.4981273408239701,0.37453183520599254,1.1235955056179776,3.3707865168539324
E00079251,302,281,7,6,1,3,0,3,11,93.04635761589404,2.3178807947019866,1.9867549668874174,0.33112582781456956,0.9933774834437087,0,0.9933774834437087,3.642384105960265
E00079252,268,238,18,10,8,5,3,2,7,88.80597014925374,6.7164179104477615,3.731343283582089,2.9850746268656714,1.8656716417910446,1.1194029850746268,0.7462686567164178,2.6119402985074625
E00079253,304,268,18,15,3,9,3,6,9,88.1578947368421,5.921052631578947,4.934210526315789,0.9868421052631579,2.9605263157894735,0.9868421052631579,1.9736842105263157,2.9605263157894735
E00079254,266,226,17,11,6,11,6,5,12,84.9624060150376,6.390977443609022,4.135338345864661,2.2556390977443606,4.135338345864661,2.2556390977443606,1.8796992481203008,4.511278195488721
E00079255,369,338,17,11,6,7,3,4,7,91.59891598915989,4.607046070460704,2.9810298102981028,1.6260162601626018,1.8970189701897018,0.8130081300813009,1.084010840108401,1.8970189701897018
E00079256,193,176,4,3,1,6,2,4,7,91.19170984455958,2.072538860103627,1.5544041450777202,0.5181347150259068,3.1088082901554404,1.0362694300518136,2.072538860103627,3.6269430051813467
E00079257,300,274,9,7,2,10,3,7,7,91.33333333333333,3,2.3333333333333335,0.6666666666666667,3.3333333333333335,1,2.3333333333333335,2.3333333333333335
E00079258,286,258,13,8,5,9,5,4,6,90.20979020979021,4.545454545454546,2.797202797202797,1.7482517482517483,3.146853146853147,1.7482517482517483,1.3986013986013985,2.097902097902098
E00079259,363,344,11,7,4,6,4,2,2,94.76584022038568,3.0303030303030303,1.9283746556473829,1.1019283746556474,1.6528925619834711,1.1019283746556474,0.5509641873278237,0.5509641873278237
E00079260,313,289,11,5,6,4,2,2,9,92.33226837060703,3.5143769968051117,1.5974440894568689,1.9169329073482428,1.2779552715654952,0.6389776357827476,0.6389776357827476,2.8753993610223643
E00079261,312,276,7,5,2,14,4,10,15,88.46153846153845,2.2435897435897436,1.6025641025641024,0.641025641025641,4.487179487179487,1.282051282051282,3.205128205128205,4.807692307692308
E00079262,368,343,8,6,2,9,6,3,8,93.20652173913044,2.1739130434782608,1.6304347826086956,0.5434782608695652,2.4456521739130435,1.6304347826086956,0.8152173913043478,2.1739130434782608
E00079263,323,305,12,9,3,2,1,1,4,94.42724458204334,3.7151702786377707,2.786377708978328,0.9287925696594427,0.6191950464396285,0.30959752321981426,0.30959752321981426,1.238390092879257
E00079264,216,188,16,10,6,2,1,1,10,87.03703703703704,7.4074074074074066,4.62962962962963,2.7777777777777777,0.9259259259259258,0.4629629629629629,0.4629629629629629,4.62962962962963
E00079265,346,323,15,14,1,2,2,0,6,93.35260115606935,4.335260115606936,4.046242774566474,0.2890173410404624,0.5780346820809248,0.5780346820809248,0,1.7341040462427744
E00079266,305,272,22,14,8,7,2,5,4,89.18032786885246,7.213114754098362,4.590163934426229,2.622950819672131,2.2950819672131146,0.6557377049180327,1.639344262295082,1.3114754098360655
E00079267,194,181,4,4,0,2,1,1,7,93.29896907216495,2.0618556701030926,2.0618556701030926,0,1.0309278350515463,0.5154639175257731,0.5154639175257731,3.608247422680412
E00079268,375,310,19,10,9,9,6,3,37,82.66666666666667,5.066666666666666,2.666666666666667,2.4,2.4,1.6,0.8,9.866666666666667
E00079269,192,173,5,4,1,7,3,4,7,90.10416666666666,2.604166666666667,2.083333333333333,0.5208333333333333,3.6458333333333335,1.5625,2.083333333333333,3.6458333333333335
E00079270,249,219,8,7,1,7,2,5,15,87.95180722891565,3.2128514056224895,2.8112449799196786,0.4016064257028112,2.8112449799196786,0.8032128514056224,2.0080321285140563,6.024096385542169
E00079271,298,272,10,5,5,9,2,7,7,91.2751677852349,3.3557046979865772,1.6778523489932886,1.6778523489932886,3.0201342281879198,0.6711409395973155,2.348993288590604,2.348993288590604
E00079272,280,255,15,12,3,6,0,6,4,91.07142857142857,5.357142857142857,4.285714285714286,1.0714285714285714,2.142857142857143,0,2.142857142857143,1.4285714285714286
E00079274,270,250,14,12,2,4,1,3,2,92.5925925925926,5.185185185185185,4.444444444444445,0.7407407407407408,1.4814814814814816,0.3703703703703704,1.1111111111111112,0.7407407407407408
E00079275,368,342,9,6,3,7,5,2,10,92.93478260869566,2.4456521739130435,1.6304347826086956,0.8152173913043478,1.9021739130434785,1.358695652173913,0.5434782608695652,2.717391304347826
E00079276,337,309,13,11,2,4,4,0,11,91.69139465875371,3.857566765578635,3.2640949554896146,0.5934718100890208,1.1869436201780417,1.1869436201780417,0,3.2640949554896146
E00079277,229,213,5,3,2,3,0,3,8,93.01310043668121,2.1834061135371177,1.3100436681222707,0.8733624454148471,1.3100436681222707,0,1.3100436681222707,3.4934497816593884
E00079278,271,253,9,7,2,4,2,2,5,93.35793357933579,3.3210332103321036,2.5830258302583027,0.7380073800738007,1.4760147601476015,0.7380073800738007,0.7380073800738007,1.8450184501845017
E00079279,241,222,7,7,0,7,4,3,5,92.11618257261411,2.904564315352697,2.904564315352697,0,2.904564315352697,1.6597510373443984,1.2448132780082988,2.0746887966804977
E00079280,402,379,8,7,1,5,2,3,10,94.27860696517413,1.9900497512437811,1.7412935323383085,0.24875621890547264,1.2437810945273633,0.4975124378109453,0.7462686567164178,2.4875621890547266
E00079281,268,247,7,6,1,6,2,4,8,92.16417910447761,2.6119402985074625,2.2388059701492535,0.3731343283582089,2.2388059701492535,0.7462686567164178,1.4925373134328357,2.9850746268656714
E00079282,303,272,10,8,2,10,5,5,11,89.76897689768977,3.3003300330033,2.6402640264026402,0.6600660066006601,3.3003300330033,1.65016501650165,1.65016501650165,3.6303630363036308
E00079283,294,270,7,4,3,8,5,3,9,91.83673469387756,2.380952380952381,1.3605442176870748,1.0204081632653061,2.7210884353741496,1.7006802721088436,1.0204081632653061,3.061224489795918
E00079284,257,230,11,9,2,10,4,6,6,89.49416342412452,4.280155642023346,3.501945525291829,0.7782101167315175,3.8910505836575875,1.556420233463035,2.3346303501945527,2.3346303501945527
E00079285,317,281,12,11,1,9,6,3,15,88.64353312302839,3.7854889589905363,3.4700315457413247,0.31545741324921134,2.8391167192429023,1.8927444794952681,0.9463722397476341,4.73186119873817
E00079286,323,290,16,12,4,6,3,3,11,89.78328173374614,4.953560371517028,3.7151702786377707,1.238390092879257,1.8575851393188854,0.9287925696594427,0.9287925696594427,3.4055727554179565
E00079287,265,240,10,8,2,7,1,6,8,90.56603773584906,3.7735849056603774,3.018867924528302,0.7547169811320755,2.6415094339622645,0.37735849056603776,2.2641509433962264,3.018867924528302
E00079288,246,230,9,8,1,3,1,2,4,93.4959349593496,3.6585365853658534,3.2520325203252036,0.40650406504065045,1.2195121951219512,0.40650406504065045,0.8130081300813009,1.6260162601626018
E00079289,312,281,10,5,5,13,4,9,8,90.06410256410257,3.205128205128205,1.6025641025641024,1.6025641025641024,4.166666666666666,1.282051282051282,2.8846153846153846,2.564102564102564
E00079290,363,345,14,8,6,2,0,2,2,95.0413223140496,3.8567493112947657,2.203856749311295,1.6528925619834711,0.5509641873278237,0,0.5509641873278237,0.5509641873278237
E00079291,231,210,15,10,5,4,2,2,2,90.9090909090909,6.493506493506493,4.329004329004329,2.1645021645021645,1.7316017316017316,0.8658008658008658,0.8658008658008658,0.8658008658008658
E00079292,284,255,16,14,2,3,0,3,10,89.7887323943662,5.633802816901409,4.929577464788732,0.7042253521126761,1.056338028169014,0,1.056338028169014,3.5211267605633805
E00079293,236,205,16,14,2,6,3,3,9,86.86440677966102,6.779661016949152,5.932203389830509,0.847457627118644,2.5423728813559325,1.2711864406779663,1.2711864406779663,3.8135593220338984
E00079294,293,255,25,15,10,6,3,3,7,87.03071672354949,8.532423208191126,5.1194539249146755,3.4129692832764507,2.04778156996587,1.023890784982935,1.023890784982935,2.3890784982935154
E00079295,214,188,11,8,3,7,3,4,8,87.85046728971963,5.14018691588785,3.7383177570093453,1.4018691588785046,3.2710280373831773,1.4018691588785046,1.8691588785046727,3.7383177570093453
E00079296,302,276,14,10,4,4,3,1,8,91.3907284768212,4.635761589403973,3.3112582781456954,1.3245033112582782,1.3245033112582782,0.9933774834437087,0.33112582781456956,2.6490066225165565
E00079297,210,196,8,6,2,5,1,4,1,93.33333333333333,3.8095238095238098,2.857142857142857,0.9523809523809524,2.380952380952381,0.4761904761904762,1.9047619047619049,0.4761904761904762
E00079298,320,287,22,12,10,5,1,4,6,89.6875,6.875000000000001,3.75,3.125,1.5625,0.3125,1.25,1.875
E00079299,292,264,12,9,3,5,1,4,11,90.41095890410958,4.10958904109589,3.0821917808219177,1.0273972602739725,1.7123287671232876,0.3424657534246575,1.36986301369863,3.767123287671233
E00079300,272,248,16,16,0,6,0,6,2,91.17647058823529,5.88235294117647,5.88235294117647,0,2.2058823529411766,0,2.2058823529411766,0.7352941176470588
E00079301,153,141,4,3,1,3,3,0,5,92.15686274509804,2.6143790849673203,1.9607843137254901,0.6535947712418301,1.9607843137254901,1.9607843137254901,0,3.2679738562091507
E00079302,382,338,13,10,3,11,6,5,20,88.48167539267016,3.4031413612565444,2.6178010471204187,0.7853403141361256,2.8795811518324608,1.5706806282722512,1.3089005235602094,5.2356020942408374
E00079303,277,244,14,9,5,5,3,2,14,88.08664259927798,5.054151624548736,3.2490974729241873,1.8050541516245486,1.8050541516245486,1.083032490974729,0.7220216606498195,5.054151624548736
E00079304,321,292,12,8,4,10,6,4,7,90.96573208722741,3.7383177570093453,2.4922118380062304,1.2461059190031152,3.115264797507788,1.8691588785046727,1.2461059190031152,2.1806853582554515
E00079305,231,206,18,12,6,2,2,0,5,89.17748917748918,7.792207792207792,5.194805194805195,2.5974025974025974,0.8658008658008658,0.8658008658008658,0,2.1645021645021645
E00079306,308,273,12,5,7,8,3,5,15,88.63636363636364,3.896103896103896,1.6233766233766231,2.272727272727273,2.5974025974025974,0.974025974025974,1.6233766233766231,4.870129870129871
E00079307,183,167,7,4,3,3,0,3,6,91.2568306010929,3.825136612021858,2.185792349726776,1.639344262295082,1.639344262295082,0,1.639344262295082,3.278688524590164
E00079308,328,301,18,12,6,4,2,2,5,91.76829268292683,5.487804878048781,3.6585365853658534,1.8292682926829267,1.2195121951219512,0.6097560975609756,0.6097560975609756,1.524390243902439
E00079309,345,312,27,23,4,2,0,2,4,90.43478260869566,7.82608695652174,6.666666666666667,1.1594202898550725,0.5797101449275363,0,0.5797101449275363,1.1594202898550725
E00079310,273,236,21,16,5,8,7,1,8,86.44688644688645,7.6923076923076925,5.86080586080586,1.8315018315018317,2.93040293040293,2.564102564102564,0.3663003663003663,2.93040293040293
E00079311,380,348,19,15,4,4,1,3,9,91.57894736842105,5,3.9473684210526314,1.0526315789473684,1.0526315789473684,0.2631578947368421,0.7894736842105263,2.368421052631579
E00079312,323,303,13,11,2,1,0,1,6,93.80804953560371,4.024767801857585,3.4055727554179565,0.6191950464396285,0.30959752321981426,0,0.30959752321981426,1.8575851393188854
E00079313,251,229,12,9,3,1,1,0,9,91.23505976095618,4.780876494023905,3.5856573705179287,1.1952191235059761,0.398406374501992,0.398406374501992,0,3.5856573705179287
E00079314,223,200,17,10,7,3,0,3,3,89.68609865470853,7.623318385650224,4.484304932735426,3.1390134529147984,1.345291479820628,0,1.345291479820628,1.345291479820628
E00079315,229,217,8,5,3,2,1,1,2,94.75982532751091,3.4934497816593884,2.1834061135371177,1.3100436681222707,0.8733624454148471,0.43668122270742354,0.43668122270742354,0.8733624454148471
E00079316,256,241,7,6,1,3,0,3,5,94.140625,2.734375,2.34375,0.390625,1.171875,0,1.171875,1.953125
E00079317,439,373,36,31,5,10,6,4,20,84.96583143507974,8.200455580865604,7.061503416856492,1.1389521640091116,2.277904328018223,1.366742596810934,0.9111617312072893,4.555808656036446
E00079318,250,217,18,14,4,4,1,3,11,86.8,7.199999999999999,5.6000000000000005,1.6,1.6,0.4,1.2,4.3999999999999995
E00079319,212,193,5,3,2,7,0,7,7,91.0377358490566,2.358490566037736,1.4150943396226416,0.9433962264150944,3.30188679245283,0,3.30188679245283,3.30188679245283
E00079320,277,248,17,14,3,4,3,1,8,89.53068592057761,6.137184115523466,5.054151624548736,1.083032490974729,1.444043321299639,1.083032490974729,0.36101083032490977,2.888086642599278
E00079321,282,256,6,5,1,8,4,4,12,90.78014184397163,2.127659574468085,1.773049645390071,0.3546099290780142,2.8368794326241136,1.4184397163120568,1.4184397163120568,4.25531914893617
E00079322,159,140,9,7,2,2,1,1,8,88.0503144654088,5.660377358490567,4.40251572327044,1.257861635220126,1.257861635220126,0.628930817610063,0.628930817610063,5.031446540880504
E00079323,215,190,13,11,2,3,3,0,9,88.37209302325581,6.046511627906977,5.116279069767442,0.9302325581395349,1.3953488372093024,1.3953488372093024,0,4.186046511627907
E00079324,271,253,9,7,2,5,1,4,4,93.35793357933579,3.3210332103321036,2.5830258302583027,0.7380073800738007,1.8450184501845017,0.36900369003690037,1.4760147601476015,1.4760147601476015
E00079325,340,319,13,12,1,0,0,0,8,93.82352941176471,3.823529411764706,3.5294117647058822,0.29411764705882354,0,0,0,2.3529411764705883
E00079326,297,266,19,14,5,5,3,2,7,89.56228956228956,6.397306397306397,4.713804713804714,1.6835016835016834,1.6835016835016834,1.0101010101010102,0.6734006734006733,2.356902356902357
E00079327,328,297,20,15,5,6,4,2,5,90.54878048780488,6.097560975609756,4.573170731707317,1.524390243902439,1.8292682926829267,1.2195121951219512,0.6097560975609756,1.524390243902439
E00079328,268,239,14,10,4,7,3,4,8,89.17910447761194,5.223880597014925,3.731343283582089,1.4925373134328357,2.6119402985074625,1.1194029850746268,1.4925373134328357,2.9850746268656714
E00079329,252,221,15,10,5,7,4,3,9,87.6984126984127,5.952380952380952,3.968253968253968,1.984126984126984,2.7777777777777777,1.5873015873015872,1.1904761904761905,3.571428571428571
E00079330,114,100,4,3,1,2,2,0,8,87.71929824561403,3.508771929824561,2.631578947368421,0.8771929824561403,1.7543859649122806,1.7543859649122806,0,7.017543859649122
E00079331,310,270,18,15,3,10,3,7,12,87.09677419354838,5.806451612903226,4.838709677419355,0.967741935483871,3.225806451612903,0.967741935483871,2.258064516129032,3.870967741935484
E00079332,266,238,17,12,5,6,2,4,5,89.47368421052632,6.390977443609022,4.511278195488721,1.8796992481203008,2.2556390977443606,0.7518796992481203,1.5037593984962405,1.8796992481203008
E00079333,212,184,12,8,4,3,2,1,13,86.79245283018868,5.660377358490567,3.7735849056603774,1.8867924528301887,1.4150943396226416,0.9433962264150944,0.4716981132075472,6.132075471698113
E00079334,256,229,8,5,3,10,6,4,9,89.453125,3.125,1.953125,1.171875,3.90625,2.34375,1.5625,3.515625
E00079335,223,202,10,6,4,6,4,2,5,90.5829596412556,4.484304932735426,2.690582959641256,1.7937219730941705,2.690582959641256,1.7937219730941705,0.8968609865470852,2.242152466367713
E00079336,263,241,11,9,2,6,4,2,5,91.63498098859316,4.182509505703422,3.4220532319391634,0.7604562737642585,2.2813688212927756,1.520912547528517,0.7604562737642585,1.9011406844106464
E00079337,252,211,23,12,11,7,4,3,11,83.73015873015873,9.126984126984127,4.761904761904762,4.365079365079365,2.7777777777777777,1.5873015873015872,1.1904761904761905,4.365079365079365
E00079338,280,255,16,13,3,4,0,4,5,91.07142857142857,5.714285714285714,4.642857142857143,1.0714285714285714,1.4285714285714286,0,1.4285714285714286,1.7857142857142856
E00079339,226,205,11,8,3,4,3,1,6,90.7079646017699,4.867256637168142,3.5398230088495577,1.3274336283185841,1.7699115044247788,1.3274336283185841,0.4424778761061947,2.6548672566371683
E00079341,368,326,24,14,10,9,3,6,9,88.58695652173914,6.521739130434782,3.804347826086957,2.717391304347826,2.4456521739130435,0.8152173913043478,1.6304347826086956,2.4456521739130435
E00079342,285,241,25,22,3,4,2,2,15,84.56140350877193,8.771929824561402,7.719298245614035,1.0526315789473684,1.4035087719298245,0.7017543859649122,0.7017543859649122,5.263157894736842
E00079343,294,257,16,14,2,8,3,5,13,87.41496598639455,5.442176870748299,4.761904761904762,0.6802721088435374,2.7210884353741496,1.0204081632653061,1.7006802721088436,4.421768707482993
E00079344,273,239,16,10,6,6,3,3,12,87.54578754578755,5.86080586080586,3.6630036630036633,2.197802197802198,2.197802197802198,1.098901098901099,1.098901098901099,4.395604395604396
E00079345,284,261,9,5,4,3,2,1,11,91.90140845070422,3.169014084507042,1.7605633802816902,1.4084507042253522,1.056338028169014,0.7042253521126761,0.35211267605633806,3.873239436619718
E00079346,275,247,17,12,5,3,2,1,8,89.81818181818181,6.181818181818182,4.363636363636364,1.8181818181818181,1.090909090909091,0.7272727272727273,0.36363636363636365,2.909090909090909
E00079347,367,343,12,9,3,8,3,5,4,93.46049046321527,3.2697547683923704,2.452316076294278,0.8174386920980926,2.17983651226158,0.8174386920980926,1.3623978201634876,1.08991825613079
E00079348,253,223,16,11,5,8,5,3,6,88.14229249011858,6.324110671936759,4.3478260869565215,1.9762845849802373,3.1620553359683794,1.9762845849802373,1.185770750988142,2.371541501976284
E00079349,311,279,16,9,7,4,4,0,12,89.71061093247589,5.144694533762058,2.8938906752411575,2.2508038585209005,1.2861736334405145,1.2861736334405145,0,3.858520900321544
E00079350,318,285,17,9,8,5,2,3,11,89.62264150943396,5.345911949685535,2.8301886792452833,2.515723270440252,1.5723270440251573,0.628930817610063,0.9433962264150944,3.459119496855346
E00079351,285,250,21,17,4,3,1,2,11,87.71929824561403,7.368421052631578,5.964912280701754,1.4035087719298245,1.0526315789473684,0.3508771929824561,0.7017543859649122,3.8596491228070176
E00079352,279,261,7,5,2,3,0,3,8,93.54838709677419,2.5089605734767026,1.7921146953405016,0.7168458781362007,1.0752688172043012,0,1.0752688172043012,2.867383512544803
E00079353,279,255,8,6,2,9,1,8,7,91.39784946236558,2.867383512544803,2.1505376344086025,0.7168458781362007,3.225806451612903,0.35842293906810035,2.867383512544803,2.5089605734767026
E00079354,311,273,24,20,4,3,2,1,11,87.78135048231512,7.717041800643088,6.430868167202572,1.2861736334405145,0.964630225080386,0.6430868167202572,0.3215434083601286,3.536977491961415
E00079355,397,374,13,9,4,6,0,6,4,94.20654911838791,3.27455919395466,2.2670025188916876,1.0075566750629723,1.5113350125944585,0,1.5113350125944585,1.0075566750629723
E00079356,328,305,9,7,2,9,3,6,5,92.98780487804879,2.7439024390243905,2.1341463414634148,0.6097560975609756,2.7439024390243905,0.9146341463414633,1.8292682926829267,1.524390243902439
E00079357,408,370,17,12,5,11,6,5,10,90.68627450980392,4.166666666666666,2.941176470588235,1.2254901960784315,2.696078431372549,1.4705882352941175,1.2254901960784315,2.450980392156863
E00079359,348,313,15,10,5,6,5,1,14,89.9425287356322,4.310344827586207,2.8735632183908044,1.4367816091954022,1.7241379310344827,1.4367816091954022,0.28735632183908044,4.022988505747127
E00079360,346,327,12,9,3,2,1,1,5,94.50867052023122,3.4682080924855487,2.601156069364162,0.8670520231213872,0.5780346820809248,0.2890173410404624,0.2890173410404624,1.4450867052023122
E00079361,298,274,8,5,3,5,4,1,11,91.94630872483222,2.684563758389262,1.6778523489932886,1.006711409395973,1.6778523489932886,1.342281879194631,0.33557046979865773,3.691275167785235
E00079362,376,355,11,7,4,3,2,1,7,94.41489361702128,2.925531914893617,1.8617021276595744,1.0638297872340425,0.7978723404255319,0.5319148936170213,0.26595744680851063,1.8617021276595744
E00079363,463,435,12,7,5,6,2,4,10,93.9524838012959,2.591792656587473,1.511879049676026,1.079913606911447,1.2958963282937366,0.4319654427645789,0.8639308855291578,2.159827213822894
E00079364,305,263,24,17,7,8,4,4,10,86.22950819672131,7.868852459016394,5.573770491803279,2.2950819672131146,2.622950819672131,1.3114754098360655,1.3114754098360655,3.278688524590164
E00079365,360,340,8,5,3,6,2,4,6,94.44444444444444,2.2222222222222223,1.3888888888888888,0.8333333333333334,1.6666666666666667,0.5555555555555556,1.1111111111111112,1.6666666666666667
E00171248,328,300,11,9,2,10,4,6,7,91.46341463414635,3.353658536585366,2.7439024390243905,0.6097560975609756,3.048780487804878,1.2195121951219512,1.8292682926829267,2.1341463414634148
E00171249,362,339,12,9,3,6,3,3,5,93.646408839779,3.314917127071823,2.4861878453038675,0.8287292817679558,1.6574585635359116,0.8287292817679558,0.8287292817679558,1.3812154696132597
E00171250,363,338,9,9,0,8,5,3,8,93.1129476584022,2.479338842975207,2.479338842975207,0,2.203856749311295,1.3774104683195594,0.8264462809917356,2.203856749311295
E00171251,315,305,6,5,1,4,4,0,0,96.82539682539682,1.9047619047619049,1.5873015873015872,0.31746031746031744,1.2698412698412698,1.2698412698412698,0,0
E00171252,355,342,10,9,1,1,0,1,2,96.3380281690141,2.8169014084507045,2.535211267605634,0.28169014084507044,0.28169014084507044,0,0.28169014084507044,0.5633802816901409
E00171253,101,92,1,1,0,6,4,2,2,91.0891089108911,0.9900990099009901,0.9900990099009901,0,5.9405940594059405,3.9603960396039604,1.9801980198019802,1.9801980198019802
E00171254,374,351,10,8,2,5,1,4,8,93.85026737967914,2.6737967914438503,2.13903743315508,0.53475935828877,1.3368983957219251,0.267379679144385,1.06951871657754,2.13903743315508
E00171256,277,265,7,4,3,4,3,1,1,95.66787003610109,2.527075812274368,1.444043321299639,1.083032490974729,1.444043321299639,1.083032490974729,0.36101083032490977,0.36101083032490977
E00171257,115,108,3,0,3,1,0,1,3,93.91304347826087,2.608695652173913,0,2.608695652173913,0.8695652173913043,0,0.8695652173913043,2.608695652173913
E00171258,178,166,4,3,1,4,1,3,4,93.25842696629213,2.247191011235955,1.6853932584269662,0.5617977528089888,2.247191011235955,0.5617977528089888,1.6853932584269662,2.247191011235955
E00171259,138,131,3,3,0,2,1,1,2,94.92753623188406,2.1739130434782608,2.1739130434782608,0,1.4492753623188406,0.7246376811594203,0.7246376811594203,1.4492753623188406
E00171260,220,197,14,13,1,5,1,4,4,89.54545454545455,6.363636363636363,5.909090909090909,0.45454545454545453,2.272727272727273,0.45454545454545453,1.8181818181818181,1.8181818181818181
E00171261,436,419,3,1,2,11,6,5,3,96.10091743119266,0.6880733944954129,0.22935779816513763,0.45871559633027525,2.522935779816514,1.3761467889908259,1.146788990825688,0.6880733944954129
E00171262,363,335,16,9,7,7,3,4,5,92.28650137741047,4.40771349862259,2.479338842975207,1.9283746556473829,1.9283746556473829,0.8264462809917356,1.1019283746556474,1.3774104683195594
E00171263,290,274,11,5,6,3,0,3,2,94.48275862068965,3.793103448275862,1.7241379310344827,2.0689655172413794,1.0344827586206897,0,1.0344827586206897,0.6896551724137931
E00171264,214,201,3,3,0,6,3,3,4,93.92523364485982,1.4018691588785046,1.4018691588785046,0,2.803738317757009,1.4018691588785046,1.4018691588785046,1.8691588785046727
E00171266,310,294,10,10,0,4,2,2,2,94.83870967741936,3.225806451612903,3.225806451612903,0,1.2903225806451613,0.6451612903225806,0.6451612903225806,0.6451612903225806
E00171267,279,242,13,7,6,14,11,3,10,86.73835125448028,4.659498207885305,2.5089605734767026,2.1505376344086025,5.017921146953405,3.942652329749104,1.0752688172043012,3.584229390681003
E00171268,582,554,8,5,3,16,10,6,4,95.1890034364261,1.3745704467353952,0.859106529209622,0.5154639175257731,2.7491408934707904,1.718213058419244,1.0309278350515463,0.6872852233676976
E00171269,299,271,10,10,0,9,4,5,9,90.63545150501672,3.3444816053511706,3.3444816053511706,0,3.0100334448160537,1.3377926421404682,1.6722408026755853,3.0100334448160537
E00171270,388,357,12,8,4,9,5,4,10,92.0103092783505,3.0927835051546393,2.0618556701030926,1.0309278350515463,2.3195876288659796,1.2886597938144329,1.0309278350515463,2.5773195876288657
E00171271,267,249,5,3,2,8,5,3,5,93.25842696629213,1.8726591760299627,1.1235955056179776,0.7490636704119851,2.9962546816479403,1.8726591760299627,1.1235955056179776,1.8726591760299627
E00171272,191,169,13,10,3,5,2,3,4,88.48167539267016,6.806282722513089,5.2356020942408374,1.5706806282722512,2.6178010471204187,1.0471204188481675,1.5706806282722512,2.094240837696335
E00171273,151,142,7,6,1,1,1,0,1,94.03973509933775,4.635761589403973,3.9735099337748347,0.6622516556291391,0.6622516556291391,0.6622516556291391,0,0.6622516556291391
E00171274,146,135,6,4,2,4,2,2,1,92.46575342465754,4.10958904109589,2.73972602739726,1.36986301369863,2.73972602739726,1.36986301369863,1.36986301369863,0.684931506849315
E00171275,150,134,8,8,0,1,1,0,7,89.33333333333333,5.333333333333334,5.333333333333334,0,0.6666666666666667,0.6666666666666667,0,4.666666666666667
E00171276,218,206,4,4,0,5,1,4,3,94.4954128440367,1.834862385321101,1.834862385321101,0,2.293577981651376,0.45871559633027525,1.834862385321101,1.3761467889908259
E00171277,245,236,5,5,0,3,2,1,1,96.3265306122449,2.0408163265306123,2.0408163265306123,0,1.2244897959183674,0.8163265306122449,0.40816326530612246,0.40816326530612246
E00171278,136,129,5,4,1,0,0,0,2,94.85294117647058,3.6764705882352944,2.941176470588235,0.7352941176470588,0,0,0,1.4705882352941175
E00171279,445,421,8,5,3,6,2,4,10,94.6067415730337,1.7977528089887642,1.1235955056179776,0.6741573033707865,1.348314606741573,0.44943820224719105,0.8988764044943821,2.247191011235955
E00171280,262,247,11,10,1,1,0,1,3,94.27480916030534,4.198473282442748,3.816793893129771,0.38167938931297707,0.38167938931297707,0,0.38167938931297707,1.1450381679389312
E00171281,352,324,14,13,1,6,4,2,8,92.04545454545455,3.977272727272727,3.6931818181818183,0.2840909090909091,1.7045454545454544,1.1363636363636365,0.5681818181818182,2.272727272727273
E00171283,206,195,8,6,2,3,0,3,0,94.66019417475728,3.8834951456310676,2.912621359223301,0.9708737864077669,1.4563106796116505,0,1.4563106796116505,0
E00171284,155,142,10,8,2,2,2,0,1,91.61290322580645,6.451612903225806,5.161290322580645,1.2903225806451613,1.2903225806451613,1.2903225806451613,0,0.6451612903225806
E00171285,108,101,4,4,0,3,1,2,0,93.51851851851852,3.7037037037037033,3.7037037037037033,0,2.7777777777777777,0.9259259259259258,1.8518518518518516,0
E00171287,122,114,5,2,3,2,0,2,1,93.44262295081968,4.098360655737705,1.639344262295082,2.459016393442623,1.639344262295082,0,1.639344262295082,0.819672131147541
E00171289,173,157,10,6,4,0,0,0,6,90.7514450867052,5.780346820809249,3.4682080924855487,2.312138728323699,0,0,0,3.4682080924855487
E00171291,167,156,7,5,2,1,0,1,3,93.41317365269461,4.191616766467066,2.9940119760479043,1.1976047904191618,0.5988023952095809,0,0.5988023952095809,1.7964071856287425
E00171294,214,198,5,2,3,8,3,5,3,92.5233644859813,2.336448598130841,0.9345794392523363,1.4018691588785046,3.7383177570093453,1.4018691588785046,2.336448598130841,1.4018691588785046
E00171295,145,135,6,5,1,1,0,1,3,93.10344827586206,4.137931034482759,3.4482758620689653,0.6896551724137931,0.6896551724137931,0,0.6896551724137931,2.0689655172413794
E00171296,187,174,6,6,0,4,3,1,3,93.04812834224599,3.2085561497326207,3.2085561497326207,0,2.13903743315508,1.6042780748663104,0.53475935828877,1.6042780748663104
E00171297,332,308,11,6,5,6,3,3,7,92.7710843373494,3.313253012048193,1.8072289156626504,1.5060240963855422,1.8072289156626504,0.9036144578313252,0.9036144578313252,2.108433734939759
E00171298,315,298,9,5,4,3,2,1,5,94.6031746031746,2.857142857142857,1.5873015873015872,1.2698412698412698,0.9523809523809524,0.6349206349206349,0.31746031746031744,1.5873015873015872
E00171300,377,352,11,5,6,4,2,2,10,93.36870026525199,2.9177718832891246,1.3262599469496021,1.5915119363395225,1.0610079575596816,0.5305039787798408,0.5305039787798408,2.6525198938992043
E00171301,199,189,4,2,2,5,3,2,1,94.9748743718593,2.0100502512562812,1.0050251256281406,1.0050251256281406,2.512562814070352,1.507537688442211,1.0050251256281406,0.5025125628140703
E00171302,266,248,12,7,5,1,0,1,5,93.23308270676691,4.511278195488721,2.631578947368421,1.8796992481203008,0.37593984962406013,0,0.37593984962406013,1.8796992481203008
E00171303,295,272,5,3,2,7,2,5,11,92.20338983050847,1.694915254237288,1.0169491525423728,0.6779661016949152,2.3728813559322033,0.6779661016949152,1.694915254237288,3.728813559322034
E00171304,231,222,4,2,2,3,2,1,2,96.1038961038961,1.7316017316017316,0.8658008658008658,0.8658008658008658,1.2987012987012987,0.8658008658008658,0.4329004329004329,0.8658008658008658
E00171306,144,138,5,4,1,1,1,0,0,95.83333333333334,3.4722222222222223,2.7777777777777777,0.6944444444444444,0.6944444444444444,0.6944444444444444,0,0
E00171307,156,146,7,3,4,1,0,1,2,93.58974358974359,4.487179487179487,1.9230769230769231,2.564102564102564,0.641025641025641,0,0.641025641025641,1.282051282051282
E00171308,223,212,8,7,1,2,0,2,1,95.06726457399103,3.587443946188341,3.1390134529147984,0.4484304932735426,0.8968609865470852,0,0.8968609865470852,0.4484304932735426
E00171309,227,203,12,11,1,7,6,1,5,89.42731277533039,5.286343612334802,4.845814977973569,0.4405286343612335,3.0837004405286343,2.643171806167401,0.4405286343612335,2.2026431718061676
E00171310,302,282,10,10,0,5,4,1,5,93.37748344370861,3.3112582781456954,3.3112582781456954,0,1.6556291390728477,1.3245033112582782,0.33112582781456956,1.6556291390728477
E00171311,322,298,16,13,3,5,2,3,3,92.54658385093167,4.968944099378882,4.037267080745342,0.9316770186335404,1.5527950310559007,0.6211180124223602,0.9316770186335404,0.9316770186335404
E00171312,188,170,9,7,2,6,5,1,3,90.42553191489363,4.787234042553192,3.723404255319149,1.0638297872340425,3.1914893617021276,2.6595744680851063,0.5319148936170213,1.5957446808510638
E00171313,177,166,6,6,0,2,1,1,3,93.78531073446328,3.389830508474576,3.389830508474576,0,1.1299435028248588,0.5649717514124294,0.5649717514124294,1.694915254237288
E00171314,204,194,6,5,1,3,2,1,1,95.09803921568627,2.941176470588235,2.450980392156863,0.49019607843137253,1.4705882352941175,0.9803921568627451,0.49019607843137253,0.49019607843137253
E00171315,185,166,7,6,1,7,1,6,5,89.72972972972974,3.783783783783784,3.2432432432432434,0.5405405405405406,3.783783783783784,0.5405405405405406,3.2432432432432434,2.7027027027027026
E00171316,157,154,2,0,2,0,0,0,1,98.08917197452229,1.2738853503184715,0,1.2738853503184715,0,0,0,0.6369426751592357
E00171318,159,140,9,6,3,3,2,1,7,88.0503144654088,5.660377358490567,3.7735849056603774,1.8867924528301887,1.8867924528301887,1.257861635220126,0.628930817610063,4.40251572327044
E00171319,325,299,16,12,4,7,5,2,3,92,4.923076923076923,3.6923076923076925,1.2307692307692308,2.1538461538461537,1.5384615384615385,0.6153846153846154,0.9230769230769231
E00171320,166,153,7,7,0,3,1,2,3,92.16867469879519,4.216867469879518,4.216867469879518,0,1.8072289156626504,0.6024096385542169,1.2048192771084338,1.8072289156626504
E00171321,334,317,10,7,3,1,0,1,6,94.91017964071857,2.9940119760479043,2.095808383233533,0.8982035928143712,0.29940119760479045,0,0.29940119760479045,1.7964071856287425
E00171323,108,100,4,4,0,3,1,2,1,92.5925925925926,3.7037037037037033,3.7037037037037033,0,2.7777777777777777,0.9259259259259258,1.8518518518518516,0.9259259259259258
E00171324,144,133,5,4,1,3,1,2,3,92.36111111111111,3.4722222222222223,2.7777777777777777,0.6944444444444444,2.083333333333333,0.6944444444444444,1.3888888888888888,2.083333333333333
E00171326,291,269,11,7,4,7,5,2,4,92.43986254295532,3.7800687285223367,2.405498281786942,1.3745704467353952,2.405498281786942,1.718213058419244,0.6872852233676976,1.3745704467353952
E00171327,246,226,7,6,1,6,3,3,7,91.869918699187,2.8455284552845526,2.4390243902439024,0.40650406504065045,2.4390243902439024,1.2195121951219512,1.2195121951219512,2.8455284552845526
E00171329,283,259,8,7,1,9,1,8,7,91.51943462897526,2.8268551236749118,2.4734982332155475,0.35335689045936397,3.180212014134275,0.35335689045936397,2.8268551236749118,2.4734982332155475
E00171330,158,155,3,3,0,0,0,0,0,98.10126582278481,1.89873417721519,1.89873417721519,0,0,0,0,0
E00171331,425,391,20,14,6,10,3,7,4,92,4.705882352941177,3.294117647058824,1.411764705882353,2.3529411764705883,0.7058823529411765,1.647058823529412,0.9411764705882352
E00187604,252,238,5,5,0,6,1,5,3,94.44444444444444,1.984126984126984,1.984126984126984,0,2.380952380952381,0.3968253968253968,1.984126984126984,1.1904761904761905
E00187605,315,301,6,5,1,6,5,1,2,95.55555555555556,1.9047619047619049,1.5873015873015872,0.31746031746031744,1.9047619047619049,1.5873015873015872,0.31746031746031744,0.6349206349206349
E00187606,163,146,4,4,0,1,0,1,12,89.57055214723927,2.4539877300613497,2.4539877300613497,0,0.6134969325153374,0,0.6134969325153374,7.361963190184049
E00187607,363,336,10,8,2,10,1,9,7,92.56198347107438,2.7548209366391188,2.203856749311295,0.5509641873278237,2.7548209366391188,0.27548209366391185,2.479338842975207,1.9283746556473829
E00187608,430,414,12,8,4,2,1,1,2,96.27906976744185,2.7906976744186047,1.8604651162790697,0.9302325581395349,0.46511627906976744,0.23255813953488372,0.23255813953488372,0.46511627906976744
E00187613,197,180,4,3,1,10,2,8,3,91.37055837563452,2.030456852791878,1.5228426395939088,0.5076142131979695,5.0761421319796955,1.015228426395939,4.060913705583756,1.5228426395939088
E00187614,436,405,14,7,7,9,5,4,8,92.88990825688074,3.211009174311927,1.6055045871559634,1.6055045871559634,2.064220183486239,1.146788990825688,0.9174311926605505,1.834862385321101
E00187615,280,256,8,5,3,6,2,4,10,91.42857142857143,2.857142857142857,1.7857142857142856,1.0714285714285714,2.142857142857143,0.7142857142857143,1.4285714285714286,3.571428571428571
E00187618,483,439,26,21,5,5,2,3,13,90.89026915113871,5.383022774327122,4.3478260869565215,1.0351966873706004,1.0351966873706004,0.4140786749482402,0.6211180124223602,2.691511387163561
E00187620,253,246,4,3,1,2,0,2,1,97.23320158102767,1.5810276679841897,1.185770750988142,0.3952569169960474,0.7905138339920948,0,0.7905138339920948,0.3952569169960474
E00187622,106,102,2,2,0,2,0,2,0,96.22641509433963,1.8867924528301887,1.8867924528301887,0,1.8867924528301887,0,1.8867924528301887,0
E00187624,219,212,5,3,2,1,1,0,1,96.80365296803653,2.28310502283105,1.36986301369863,0.91324200913242,0.45662100456621,0.45662100456621,0,0.45662100456621
E00187625,397,389,3,2,1,3,0,3,2,97.98488664987406,0.7556675062972292,0.5037783375314862,0.2518891687657431,0.7556675062972292,0,0.7556675062972292,0.5037783375314862
E00187626,402,364,21,17,4,9,5,4,8,90.54726368159204,5.223880597014925,4.228855721393035,0.9950248756218906,2.2388059701492535,1.2437810945273633,0.9950248756218906,1.9900497512437811
E00187627,187,180,6,5,1,0,0,0,1,96.2566844919786,3.2085561497326207,2.6737967914438503,0.53475935828877,0,0,0,0.53475935828877
E00187628,283,256,8,4,4,6,2,4,13,90.45936395759718,2.8268551236749118,1.4134275618374559,1.4134275618374559,2.1201413427561837,0.7067137809187279,1.4134275618374559,4.593639575971731
E00187630,312,305,3,3,0,4,2,2,0,97.75641025641025,0.9615384615384616,0.9615384615384616,0,1.282051282051282,0.641025641025641,0.641025641025641,0
E00187635,384,364,10,7,3,7,2,5,3,94.79166666666666,2.604166666666667,1.8229166666666667,0.78125,1.8229166666666667,0.5208333333333333,1.3020833333333335,0.78125
E00187637,97,92,2,2,0,1,0,1,2,94.84536082474226,2.0618556701030926,2.0618556701030926,0,1.0309278350515463,0,1.0309278350515463,2.0618556701030926
E00187639,854,819,7,5,2,11,5,6,17,95.90163934426229,0.819672131147541,0.5854800936768151,0.234192037470726,1.288056206088993,0.5854800936768151,0.702576112412178,1.9906323185011712
E00187640,559,510,17,11,6,12,4,8,20,91.23434704830053,3.041144901610018,1.9677996422182469,1.073345259391771,2.146690518783542,0.7155635062611807,1.4311270125223614,3.5778175313059033
E00187643,185,165,9,6,3,6,3,3,5,89.1891891891892,4.864864864864865,3.2432432432432434,1.6216216216216217,3.2432432432432434,1.6216216216216217,1.6216216216216217,2.7027027027027026
E00187647,311,298,5,3,2,5,3,2,3,95.81993569131832,1.607717041800643,0.964630225080386,0.6430868167202572,1.607717041800643,0.964630225080386,0.6430868167202572,0.964630225080386
E00187650,245,225,2,2,0,11,4,7,7,91.83673469387756,0.8163265306122449,0.8163265306122449,0,4.489795918367347,1.6326530612244898,2.857142857142857,2.857142857142857
E00187654,228,221,1,1,0,2,1,1,4,96.9298245614035,0.43859649122807015,0.43859649122807015,0,0.8771929824561403,0.43859649122807015,0.43859649122807015,1.7543859649122806
E00187657,529,498,14,10,4,5,1,4,12,94.1398865784499,2.6465028355387523,1.890359168241966,0.7561436672967864,0.945179584120983,0.1890359168241966,0.7561436672967864,2.2684310018903595
E00187658,361,326,9,7,2,14,4,10,12,90.30470914127424,2.4930747922437675,1.9390581717451523,0.554016620498615,3.8781163434903045,1.10803324099723,2.7700831024930745,3.32409972299169
E00187663,257,248,4,3,1,4,1,3,1,96.49805447470817,1.556420233463035,1.1673151750972763,0.38910505836575876,1.556420233463035,0.38910505836575876,1.1673151750972763,0.38910505836575876
E00187664,286,277,5,5,0,4,1,3,0,96.85314685314685,1.7482517482517483,1.7482517482517483,0,1.3986013986013985,0.34965034965034963,1.048951048951049,0
E00187665,168,153,10,8,2,5,2,3,0,91.07142857142857,5.952380952380952,4.761904761904762,1.1904761904761905,2.976190476190476,1.1904761904761905,1.7857142857142856,0
E00187666,397,362,15,10,5,10,2,8,10,91.183879093199,3.7783375314861463,2.518891687657431,1.2594458438287155,2.518891687657431,0.5037783375314862,2.0151133501259446,2.518891687657431
E00187667,137,124,8,3,5,2,1,1,3,90.51094890510949,5.839416058394161,2.18978102189781,3.64963503649635,1.4598540145985401,0.7299270072992701,0.7299270072992701,2.18978102189781
E00187675,188,178,8,7,1,2,0,2,0,94.68085106382979,4.25531914893617,3.723404255319149,0.5319148936170213,1.0638297872340425,0,1.0638297872340425,0
E00187676,468,452,8,6,2,4,3,1,4,96.58119658119658,1.7094017094017095,1.282051282051282,0.4273504273504274,0.8547008547008548,0.641025641025641,0.2136752136752137,0.8547008547008548
E00187686,101,100,1,1,0,0,0,0,0,99.00990099009901,0.9900990099009901,0.9900990099009901,0,0,0,0,0
E00187690,244,231,7,7,0,5,3,2,1,94.67213114754098,2.8688524590163933,2.8688524590163933,0,2.0491803278688523,1.2295081967213115,0.819672131147541,0.4098360655737705
E00187694,146,137,4,1,3,2,0,2,3,93.83561643835617,2.73972602739726,0.684931506849315,2.054794520547945,1.36986301369863,0,1.36986301369863,2.054794520547945
E00187695,475,462,5,4,1,3,2,1,5,97.26315789473684,1.0526315789473684,0.8421052631578947,0.21052631578947367,0.631578947368421,0.42105263157894735,0.21052631578947367,1.0526315789473684
E00187696,248,235,9,6,3,0,0,0,4,94.75806451612904,3.6290322580645165,2.4193548387096775,1.2096774193548387,0,0,0,1.6129032258064515
E00187697,430,410,10,6,4,7,3,4,3,95.34883720930233,2.3255813953488373,1.3953488372093024,0.9302325581395349,1.627906976744186,0.6976744186046512,0.9302325581395349,0.6976744186046512
E00187698,259,250,5,3,2,2,0,2,2,96.52509652509652,1.9305019305019304,1.1583011583011582,0.7722007722007722,0.7722007722007722,0,0.7722007722007722,0.7722007722007722
E00187701,274,265,3,3,0,3,1,2,3,96.71532846715328,1.094890510948905,1.094890510948905,0,1.094890510948905,0.36496350364963503,0.7299270072992701,1.094890510948905
E00187706,524,496,12,6,6,4,1,3,12,94.65648854961832,2.2900763358778624,1.1450381679389312,1.1450381679389312,0.7633587786259541,0.19083969465648853,0.5725190839694656,2.2900763358778624
E00187707,128,111,11,4,7,1,1,0,5,86.71875,8.59375,3.125,5.46875,0.78125,0.78125,0,3.90625
E00187709,430,421,3,2,1,4,4,0,2,97.90697674418605,0.6976744186046512,0.46511627906976744,0.23255813953488372,0.9302325581395349,0.9302325581395349,0,0.46511627906976744
E00187710,98,93,2,2,0,1,0,1,2,94.89795918367348,2.0408163265306123,2.0408163265306123,0,1.0204081632653061,0,1.0204081632653061,2.0408163265306123
E00187714,124,111,7,7,0,2,1,1,4,89.51612903225806,5.64516129032258,5.64516129032258,0,1.6129032258064515,0.8064516129032258,0.8064516129032258,3.225806451612903
E00187723,194,176,9,9,0,2,0,2,7,90.72164948453609,4.639175257731959,4.639175257731959,0,1.0309278350515463,0,1.0309278350515463,3.608247422680412
E00187724,242,229,4,2,2,7,4,3,2,94.62809917355372,1.6528925619834711,0.8264462809917356,0.8264462809917356,2.8925619834710745,1.6528925619834711,1.2396694214876034,0.8264462809917356
E00187727,240,228,5,4,1,3,0,3,4,95,2.083333333333333,1.6666666666666667,0.4166666666666667,1.25,0,1.25,1.6666666666666667
E00187731,480,444,15,13,2,12,6,6,9,92.5,3.125,2.7083333333333335,0.4166666666666667,2.5,1.25,1.25,1.875
E00187736,419,410,8,6,2,1,1,0,0,97.85202863961814,1.9093078758949882,1.431980906921241,0.47732696897374705,0.23866348448687352,0.23866348448687352,0,0
E00187739,140,117,9,6,3,3,2,1,11,83.57142857142857,6.428571428571428,4.285714285714286,2.142857142857143,2.142857142857143,1.4285714285714286,0.7142857142857143,7.857142857142857
E00187740,268,245,7,4,3,5,3,2,11,91.4179104477612,2.6119402985074625,1.4925373134328357,1.1194029850746268,1.8656716417910446,1.1194029850746268,0.7462686567164178,4.104477611940299
E00187756,186,174,1,1,0,7,2,5,4,93.54838709677419,0.5376344086021506,0.5376344086021506,0,3.763440860215054,1.0752688172043012,2.6881720430107525,2.1505376344086025
E00187760,432,409,7,6,1,10,4,6,6,94.67592592592592,1.6203703703703702,1.3888888888888888,0.23148148148148145,2.314814814814815,0.9259259259259258,1.3888888888888888,1.3888888888888888
E00187761,371,345,12,6,6,5,2,3,9,92.99191374663073,3.234501347708895,1.6172506738544474,1.6172506738544474,1.3477088948787064,0.5390835579514826,0.8086253369272237,2.4258760107816713
E00187767,202,186,9,8,1,2,1,1,5,92.07920792079209,4.455445544554455,3.9603960396039604,0.49504950495049505,0.9900990099009901,0.49504950495049505,0.49504950495049505,2.4752475247524752
E00187773,272,265,2,1,1,3,1,2,2,97.42647058823529,0.7352941176470588,0.3676470588235294,0.3676470588235294,1.1029411764705883,0.3676470588235294,0.7352941176470588,0.7352941176470588
E00187774,333,307,13,8,5,5,5,0,8,92.1921921921922,3.903903903903904,2.4024024024024024,1.5015015015015014,1.5015015015015014,1.5015015015015014,0,2.4024024024024024
E00187775,289,272,10,6,4,4,2,2,3,94.11764705882352,3.4602076124567476,2.0761245674740483,1.384083044982699,1.384083044982699,0.6920415224913495,0.6920415224913495,1.0380622837370241
E00187778,432,403,8,4,4,12,7,5,9,93.28703703703704,1.8518518518518516,0.9259259259259258,0.9259259259259258,2.7777777777777777,1.6203703703703702,1.1574074074074074,2.083333333333333
E00187779,231,212,11,7,4,2,1,1,6,91.77489177489177,4.761904761904762,3.0303030303030303,1.7316017316017316,0.8658008658008658,0.4329004329004329,0.4329004329004329,2.5974025974025974
E00187784,215,209,5,5,0,1,1,0,0,97.20930232558139,2.3255813953488373,2.3255813953488373,0,0.46511627906976744,0.46511627906976744,0,0
E00187786,366,347,7,5,2,2,1,1,10,94.80874316939891,1.912568306010929,1.366120218579235,0.546448087431694,0.546448087431694,0.273224043715847,0.273224043715847,2.73224043715847
E00187789,296,280,7,6,1,3,2,1,6,94.5945945945946,2.364864864864865,2.027027027027027,0.33783783783783783,1.0135135135135136,0.6756756756756757,0.33783783783783783,2.027027027027027
E00187790,259,225,14,11,3,10,2,8,10,86.87258687258688,5.405405405405405,4.247104247104247,1.1583011583011582,3.861003861003861,0.7722007722007722,3.088803088803089,3.861003861003861
E00187792,131,119,6,5,1,3,2,1,3,90.83969465648855,4.580152671755725,3.816793893129771,0.7633587786259541,2.2900763358778624,1.5267175572519083,0.7633587786259541,2.2900763358778624
E00187795,317,299,8,4,4,5,2,3,5,94.3217665615142,2.5236593059936907,1.2618296529968454,1.2618296529968454,1.5772870662460567,0.6309148264984227,0.9463722397476341,1.5772870662460567
E00187798,152,131,4,2,2,3,3,0,14,86.18421052631578,2.631578947368421,1.3157894736842104,1.3157894736842104,1.9736842105263157,1.9736842105263157,0,9.210526315789473
E00187799,274,259,8,6,2,3,1,2,4,94.52554744525547,2.9197080291970803,2.18978102189781,0.7299270072992701,1.094890510948905,0.36496350364963503,0.7299270072992701,1.4598540145985401
E00187806,584,543,21,15,6,11,5,6,9,92.97945205479452,3.595890410958904,2.5684931506849313,1.0273972602739725,1.8835616438356164,0.8561643835616438,1.0273972602739725,1.5410958904109588
E00187809,436,418,11,6,5,3,2,1,4,95.87155963302753,2.522935779816514,1.3761467889908259,1.146788990825688,0.6880733944954129,0.45871559633027525,0.22935779816513763,0.9174311926605505
E00187810,99,96,2,2,0,1,0,1,0,96.96969696969697,2.0202020202020203,2.0202020202020203,0,1.0101010101010102,0,1.0101010101010102,0
E00187814,415,398,10,7,3,4,0,4,3,95.90361445783132,2.4096385542168677,1.6867469879518073,0.7228915662650602,0.9638554216867471,0,0.9638554216867471,0.7228915662650602
E00187824,464,448,5,3,2,3,2,1,8,96.55172413793103,1.0775862068965518,0.646551724137931,0.43103448275862066,0.646551724137931,0.43103448275862066,0.21551724137931033,1.7241379310344827
E00187826,477,454,9,8,1,8,0,8,6,95.17819706498952,1.8867924528301887,1.6771488469601679,0.20964360587002098,1.6771488469601679,0,1.6771488469601679,1.257861635220126
E00187830,288,274,5,3,2,6,3,3,3,95.13888888888889,1.7361111111111112,1.0416666666666665,0.6944444444444444,2.083333333333333,1.0416666666666665,1.0416666666666665,1.0416666666666665
E00187831,135,134,0,0,0,1,1,0,0,99.25925925925925,0,0,0,0.7407407407407408,0.7407407407407408,0,0
E00187832,319,309,5,5,0,4,1,3,1,96.86520376175548,1.5673981191222568,1.5673981191222568,0,1.2539184952978055,0.3134796238244514,0.9404388714733543,0.3134796238244514
E00187835,123,116,4,4,0,1,0,1,2,94.3089430894309,3.2520325203252036,3.2520325203252036,0,0.8130081300813009,0,0.8130081300813009,1.6260162601626018
E00187838,187,170,5,5,0,1,0,1,11,90.9090909090909,2.6737967914438503,2.6737967914438503,0,0.53475935828877,0,0.53475935828877,5.88235294117647
E00187847,114,105,2,2,0,1,0,1,6,92.10526315789474,1.7543859649122806,1.7543859649122806,0,0.8771929824561403,0,0.8771929824561403,5.263157894736842
E00187851,489,469,9,7,2,4,0,4,7,95.91002044989774,1.8404907975460123,1.4314928425357873,0.408997955010225,0.81799591002045,0,0.81799591002045,1.4314928425357873
