OA,ts0390001,ts0390002,ts0390003,ts0390004,ts0390005,ts0390006,ts0390007,ts0390008,ts0390009,ts0390002_PCT,ts0390003_PCT,ts0390004_PCT,ts0390005_PCT,ts0390006_PCT,ts0390007_PCT,ts0390008_PCT,ts0390009_PCT
E00060556,320,279,24,14,10,8,5,3,9,87.1875,7.5,4.375,3.125,2.5,1.5625,0.9375,2.8125
E00060557,284,258,11,9,2,4,1,3,11,90.84507042253522,3.873239436619718,3.169014084507042,0.7042253521126761,1.4084507042253522,0.35211267605633806,1.056338028169014,3.873239436619718
E00060558,274,249,7,0,7,8,5,3,10,90.87591240875912,2.5547445255474455,0,2.5547445255474455,2.9197080291970803,1.824817518248175,1.094890510948905,3.64963503649635
E00060559,304,276,10,8,2,5,2,3,13,90.78947368421053,3.289473684210526,2.631578947368421,0.6578947368421052,1.644736842105263,0.6578947368421052,0.9868421052631579,4.276315789473684
E00060560,371,346,14,8,6,3,1,2,8,93.26145552560648,3.7735849056603774,2.15633423180593,1.6172506738544474,0.8086253369272237,0.2695417789757413,0.5390835579514826,2.15633423180593
E00060561,284,259,9,6,3,8,3,5,8,91.19718309859155,3.169014084507042,2.112676056338028,1.056338028169014,2.8169014084507045,1.056338028169014,1.7605633802816902,2.8169014084507045
E00060562,257,236,12,10,2,0,0,0,9,91.82879377431907,4.669260700389105,3.8910505836575875,0.7782101167315175,0,0,0,3.501945525291829
E00060563,398,371,10,4,6,5,2,3,12,93.21608040201005,2.512562814070352,1.0050251256281406,1.507537688442211,1.256281407035176,0.5025125628140703,0.7537688442211055,3.015075376884422
E00060564,325,292,17,15,2,7,3,4,9,89.84615384615384,5.230769230769231,4.615384615384616,0.6153846153846154,2.1538461538461537,0.9230769230769231,1.2307692307692308,2.769230769230769
E00060565,320,291,17,16,1,6,2,4,6,90.9375,5.3125,5,0.3125,1.875,0.625,1.25,1.875
E00060566,288,258,11,11,0,8,6,2,11,89.58333333333334,3.8194444444444446,3.8194444444444446,0,2.7777777777777777,2.083333333333333,0.6944444444444444,3.8194444444444446
E00060567,317,279,6,3,3,14,6,8,18,88.01261829652996,1.8927444794952681,0.9463722397476341,0.9463722397476341,4.416403785488959,1.8927444794952681,2.5236593059936907,5.678233438485805
E00060568,351,322,14,10,4,8,3,5,7,91.73789173789174,3.9886039886039883,2.849002849002849,1.1396011396011396,2.2792022792022792,0.8547008547008548,1.4245014245014245,1.9943019943019942
E00060569,367,329,22,13,9,9,7,2,7,89.64577656675749,5.994550408719346,3.5422343324250685,2.452316076294278,2.452316076294278,1.9073569482288828,0.544959128065395,1.9073569482288828
E00060570,333,300,21,11,10,5,3,2,7,90.09009009009009,6.306306306306306,3.303303303303303,3.003003003003003,1.5015015015015014,0.9009009009009009,0.6006006006006006,2.1021021021021022
E00060571,344,317,17,14,3,5,3,2,5,92.15116279069767,4.941860465116279,4.069767441860465,0.872093023255814,1.4534883720930232,0.872093023255814,0.5813953488372093,1.4534883720930232
E00060572,233,209,11,7,4,6,2,4,7,89.69957081545064,4.721030042918455,3.004291845493562,1.7167381974248928,2.575107296137339,0.8583690987124464,1.7167381974248928,3.004291845493562
E00060573,503,462,23,13,10,7,4,3,11,91.84890656063618,4.572564612326044,2.584493041749503,1.9880715705765408,1.3916500994035785,0.7952286282306162,0.5964214711729622,2.1868787276341948
E00060574,339,293,18,12,6,11,9,2,17,86.4306784660767,5.3097345132743365,3.5398230088495577,1.7699115044247788,3.2448377581120944,2.6548672566371683,0.5899705014749262,5.014749262536873
E00060575,293,266,14,11,3,5,4,1,8,90.78498293515358,4.778156996587031,3.754266211604096,1.023890784982935,1.7064846416382253,1.3651877133105803,0.3412969283276451,2.7303754266211606
E00060576,277,252,6,4,2,10,6,4,9,90.97472924187726,2.166064981949458,1.444043321299639,0.7220216606498195,3.6101083032490973,2.166064981949458,1.444043321299639,3.2490974729241873
E00060577,336,297,21,12,9,8,6,2,10,88.39285714285714,6.25,3.571428571428571,2.6785714285714284,2.380952380952381,1.7857142857142856,0.5952380952380952,2.976190476190476
E00060578,380,343,16,11,5,13,8,5,8,90.26315789473685,4.2105263157894735,2.8947368421052633,1.3157894736842104,3.421052631578948,2.1052631578947367,1.3157894736842104,2.1052631578947367
E00060579,357,332,8,4,4,8,2,6,9,92.99719887955182,2.2408963585434174,1.1204481792717087,1.1204481792717087,2.2408963585434174,0.5602240896358543,1.680672268907563,2.5210084033613445
E00060580,206,177,12,9,3,9,4,5,8,85.92233009708737,5.825242718446602,4.368932038834951,1.4563106796116505,4.368932038834951,1.9417475728155338,2.4271844660194173,3.8834951456310676
E00060581,336,306,8,5,3,11,4,7,11,91.07142857142857,2.380952380952381,1.488095238095238,0.8928571428571428,3.273809523809524,1.1904761904761905,2.083333333333333,3.273809523809524
E00060582,304,275,10,7,3,6,3,3,13,90.46052631578947,3.289473684210526,2.302631578947368,0.9868421052631579,1.9736842105263157,0.9868421052631579,0.9868421052631579,4.276315789473684
E00060583,320,299,6,4,2,11,4,7,4,93.4375,1.875,1.25,0.625,3.4375000000000004,1.25,2.1875,1.25
E00060584,256,237,4,2,2,8,2,6,7,92.578125,1.5625,0.78125,0.78125,3.125,0.78125,2.34375,2.734375
E00060585,303,271,6,3,3,14,7,7,12,89.43894389438944,1.9801980198019802,0.9900990099009901,0.9900990099009901,4.62046204620462,2.31023102310231,2.31023102310231,3.9603960396039604
E00060586,244,217,13,6,7,7,3,4,7,88.9344262295082,5.327868852459016,2.459016393442623,2.8688524590163933,2.8688524590163933,1.2295081967213115,1.639344262295082,2.8688524590163933
E00060587,273,247,3,1,2,13,5,8,10,90.47619047619048,1.098901098901099,0.3663003663003663,0.7326007326007326,4.761904761904762,1.8315018315018317,2.93040293040293,3.6630036630036633
E00060588,247,223,8,6,2,8,6,2,8,90.2834008097166,3.2388663967611335,2.42914979757085,0.8097165991902834,3.2388663967611335,2.42914979757085,0.8097165991902834,3.2388663967611335
E00060589,329,306,4,0,4,7,1,6,12,93.00911854103343,1.21580547112462,0,1.21580547112462,2.127659574468085,0.303951367781155,1.82370820668693,3.64741641337386
E00060590,383,339,19,9,10,11,7,4,14,88.51174934725849,4.960835509138381,2.3498694516971277,2.610966057441253,2.8720626631853787,1.8276762402088773,1.0443864229765014,3.6553524804177546
E00060591,280,256,5,2,3,7,5,2,12,91.42857142857143,1.7857142857142856,0.7142857142857143,1.0714285714285714,2.5,1.7857142857142856,0.7142857142857143,4.285714285714286
E00060592,281,244,11,5,6,14,8,6,12,86.83274021352312,3.9145907473309607,1.7793594306049825,2.135231316725979,4.98220640569395,2.8469750889679712,2.135231316725979,4.270462633451958
E00060593,264,241,3,2,1,10,7,3,10,91.28787878787878,1.1363636363636365,0.7575757575757576,0.3787878787878788,3.787878787878788,2.6515151515151514,1.1363636363636365,3.787878787878788
E00060594,329,288,22,17,5,10,8,2,9,87.53799392097264,6.68693009118541,5.167173252279635,1.5197568389057752,3.0395136778115504,2.43161094224924,0.60790273556231,2.735562310030395
E00060595,253,210,16,8,8,12,7,5,15,83.00395256916995,6.324110671936759,3.1620553359683794,3.1620553359683794,4.743083003952568,2.766798418972332,1.9762845849802373,5.928853754940711
E00060596,269,239,9,6,3,12,7,5,9,88.84758364312268,3.3457249070631967,2.2304832713754648,1.1152416356877324,4.4609665427509295,2.6022304832713754,1.858736059479554,3.3457249070631967
E00060597,217,191,8,7,1,10,3,7,8,88.0184331797235,3.686635944700461,3.225806451612903,0.4608294930875576,4.6082949308755765,1.3824884792626728,3.225806451612903,3.686635944700461
E00060598,245,220,9,8,1,7,1,6,9,89.79591836734694,3.6734693877551026,3.2653061224489797,0.40816326530612246,2.857142857142857,0.40816326530612246,2.4489795918367347,3.6734693877551026
E00060599,240,212,9,7,2,6,1,5,13,88.33333333333333,3.75,2.9166666666666665,0.8333333333333334,2.5,0.4166666666666667,2.083333333333333,5.416666666666667
E00060600,242,214,7,5,2,11,3,8,10,88.42975206611571,2.8925619834710745,2.066115702479339,0.8264462809917356,4.545454545454546,1.2396694214876034,3.3057851239669422,4.132231404958678
E00060601,232,205,3,2,1,9,3,6,15,88.36206896551724,1.293103448275862,0.8620689655172413,0.43103448275862066,3.8793103448275863,1.293103448275862,2.586206896551724,6.4655172413793105
E00060602,155,147,1,1,0,3,3,0,4,94.83870967741936,0.6451612903225806,0.6451612903225806,0,1.935483870967742,1.935483870967742,0,2.5806451612903225
E00060603,210,188,6,5,1,7,4,3,9,89.52380952380953,2.857142857142857,2.380952380952381,0.4761904761904762,3.3333333333333335,1.9047619047619049,1.4285714285714286,4.285714285714286
E00060604,245,211,15,8,7,7,5,2,12,86.12244897959184,6.122448979591836,3.2653061224489797,2.857142857142857,2.857142857142857,2.0408163265306123,0.8163265306122449,4.8979591836734695
E00060605,276,235,15,7,8,7,5,2,19,85.14492753623189,5.434782608695652,2.536231884057971,2.898550724637681,2.536231884057971,1.8115942028985508,0.7246376811594203,6.884057971014493
E00060606,149,133,5,1,4,4,1,3,7,89.26174496644296,3.3557046979865772,0.6711409395973155,2.684563758389262,2.684563758389262,0.6711409395973155,2.013422818791946,4.697986577181208
E00060607,186,162,9,4,5,11,3,8,4,87.09677419354838,4.838709677419355,2.1505376344086025,2.6881720430107525,5.913978494623656,1.6129032258064515,4.301075268817205,2.1505376344086025
E00060608,227,212,8,2,6,5,3,2,2,93.3920704845815,3.524229074889868,0.881057268722467,2.643171806167401,2.2026431718061676,1.3215859030837005,0.881057268722467,0.881057268722467
E00060609,301,279,8,7,1,9,4,5,5,92.69102990033223,2.6578073089700998,2.3255813953488373,0.33222591362126247,2.990033222591362,1.3289036544850499,1.6611295681063125,1.6611295681063125
E00060610,238,211,10,2,8,8,6,2,9,88.65546218487394,4.201680672268908,0.8403361344537815,3.361344537815126,3.361344537815126,2.5210084033613445,0.8403361344537815,3.7815126050420167
E00060611,223,209,5,4,1,4,3,1,5,93.72197309417041,2.242152466367713,1.7937219730941705,0.4484304932735426,1.7937219730941705,1.345291479820628,0.4484304932735426,2.242152466367713
E00060612,262,230,13,8,5,11,4,7,8,87.78625954198473,4.961832061068702,3.0534351145038165,1.9083969465648856,4.198473282442748,1.5267175572519083,2.6717557251908395,3.0534351145038165
E00060613,281,257,9,4,5,8,2,6,7,91.45907473309609,3.202846975088968,1.4234875444839856,1.7793594306049825,2.8469750889679712,0.7117437722419928,2.135231316725979,2.491103202846975
E00060614,331,295,7,4,3,10,5,5,19,89.12386706948641,2.1148036253776437,1.2084592145015105,0.906344410876133,3.0211480362537766,1.5105740181268883,1.5105740181268883,5.740181268882175
E00060615,200,178,6,6,0,11,7,4,5,89,3,3,0,5.5,3.5000000000000004,2,2.5
E00060616,108,102,1,1,0,2,0,2,3,94.44444444444444,0.9259259259259258,0.9259259259259258,0,1.8518518518518516,0,1.8518518518518516,2.7777777777777777
E00060617,313,277,13,9,4,15,7,8,8,88.49840255591054,4.15335463258786,2.8753993610223643,1.2779552715654952,4.792332268370607,2.2364217252396164,2.5559105431309903,2.5559105431309903
E00060618,195,177,6,3,3,7,1,6,5,90.76923076923077,3.076923076923077,1.5384615384615385,1.5384615384615385,3.5897435897435894,0.5128205128205128,3.076923076923077,2.564102564102564
E00060619,257,226,10,6,4,10,5,5,11,87.93774319066148,3.8910505836575875,2.3346303501945527,1.556420233463035,3.8910505836575875,1.9455252918287937,1.9455252918287937,4.280155642023346
E00060620,313,286,6,3,3,8,5,3,13,91.3738019169329,1.9169329073482428,0.9584664536741214,0.9584664536741214,2.5559105431309903,1.5974440894568689,0.9584664536741214,4.15335463258786
E00060621,335,305,4,3,1,13,3,10,13,91.04477611940298,1.1940298507462688,0.8955223880597015,0.2985074626865672,3.880597014925373,0.8955223880597015,2.9850746268656714,3.880597014925373
E00060622,342,298,17,10,7,15,5,10,12,87.13450292397661,4.970760233918129,2.923976608187134,2.046783625730994,4.385964912280701,1.461988304093567,2.923976608187134,3.508771929824561
E00060623,261,230,10,6,4,2,0,2,19,88.12260536398468,3.8314176245210727,2.2988505747126435,1.532567049808429,0.7662835249042145,0,0.7662835249042145,7.2796934865900385
E00060624,340,306,10,5,5,10,4,6,14,90,2.941176470588235,1.4705882352941175,1.4705882352941175,2.941176470588235,1.1764705882352942,1.7647058823529411,4.117647058823529
E00060625,251,237,5,4,1,6,0,6,3,94.42231075697211,1.9920318725099602,1.593625498007968,0.398406374501992,2.3904382470119523,0,2.3904382470119523,1.1952191235059761
E00060627,299,265,8,4,4,10,7,3,16,88.62876254180601,2.6755852842809364,1.3377926421404682,1.3377926421404682,3.3444816053511706,2.341137123745819,1.0033444816053512,5.351170568561873
E00060628,232,200,7,3,4,10,4,6,15,86.20689655172413,3.0172413793103448,1.293103448275862,1.7241379310344827,4.310344827586207,1.7241379310344827,2.586206896551724,6.4655172413793105
E00060629,209,184,4,3,1,11,4,7,10,88.03827751196172,1.9138755980861244,1.4354066985645932,0.4784688995215311,5.263157894736842,1.9138755980861244,3.349282296650718,4.784688995215311
E00060630,248,231,6,3,3,5,2,3,6,93.14516129032258,2.4193548387096775,1.2096774193548387,1.2096774193548387,2.0161290322580645,0.8064516129032258,1.2096774193548387,2.4193548387096775
E00060631,294,257,6,4,2,13,12,1,18,87.41496598639455,2.0408163265306123,1.3605442176870748,0.6802721088435374,4.421768707482993,4.081632653061225,0.3401360544217687,6.122448979591836
E00060632,275,254,10,7,3,2,0,2,9,92.36363636363636,3.6363636363636362,2.5454545454545454,1.090909090909091,0.7272727272727273,0,0.7272727272727273,3.272727272727273
E00060633,235,213,6,5,1,6,2,4,10,90.63829787234042,2.553191489361702,2.127659574468085,0.425531914893617,2.553191489361702,0.851063829787234,1.702127659574468,4.25531914893617
E00060634,300,266,16,12,4,10,8,2,8,88.66666666666667,5.333333333333334,4,1.3333333333333335,3.3333333333333335,2.666666666666667,0.6666666666666667,2.666666666666667
E00060635,241,218,11,10,1,5,2,3,7,90.45643153526972,4.564315352697095,4.149377593360995,0.4149377593360996,2.0746887966804977,0.8298755186721992,1.2448132780082988,2.904564315352697
E00060636,302,266,16,13,3,8,5,3,12,88.0794701986755,5.298013245033113,4.304635761589404,0.9933774834437087,2.6490066225165565,1.6556291390728477,0.9933774834437087,3.9735099337748347
E00060637,268,239,15,7,8,8,2,6,6,89.17910447761194,5.597014925373134,2.6119402985074625,2.9850746268656714,2.9850746268656714,0.7462686567164178,2.2388059701492535,2.2388059701492535
E00060638,240,224,4,2,2,5,4,1,7,93.33333333333333,1.6666666666666667,0.8333333333333334,0.8333333333333334,2.083333333333333,1.6666666666666667,0.4166666666666667,2.9166666666666665
E00060639,241,217,12,10,2,5,2,3,7,90.04149377593362,4.979253112033195,4.149377593360995,0.8298755186721992,2.0746887966804977,0.8298755186721992,1.2448132780082988,2.904564315352697
E00060640,287,253,15,10,5,3,2,1,16,88.15331010452961,5.2264808362369335,3.484320557491289,1.7421602787456445,1.0452961672473868,0.6968641114982579,0.34843205574912894,5.574912891986063
E00060641,270,243,16,12,4,5,2,3,6,90,5.9259259259259265,4.444444444444445,1.4814814814814816,1.8518518518518516,0.7407407407407408,1.1111111111111112,2.2222222222222223
E00060643,394,357,16,13,3,7,1,6,14,90.60913705583756,4.060913705583756,3.2994923857868024,0.7614213197969544,1.7766497461928936,0.25380710659898476,1.5228426395939088,3.5532994923857872
E00060644,411,382,13,8,5,7,4,3,9,92.94403892944038,3.1630170316301705,1.9464720194647203,1.2165450121654502,1.70316301703163,0.9732360097323601,0.7299270072992701,2.18978102189781
E00060645,245,225,10,8,2,4,3,1,6,91.83673469387756,4.081632653061225,3.2653061224489797,0.8163265306122449,1.6326530612244898,1.2244897959183674,0.40816326530612246,2.4489795918367347
E00060646,283,263,9,6,3,3,2,1,8,92.93286219081273,3.180212014134275,2.1201413427561837,1.0600706713780919,1.0600706713780919,0.7067137809187279,0.35335689045936397,2.8268551236749118
E00060647,300,268,11,9,2,10,1,9,11,89.33333333333333,3.6666666666666665,3,0.6666666666666667,3.3333333333333335,0.33333333333333337,3,3.6666666666666665
E00060648,297,270,14,8,6,5,3,2,8,90.9090909090909,4.713804713804714,2.6936026936026933,2.0202020202020203,1.6835016835016834,1.0101010101010102,0.6734006734006733,2.6936026936026933
E00060649,258,217,15,10,5,7,3,4,19,84.10852713178295,5.813953488372093,3.875968992248062,1.937984496124031,2.7131782945736433,1.1627906976744187,1.550387596899225,7.3643410852713185
E00060650,271,250,15,12,3,3,3,0,3,92.25092250922509,5.535055350553505,4.428044280442804,1.107011070110701,1.107011070110701,1.107011070110701,0,1.107011070110701
E00060651,419,379,15,10,5,10,2,8,15,90.45346062052506,3.579952267303103,2.386634844868735,1.1933174224343674,2.386634844868735,0.47732696897374705,1.9093078758949882,3.579952267303103
E00060652,319,296,8,7,1,8,4,4,7,92.78996865203762,2.507836990595611,2.19435736677116,0.3134796238244514,2.507836990595611,1.2539184952978055,1.2539184952978055,2.19435736677116
E00060656,306,273,7,2,5,10,4,6,16,89.2156862745098,2.287581699346405,0.6535947712418301,1.6339869281045754,3.2679738562091507,1.3071895424836601,1.9607843137254901,5.228758169934641
E00060659,338,312,13,7,6,4,2,2,9,92.3076923076923,3.8461538461538463,2.0710059171597637,1.7751479289940828,1.183431952662722,0.591715976331361,0.591715976331361,2.6627218934911245
E00060660,283,260,12,7,5,3,2,1,8,91.87279151943463,4.240282685512367,2.4734982332155475,1.76678445229682,1.0600706713780919,0.7067137809187279,0.35335689045936397,2.8268551236749118
E00060661,335,297,12,9,3,11,5,6,15,88.65671641791046,3.582089552238806,2.6865671641791042,0.8955223880597015,3.2835820895522385,1.4925373134328357,1.791044776119403,4.477611940298507
E00060663,298,269,8,4,4,10,4,6,11,90.26845637583892,2.684563758389262,1.342281879194631,1.342281879194631,3.3557046979865772,1.342281879194631,2.013422818791946,3.691275167785235
E00060664,346,306,9,6,3,9,2,7,22,88.4393063583815,2.601156069364162,1.7341040462427744,0.8670520231213872,2.601156069364162,0.5780346820809248,2.023121387283237,6.358381502890173
E00060665,573,530,17,8,9,13,7,6,13,92.49563699825481,2.966841186736475,1.3961605584642234,1.5706806282722512,2.2687609075043627,1.2216404886561953,1.0471204188481675,2.2687609075043627
E00060666,323,300,6,3,3,6,4,2,11,92.87925696594426,1.8575851393188854,0.9287925696594427,0.9287925696594427,1.8575851393188854,1.238390092879257,0.6191950464396285,3.4055727554179565
E00060667,303,280,9,5,4,5,0,5,9,92.4092409240924,2.9702970297029703,1.65016501650165,1.3201320132013201,1.65016501650165,0,1.65016501650165,2.9702970297029703
E00060668,265,249,5,2,3,2,2,0,9,93.9622641509434,1.8867924528301887,0.7547169811320755,1.1320754716981132,0.7547169811320755,0.7547169811320755,0,3.3962264150943398
E00060669,326,300,6,3,3,10,3,7,10,92.02453987730061,1.8404907975460123,0.9202453987730062,0.9202453987730062,3.067484662576687,0.9202453987730062,2.147239263803681,3.067484662576687
E00060670,306,267,20,17,3,8,4,4,11,87.25490196078431,6.535947712418301,5.555555555555555,0.9803921568627451,2.6143790849673203,1.3071895424836601,1.3071895424836601,3.594771241830065
E00060671,205,188,5,2,3,3,0,3,9,91.70731707317074,2.4390243902439024,0.975609756097561,1.4634146341463417,1.4634146341463417,0,1.4634146341463417,4.390243902439024
E00060672,221,198,6,4,2,8,4,4,9,89.59276018099548,2.7149321266968327,1.809954751131222,0.904977375565611,3.619909502262444,1.809954751131222,1.809954751131222,4.072398190045249
E00060673,240,219,13,9,4,2,2,0,6,91.25,5.416666666666667,3.75,1.6666666666666667,0.8333333333333334,0.8333333333333334,0,2.5
E00060674,294,264,14,9,5,9,6,3,7,89.79591836734694,4.761904761904762,3.061224489795918,1.7006802721088436,3.061224489795918,2.0408163265306123,1.0204081632653061,2.380952380952381
E00060675,236,211,19,16,3,4,2,2,2,89.40677966101694,8.050847457627118,6.779661016949152,1.2711864406779663,1.694915254237288,0.847457627118644,0.847457627118644,0.847457627118644
E00060676,310,280,9,6,3,8,4,4,13,90.32258064516128,2.903225806451613,1.935483870967742,0.967741935483871,2.5806451612903225,1.2903225806451613,1.2903225806451613,4.193548387096775
E00060677,214,183,15,14,1,10,3,7,6,85.51401869158879,7.009345794392523,6.5420560747663545,0.46728971962616817,4.672897196261682,1.4018691588785046,3.2710280373831773,2.803738317757009
E00060678,271,243,17,10,7,3,1,2,8,89.66789667896678,6.273062730627306,3.6900369003690034,2.5830258302583027,1.107011070110701,0.36900369003690037,0.7380073800738007,2.952029520295203
E00060679,340,312,18,13,5,4,4,0,6,91.76470588235294,5.294117647058823,3.823529411764706,1.4705882352941175,1.1764705882352942,1.1764705882352942,0,1.7647058823529411
E00060680,291,263,18,10,8,5,2,3,5,90.37800687285224,6.185567010309279,3.436426116838488,2.7491408934707904,1.718213058419244,0.6872852233676976,1.0309278350515463,1.718213058419244
E00060681,529,485,21,12,9,9,5,4,14,91.68241965973534,3.9697542533081283,2.2684310018903595,1.7013232514177694,1.7013232514177694,0.945179584120983,0.7561436672967864,2.6465028355387523
E00060682,256,230,9,4,5,5,4,1,12,89.84375,3.515625,1.5625,1.953125,1.953125,1.5625,0.390625,4.6875
E00060683,274,236,8,4,4,8,2,6,22,86.13138686131386,2.9197080291970803,1.4598540145985401,1.4598540145985401,2.9197080291970803,0.7299270072992701,2.18978102189781,8.02919708029197
E00060684,228,201,9,6,3,8,3,5,10,88.1578947368421,3.9473684210526314,2.631578947368421,1.3157894736842104,3.508771929824561,1.3157894736842104,2.1929824561403506,4.385964912280701
E00060685,506,464,30,24,6,5,2,3,7,91.699604743083,5.928853754940711,4.743083003952568,1.185770750988142,0.9881422924901186,0.3952569169960474,0.592885375494071,1.383399209486166
E00060686,299,260,15,11,4,8,5,3,16,86.95652173913044,5.016722408026756,3.678929765886288,1.3377926421404682,2.6755852842809364,1.6722408026755853,1.0033444816053512,5.351170568561873
E00060687,220,191,14,14,0,7,3,4,8,86.81818181818181,6.363636363636363,6.363636363636363,0,3.1818181818181817,1.3636363636363635,1.8181818181818181,3.6363636363636362
E00060688,238,219,9,5,4,6,2,4,4,92.01680672268907,3.7815126050420167,2.100840336134454,1.680672268907563,2.5210084033613445,0.8403361344537815,1.680672268907563,1.680672268907563
E00060689,272,228,23,14,9,8,3,5,13,83.82352941176471,8.455882352941178,5.147058823529411,3.308823529411765,2.941176470588235,1.1029411764705883,1.8382352941176472,4.779411764705882
E00060690,258,227,16,11,5,10,6,4,5,87.98449612403101,6.2015503875969,4.263565891472868,1.937984496124031,3.875968992248062,2.3255813953488373,1.550387596899225,1.937984496124031
E00060691,250,216,6,5,1,8,2,6,20,86.4,2.4,2,0.4,3.2,0.8,2.4,8
E00060692,278,251,10,6,4,6,3,3,11,90.28776978417267,3.5971223021582732,2.158273381294964,1.4388489208633095,2.158273381294964,1.079136690647482,1.079136690647482,3.9568345323741005
E00060693,188,173,8,4,4,2,2,0,5,92.02127659574468,4.25531914893617,2.127659574468085,2.127659574468085,1.0638297872340425,1.0638297872340425,0,2.6595744680851063
E00060694,247,222,8,3,5,6,4,2,11,89.87854251012146,3.2388663967611335,1.214574898785425,2.0242914979757085,2.42914979757085,1.6194331983805668,0.8097165991902834,4.4534412955465585
E00060695,199,175,8,4,4,7,2,5,9,87.93969849246231,4.0201005025125625,2.0100502512562812,2.0100502512562812,3.5175879396984926,1.0050251256281406,2.512562814070352,4.522613065326634
E00060696,201,179,11,9,2,4,3,1,7,89.05472636815921,5.472636815920398,4.477611940298507,0.9950248756218906,1.9900497512437811,1.4925373134328357,0.4975124378109453,3.482587064676617
E00060697,407,364,15,9,6,14,5,9,14,89.43488943488943,3.6855036855036856,2.211302211302211,1.4742014742014742,3.43980343980344,1.2285012285012284,2.211302211302211,3.43980343980344
E00060698,245,212,11,8,3,12,4,8,10,86.53061224489797,4.489795918367347,3.2653061224489797,1.2244897959183674,4.8979591836734695,1.6326530612244898,3.2653061224489797,4.081632653061225
E00060699,298,272,8,1,7,8,2,6,10,91.2751677852349,2.684563758389262,0.33557046979865773,2.348993288590604,2.684563758389262,0.6711409395973155,2.013422818791946,3.3557046979865772
E00060701,308,292,5,4,1,5,3,2,6,94.8051948051948,1.6233766233766231,1.2987012987012987,0.3246753246753247,1.6233766233766231,0.974025974025974,0.6493506493506493,1.948051948051948
E00060702,379,358,9,5,4,5,4,1,7,94.45910290237467,2.3746701846965697,1.3192612137203166,1.0554089709762533,1.3192612137203166,1.0554089709762533,0.2638522427440633,1.8469656992084433
E00060703,224,196,5,3,2,9,0,9,14,87.5,2.232142857142857,1.3392857142857142,0.8928571428571428,4.017857142857143,0,4.017857142857143,6.25
E00060704,253,240,3,3,0,6,3,3,4,94.86166007905138,1.185770750988142,1.185770750988142,0,2.371541501976284,1.185770750988142,1.185770750988142,1.5810276679841897
E00060705,260,243,5,3,2,6,2,4,6,93.46153846153847,1.9230769230769231,1.153846153846154,0.7692307692307693,2.307692307692308,0.7692307692307693,1.5384615384615385,2.307692307692308
E00060706,286,266,6,5,1,9,3,6,5,93.00699300699301,2.097902097902098,1.7482517482517483,0.34965034965034963,3.146853146853147,1.048951048951049,2.097902097902098,1.7482517482517483
E00060707,303,288,4,3,1,9,3,6,2,95.04950495049505,1.3201320132013201,0.9900990099009901,0.33003300330033003,2.9702970297029703,0.9900990099009901,1.9801980198019802,0.6600660066006601
E00060708,224,209,1,0,1,7,0,7,7,93.30357142857143,0.4464285714285714,0,0.4464285714285714,3.125,0,3.125,3.125
E00060709,309,281,8,5,3,6,0,6,14,90.93851132686083,2.5889967637540456,1.6181229773462782,0.9708737864077669,1.9417475728155338,0,1.9417475728155338,4.53074433656958
E00060710,255,245,2,0,2,7,5,2,1,96.07843137254902,0.7843137254901961,0,0.7843137254901961,2.7450980392156863,1.9607843137254901,0.7843137254901961,0.39215686274509803
E00060711,257,241,11,7,4,2,0,2,3,93.77431906614785,4.280155642023346,2.7237354085603114,1.556420233463035,0.7782101167315175,0,0.7782101167315175,1.1673151750972763
E00060712,463,438,15,9,6,7,4,3,3,94.60043196544277,3.2397408207343417,1.9438444924406046,1.2958963282937366,1.511879049676026,0.8639308855291578,0.6479481641468683,0.6479481641468683
E00060713,227,210,7,3,4,3,1,2,7,92.51101321585902,3.0837004405286343,1.3215859030837005,1.762114537444934,1.3215859030837005,0.4405286343612335,0.881057268722467,3.0837004405286343
E00060714,235,213,6,3,3,8,4,4,8,90.63829787234042,2.553191489361702,1.276595744680851,1.276595744680851,3.404255319148936,1.702127659574468,1.702127659574468,3.404255319148936
E00060715,305,285,7,3,4,5,2,3,8,93.44262295081968,2.2950819672131146,0.9836065573770493,1.3114754098360655,1.639344262295082,0.6557377049180327,0.9836065573770493,2.622950819672131
E00060716,235,222,3,0,3,8,4,4,2,94.46808510638299,1.276595744680851,0,1.276595744680851,3.404255319148936,1.702127659574468,1.702127659574468,0.851063829787234
E00060717,339,309,12,8,4,11,8,3,7,91.1504424778761,3.5398230088495577,2.359882005899705,1.1799410029498525,3.2448377581120944,2.359882005899705,0.8849557522123894,2.0648967551622417
E00060718,233,218,9,3,6,2,2,0,4,93.56223175965665,3.862660944206009,1.2875536480686696,2.575107296137339,0.8583690987124464,0.8583690987124464,0,1.7167381974248928
E00060719,268,256,9,4,5,3,0,3,0,95.52238805970148,3.3582089552238807,1.4925373134328357,1.8656716417910446,1.1194029850746268,0,1.1194029850746268,0
E00060720,251,232,5,2,3,5,3,2,9,92.43027888446214,1.9920318725099602,0.796812749003984,1.1952191235059761,1.9920318725099602,1.1952191235059761,0.796812749003984,3.5856573705179287
E00060721,332,313,4,2,2,5,1,4,10,94.27710843373494,1.2048192771084338,0.6024096385542169,0.6024096385542169,1.5060240963855422,0.30120481927710846,1.2048192771084338,3.0120481927710845
E00060722,200,182,1,1,0,6,4,2,11,91,0.5,0.5,0,3,2,1,5.5
E00060723,191,171,8,4,4,5,3,2,7,89.52879581151832,4.18848167539267,2.094240837696335,2.094240837696335,2.6178010471204187,1.5706806282722512,1.0471204188481675,3.664921465968586
E00060725,259,232,6,3,3,8,2,6,13,89.57528957528957,2.3166023166023164,1.1583011583011582,1.1583011583011582,3.088803088803089,0.7722007722007722,2.3166023166023164,5.019305019305019
E00060726,167,157,4,2,2,3,0,3,3,94.01197604790418,2.3952095808383236,1.1976047904191618,1.1976047904191618,1.7964071856287425,0,1.7964071856287425,1.7964071856287425
E00060727,344,329,3,2,1,7,5,2,5,95.63953488372093,0.872093023255814,0.5813953488372093,0.29069767441860467,2.0348837209302326,1.4534883720930232,0.5813953488372093,1.4534883720930232
E00060728,310,300,6,4,2,3,1,2,1,96.7741935483871,1.935483870967742,1.2903225806451613,0.6451612903225806,0.967741935483871,0.3225806451612903,0.6451612903225806,0.3225806451612903
E00060729,213,188,6,4,2,3,1,2,16,88.26291079812206,2.8169014084507045,1.8779342723004695,0.9389671361502347,1.4084507042253522,0.4694835680751174,0.9389671361502347,7.511737089201878
E00060730,239,194,24,13,11,10,6,4,11,81.17154811715481,10.0418410041841,5.439330543933055,4.602510460251046,4.184100418410042,2.510460251046025,1.6736401673640167,4.602510460251046
E00060731,235,206,11,7,4,8,3,5,10,87.65957446808511,4.680851063829787,2.9787234042553195,1.702127659574468,3.404255319148936,1.276595744680851,2.127659574468085,4.25531914893617
E00060732,194,177,6,4,2,5,1,4,6,91.23711340206185,3.0927835051546393,2.0618556701030926,1.0309278350515463,2.5773195876288657,0.5154639175257731,2.0618556701030926,3.0927835051546393
E00060733,179,164,3,3,0,5,4,1,7,91.62011173184358,1.675977653631285,1.675977653631285,0,2.793296089385475,2.2346368715083798,0.5586592178770949,3.910614525139665
E00060734,173,158,4,2,2,4,0,4,7,91.32947976878613,2.312138728323699,1.1560693641618496,1.1560693641618496,2.312138728323699,0,2.312138728323699,4.046242774566474
E00060735,187,174,4,1,3,3,0,3,6,93.04812834224599,2.13903743315508,0.53475935828877,1.6042780748663104,1.6042780748663104,0,1.6042780748663104,3.2085561497326207
E00060736,256,233,6,4,2,7,2,5,10,91.015625,2.34375,1.5625,0.78125,2.734375,0.78125,1.953125,3.90625
E00060737,286,255,17,13,4,7,4,3,7,89.16083916083916,5.944055944055944,4.545454545454546,1.3986013986013985,2.4475524475524475,1.3986013986013985,1.048951048951049,2.4475524475524475
E00060738,197,170,12,10,2,5,0,5,10,86.29441624365482,6.091370558375635,5.0761421319796955,1.015228426395939,2.5380710659898478,0,2.5380710659898478,5.0761421319796955
E00060739,308,285,8,0,8,8,5,3,7,92.53246753246754,2.5974025974025974,0,2.5974025974025974,2.5974025974025974,1.6233766233766231,0.974025974025974,2.272727272727273
E00060740,256,229,7,7,0,8,2,6,12,89.453125,2.734375,2.734375,0,3.125,0.78125,2.34375,4.6875
E00060741,272,244,5,4,1,8,3,5,15,89.70588235294117,1.8382352941176472,1.4705882352941175,0.3676470588235294,2.941176470588235,1.1029411764705883,1.8382352941176472,5.514705882352941
E00060742,260,235,7,5,2,9,4,5,9,90.38461538461539,2.6923076923076925,1.9230769230769231,0.7692307692307693,3.4615384615384617,1.5384615384615385,1.9230769230769231,3.4615384615384617
E00060743,235,201,6,2,4,11,6,5,17,85.53191489361703,2.553191489361702,0.851063829787234,1.702127659574468,4.680851063829787,2.553191489361702,2.127659574468085,7.234042553191489
E00060744,326,291,4,1,3,10,3,7,21,89.2638036809816,1.2269938650306749,0.3067484662576687,0.9202453987730062,3.067484662576687,0.9202453987730062,2.147239263803681,6.441717791411043
E00060745,412,364,6,6,0,18,4,14,24,88.3495145631068,1.4563106796116505,1.4563106796116505,0,4.368932038834951,0.9708737864077669,3.3980582524271843,5.825242718446602
E00060746,269,240,7,4,3,10,3,7,12,89.21933085501858,2.6022304832713754,1.486988847583643,1.1152416356877324,3.717472118959108,1.1152416356877324,2.6022304832713754,4.4609665427509295
E00060747,262,230,11,8,3,12,4,8,9,87.78625954198473,4.198473282442748,3.0534351145038165,1.1450381679389312,4.580152671755725,1.5267175572519083,3.0534351145038165,3.435114503816794
E00060748,298,257,12,8,4,14,8,6,15,86.24161073825503,4.026845637583892,2.684563758389262,1.342281879194631,4.697986577181208,2.684563758389262,2.013422818791946,5.033557046979865
E00060749,238,216,7,3,4,8,4,4,7,90.75630252100841,2.941176470588235,1.2605042016806722,1.680672268907563,3.361344537815126,1.680672268907563,1.680672268907563,2.941176470588235
E00060750,285,256,10,9,1,8,3,5,11,89.82456140350877,3.508771929824561,3.1578947368421053,0.3508771929824561,2.807017543859649,1.0526315789473684,1.7543859649122806,3.8596491228070176
E00060751,229,207,9,7,2,5,3,2,8,90.39301310043668,3.9301310043668125,3.056768558951965,0.8733624454148471,2.1834061135371177,1.3100436681222707,0.8733624454148471,3.4934497816593884
E00060752,318,282,22,13,9,9,4,5,5,88.67924528301887,6.918238993710692,4.088050314465408,2.8301886792452833,2.8301886792452833,1.257861635220126,1.5723270440251573,1.5723270440251573
E00060753,291,276,7,5,2,4,3,1,4,94.84536082474226,2.405498281786942,1.718213058419244,0.6872852233676976,1.3745704467353952,1.0309278350515463,0.3436426116838488,1.3745704467353952
E00060754,317,289,15,9,6,6,2,4,7,91.16719242902208,4.73186119873817,2.8391167192429023,1.8927444794952681,1.8927444794952681,0.6309148264984227,1.2618296529968454,2.2082018927444795
E00060755,247,220,9,5,4,7,1,6,11,89.06882591093117,3.643724696356275,2.0242914979757085,1.6194331983805668,2.834008097165992,0.4048582995951417,2.42914979757085,4.4534412955465585
E00060756,244,209,21,16,5,2,0,2,12,85.65573770491804,8.60655737704918,6.557377049180328,2.0491803278688523,0.819672131147541,0,0.819672131147541,4.918032786885246
E00060757,260,229,12,7,5,5,1,4,14,88.07692307692308,4.615384615384616,2.6923076923076925,1.9230769230769231,1.9230769230769231,0.38461538461538464,1.5384615384615385,5.384615384615385
E00060758,247,207,17,11,6,6,3,3,17,83.80566801619433,6.882591093117409,4.4534412955465585,2.42914979757085,2.42914979757085,1.214574898785425,1.214574898785425,6.882591093117409
E00060759,297,264,17,12,5,3,2,1,13,88.88888888888889,5.723905723905724,4.040404040404041,1.6835016835016834,1.0101010101010102,0.6734006734006733,0.33670033670033667,4.377104377104377
E00060760,228,196,7,5,2,9,3,6,16,85.96491228070175,3.070175438596491,2.1929824561403506,0.8771929824561403,3.9473684210526314,1.3157894736842104,2.631578947368421,7.017543859649122
E00060762,194,171,7,6,1,5,4,1,11,88.14432989690721,3.608247422680412,3.0927835051546393,0.5154639175257731,2.5773195876288657,2.0618556701030926,0.5154639175257731,5.670103092783505
E00060763,309,278,18,10,8,7,4,3,6,89.96763754045307,5.825242718446602,3.2362459546925564,2.5889967637540456,2.26537216828479,1.2944983818770228,0.9708737864077669,1.9417475728155338
E00060764,329,310,5,4,1,3,1,2,11,94.22492401215806,1.5197568389057752,1.21580547112462,0.303951367781155,0.911854103343465,0.303951367781155,0.60790273556231,3.343465045592705
E00060765,331,298,15,9,6,5,2,3,13,90.03021148036254,4.531722054380665,2.719033232628399,1.812688821752266,1.5105740181268883,0.6042296072507553,0.906344410876133,3.927492447129909
E00060766,324,296,10,10,0,8,2,6,10,91.35802469135803,3.0864197530864197,3.0864197530864197,0,2.4691358024691357,0.6172839506172839,1.8518518518518516,3.0864197530864197
E00060767,262,241,3,2,1,6,2,4,12,91.98473282442748,1.1450381679389312,0.7633587786259541,0.38167938931297707,2.2900763358778624,0.7633587786259541,1.5267175572519083,4.580152671755725
E00060768,265,228,9,6,3,10,2,8,18,86.0377358490566,3.3962264150943398,2.2641509433962264,1.1320754716981132,3.7735849056603774,0.7547169811320755,3.018867924528302,6.7924528301886795
E00060769,264,236,10,6,4,11,6,5,7,89.39393939393939,3.787878787878788,2.272727272727273,1.5151515151515151,4.166666666666666,2.272727272727273,1.893939393939394,2.6515151515151514
E00060770,237,214,7,4,3,6,3,3,10,90.29535864978902,2.9535864978902953,1.6877637130801686,1.2658227848101267,2.5316455696202533,1.2658227848101267,1.2658227848101267,4.219409282700422
E00060771,269,252,5,3,2,6,4,2,6,93.68029739776952,1.858736059479554,1.1152416356877324,0.7434944237918215,2.2304832713754648,1.486988847583643,0.7434944237918215,2.2304832713754648
E00060772,303,265,6,3,3,14,3,11,18,87.45874587458746,1.9801980198019802,0.9900990099009901,0.9900990099009901,4.62046204620462,0.9900990099009901,3.6303630363036308,5.9405940594059405
E00060773,301,268,11,7,4,6,1,5,16,89.03654485049833,3.6544850498338874,2.3255813953488373,1.3289036544850499,1.9933554817275747,0.33222591362126247,1.6611295681063125,5.3156146179401995
E00060774,251,231,6,5,1,4,2,2,10,92.03187250996015,2.3904382470119523,1.9920318725099602,0.398406374501992,1.593625498007968,0.796812749003984,0.796812749003984,3.9840637450199203
E00060775,295,263,14,8,6,9,7,2,9,89.15254237288136,4.745762711864407,2.711864406779661,2.0338983050847457,3.050847457627119,2.3728813559322033,0.6779661016949152,3.050847457627119
E00060776,268,245,4,3,1,8,1,7,11,91.4179104477612,1.4925373134328357,1.1194029850746268,0.3731343283582089,2.9850746268656714,0.3731343283582089,2.6119402985074625,4.104477611940299
E00060777,305,268,18,15,3,8,4,4,11,87.8688524590164,5.901639344262295,4.918032786885246,0.9836065573770493,2.622950819672131,1.3114754098360655,1.3114754098360655,3.606557377049181
E00060778,170,157,8,4,4,4,3,1,1,92.3529411764706,4.705882352941177,2.3529411764705883,2.3529411764705883,2.3529411764705883,1.7647058823529411,0.5882352941176471,0.5882352941176471
E00060779,283,267,8,3,5,5,2,3,3,94.34628975265018,2.8268551236749118,1.0600706713780919,1.76678445229682,1.76678445229682,0.7067137809187279,1.0600706713780919,1.0600706713780919
E00060780,257,219,19,12,7,6,2,4,13,85.21400778210116,7.392996108949417,4.669260700389105,2.7237354085603114,2.3346303501945527,0.7782101167315175,1.556420233463035,5.058365758754864
E00060781,266,224,16,11,5,9,5,4,17,84.21052631578947,6.015037593984962,4.135338345864661,1.8796992481203008,3.3834586466165413,1.8796992481203008,1.5037593984962405,6.390977443609022
E00060782,218,205,5,1,4,3,1,2,5,94.03669724770643,2.293577981651376,0.45871559633027525,1.834862385321101,1.3761467889908259,0.45871559633027525,0.9174311926605505,2.293577981651376
E00060783,319,289,13,8,5,8,5,3,9,90.59561128526646,4.075235109717868,2.507836990595611,1.5673981191222568,2.507836990595611,1.5673981191222568,0.9404388714733543,2.8213166144200628
E00060784,296,266,16,11,5,4,2,2,10,89.86486486486487,5.405405405405405,3.7162162162162162,1.6891891891891893,1.3513513513513513,0.6756756756756757,0.6756756756756757,3.3783783783783785
E00060785,350,321,19,13,6,2,2,0,8,91.71428571428571,5.428571428571429,3.7142857142857144,1.7142857142857144,0.5714285714285714,0.5714285714285714,0,2.2857142857142856
E00060786,378,346,8,8,0,9,4,5,15,91.53439153439153,2.1164021164021163,2.1164021164021163,0,2.380952380952381,1.0582010582010581,1.3227513227513228,3.968253968253968
E00060787,419,379,22,16,6,7,5,2,11,90.45346062052506,5.250596658711217,3.8186157517899764,1.431980906921241,1.6706443914081146,1.1933174224343674,0.47732696897374705,2.6252983293556085
E00060788,262,234,12,7,5,6,3,3,10,89.31297709923665,4.580152671755725,2.6717557251908395,1.9083969465648856,2.2900763358778624,1.1450381679389312,1.1450381679389312,3.816793893129771
E00060789,493,447,24,16,8,9,2,7,13,90.66937119675457,4.86815415821501,3.2454361054766734,1.6227180527383367,1.8255578093306288,0.4056795131845842,1.4198782961460445,2.636916835699797
E00060790,329,288,20,15,5,9,2,7,12,87.53799392097264,6.079027355623101,4.5592705167173255,1.5197568389057752,2.735562310030395,0.60790273556231,2.127659574468085,3.64741641337386
E00060791,356,326,10,6,4,11,6,5,9,91.57303370786516,2.8089887640449436,1.6853932584269662,1.1235955056179776,3.089887640449438,1.6853932584269662,1.4044943820224718,2.528089887640449
E00060792,362,327,9,4,5,11,7,4,15,90.33149171270718,2.4861878453038675,1.1049723756906076,1.3812154696132597,3.0386740331491713,1.9337016574585635,1.1049723756906076,4.143646408839778
E00060793,308,286,13,11,2,3,1,2,6,92.85714285714286,4.220779220779221,3.571428571428571,0.6493506493506493,0.974025974025974,0.3246753246753247,0.6493506493506493,1.948051948051948
E00060794,372,334,15,11,4,9,3,6,14,89.78494623655914,4.032258064516129,2.956989247311828,1.0752688172043012,2.4193548387096775,0.8064516129032258,1.6129032258064515,3.763440860215054
E00060795,280,260,11,10,1,4,4,0,5,92.85714285714286,3.9285714285714284,3.571428571428571,0.35714285714285715,1.4285714285714286,1.4285714285714286,0,1.7857142857142856
E00060796,323,301,11,6,5,6,5,1,5,93.18885448916409,3.4055727554179565,1.8575851393188854,1.5479876160990713,1.8575851393188854,1.5479876160990713,0.30959752321981426,1.5479876160990713
E00060797,297,267,16,14,2,3,3,0,11,89.8989898989899,5.387205387205387,4.713804713804714,0.6734006734006733,1.0101010101010102,1.0101010101010102,0,3.7037037037037033
E00060798,362,340,12,9,3,5,0,5,5,93.92265193370166,3.314917127071823,2.4861878453038675,0.8287292817679558,1.3812154696132597,0,1.3812154696132597,1.3812154696132597
E00060799,340,305,18,11,7,6,4,2,11,89.70588235294117,5.294117647058823,3.2352941176470593,2.0588235294117645,1.7647058823529411,1.1764705882352942,0.5882352941176471,3.2352941176470593
E00060800,253,229,12,9,3,6,3,3,6,90.51383399209486,4.743083003952568,3.557312252964427,1.185770750988142,2.371541501976284,1.185770750988142,1.185770750988142,2.371541501976284
E00060802,291,268,9,5,4,5,1,4,9,92.09621993127148,3.0927835051546393,1.718213058419244,1.3745704467353952,1.718213058419244,0.3436426116838488,1.3745704467353952,3.0927835051546393
E00060803,371,346,12,6,6,4,2,2,9,93.26145552560648,3.234501347708895,1.6172506738544474,1.6172506738544474,1.078167115902965,0.5390835579514826,0.5390835579514826,2.4258760107816713
E00060804,258,238,9,6,3,5,3,2,6,92.24806201550388,3.488372093023256,2.3255813953488373,1.1627906976744187,1.937984496124031,1.1627906976744187,0.7751937984496124,2.3255813953488373
E00060805,300,282,4,2,2,8,3,5,6,94,1.3333333333333335,0.6666666666666667,0.6666666666666667,2.666666666666667,1,1.6666666666666667,2
E00060806,339,306,15,10,5,5,4,1,13,90.2654867256637,4.424778761061947,2.949852507374631,1.4749262536873156,1.4749262536873156,1.1799410029498525,0.2949852507374631,3.8348082595870205
E00060807,493,448,25,15,10,8,3,5,12,90.87221095334685,5.070993914807302,3.0425963488843815,2.028397565922921,1.6227180527383367,0.6085192697768762,1.0141987829614605,2.434077079107505
E00060808,309,283,7,5,2,5,1,4,14,91.58576051779936,2.26537216828479,1.6181229773462782,0.6472491909385114,1.6181229773462782,0.3236245954692557,1.2944983818770228,4.53074433656958
E00060809,373,345,10,9,1,7,3,4,11,92.49329758713137,2.680965147453083,2.4128686327077746,0.2680965147453083,1.876675603217158,0.8042895442359249,1.0723860589812333,2.949061662198391
E00060810,203,191,1,0,1,7,2,5,4,94.08866995073892,0.49261083743842365,0,0.49261083743842365,3.4482758620689653,0.9852216748768473,2.4630541871921183,1.9704433497536946
E00060811,296,268,12,5,7,5,2,3,11,90.54054054054053,4.054054054054054,1.6891891891891893,2.364864864864865,1.6891891891891893,0.6756756756756757,1.0135135135135136,3.7162162162162162
E00060812,286,271,3,3,0,5,2,3,7,94.75524475524476,1.048951048951049,1.048951048951049,0,1.7482517482517483,0.6993006993006993,1.048951048951049,2.4475524475524475
E00060813,247,219,4,3,1,10,5,5,14,88.66396761133603,1.6194331983805668,1.214574898785425,0.4048582995951417,4.048582995951417,2.0242914979757085,2.0242914979757085,5.668016194331984
E00060814,277,251,3,2,1,10,1,9,13,90.61371841155234,1.083032490974729,0.7220216606498195,0.36101083032490977,3.6101083032490973,0.36101083032490977,3.2490974729241873,4.693140794223827
E00060815,207,184,7,4,3,7,2,5,9,88.88888888888889,3.3816425120772946,1.932367149758454,1.4492753623188406,3.3816425120772946,0.966183574879227,2.4154589371980677,4.3478260869565215
E00060817,298,277,5,0,5,4,1,3,12,92.9530201342282,1.6778523489932886,0,1.6778523489932886,1.342281879194631,0.33557046979865773,1.006711409395973,4.026845637583892
E00060818,155,141,7,4,3,4,0,4,3,90.96774193548387,4.516129032258064,2.5806451612903225,1.935483870967742,2.5806451612903225,0,2.5806451612903225,1.935483870967742
E00060819,152,133,1,0,1,9,2,7,9,87.5,0.6578947368421052,0,0.6578947368421052,5.921052631578947,1.3157894736842104,4.605263157894736,5.921052631578947
E00060820,249,229,7,5,2,8,5,3,5,91.96787148594377,2.8112449799196786,2.0080321285140563,0.8032128514056224,3.2128514056224895,2.0080321285140563,1.2048192771084338,2.0080321285140563
E00060821,259,238,12,7,5,2,2,0,7,91.8918918918919,4.633204633204633,2.7027027027027026,1.9305019305019304,0.7722007722007722,0.7722007722007722,0,2.7027027027027026
E00060822,250,228,5,4,1,5,2,3,12,91.2,2,1.6,0.4,2,0.8,1.2,4.8
E00060824,276,256,11,6,5,4,2,2,5,92.7536231884058,3.985507246376811,2.1739130434782608,1.8115942028985508,1.4492753623188406,0.7246376811594203,0.7246376811594203,1.8115942028985508
E00060825,201,182,6,6,0,8,4,4,5,90.54726368159204,2.9850746268656714,2.9850746268656714,0,3.9800995024875623,1.9900497512437811,1.9900497512437811,2.4875621890547266
E00060826,201,180,10,4,6,4,1,3,7,89.55223880597015,4.975124378109453,1.9900497512437811,2.9850746268656714,1.9900497512437811,0.4975124378109453,1.4925373134328357,3.482587064676617
E00060827,360,323,12,8,4,10,7,3,15,89.72222222222223,3.3333333333333335,2.2222222222222223,1.1111111111111112,2.7777777777777777,1.9444444444444444,0.8333333333333334,4.166666666666666
E00060828,269,246,6,3,3,8,0,8,9,91.44981412639405,2.2304832713754648,1.1152416356877324,1.1152416356877324,2.973977695167286,0,2.973977695167286,3.3457249070631967
E00060829,252,232,8,5,3,5,3,2,7,92.06349206349206,3.1746031746031744,1.984126984126984,1.1904761904761905,1.984126984126984,1.1904761904761905,0.7936507936507936,2.7777777777777777
E00060830,269,255,5,3,2,7,2,5,2,94.79553903345726,1.858736059479554,1.1152416356877324,0.7434944237918215,2.6022304832713754,0.7434944237918215,1.858736059479554,0.7434944237918215
E00060831,240,204,14,10,4,12,4,8,10,85,5.833333333333333,4.166666666666666,1.6666666666666667,5,1.6666666666666667,3.3333333333333335,4.166666666666666
E00060832,262,232,13,4,9,8,4,4,9,88.54961832061069,4.961832061068702,1.5267175572519083,3.435114503816794,3.0534351145038165,1.5267175572519083,1.5267175572519083,3.435114503816794
E00060833,273,255,10,7,3,3,1,2,5,93.4065934065934,3.6630036630036633,2.564102564102564,1.098901098901099,1.098901098901099,0.3663003663003663,0.7326007326007326,1.8315018315018317
E00060834,251,225,15,11,4,3,3,0,8,89.64143426294821,5.9760956175298805,4.382470119521913,1.593625498007968,1.1952191235059761,1.1952191235059761,0,3.187250996015936
E00060835,320,286,16,11,5,6,1,5,12,89.375,5,3.4375000000000004,1.5625,1.875,0.3125,1.5625,3.75
E00060836,245,225,9,4,5,4,0,4,7,91.83673469387756,3.6734693877551026,1.6326530612244898,2.0408163265306123,1.6326530612244898,0,1.6326530612244898,2.857142857142857
E00060837,288,258,18,13,5,3,2,1,9,89.58333333333334,6.25,4.513888888888888,1.7361111111111112,1.0416666666666665,0.6944444444444444,0.3472222222222222,3.125
E00060838,278,246,15,12,3,5,2,3,12,88.48920863309353,5.39568345323741,4.316546762589928,1.079136690647482,1.7985611510791366,0.7194244604316548,1.079136690647482,4.316546762589928
E00060839,268,244,16,12,4,4,2,2,4,91.04477611940298,5.970149253731343,4.477611940298507,1.4925373134328357,1.4925373134328357,0.7462686567164178,0.7462686567164178,1.4925373134328357
E00060841,378,338,24,16,8,7,6,1,9,89.41798941798942,6.349206349206349,4.232804232804233,2.1164021164021163,1.8518518518518516,1.5873015873015872,0.26455026455026454,2.380952380952381
E00060842,486,448,20,15,5,6,2,4,12,92.18106995884774,4.11522633744856,3.0864197530864197,1.02880658436214,1.2345679012345678,0.411522633744856,0.823045267489712,2.4691358024691357
E00060843,223,191,13,11,2,8,3,5,11,85.65022421524664,5.829596412556054,4.932735426008969,0.8968609865470852,3.587443946188341,1.345291479820628,2.242152466367713,4.932735426008969
E00060844,313,287,13,10,3,4,3,1,9,91.69329073482429,4.15335463258786,3.1948881789137378,0.9584664536741214,1.2779552715654952,0.9584664536741214,0.3194888178913738,2.8753993610223643
E00060845,284,263,11,11,0,3,1,2,7,92.6056338028169,3.873239436619718,3.873239436619718,0,1.056338028169014,0.35211267605633806,0.7042253521126761,2.464788732394366
E00060846,363,330,15,14,1,5,5,0,13,90.9090909090909,4.132231404958678,3.8567493112947657,0.27548209366391185,1.3774104683195594,1.3774104683195594,0,3.581267217630854
E00060847,258,242,6,5,1,6,5,1,4,93.7984496124031,2.3255813953488373,1.937984496124031,0.3875968992248062,2.3255813953488373,1.937984496124031,0.3875968992248062,1.550387596899225
E00060848,508,468,35,29,6,2,1,1,3,92.1259842519685,6.889763779527559,5.708661417322835,1.1811023622047243,0.39370078740157477,0.19685039370078738,0.19685039370078738,0.5905511811023622
E00060849,388,356,15,10,5,9,3,6,8,91.75257731958763,3.865979381443299,2.5773195876288657,1.2886597938144329,2.3195876288659796,0.7731958762886598,1.5463917525773196,2.0618556701030926
E00060850,292,267,15,10,5,8,5,3,2,91.43835616438356,5.136986301369863,3.4246575342465753,1.7123287671232876,2.73972602739726,1.7123287671232876,1.0273972602739725,0.684931506849315
E00060851,297,262,23,17,6,3,1,2,9,88.21548821548821,7.744107744107744,5.723905723905724,2.0202020202020203,1.0101010101010102,0.33670033670033667,0.6734006734006733,3.0303030303030303
E00060852,261,240,9,8,1,6,1,5,6,91.95402298850574,3.4482758620689653,3.065134099616858,0.38314176245210724,2.2988505747126435,0.38314176245210724,1.9157088122605364,2.2988505747126435
E00060853,284,250,14,8,6,9,6,3,11,88.02816901408451,4.929577464788732,2.8169014084507045,2.112676056338028,3.169014084507042,2.112676056338028,1.056338028169014,3.873239436619718
E00060854,303,272,19,12,7,7,5,2,5,89.76897689768977,6.270627062706271,3.9603960396039604,2.31023102310231,2.31023102310231,1.65016501650165,0.6600660066006601,1.65016501650165
E00060855,240,217,7,4,3,3,2,1,13,90.41666666666667,2.9166666666666665,1.6666666666666667,1.25,1.25,0.8333333333333334,0.4166666666666667,5.416666666666667
E00060856,248,232,10,6,4,3,2,1,3,93.54838709677419,4.032258064516129,2.4193548387096775,1.6129032258064515,1.2096774193548387,0.8064516129032258,0.4032258064516129,1.2096774193548387
E00060857,259,236,17,14,3,0,0,0,6,91.11969111969111,6.563706563706563,5.405405405405405,1.1583011583011582,0,0,0,2.3166023166023164
E00060858,219,192,10,8,2,5,3,2,12,87.67123287671232,4.5662100456621,3.65296803652968,0.91324200913242,2.28310502283105,1.36986301369863,0.91324200913242,5.47945205479452
E00060859,243,217,17,13,4,3,3,0,6,89.30041152263375,6.995884773662551,5.349794238683128,1.646090534979424,1.2345679012345678,1.2345679012345678,0,2.4691358024691357
E00060860,263,231,17,12,5,9,6,3,6,87.83269961977186,6.4638783269961975,4.562737642585551,1.9011406844106464,3.4220532319391634,2.2813688212927756,1.1406844106463878,2.2813688212927756
E00060861,268,225,25,18,7,4,1,3,14,83.95522388059702,9.328358208955224,6.7164179104477615,2.6119402985074625,1.4925373134328357,0.3731343283582089,1.1194029850746268,5.223880597014925
E00060862,232,199,13,9,4,5,2,3,15,85.77586206896551,5.603448275862069,3.8793103448275863,1.7241379310344827,2.1551724137931036,0.8620689655172413,1.293103448275862,6.4655172413793105
E00060863,252,229,11,8,3,2,0,2,10,90.87301587301587,4.365079365079365,3.1746031746031744,1.1904761904761905,0.7936507936507936,0,0.7936507936507936,3.968253968253968
E00060864,547,497,29,21,8,12,3,9,9,90.85923217550274,5.301645338208409,3.8391224862888484,1.4625228519195612,2.1937842778793417,0.5484460694698354,1.6453382084095063,1.6453382084095063
E00060865,306,296,2,1,1,6,1,5,2,96.73202614379085,0.6535947712418301,0.32679738562091504,0.32679738562091504,1.9607843137254901,0.32679738562091504,1.6339869281045754,0.6535947712418301
E00060866,208,199,3,2,1,4,2,2,2,95.67307692307693,1.4423076923076923,0.9615384615384616,0.4807692307692308,1.9230769230769231,0.9615384615384616,0.9615384615384616,0.9615384615384616
E00060867,405,379,3,3,0,10,5,5,13,93.58024691358024,0.7407407407407408,0.7407407407407408,0,2.4691358024691357,1.2345679012345678,1.2345679012345678,3.2098765432098766
E00060868,432,406,6,3,3,8,4,4,12,93.98148148148148,1.3888888888888888,0.6944444444444444,0.6944444444444444,1.8518518518518516,0.9259259259259258,0.9259259259259258,2.7777777777777777
E00060869,225,204,2,2,0,8,0,8,11,90.66666666666666,0.8888888888888888,0.8888888888888888,0,3.5555555555555554,0,3.5555555555555554,4.888888888888889
E00060871,143,127,8,6,2,3,1,2,5,88.81118881118881,5.594405594405594,4.195804195804196,1.3986013986013985,2.097902097902098,0.6993006993006993,1.3986013986013985,3.4965034965034967
E00060873,156,138,9,6,3,2,2,0,7,88.46153846153845,5.769230769230769,3.8461538461538463,1.9230769230769231,1.282051282051282,1.282051282051282,0,4.487179487179487
E00060874,516,463,19,12,7,16,9,7,18,89.72868217054264,3.6821705426356592,2.3255813953488373,1.3565891472868217,3.10077519379845,1.744186046511628,1.3565891472868217,3.488372093023256
E00060875,287,268,5,4,1,11,5,6,3,93.37979094076655,1.7421602787456445,1.3937282229965158,0.34843205574912894,3.8327526132404177,1.7421602787456445,2.0905923344947737,1.0452961672473868
E00060877,138,128,5,1,4,4,1,3,1,92.7536231884058,3.6231884057971016,0.7246376811594203,2.898550724637681,2.898550724637681,0.7246376811594203,2.1739130434782608,0.7246376811594203
E00060878,259,241,6,2,4,4,2,2,8,93.05019305019306,2.3166023166023164,0.7722007722007722,1.5444015444015444,1.5444015444015444,0.7722007722007722,0.7722007722007722,3.088803088803089
E00060880,250,222,17,8,9,2,0,2,9,88.8,6.800000000000001,3.2,3.5999999999999996,0.8,0,0.8,3.5999999999999996
E00060881,277,248,13,9,4,7,1,6,9,89.53068592057761,4.693140794223827,3.2490974729241873,1.444043321299639,2.527075812274368,0.36101083032490977,2.166064981949458,3.2490974729241873
E00060882,300,263,23,20,3,8,4,4,6,87.66666666666667,7.666666666666666,6.666666666666667,1,2.666666666666667,1.3333333333333335,1.3333333333333335,2
E00060883,274,251,10,5,5,5,5,0,8,91.6058394160584,3.64963503649635,1.824817518248175,1.824817518248175,1.824817518248175,1.824817518248175,0,2.9197080291970803
E00060885,272,230,19,11,8,10,7,3,13,84.55882352941177,6.985294117647059,4.044117647058823,2.941176470588235,3.6764705882352944,2.5735294117647056,1.1029411764705883,4.779411764705882
E00060886,268,242,16,9,7,6,4,2,4,90.29850746268657,5.970149253731343,3.3582089552238807,2.6119402985074625,2.2388059701492535,1.4925373134328357,0.7462686567164178,1.4925373134328357
E00060887,298,278,10,3,7,5,2,3,5,93.28859060402685,3.3557046979865772,1.006711409395973,2.348993288590604,1.6778523489932886,0.6711409395973155,1.006711409395973,1.6778523489932886
E00060888,205,187,13,9,4,1,0,1,4,91.21951219512195,6.341463414634147,4.390243902439024,1.951219512195122,0.4878048780487805,0,0.4878048780487805,1.951219512195122
E00060889,286,261,12,11,1,6,6,0,7,91.25874125874127,4.195804195804196,3.8461538461538463,0.34965034965034963,2.097902097902098,2.097902097902098,0,2.4475524475524475
E00060890,187,166,5,3,2,6,2,4,10,88.77005347593582,2.6737967914438503,1.6042780748663104,1.06951871657754,3.2085561497326207,1.06951871657754,2.13903743315508,5.347593582887701
E00060891,335,303,16,10,6,1,1,0,15,90.44776119402985,4.776119402985075,2.9850746268656714,1.791044776119403,0.2985074626865672,0.2985074626865672,0,4.477611940298507
E00060893,274,252,9,9,0,2,1,1,11,91.970802919708035,3.2846715328467155,3.2846715328467155,0,0.7299270072992701,0.36496350364963503,0.36496350364963503,4.014598540145985
E00060894,274,247,24,19,5,2,2,0,1,90.14598540145985,8.75912408759124,6.934306569343065,1.824817518248175,0.7299270072992701,0.7299270072992701,0,0.36496350364963503
E00060895,341,309,18,14,4,2,2,0,12,90.6158357771261,5.278592375366569,4.105571847507331,1.1730205278592376,0.5865102639296188,0.5865102639296188,0,3.519061583577713
E00060896,249,221,5,3,2,10,5,5,13,88.75502008032129,2.0080321285140563,1.2048192771084338,0.8032128514056224,4.016064257028113,2.0080321285140563,2.0080321285140563,5.220883534136546
E00060897,267,239,6,4,2,11,3,8,11,89.51310861423221,2.247191011235955,1.4981273408239701,0.7490636704119851,4.119850187265917,1.1235955056179776,2.9962546816479403,4.119850187265917
E00060898,214,192,4,1,3,3,0,3,15,89.7196261682243,1.8691588785046727,0.46728971962616817,1.4018691588785046,1.4018691588785046,0,1.4018691588785046,7.009345794392523
E00060899,298,267,8,3,5,12,3,9,11,89.59731543624162,2.684563758389262,1.006711409395973,1.6778523489932886,4.026845637583892,1.006711409395973,3.0201342281879198,3.691275167785235
E00060900,303,276,12,7,5,9,7,2,6,91.0891089108911,3.9603960396039604,2.31023102310231,1.65016501650165,2.9702970297029703,2.31023102310231,0.6600660066006601,1.9801980198019802
E00060901,240,216,3,3,0,11,9,2,10,90,1.25,1.25,0,4.583333333333333,3.75,0.8333333333333334,4.166666666666666
E00060902,316,295,6,4,2,11,3,8,4,93.35443037974683,1.89873417721519,1.2658227848101267,0.6329113924050633,3.481012658227848,0.949367088607595,2.5316455696202533,1.2658227848101267
E00060903,288,262,8,4,4,9,1,8,9,90.97222222222221,2.7777777777777777,1.3888888888888888,1.3888888888888888,3.125,0.3472222222222222,2.7777777777777777,3.125
E00060904,284,250,15,9,6,11,6,5,8,88.02816901408451,5.28169014084507,3.169014084507042,2.112676056338028,3.873239436619718,2.112676056338028,1.7605633802816902,2.8169014084507045
E00060905,271,231,13,9,4,12,5,7,15,85.23985239852398,4.797047970479705,3.3210332103321036,1.4760147601476015,4.428044280442804,1.8450184501845017,2.5830258302583027,5.535055350553505
E00060906,136,122,7,6,1,3,2,1,4,89.70588235294117,5.147058823529411,4.411764705882353,0.7352941176470588,2.2058823529411766,1.4705882352941175,0.7352941176470588,2.941176470588235
E00060907,279,241,6,4,2,13,3,10,19,86.37992831541219,2.1505376344086025,1.4336917562724014,0.7168458781362007,4.659498207885305,1.0752688172043012,3.584229390681003,6.810035842293908
E00060908,300,273,8,5,3,8,6,2,11,91,2.666666666666667,1.6666666666666667,1,2.666666666666667,2,0.6666666666666667,3.6666666666666665
E00060909,266,237,5,2,3,12,3,9,12,89.09774436090225,1.8796992481203008,0.7518796992481203,1.1278195488721803,4.511278195488721,1.1278195488721803,3.3834586466165413,4.511278195488721
E00060910,286,258,5,4,1,8,1,7,15,90.20979020979021,1.7482517482517483,1.3986013986013985,0.34965034965034963,2.797202797202797,0.34965034965034963,2.4475524475524475,5.244755244755245
E00060911,279,263,6,4,2,4,1,3,6,94.26523297491039,2.1505376344086025,1.4336917562724014,0.7168458781362007,1.4336917562724014,0.35842293906810035,1.0752688172043012,2.1505376344086025
E00060912,302,269,11,9,2,9,3,6,13,89.0728476821192,3.642384105960265,2.980132450331126,0.6622516556291391,2.980132450331126,0.9933774834437087,1.9867549668874174,4.304635761589404
E00060913,265,234,15,11,4,6,2,4,10,88.30188679245283,5.660377358490567,4.150943396226415,1.509433962264151,2.2641509433962264,0.7547169811320755,1.509433962264151,3.7735849056603774
E00060914,314,277,14,9,5,7,3,4,16,88.21656050955414,4.45859872611465,2.8662420382165608,1.5923566878980893,2.229299363057325,0.9554140127388535,1.2738853503184715,5.095541401273886
E00060915,302,269,5,2,3,9,5,4,19,89.0728476821192,1.6556291390728477,0.6622516556291391,0.9933774834437087,2.980132450331126,1.6556291390728477,1.3245033112582782,6.291390728476822
E00060916,402,365,3,2,1,17,6,11,17,90.79601990049751,0.7462686567164178,0.4975124378109453,0.24875621890547264,4.228855721393035,1.4925373134328357,2.736318407960199,4.228855721393035
E00060917,287,261,10,6,4,6,3,3,10,90.94076655052264,3.484320557491289,2.0905923344947737,1.3937282229965158,2.0905923344947737,1.0452961672473868,1.0452961672473868,3.484320557491289
E00060918,295,260,16,12,4,8,4,4,11,88.13559322033898,5.423728813559322,4.067796610169491,1.3559322033898304,2.711864406779661,1.3559322033898304,1.3559322033898304,3.728813559322034
E00060919,352,319,15,12,3,7,4,3,11,90.625,4.261363636363636,3.4090909090909087,0.8522727272727272,1.9886363636363635,1.1363636363636365,0.8522727272727272,3.125
E00060920,232,209,5,4,1,8,4,4,10,90.08620689655173,2.1551724137931036,1.7241379310344827,0.43103448275862066,3.4482758620689653,1.7241379310344827,1.7241379310344827,4.310344827586207
E00060921,298,264,17,14,3,10,2,8,7,88.59060402684564,5.704697986577181,4.697986577181208,1.006711409395973,3.3557046979865772,0.6711409395973155,2.684563758389262,2.348993288590604
E00060922,295,268,10,6,4,5,5,0,12,90.84745762711864,3.389830508474576,2.0338983050847457,1.3559322033898304,1.694915254237288,1.694915254237288,0,4.067796610169491
E00060923,483,436,22,18,4,14,7,7,11,90.26915113871635,4.554865424430641,3.7267080745341614,0.8281573498964804,2.898550724637681,1.4492753623188406,1.4492753623188406,2.2774327122153206
E00060924,495,455,21,12,9,15,8,7,4,91.91919191919192,4.242424242424243,2.4242424242424243,1.8181818181818181,3.0303030303030303,1.6161616161616161,1.4141414141414141,0.8080808080808081
E00060925,263,247,9,4,5,2,1,1,5,93.91634980988593,3.4220532319391634,1.520912547528517,1.9011406844106464,0.7604562737642585,0.38022813688212925,0.38022813688212925,1.9011406844106464
E00060926,242,228,1,0,1,4,1,3,9,94.21487603305785,0.4132231404958678,0,0.4132231404958678,1.6528925619834711,0.4132231404958678,1.2396694214876034,3.71900826446281
E00060927,237,213,7,6,1,8,2,6,9,89.87341772151899,2.9535864978902953,2.5316455696202533,0.42194092827004215,3.375527426160337,0.8438818565400843,2.5316455696202533,3.79746835443038
E00060928,275,241,10,6,4,13,7,6,11,87.63636363636364,3.6363636363636362,2.181818181818182,1.4545454545454546,4.7272727272727275,2.5454545454545454,2.181818181818182,4
E00060929,325,287,21,15,6,6,5,1,11,88.3076923076923,6.461538461538462,4.615384615384616,1.8461538461538463,1.8461538461538463,1.5384615384615385,0.3076923076923077,3.3846153846153846
E00060930,250,222,13,8,5,9,3,6,6,88.8,5.2,3.2,2,3.5999999999999996,1.2,2.4,2.4
E00060931,229,200,12,10,2,8,3,5,9,87.33624454148472,5.240174672489083,4.366812227074235,0.8733624454148471,3.4934497816593884,1.3100436681222707,2.1834061135371177,3.9301310043668125
E00060932,292,257,13,7,6,11,3,8,11,88.01369863013699,4.4520547945205475,2.3972602739726026,2.054794520547945,3.767123287671233,1.0273972602739725,2.73972602739726,3.767123287671233
E00060933,289,260,6,5,1,5,3,2,18,89.96539792387543,2.0761245674740483,1.7301038062283738,0.34602076124567477,1.7301038062283738,1.0380622837370241,0.6920415224913495,6.228373702422145
E00060934,224,211,4,2,2,7,1,6,2,94.19642857142857,1.7857142857142856,0.8928571428571428,0.8928571428571428,3.125,0.4464285714285714,2.6785714285714284,0.8928571428571428
E00060935,255,222,13,8,5,12,7,5,8,87.05882352941177,5.098039215686274,3.1372549019607843,1.9607843137254901,4.705882352941177,2.7450980392156863,1.9607843137254901,3.1372549019607843
E00060936,260,228,8,4,4,14,5,9,10,87.6923076923077,3.076923076923077,1.5384615384615385,1.5384615384615385,5.384615384615385,1.9230769230769231,3.4615384615384617,3.8461538461538463
E00060937,319,289,14,9,5,5,3,2,11,90.59561128526646,4.38871473354232,2.8213166144200628,1.5673981191222568,1.5673981191222568,0.9404388714733543,0.6269592476489028,3.4482758620689653
E00060938,319,273,12,9,3,10,3,7,24,85.57993730407524,3.761755485893417,2.8213166144200628,0.9404388714733543,3.1347962382445136,0.9404388714733543,2.19435736677116,7.523510971786834
E00060939,291,267,5,5,0,9,4,5,10,91.75257731958763,1.718213058419244,1.718213058419244,0,3.0927835051546393,1.3745704467353952,1.718213058419244,3.436426116838488
E00060940,361,315,6,3,3,20,11,9,20,87.25761772853186,1.662049861495845,0.8310249307479225,0.8310249307479225,5.540166204986149,3.0470914127423825,2.4930747922437675,5.540166204986149
E00060941,275,240,5,3,2,16,8,8,14,87.27272727272727,1.8181818181818181,1.090909090909091,0.7272727272727273,5.818181818181818,2.909090909090909,2.909090909090909,5.090909090909091
E00060942,290,262,6,4,2,6,3,3,16,90.3448275862069,2.0689655172413794,1.3793103448275863,0.6896551724137931,2.0689655172413794,1.0344827586206897,1.0344827586206897,5.517241379310345
E00060943,305,274,9,6,3,7,4,3,15,89.8360655737705,2.9508196721311477,1.9672131147540985,0.9836065573770493,2.2950819672131146,1.3114754098360655,0.9836065573770493,4.918032786885246
E00060944,282,258,5,3,2,7,5,2,12,91.48936170212765,1.773049645390071,1.0638297872340425,0.7092198581560284,2.4822695035460995,1.773049645390071,0.7092198581560284,4.25531914893617
E00060945,289,260,2,0,2,8,2,6,19,89.96539792387543,0.6920415224913495,0,0.6920415224913495,2.768166089965398,0.6920415224913495,2.0761245674740483,6.5743944636678195
E00060946,243,222,4,1,3,6,1,5,11,91.35802469135803,1.646090534979424,0.411522633744856,1.2345679012345678,2.4691358024691357,0.411522633744856,2.05761316872428,4.526748971193416
E00060947,284,252,9,6,3,7,3,4,16,88.73239436619718,3.169014084507042,2.112676056338028,1.056338028169014,2.464788732394366,1.056338028169014,1.4084507042253522,5.633802816901409
E00060948,298,267,9,5,4,12,6,6,10,89.59731543624162,3.0201342281879198,1.6778523489932886,1.342281879194631,4.026845637583892,2.013422818791946,2.013422818791946,3.3557046979865772
E00060949,261,235,8,6,2,6,1,5,12,90.03831417624522,3.065134099616858,2.2988505747126435,0.7662835249042145,2.2988505747126435,0.38314176245210724,1.9157088122605364,4.597701149425287
E00060950,278,240,7,6,1,15,3,12,16,86.33093525179856,2.5179856115107913,2.158273381294964,0.3597122302158274,5.39568345323741,1.079136690647482,4.316546762589928,5.755395683453238
E00060951,163,150,3,1,2,4,2,2,6,92.02453987730061,1.8404907975460123,0.6134969325153374,1.2269938650306749,2.4539877300613497,1.2269938650306749,1.2269938650306749,3.6809815950920246
E00060952,297,266,12,8,4,10,6,4,9,89.56228956228956,4.040404040404041,2.6936026936026933,1.3468013468013467,3.3670033670033668,2.0202020202020203,1.3468013468013467,3.0303030303030303
E00060953,289,266,5,3,2,5,2,3,13,92.04152249134948,1.7301038062283738,1.0380622837370241,0.6920415224913495,1.7301038062283738,0.6920415224913495,1.0380622837370241,4.498269896193772
E00060954,278,244,3,3,0,11,5,6,20,87.76978417266187,1.079136690647482,1.079136690647482,0,3.9568345323741005,1.7985611510791366,2.158273381294964,7.1942446043165464
E00060955,275,242,9,3,6,10,4,6,14,88,3.272727272727273,1.090909090909091,2.181818181818182,3.6363636363636362,1.4545454545454546,2.181818181818182,5.090909090909091
E00060956,305,286,5,3,2,6,3,3,8,93.77049180327869,1.639344262295082,0.9836065573770493,0.6557377049180327,1.9672131147540985,0.9836065573770493,0.9836065573770493,2.622950819672131
E00060957,278,252,13,8,5,5,1,4,8,90.64748201438849,4.676258992805756,2.877697841726619,1.7985611510791366,1.7985611510791366,0.3597122302158274,1.4388489208633095,2.877697841726619
E00060958,425,390,20,17,3,7,4,3,8,91.76470588235294,4.705882352941177,4,0.7058823529411765,1.647058823529412,0.9411764705882352,0.7058823529411765,1.8823529411764703
E00060959,294,261,13,8,5,10,3,7,10,88.77551020408163,4.421768707482993,2.7210884353741496,1.7006802721088436,3.4013605442176873,1.0204081632653061,2.380952380952381,3.4013605442176873
E00060960,255,219,18,12,6,13,6,7,5,85.88235294117646,7.0588235294117645,4.705882352941177,2.3529411764705883,5.098039215686274,2.3529411764705883,2.7450980392156863,1.9607843137254901
E00060961,312,278,21,15,6,8,4,4,5,89.1025641025641,6.730769230769231,4.807692307692308,1.9230769230769231,2.564102564102564,1.282051282051282,1.282051282051282,1.6025641025641024
E00060962,222,195,12,10,2,3,1,2,12,87.83783783783784,5.405405405405405,4.504504504504505,0.9009009009009009,1.3513513513513513,0.45045045045045046,0.9009009009009009,5.405405405405405
E00060965,297,264,4,1,3,12,3,9,17,88.88888888888889,1.3468013468013467,0.33670033670033667,1.0101010101010102,4.040404040404041,1.0101010101010102,3.0303030303030303,5.723905723905724
E00060966,236,217,7,3,4,7,2,5,5,91.94915254237289,2.9661016949152543,1.2711864406779663,1.694915254237288,2.9661016949152543,0.847457627118644,2.11864406779661,2.11864406779661
E00060967,507,459,16,12,4,11,3,8,21,90.53254437869822,3.155818540433925,2.366863905325444,0.7889546351084813,2.1696252465483234,0.591715976331361,1.5779092702169626,4.142011834319527
E00060968,331,293,8,4,4,11,6,5,19,88.51963746223565,2.416918429003021,1.2084592145015105,1.2084592145015105,3.3232628398791544,1.812688821752266,1.5105740181268883,5.740181268882175
E00060969,344,306,3,3,0,12,6,6,23,88.95348837209302,0.872093023255814,0.872093023255814,0,3.488372093023256,1.744186046511628,1.744186046511628,6.686046511627906
E00060970,276,243,8,2,6,7,0,7,18,88.04347826086956,2.898550724637681,0.7246376811594203,2.1739130434782608,2.536231884057971,0,2.536231884057971,6.521739130434782
E00060971,408,371,4,2,2,14,7,7,19,90.93137254901961,0.9803921568627451,0.49019607843137253,0.49019607843137253,3.431372549019608,1.715686274509804,1.715686274509804,4.6568627450980395
E00060972,310,280,6,3,3,9,1,8,15,90.32258064516128,1.935483870967742,0.967741935483871,0.967741935483871,2.903225806451613,0.3225806451612903,2.5806451612903225,4.838709677419355
E00060973,243,215,6,4,2,12,2,10,10,88.47736625514403,2.4691358024691357,1.646090534979424,0.823045267489712,4.938271604938271,0.823045267489712,4.11522633744856,4.11522633744856
E00060974,277,248,11,5,6,7,4,3,11,89.53068592057761,3.9711191335740073,1.8050541516245486,2.166064981949458,2.527075812274368,1.444043321299639,1.083032490974729,3.9711191335740073
E00060975,334,308,3,1,2,9,3,6,14,92.21556886227546,0.8982035928143712,0.29940119760479045,0.5988023952095809,2.694610778443114,0.8982035928143712,1.7964071856287425,4.191616766467066
E00060976,340,310,4,3,1,8,1,7,18,91.17647058823529,1.1764705882352942,0.8823529411764706,0.29411764705882354,2.3529411764705883,0.29411764705882354,2.0588235294117645,5.294117647058823
E00060977,115,108,4,1,3,3,0,3,0,93.91304347826087,3.4782608695652173,0.8695652173913043,2.608695652173913,2.608695652173913,0,2.608695652173913,0
E00060978,290,266,4,3,1,11,2,9,9,91.72413793103448,1.3793103448275863,1.0344827586206897,0.3448275862068966,3.793103448275862,0.6896551724137931,3.103448275862069,3.103448275862069
E00060979,378,329,13,3,10,18,7,11,18,87.03703703703704,3.439153439153439,0.7936507936507936,2.6455026455026456,4.761904761904762,1.8518518518518516,2.91005291005291,4.761904761904762
E00060981,299,263,8,5,3,17,5,12,11,87.95986622073578,2.6755852842809364,1.6722408026755853,1.0033444816053512,5.68561872909699,1.6722408026755853,4.013377926421405,3.678929765886288
E00060982,321,285,12,7,5,11,6,5,13,88.78504672897196,3.7383177570093453,2.1806853582554515,1.557632398753894,3.4267912772585665,1.8691588785046727,1.557632398753894,4.049844236760125
E00060983,312,268,8,5,3,14,7,7,22,85.8974358974359,2.564102564102564,1.6025641025641024,0.9615384615384616,4.487179487179487,2.2435897435897436,2.2435897435897436,7.051282051282051
E00060984,425,374,10,8,2,20,6,14,21,88,2.3529411764705883,1.8823529411764703,0.4705882352941176,4.705882352941177,1.411764705882353,3.294117647058824,4.941176470588235
E00060986,361,344,6,5,1,9,4,5,2,95.29085872576178,1.662049861495845,1.3850415512465373,0.2770083102493075,2.4930747922437675,1.10803324099723,1.3850415512465373,0.554016620498615
E00060987,427,393,8,6,2,14,1,13,12,92.03747072599532,1.873536299765808,1.405152224824356,0.468384074941452,3.278688524590164,0.234192037470726,3.0444964871194378,2.810304449648712
E00060988,403,365,15,11,4,10,4,6,13,90.57071960297766,3.722084367245657,2.729528535980149,0.9925558312655087,2.481389578163772,0.9925558312655087,1.488833746898263,3.225806451612903
E00060989,406,382,9,5,4,8,1,7,7,94.08866995073892,2.2167487684729066,1.2315270935960592,0.9852216748768473,1.9704433497536946,0.24630541871921183,1.7241379310344827,1.7241379310344827
E00060990,487,456,11,5,6,12,7,5,8,93.63449691991786,2.2587268993839835,1.0266940451745379,1.2320328542094456,2.4640657084188913,1.4373716632443532,1.0266940451745379,1.642710472279261
E00060991,297,281,7,4,3,5,1,4,4,94.61279461279462,2.356902356902357,1.3468013468013467,1.0101010101010102,1.6835016835016834,0.33670033670033667,1.3468013468013467,1.3468013468013467
E00060992,428,394,8,3,5,11,7,4,15,92.05607476635514,1.8691588785046727,0.7009345794392523,1.1682242990654206,2.570093457943925,1.6355140186915886,0.9345794392523363,3.5046728971962615
E00060993,370,351,8,5,3,6,2,4,5,94.86486486486486,2.1621621621621623,1.3513513513513513,0.8108108108108109,1.6216216216216217,0.5405405405405406,1.0810810810810811,1.3513513513513513
E00060995,333,308,6,3,3,4,4,0,15,92.49249249249249,1.8018018018018018,0.9009009009009009,0.9009009009009009,1.2012012012012012,1.2012012012012012,0,4.504504504504505
E00060997,379,363,5,2,3,3,0,3,8,95.77836411609498,1.3192612137203166,0.5277044854881267,0.79155672823219,0.79155672823219,0,0.79155672823219,2.1108179419525066
E00060998,466,432,16,8,8,10,7,3,8,92.7038626609442,3.4334763948497855,1.7167381974248928,1.7167381974248928,2.1459227467811157,1.502145922746781,0.6437768240343348,1.7167381974248928
E00165819,367,336,19,14,5,4,1,3,8,91.55313351498637,5.177111716621254,3.8147138964577656,1.3623978201634876,1.08991825613079,0.2724795640326975,0.8174386920980926,2.17983651226158
E00174106,464,418,17,11,6,6,2,4,23,90.08620689655173,3.6637931034482754,2.3706896551724137,1.293103448275862,1.293103448275862,0.43103448275862066,0.8620689655172413,4.956896551724138
E00174107,275,244,13,6,7,11,4,7,7,88.72727272727273,4.7272727272727275,2.181818181818182,2.5454545454545454,4,1.4545454545454546,2.5454545454545454,2.5454545454545454
E00174108,407,354,12,2,10,5,3,2,36,86.97788697788698,2.9484029484029484,0.4914004914004914,2.457002457002457,1.2285012285012284,0.7371007371007371,0.4914004914004914,8.845208845208845
E00174109,282,251,16,8,8,8,3,5,7,89.00709219858156,5.673758865248227,2.8368794326241136,2.8368794326241136,2.8368794326241136,1.0638297872340425,1.773049645390071,2.4822695035460995
E00174110,120,110,5,1,4,4,3,1,1,91.66666666666666,4.166666666666666,0.8333333333333334,3.3333333333333335,3.3333333333333335,2.5,0.8333333333333334,0.8333333333333334
E00174111,440,425,5,4,1,6,5,1,4,96.5909090909091,1.1363636363636365,0.9090909090909091,0.22727272727272727,1.3636363636363635,1.1363636363636365,0.22727272727272727,0.9090909090909091
E00174112,415,388,13,6,7,7,3,4,7,93.49397590361446,3.132530120481928,1.4457831325301205,1.6867469879518073,1.6867469879518073,0.7228915662650602,0.9638554216867471,1.6867469879518073
E00174113,325,289,13,9,4,11,4,7,12,88.92307692307693,4,2.769230769230769,1.2307692307692308,3.3846153846153846,1.2307692307692308,2.1538461538461537,3.6923076923076925
E00174114,386,357,11,8,3,7,3,4,11,92.48704663212435,2.849740932642487,2.072538860103627,0.7772020725388601,1.8134715025906734,0.7772020725388601,1.0362694300518136,2.849740932642487
E00174115,231,221,2,2,0,4,1,3,4,95.67099567099568,0.8658008658008658,0.8658008658008658,0,1.7316017316017316,0.4329004329004329,1.2987012987012987,1.7316017316017316
E00174116,181,164,3,3,0,7,1,6,7,90.60773480662984,1.6574585635359116,1.6574585635359116,0,3.867403314917127,0.5524861878453038,3.314917127071823,3.867403314917127
E00174117,113,111,1,0,1,1,0,1,0,98.23008849557522,0.8849557522123894,0,0.8849557522123894,0.8849557522123894,0,0.8849557522123894,0
E00174118,362,352,6,4,2,4,1,3,0,97.23756906077348,1.6574585635359116,1.1049723756906076,0.5524861878453038,1.1049723756906076,0.2762430939226519,0.8287292817679558,0
E00174119,408,397,9,7,2,1,1,0,1,97.30392156862744,2.2058823529411766,1.715686274509804,0.49019607843137253,0.24509803921568626,0.24509803921568626,0,0.24509803921568626
E00188176,247,236,6,3,3,4,4,0,1,95.54655870445345,2.42914979757085,1.214574898785425,1.214574898785425,1.6194331983805668,1.6194331983805668,0,0.4048582995951417
E00188190,260,243,7,6,1,2,2,0,8,93.46153846153847,2.6923076923076925,2.307692307692308,0.38461538461538464,0.7692307692307693,0.7692307692307693,0,3.076923076923077
E00188194,293,269,12,8,4,8,8,0,4,91.80887372013652,4.09556313993174,2.7303754266211606,1.3651877133105803,2.7303754266211606,2.7303754266211606,0,1.3651877133105803
E00188195,347,333,8,6,2,4,3,1,2,95.96541786743515,2.3054755043227666,1.729106628242075,0.57636887608069165,1.1527377521613833,0.8645533141210375,0.2881844380403458,0.57636887608069165
E00188196,298,262,26,20,6,3,2,1,7,87.91946308724832,8.724832214765101,6.7114093959731544,2.013422818791946,1.006711409395973,0.6711409395973155,0.33557046979865773,2.348993288590604
E00188200,320,275,22,15,7,11,3,8,12,85.9375,6.875000000000001,4.6875,2.1875,3.4375000000000004,0.9375,2.5,3.75
E00188211,329,315,7,2,5,6,3,3,1,95.74468085106383,2.127659574468085,0.60790273556231,1.5197568389057752,1.82370820668693,0.911854103343465,0.911854103343465,0.303951367781155
E00188215,326,308,8,8,0,4,4,0,6,94.47852760736197,2.4539877300613497,2.4539877300613497,0,1.2269938650306749,1.2269938650306749,0,1.8404907975460123
E00188218,340,310,12,5,7,7,3,4,11,91.17647058823529,3.5294117647058822,1.4705882352941175,2.0588235294117645,2.0588235294117645,0.8823529411764706,1.1764705882352942,3.2352941176470593
E00188220,375,341,13,8,5,11,5,6,10,90.93333333333334,3.4666666666666663,2.1333333333333333,1.3333333333333335,2.933333333333333,1.3333333333333335,1.6,2.666666666666667
E00188221,304,282,10,7,3,10,4,6,2,92.76315789473685,3.289473684210526,2.302631578947368,0.9868421052631579,3.289473684210526,1.3157894736842104,1.9736842105263157,0.6578947368421052
E00188224,364,325,22,13,9,5,4,1,12,89.28571428571429,6.043956043956044,3.571428571428571,2.4725274725274726,1.3736263736263736,1.098901098901099,0.27472527472527475,3.296703296703297
E00188234,317,303,2,1,1,6,1,5,6,95.58359621451105,0.6309148264984227,0.31545741324921134,0.31545741324921134,1.8927444794952681,0.31545741324921134,1.5772870662460567,1.8927444794952681
E00188237,370,342,15,7,8,3,3,0,10,92.43243243243244,4.054054054054054,1.891891891891892,2.1621621621621623,0.8108108108108109,0.8108108108108109,0,2.7027027027027026
E00188239,305,285,6,5,1,7,1,6,7,93.44262295081968,1.9672131147540985,1.639344262295082,0.32786885245901637,2.2950819672131146,0.32786885245901637,1.9672131147540985,2.2950819672131146
E00188240,329,306,9,3,6,7,2,5,7,93.00911854103343,2.735562310030395,0.911854103343465,1.82370820668693,2.127659574468085,0.60790273556231,1.5197568389057752,2.127659574468085
E00188241,352,320,10,7,3,11,7,4,11,90.9090909090909,2.840909090909091,1.9886363636363635,0.8522727272727272,3.125,1.9886363636363635,1.1363636363636365,3.125
E00188245,301,287,8,7,1,2,1,1,4,95.34883720930233,2.6578073089700998,2.3255813953488373,0.33222591362126247,0.6644518272425249,0.33222591362126247,0.33222591362126247,1.3289036544850499
E00188249,216,191,9,7,2,9,4,5,7,88.42592592592592,4.166666666666666,3.2407407407407405,0.9259259259259258,4.166666666666666,1.8518518518518516,2.314814814814815,3.2407407407407405
E00188254,301,288,8,6,2,2,2,0,3,95.68106312292359,2.6578073089700998,1.9933554817275747,0.6644518272425249,0.6644518272425249,0.6644518272425249,0,0.9966777408637874
E00188258,226,217,8,3,5,0,0,0,1,96.01769911504425,3.5398230088495577,1.3274336283185841,2.2123893805309733,0,0,0,0.4424778761061947
E00188265,208,196,4,1,3,3,0,3,5,94.23076923076923,1.9230769230769231,0.4807692307692308,1.4423076923076923,1.4423076923076923,0,1.4423076923076923,2.403846153846154
E00188275,291,275,6,5,1,6,4,2,4,94.50171821305841,2.0618556701030926,1.718213058419244,0.3436426116838488,2.0618556701030926,1.3745704467353952,0.6872852233676976,1.3745704467353952
E00188277,249,240,3,1,2,5,1,4,1,96.3855421686747,1.2048192771084338,0.4016064257028112,0.8032128514056224,2.0080321285140563,0.4016064257028112,1.6064257028112447,0.4016064257028112
E00188281,311,298,8,7,1,1,1,0,4,95.81993569131832,2.572347266881029,2.2508038585209005,0.3215434083601286,0.3215434083601286,0.3215434083601286,0,1.2861736334405145
E00188282,462,435,8,7,1,7,2,5,12,94.15584415584416,1.7316017316017316,1.5151515151515151,0.21645021645021645,1.5151515151515151,0.4329004329004329,1.0822510822510822,2.5974025974025974
E00188286,251,234,9,6,3,4,3,1,4,93.22709163346613,3.5856573705179287,2.3904382470119523,1.1952191235059761,1.593625498007968,1.1952191235059761,0.398406374501992,1.593625498007968
E00188293,322,304,13,10,3,3,2,1,2,94.40993788819875,4.037267080745342,3.1055900621118013,0.9316770186335404,0.9316770186335404,0.6211180124223602,0.3105590062111801,0.6211180124223602
E00188312,299,263,17,9,8,7,4,3,12,87.95986622073578,5.68561872909699,3.0100334448160537,2.6755852842809364,2.341137123745819,1.3377926421404682,1.0033444816053512,4.013377926421405
E00188316,321,295,16,13,3,6,2,4,4,91.90031152647975,4.984423676012461,4.049844236760125,0.9345794392523363,1.8691588785046727,0.6230529595015576,1.2461059190031152,1.2461059190031152
E00188319,424,397,17,12,5,6,2,4,4,93.63207547169812,4.009433962264151,2.8301886792452833,1.179245283018868,1.4150943396226416,0.4716981132075472,0.9433962264150944,0.9433962264150944
E00188331,267,238,10,6,4,10,5,5,9,89.13857677902621,3.7453183520599254,2.247191011235955,1.4981273408239701,3.7453183520599254,1.8726591760299627,1.8726591760299627,3.3707865168539324
