OA,ts0540001,ts0540002,ts0540003,ts0540004,ts0540005,ts0540006,ts0540007,ts0540008,ts0540009,ts0540010,ts0540011,ts0540012,ts0540013,ts0540002_PCT,ts0540003_PCT,ts0540004_PCT,ts0540005_PCT,ts0540006_PCT,ts0540007_PCT,ts0540008_PCT,ts0540009_PCT,ts0540010_PCT,ts0540011_PCT,ts0540012_PCT,ts0540013_PCT
E00097328,121,97,66,31,0,0,7,2,5,17,15,2,0,80.16528925619835,54.54545454545454,25.6198347107438,0,0,5.785123966942149,1.6528925619834711,4.132231404958678,14.049586776859504,12.396694214876034,1.6528925619834711,0
E00097329,121,109,69,40,0,0,2,1,1,10,7,3,0,90.08264462809917,57.02479338842975,33.057851239669425,0,0,1.6528925619834711,0.8264462809917356,0.8264462809917356,8.264462809917356,5.785123966942149,2.479338842975207,0
E00097330,116,103,66,37,0,0,3,0,3,10,10,0,0,88.79310344827587,56.896551724137936,31.896551724137932,0,0,2.586206896551724,0,2.586206896551724,8.620689655172415,8.620689655172415,0,0
E00097331,106,73,53,20,1,1,21,8,13,11,8,3,0,68.86792452830188,50,18.867924528301888,0.9433962264150944,0.9433962264150944,19.81132075471698,7.547169811320755,12.264150943396226,10.377358490566039,7.547169811320755,2.8301886792452833,0
E00097332,195,165,94,71,0,0,8,2,6,22,16,6,0,84.61538461538461,48.205128205128204,36.41025641025641,0,0,4.102564102564102,1.0256410256410255,3.076923076923077,11.282051282051283,8.205128205128204,3.076923076923077,0
E00097333,115,101,57,44,0,0,0,0,0,14,10,4,0,87.82608695652175,49.56521739130435,38.26086956521739,0,0,0,0,0,12.173913043478262,8.695652173913043,3.4782608695652173,0
E00097335,103,70,53,17,0,0,20,4,16,13,6,7,0,67.96116504854369,51.45631067961165,16.50485436893204,0,0,19.41747572815534,3.8834951456310676,15.53398058252427,12.62135922330097,5.825242718446602,6.796116504854369,0
E00097336,81,71,44,27,0,0,4,2,2,6,4,2,0,87.65432098765432,54.32098765432099,33.33333333333333,0,0,4.938271604938271,2.4691358024691357,2.4691358024691357,7.4074074074074066,4.938271604938271,2.4691358024691357,0
E00097337,105,98,62,36,1,1,2,1,1,4,3,1,0,93.33333333333333,59.04761904761905,34.285714285714285,0.9523809523809524,0.9523809523809524,1.9047619047619049,0.9523809523809524,0.9523809523809524,3.8095238095238098,2.857142857142857,0.9523809523809524,0
E00097338,117,109,54,55,0,0,3,1,2,5,4,1,0,93.16239316239316,46.15384615384615,47.008547008547005,0,0,2.564102564102564,0.8547008547008548,1.7094017094017095,4.273504273504273,3.418803418803419,0.8547008547008548,0
E00097339,138,125,68,57,1,1,0,0,0,12,6,6,0,90.57971014492753,49.275362318840585,41.30434782608695,0.7246376811594203,0.7246376811594203,0,0,0,8.695652173913043,4.3478260869565215,4.3478260869565215,0
E00097340,130,81,42,39,0,0,43,11,32,6,4,2,0,62.30769230769231,32.30769230769231,30,0,0,33.07692307692307,8.461538461538462,24.615384615384617,4.615384615384616,3.076923076923077,1.5384615384615385,0
E00097341,121,77,38,39,1,1,37,14,23,6,4,2,0,63.63636363636363,31.40495867768595,32.231404958677686,0.8264462809917356,0.8264462809917356,30.57851239669421,11.570247933884298,19.00826446280992,4.958677685950414,3.3057851239669422,1.6528925619834711,0
E00097342,116,88,55,33,0,0,15,6,9,13,9,4,0,75.86206896551724,47.41379310344828,28.448275862068968,0,0,12.931034482758621,5.172413793103448,7.758620689655173,11.206896551724139,7.758620689655173,3.4482758620689653,0
E00097343,105,50,36,14,0,0,38,9,29,17,12,5,0,47.61904761904761,34.285714285714285,13.333333333333334,0,0,36.19047619047619,8.571428571428571,27.61904761904762,16.19047619047619,11.428571428571429,4.761904761904762,0
E00097344,113,95,65,30,1,1,4,0,4,13,8,5,0,84.070796460177,57.52212389380531,26.548672566371685,0.8849557522123894,0.8849557522123894,3.5398230088495577,0,3.5398230088495577,11.504424778761061,7.079646017699115,4.424778761061947,0
E00097345,119,89,66,23,0,0,14,1,13,16,11,5,0,74.78991596638656,55.46218487394958,19.327731092436977,0,0,11.76470588235294,0.8403361344537815,10.92436974789916,13.445378151260504,9.243697478991598,4.201680672268908,0
E00097346,138,75,61,14,0,0,15,4,11,48,38,10,0,54.347826086956516,44.20289855072464,10.144927536231885,0,0,10.869565217391305,2.898550724637681,7.971014492753622,34.78260869565217,27.536231884057973,7.246376811594203,0
E00097347,100,88,60,28,0,0,4,0,4,8,5,3,0,88,60,28.000000000000004,0,0,4,0,4,8,5,3,0
E00097348,126,97,53,44,0,0,22,10,12,6,4,2,1,76.98412698412699,42.06349206349206,34.92063492063492,0,0,17.46031746031746,7.936507936507936,9.523809523809524,4.761904761904762,3.1746031746031744,1.5873015873015872,0.7936507936507936
E00097349,116,108,81,27,0,0,1,1,0,7,4,3,0,93.10344827586206,69.82758620689656,23.275862068965516,0,0,0.8620689655172413,0.8620689655172413,0,6.0344827586206895,3.4482758620689653,2.586206896551724,0
E00097350,149,146,96,50,0,0,3,0,3,0,0,0,0,97.98657718120806,64.42953020134227,33.557046979865774,0,0,2.013422818791946,0,2.013422818791946,0,0,0,0
E00097351,121,98,51,47,0,0,21,7,14,2,2,0,0,80.99173553719008,42.14876033057851,38.84297520661157,0,0,17.355371900826448,5.785123966942149,11.570247933884298,1.6528925619834711,1.6528925619834711,0,0
E00097352,203,192,98,94,0,0,4,0,4,7,6,1,0,94.58128078817734,48.275862068965516,46.30541871921182,0,0,1.9704433497536946,0,1.9704433497536946,3.4482758620689653,2.955665024630542,0.49261083743842365,0
E00097353,130,120,75,45,1,1,4,0,4,5,3,2,0,92.3076923076923,57.692307692307686,34.61538461538461,0.7692307692307693,0.7692307692307693,3.076923076923077,0,3.076923076923077,3.8461538461538463,2.307692307692308,1.5384615384615385,0
E00097354,117,95,62,33,0,0,17,9,8,5,3,2,0,81.19658119658119,52.991452991452995,28.205128205128204,0,0,14.529914529914532,7.6923076923076925,6.837606837606838,4.273504273504273,2.564102564102564,1.7094017094017095,0
E00097355,198,184,108,76,0,0,4,1,3,10,9,1,0,92.92929292929293,54.54545454545454,38.38383838383838,0,0,2.0202020202020203,0.5050505050505051,1.5151515151515151,5.05050505050505,4.545454545454546,0.5050505050505051,0
E00097356,117,90,39,51,0,0,22,8,14,4,3,1,1,76.92307692307693,33.33333333333333,43.58974358974359,0,0,18.803418803418804,6.837606837606838,11.965811965811966,3.418803418803419,2.564102564102564,0.8547008547008548,0.8547008547008548
E00097357,124,103,45,58,0,0,3,3,0,18,15,3,0,83.06451612903226,36.29032258064516,46.774193548387096,0,0,2.4193548387096775,2.4193548387096775,0,14.516129032258066,12.096774193548388,2.4193548387096775,0
E00097358,127,105,55,50,1,1,7,3,4,14,10,4,0,82.67716535433071,43.30708661417323,39.37007874015748,0.7874015748031495,0.7874015748031495,5.511811023622047,2.3622047244094486,3.149606299212598,11.023622047244094,7.874015748031496,3.149606299212598,0
E00097359,151,126,44,82,1,1,3,0,3,21,17,4,0,83.44370860927152,29.13907284768212,54.3046357615894,0.6622516556291391,0.6622516556291391,1.9867549668874174,0,1.9867549668874174,13.90728476821192,11.258278145695364,2.6490066225165565,0
E00097360,119,115,70,45,0,0,0,0,0,4,1,3,0,96.63865546218487,58.82352941176471,37.81512605042017,0,0,0,0,0,3.361344537815126,0.8403361344537815,2.5210084033613445,0
E00097361,125,72,39,33,0,0,45,16,29,8,6,2,0,57.599999999999994,31.2,26.400000000000002,0,0,36,12.8,23.200000000000003,6.4,4.8,1.6,0
E00097362,118,115,77,38,0,0,0,0,0,3,1,2,0,97.45762711864407,65.2542372881356,32.20338983050847,0,0,0,0,0,2.5423728813559325,0.847457627118644,1.694915254237288,0
E00097363,175,162,88,74,0,0,1,0,1,12,12,0,0,92.57142857142857,50.28571428571429,42.285714285714285,0,0,0.5714285714285714,0,0.5714285714285714,6.857142857142858,6.857142857142858,0,0
E00097364,106,44,25,19,0,0,18,0,18,44,42,2,0,41.509433962264154,23.58490566037736,17.92452830188679,0,0,16.9811320754717,0,16.9811320754717,41.509433962264154,39.62264150943396,1.8867924528301887,0
E00097365,127,86,54,32,0,0,30,7,23,11,8,3,0,67.71653543307087,42.51968503937008,25.196850393700785,0,0,23.62204724409449,5.511811023622047,18.11023622047244,8.661417322834646,6.299212598425196,2.3622047244094486,0
E00097366,117,100,60,40,0,0,13,1,12,4,3,1,0,85.47008547008546,51.28205128205128,34.18803418803419,0,0,11.11111111111111,0.8547008547008548,10.256410256410255,3.418803418803419,2.564102564102564,0.8547008547008548,0
E00097367,124,79,47,32,0,0,28,9,19,17,10,7,0,63.70967741935484,37.903225806451616,25.806451612903224,0,0,22.58064516129032,7.258064516129033,15.32258064516129,13.709677419354838,8.064516129032258,5.64516129032258,0
E00097368,116,31,19,12,0,0,75,19,56,8,7,1,2,26.72413793103448,16.379310344827587,10.344827586206897,0,0,64.65517241379311,16.379310344827587,48.275862068965516,6.896551724137931,6.0344827586206895,0.8620689655172413,1.7241379310344827
E00097369,123,49,26,23,0,0,63,12,51,11,9,2,0,39.83739837398374,21.138211382113823,18.69918699186992,0,0,51.21951219512195,9.75609756097561,41.46341463414634,8.94308943089431,7.317073170731707,1.6260162601626018,0
E00097370,226,176,66,110,0,0,30,9,21,20,13,7,0,77.87610619469027,29.20353982300885,48.67256637168141,0,0,13.274336283185843,3.982300884955752,9.29203539823009,8.849557522123893,5.752212389380531,3.0973451327433628,0
E00097371,125,57,32,25,0,0,54,10,44,14,7,7,0,45.6,25.6,20,0,0,43.2,8,35.199999999999996,11.200000000000001,5.6000000000000005,5.6000000000000005,0
E00097372,124,39,15,24,0,0,73,11,62,12,12,0,0,31.451612903225808,12.096774193548388,19.35483870967742,0,0,58.87096774193549,8.870967741935484,50,9.67741935483871,9.67741935483871,0,0
E00097373,128,114,66,48,1,1,6,0,6,7,4,3,0,89.0625,51.5625,37.5,0.78125,0.78125,4.6875,0,4.6875,5.46875,3.125,2.34375,0
E00097374,125,110,60,50,0,0,1,0,1,14,11,3,0,88,48,40,0,0,0.8,0,0.8,11.200000000000001,8.799999999999999,2.4,0
E00097375,147,130,76,54,0,0,1,0,1,16,14,2,0,88.43537414965986,51.70068027210885,36.734693877551024,0,0,0.6802721088435374,0,0.6802721088435374,10.884353741496598,9.523809523809524,1.3605442176870748,0
E00097376,120,91,47,44,0,0,10,3,7,19,17,2,0,75.83333333333333,39.166666666666664,36.666666666666664,0,0,8.333333333333332,2.5,5.833333333333333,15.833333333333332,14.166666666666666,1.6666666666666667,0
E00097377,131,57,36,21,0,0,48,11,37,26,25,1,0,43.51145038167939,27.480916030534353,16.030534351145036,0,0,36.6412213740458,8.396946564885496,28.24427480916031,19.84732824427481,19.083969465648856,0.7633587786259541,0
E00097378,118,65,43,22,0,0,43,17,26,10,7,3,0,55.08474576271186,36.440677966101696,18.64406779661017,0,0,36.440677966101696,14.40677966101695,22.033898305084744,8.47457627118644,5.932203389830509,2.5423728813559325,0
E00097379,113,40,24,16,0,0,70,18,52,3,2,1,0,35.39823008849557,21.238938053097346,14.15929203539823,0,0,61.94690265486725,15.929203539823009,46.017699115044245,2.6548672566371683,1.7699115044247788,0.8849557522123894,0
E00097380,119,62,38,24,1,1,44,11,33,12,12,0,0,52.10084033613446,31.932773109243694,20.168067226890756,0.8403361344537815,0.8403361344537815,36.97478991596639,9.243697478991598,27.73109243697479,10.084033613445378,10.084033613445378,0,0
E00097381,127,95,62,33,0,0,9,4,5,23,17,6,0,74.80314960629921,48.818897637795274,25.984251968503933,0,0,7.086614173228346,3.149606299212598,3.937007874015748,18.11023622047244,13.385826771653544,4.724409448818897,0
E00097382,117,46,27,19,0,0,64,15,49,6,5,1,1,39.31623931623932,23.076923076923077,16.23931623931624,0,0,54.700854700854705,12.82051282051282,41.88034188034188,5.128205128205128,4.273504273504273,0.8547008547008548,0.8547008547008548
E00097383,129,88,50,38,2,2,3,0,3,36,31,5,0,68.21705426356588,38.759689922480625,29.457364341085274,1.550387596899225,1.550387596899225,2.3255813953488373,0,2.3255813953488373,27.906976744186046,24.031007751937985,3.875968992248062,0
E00097384,116,54,33,21,0,0,52,8,44,10,8,2,0,46.55172413793103,28.448275862068968,18.103448275862068,0,0,44.827586206896555,6.896551724137931,37.93103448275862,8.620689655172415,6.896551724137931,1.7241379310344827,0
E00097385,137,102,53,49,0,0,0,0,0,35,28,7,0,74.45255474452554,38.68613138686132,35.76642335766424,0,0,0,0,0,25.547445255474454,20.437956204379564,5.109489051094891,0
E00097386,136,110,76,34,0,0,4,0,4,22,21,1,0,80.88235294117648,55.88235294117647,25,0,0,2.941176470588235,0,2.941176470588235,16.176470588235293,15.441176470588236,0.7352941176470588,0
E00097387,127,61,43,18,0,0,53,7,46,13,11,2,0,48.031496062992126,33.85826771653544,14.173228346456693,0,0,41.732283464566926,5.511811023622047,36.22047244094488,10.236220472440944,8.661417322834646,1.574803149606299,0
E00097388,120,49,34,15,0,0,63,14,49,8,6,2,0,40.833333333333336,28.333333333333332,12.5,0,0,52.5,11.666666666666666,40.833333333333336,6.666666666666667,5,1.6666666666666667,0
E00097389,103,80,45,35,0,0,14,1,13,9,7,2,0,77.66990291262135,43.689320388349515,33.980582524271846,0,0,13.592233009708737,0.9708737864077669,12.62135922330097,8.737864077669903,6.796116504854369,1.9417475728155338,0
E00097390,128,60,35,25,0,0,60,19,41,8,5,3,0,46.875,27.34375,19.53125,0,0,46.875,14.84375,32.03125,6.25,3.90625,2.34375,0
E00097391,106,99,59,40,0,0,1,0,1,6,6,0,0,93.39622641509435,55.660377358490564,37.735849056603776,0,0,0.9433962264150944,0,0.9433962264150944,5.660377358490567,5.660377358490567,0,0
E00097392,129,41,29,12,0,0,82,16,66,5,4,1,1,31.782945736434108,22.48062015503876,9.30232558139535,0,0,63.565891472868216,12.4031007751938,51.162790697674424,3.875968992248062,3.10077519379845,0.7751937984496124,0.7751937984496124
E00097393,143,114,79,35,1,1,7,0,7,21,18,3,0,79.72027972027972,55.24475524475524,24.475524475524477,0.6993006993006993,0.6993006993006993,4.895104895104895,0,4.895104895104895,14.685314685314685,12.587412587412588,2.097902097902098,0
E00097394,129,122,75,47,0,0,0,0,0,7,5,2,0,94.57364341085271,58.139534883720934,36.434108527131784,0,0,0,0,0,5.426356589147287,3.875968992248062,1.550387596899225,0
E00097395,174,112,56,56,1,1,41,17,24,20,13,7,0,64.36781609195403,32.18390804597701,32.18390804597701,0.5747126436781609,0.5747126436781609,23.563218390804597,9.770114942528735,13.793103448275861,11.494252873563218,7.471264367816093,4.022988505747127,0
E00097396,171,136,80,56,0,0,8,1,7,27,21,6,0,79.53216374269006,46.783625730994146,32.748538011695906,0,0,4.678362573099415,0.5847953216374269,4.093567251461988,15.789473684210526,12.280701754385964,3.508771929824561,0
E00097397,135,59,34,25,0,0,66,17,49,10,4,6,0,43.7037037037037,25.185185185185183,18.51851851851852,0,0,48.888888888888886,12.592592592592592,36.2962962962963,7.4074074074074066,2.9629629629629632,4.444444444444445,0
E00097398,145,121,73,48,0,0,6,1,5,18,12,6,0,83.44827586206897,50.3448275862069,33.10344827586207,0,0,4.137931034482759,0.6896551724137931,3.4482758620689653,12.413793103448276,8.275862068965518,4.137931034482759,0
E00097399,131,61,38,23,0,0,60,26,34,10,7,3,0,46.56488549618321,29.00763358778626,17.557251908396946,0,0,45.80152671755725,19.84732824427481,25.954198473282442,7.633587786259542,5.343511450381679,2.2900763358778624,0
E00097400,160,146,95,51,1,1,0,0,0,13,8,5,0,91.25,59.375,31.874999999999996,0.625,0.625,0,0,0,8.125,5,3.125,0
E00097401,187,129,75,54,0,0,48,13,35,10,8,2,0,68.98395721925134,40.106951871657756,28.87700534759358,0,0,25.668449197860966,6.951871657754011,18.71657754010695,5.347593582887701,4.27807486631016,1.06951871657754,0
E00097402,114,44,28,16,0,0,61,25,36,9,7,2,0,38.59649122807017,24.561403508771928,14.035087719298245,0,0,53.50877192982456,21.929824561403507,31.57894736842105,7.894736842105263,6.140350877192982,1.7543859649122806,0
E00097403,109,38,20,18,0,0,50,16,34,21,21,0,0,34.862385321100916,18.34862385321101,16.51376146788991,0,0,45.87155963302752,14.678899082568808,31.19266055045872,19.26605504587156,19.26605504587156,0,0
E00097404,114,61,33,28,0,0,39,18,21,13,11,2,1,53.50877192982456,28.947368421052634,24.561403508771928,0,0,34.21052631578947,15.789473684210526,18.421052631578945,11.403508771929824,9.649122807017543,1.7543859649122806,0.8771929824561403
E00097405,114,69,42,27,0,0,29,12,17,16,12,4,0,60.526315789473685,36.84210526315789,23.684210526315788,0,0,25.438596491228072,10.526315789473683,14.912280701754385,14.035087719298245,10.526315789473683,3.508771929824561,0
E00097406,124,76,46,30,0,0,27,11,16,21,18,3,0,61.29032258064516,37.096774193548384,24.193548387096776,0,0,21.774193548387096,8.870967741935484,12.903225806451612,16.93548387096774,14.516129032258066,2.4193548387096775,0
E00097407,119,79,51,28,0,0,27,12,15,13,9,4,0,66.38655462184873,42.857142857142854,23.52941176470588,0,0,22.689075630252102,10.084033613445378,12.605042016806722,10.92436974789916,7.563025210084033,3.361344537815126,0
E00097408,116,61,40,21,0,0,43,11,32,12,9,3,0,52.58620689655172,34.48275862068966,18.103448275862068,0,0,37.06896551724138,9.482758620689655,27.586206896551722,10.344827586206897,7.758620689655173,2.586206896551724,0
E00097409,139,114,57,57,0,0,2,0,2,23,17,6,0,82.01438848920863,41.007194244604314,41.007194244604314,0,0,1.4388489208633095,0,1.4388489208633095,16.546762589928058,12.23021582733813,4.316546762589928,0
E00097410,182,140,84,56,2,2,20,2,18,20,17,3,0,76.92307692307693,46.15384615384615,30.76923076923077,1.098901098901099,1.098901098901099,10.989010989010989,1.098901098901099,9.89010989010989,10.989010989010989,9.340659340659341,1.6483516483516485,0
E00097411,142,113,50,63,0,0,0,0,0,29,25,4,0,79.5774647887324,35.2112676056338,44.36619718309859,0,0,0,0,0,20.422535211267608,17.6056338028169,2.8169014084507045,0
E00097412,159,140,96,44,0,0,12,2,10,7,7,0,0,88.0503144654088,60.37735849056604,27.67295597484277,0,0,7.547169811320755,1.257861635220126,6.289308176100629,4.40251572327044,4.40251572327044,0,0
E00097413,59,56,38,18,0,0,1,1,0,2,2,0,0,94.91525423728814,64.40677966101694,30.508474576271187,0,0,1.694915254237288,1.694915254237288,0,3.389830508474576,3.389830508474576,0,0
E00097414,115,104,66,38,0,0,5,1,4,6,4,2,0,90.43478260869566,57.391304347826086,33.04347826086956,0,0,4.3478260869565215,0.8695652173913043,3.4782608695652173,5.217391304347826,3.4782608695652173,1.7391304347826086,0
E00097415,117,25,13,12,0,0,86,24,62,6,5,1,0,21.367521367521366,11.11111111111111,10.256410256410255,0,0,73.50427350427351,20.51282051282051,52.991452991452995,5.128205128205128,4.273504273504273,0.8547008547008548,0
E00097416,125,82,54,28,0,0,31,10,21,11,8,3,1,65.60000000000001,43.2,22.400000000000002,0,0,24.8,8,16.8,8.799999999999999,6.4,2.4,0.8
E00097417,126,103,73,30,0,0,19,2,17,4,1,3,0,81.74603174603175,57.936507936507944,23.809523809523807,0,0,15.079365079365079,1.5873015873015872,13.492063492063492,3.1746031746031744,0.7936507936507936,2.380952380952381,0
E00097418,116,92,52,40,1,1,13,1,12,10,9,1,0,79.3103448275862,44.827586206896555,34.48275862068966,0.8620689655172413,0.8620689655172413,11.206896551724139,0.8620689655172413,10.344827586206897,8.620689655172415,7.758620689655173,0.8620689655172413,0
E00097419,124,74,31,43,0,0,41,12,29,9,7,2,0,59.67741935483871,25,34.67741935483871,0,0,33.064516129032256,9.67741935483871,23.387096774193548,7.258064516129033,5.64516129032258,1.6129032258064515,0
E00097420,116,103,58,45,0,0,1,0,1,12,10,2,0,88.79310344827587,50,38.793103448275865,0,0,0.8620689655172413,0,0.8620689655172413,10.344827586206897,8.620689655172415,1.7241379310344827,0
E00097421,117,74,42,32,0,0,32,18,14,11,9,2,0,63.24786324786324,35.8974358974359,27.350427350427353,0,0,27.350427350427353,15.384615384615385,11.965811965811966,9.401709401709402,7.6923076923076925,1.7094017094017095,0
E00097422,195,139,76,63,2,2,20,7,13,33,27,6,1,71.28205128205128,38.97435897435898,32.30769230769231,1.0256410256410255,1.0256410256410255,10.256410256410255,3.5897435897435894,6.666666666666667,16.923076923076923,13.846153846153847,3.076923076923077,0.5128205128205128
E00097423,117,58,40,18,0,0,25,9,16,34,29,5,0,49.572649572649574,34.18803418803419,15.384615384615385,0,0,21.367521367521366,7.6923076923076925,13.675213675213676,29.059829059829063,24.786324786324787,4.273504273504273,0
E00097424,112,63,47,16,2,2,34,6,28,13,11,2,0,56.25,41.964285714285715,14.285714285714285,1.7857142857142856,1.7857142857142856,30.357142857142854,5.357142857142857,25,11.607142857142858,9.821428571428571,1.7857142857142856,0
E00097425,114,83,40,43,0,0,26,7,19,5,4,1,0,72.80701754385966,35.08771929824561,37.719298245614034,0,0,22.807017543859647,6.140350877192982,16.666666666666664,4.385964912280701,3.508771929824561,0.8771929824561403,0
E00097426,107,77,56,21,1,1,17,4,13,12,10,2,0,71.96261682242991,52.336448598130836,19.626168224299064,0.9345794392523363,0.9345794392523363,15.887850467289718,3.7383177570093453,12.149532710280374,11.214953271028037,9.345794392523365,1.8691588785046727,0
E00097427,84,78,42,36,0,0,0,0,0,6,6,0,0,92.85714285714286,50,42.857142857142854,0,0,0,0,0,7.142857142857142,7.142857142857142,0,0
E00097428,103,78,47,31,0,0,10,2,8,15,11,4,0,75.72815533980582,45.63106796116505,30.097087378640776,0,0,9.70873786407767,1.9417475728155338,7.766990291262135,14.563106796116504,10.679611650485436,3.8834951456310676,0
E00097429,109,82,59,23,0,0,4,1,3,23,16,7,0,75.22935779816514,54.12844036697248,21.100917431192663,0,0,3.669724770642202,0.9174311926605505,2.7522935779816518,21.100917431192663,14.678899082568808,6.422018348623854,0
E00097430,114,96,69,27,0,0,9,0,9,9,5,4,0,84.21052631578947,60.526315789473685,23.684210526315788,0,0,7.894736842105263,0,7.894736842105263,7.894736842105263,4.385964912280701,3.508771929824561,0
E00097431,120,109,82,27,0,0,1,0,1,10,8,2,0,90.83333333333333,68.33333333333333,22.5,0,0,0.8333333333333334,0,0.8333333333333334,8.333333333333332,6.666666666666667,1.6666666666666667,0
E00097432,149,136,103,33,0,0,2,1,1,11,7,4,0,91.2751677852349,69.12751677852349,22.14765100671141,0,0,1.342281879194631,0.6711409395973155,0.6711409395973155,7.38255033557047,4.697986577181208,2.684563758389262,0
E00097433,137,93,38,55,0,0,35,8,27,9,8,1,0,67.88321167883211,27.73722627737226,40.14598540145985,0,0,25.547445255474454,5.839416058394161,19.708029197080293,6.569343065693431,5.839416058394161,0.7299270072992701,0
E00097434,111,54,37,17,0,0,34,10,24,23,22,1,0,48.64864864864865,33.33333333333333,15.315315315315313,0,0,30.630630630630627,9.00900900900901,21.62162162162162,20.72072072072072,19.81981981981982,0.9009009009009009,0
E00097435,119,44,23,21,0,0,57,25,32,17,17,0,1,36.97478991596639,19.327731092436977,17.647058823529413,0,0,47.89915966386555,21.008403361344538,26.89075630252101,14.285714285714285,14.285714285714285,0,0.8403361344537815
E00097436,163,130,71,59,1,1,14,3,11,18,13,5,0,79.75460122699386,43.558282208588956,36.19631901840491,0.6134969325153374,0.6134969325153374,8.588957055214724,1.8404907975460123,6.748466257668712,11.042944785276074,7.975460122699387,3.067484662576687,0
E00097437,196,160,69,91,0,0,21,4,17,15,13,2,0,81.63265306122449,35.204081632653065,46.42857142857143,0,0,10.714285714285714,2.0408163265306123,8.673469387755102,7.653061224489796,6.63265306122449,1.0204081632653061,0
E00097438,110,75,57,18,0,0,4,3,1,31,26,5,0,68.18181818181817,51.81818181818182,16.363636363636363,0,0,3.6363636363636362,2.727272727272727,0.9090909090909091,28.18181818181818,23.636363636363637,4.545454545454546,0
E00097439,111,59,48,11,0,0,45,14,31,7,6,1,0,53.153153153153156,43.24324324324324,9.90990990990991,0,0,40.54054054054054,12.612612612612612,27.927927927927925,6.306306306306306,5.405405405405405,0.9009009009009009,0
E00097440,82,45,26,19,0,0,30,13,17,7,7,0,0,54.87804878048781,31.70731707317073,23.170731707317074,0,0,36.58536585365854,15.853658536585366,20.73170731707317,8.536585365853659,8.536585365853659,0,0
E00097441,167,125,86,39,1,1,8,0,8,33,17,16,0,74.8502994011976,51.49700598802395,23.353293413173652,0.5988023952095809,0.5988023952095809,4.790419161676647,0,4.790419161676647,19.760479041916167,10.179640718562874,9.580838323353294,0
E00097442,132,117,94,23,0,0,4,2,2,11,9,2,0,88.63636363636364,71.21212121212122,17.424242424242426,0,0,3.0303030303030303,1.5151515151515151,1.5151515151515151,8.333333333333332,6.8181818181818175,1.5151515151515151,0
E00097443,99,90,73,17,0,0,3,1,2,6,4,2,0,90.9090909090909,73.73737373737373,17.17171717171717,0,0,3.0303030303030303,1.0101010101010102,2.0202020202020203,6.0606060606060606,4.040404040404041,2.0202020202020203,0
E00097444,101,64,44,20,0,0,18,4,14,19,15,4,0,63.366336633663366,43.56435643564357,19.801980198019802,0,0,17.82178217821782,3.9603960396039604,13.861386138613863,18.81188118811881,14.85148514851485,3.9603960396039604,0
E00097445,128,114,90,24,0,0,1,0,1,13,11,2,0,89.0625,70.3125,18.75,0,0,0.78125,0,0.78125,10.15625,8.59375,1.5625,0
E00097446,139,103,55,48,0,0,8,0,8,28,27,1,0,74.10071942446042,39.568345323741006,34.53237410071942,0,0,5.755395683453238,0,5.755395683453238,20.14388489208633,19.424460431654676,0.7194244604316548,0
E00097447,134,64,53,11,18,18,26,0,26,26,22,4,0,47.76119402985074,39.55223880597015,8.208955223880597,13.432835820895523,13.432835820895523,19.402985074626866,0,19.402985074626866,19.402985074626866,16.417910447761194,2.9850746268656714,0
E00097448,137,39,19,20,3,3,61,3,58,34,28,6,0,28.467153284671532,13.86861313868613,14.5985401459854,2.18978102189781,2.18978102189781,44.52554744525548,2.18978102189781,42.33576642335766,24.817518248175183,20.437956204379564,4.37956204379562,0
E00097449,113,28,15,13,0,0,38,5,33,46,44,2,1,24.778761061946902,13.274336283185843,11.504424778761061,0,0,33.6283185840708,4.424778761061947,29.20353982300885,40.707964601769916,38.93805309734513,1.7699115044247788,0.8849557522123894
E00097450,106,12,9,3,0,0,82,15,67,12,11,1,0,11.320754716981133,8.49056603773585,2.8301886792452833,0,0,77.35849056603774,14.150943396226415,63.20754716981132,11.320754716981133,10.377358490566039,0.9433962264150944,0
E00097451,130,127,77,50,0,0,2,1,1,1,0,1,0,97.6923076923077,59.23076923076923,38.46153846153847,0,0,1.5384615384615385,0.7692307692307693,0.7692307692307693,0.7692307692307693,0,0.7692307692307693,0
E00097452,155,102,76,26,2,2,25,11,14,26,21,5,0,65.80645161290323,49.03225806451613,16.7741935483871,1.2903225806451613,1.2903225806451613,16.129032258064516,7.096774193548387,9.032258064516128,16.7741935483871,13.548387096774196,3.225806451612903,0
E00097453,147,114,63,51,21,21,2,1,1,10,8,2,0,77.55102040816327,42.857142857142854,34.69387755102041,14.285714285714285,14.285714285714285,1.3605442176870748,0.6802721088435374,0.6802721088435374,6.802721088435375,5.442176870748299,1.3605442176870748,0
E00097454,126,101,45,56,0,0,15,5,10,10,7,3,0,80.15873015873017,35.714285714285715,44.44444444444444,0,0,11.904761904761903,3.968253968253968,7.936507936507936,7.936507936507936,5.555555555555555,2.380952380952381,0
E00097455,117,77,39,38,0,0,35,10,25,5,3,2,0,65.8119658119658,33.33333333333333,32.47863247863248,0,0,29.914529914529915,8.547008547008547,21.367521367521366,4.273504273504273,2.564102564102564,1.7094017094017095,0
E00097456,110,108,61,47,0,0,1,0,1,1,1,0,0,98.18181818181819,55.45454545454545,42.72727272727273,0,0,0.9090909090909091,0,0.9090909090909091,0.9090909090909091,0.9090909090909091,0,0
E00097457,101,69,40,29,1,1,18,5,13,13,10,3,0,68.31683168316832,39.603960396039604,28.71287128712871,0.9900990099009901,0.9900990099009901,17.82178217821782,4.9504950495049505,12.871287128712872,12.871287128712872,9.900990099009901,2.9702970297029703,0
E00097458,186,55,42,13,1,1,46,16,30,84,75,9,0,29.56989247311828,22.58064516129032,6.989247311827956,0.5376344086021506,0.5376344086021506,24.731182795698924,8.60215053763441,16.129032258064516,45.16129032258064,40.32258064516129,4.838709677419355,0
E00097459,114,19,13,6,0,0,76,25,51,18,17,1,1,16.666666666666664,11.403508771929824,5.263157894736842,0,0,66.66666666666666,21.929824561403507,44.73684210526316,15.789473684210526,14.912280701754385,0.8771929824561403,0.8771929824561403
E00097460,130,39,31,8,0,0,54,19,35,37,32,5,0,30,23.846153846153847,6.153846153846154,0,0,41.53846153846154,14.615384615384617,26.923076923076923,28.46153846153846,24.615384615384617,3.8461538461538463,0
E00097461,143,43,28,15,0,0,52,7,45,48,41,7,0,30.069930069930066,19.58041958041958,10.48951048951049,0,0,36.36363636363637,4.895104895104895,31.46853146853147,33.56643356643357,28.671328671328673,4.895104895104895,0
E00097462,125,106,88,18,1,1,3,0,3,15,15,0,0,84.8,70.39999999999999,14.399999999999999,0.8,0.8,2.4,0,2.4,12,12,0,0
E00097463,111,92,62,30,0,0,1,0,1,18,14,4,0,82.88288288288288,55.85585585585585,27.027027027027028,0,0,0.9009009009009009,0,0.9009009009009009,16.216216216216218,12.612612612612612,3.6036036036036037,0
E00097464,112,60,33,27,2,2,49,4,45,1,0,1,0,53.57142857142857,29.464285714285715,24.107142857142858,1.7857142857142856,1.7857142857142856,43.75,3.571428571428571,40.17857142857143,0.8928571428571428,0,0.8928571428571428,0
E00097465,134,121,73,48,0,0,2,0,2,11,8,3,0,90.29850746268657,54.47761194029851,35.82089552238806,0,0,1.4925373134328357,0,1.4925373134328357,8.208955223880597,5.970149253731343,2.2388059701492535,0
E00097466,90,80,48,32,0,0,2,1,1,8,6,2,0,88.88888888888889,53.333333333333336,35.55555555555556,0,0,2.2222222222222223,1.1111111111111112,1.1111111111111112,8.88888888888889,6.666666666666667,2.2222222222222223,0
E00097467,121,87,49,38,0,0,28,13,15,6,3,3,0,71.900826446281,40.49586776859504,31.40495867768595,0,0,23.140495867768596,10.743801652892563,12.396694214876034,4.958677685950414,2.479338842975207,2.479338842975207,0
E00097468,105,71,32,39,0,0,24,10,14,10,7,3,0,67.61904761904762,30.476190476190478,37.142857142857146,0,0,22.857142857142858,9.523809523809524,13.333333333333334,9.523809523809524,6.666666666666667,2.857142857142857,0
E00097469,110,87,43,44,0,0,13,2,11,10,8,2,0,79.0909090909091,39.09090909090909,40,0,0,11.818181818181818,1.8181818181818181,10,9.090909090909092,7.2727272727272725,1.8181818181818181,0
E00097470,130,87,53,34,0,0,40,15,25,3,1,2,0,66.92307692307692,40.76923076923077,26.153846153846157,0,0,30.76923076923077,11.538461538461538,19.230769230769234,2.307692307692308,0.7692307692307693,1.5384615384615385,0
E00097471,125,101,65,36,0,0,17,5,12,7,6,1,0,80.80000000000001,52,28.799999999999997,0,0,13.600000000000001,4,9.6,5.6000000000000005,4.8,0.8,0
E00097472,119,90,33,57,0,0,23,10,13,6,4,2,0,75.63025210084034,27.73109243697479,47.89915966386555,0,0,19.327731092436977,8.403361344537815,10.92436974789916,5.042016806722689,3.361344537815126,1.680672268907563,0
E00097473,104,65,33,32,0,0,30,9,21,9,6,3,0,62.5,31.73076923076923,30.76923076923077,0,0,28.846153846153843,8.653846153846153,20.192307692307693,8.653846153846153,5.769230769230769,2.8846153846153846,0
E00097474,124,88,54,34,0,0,27,8,19,9,8,1,0,70.96774193548387,43.54838709677419,27.419354838709676,0,0,21.774193548387096,6.451612903225806,15.32258064516129,7.258064516129033,6.451612903225806,0.8064516129032258,0
E00097475,147,122,61,61,1,1,1,0,1,23,19,4,0,82.99319727891157,41.49659863945578,41.49659863945578,0.6802721088435374,0.6802721088435374,0.6802721088435374,0,0.6802721088435374,15.646258503401361,12.925170068027212,2.7210884353741496,0
E00097476,125,84,59,25,0,0,17,5,12,23,19,4,1,67.2,47.199999999999996,20,0,0,13.600000000000001,4,9.6,18.4,15.2,3.2,0.8
E00097477,115,78,38,40,1,1,26,12,14,10,8,2,0,67.82608695652173,33.04347826086956,34.78260869565217,0.8695652173913043,0.8695652173913043,22.608695652173914,10.434782608695652,12.173913043478262,8.695652173913043,6.956521739130435,1.7391304347826086,0
E00097478,121,74,43,31,0,0,36,18,18,11,10,1,0,61.15702479338842,35.53719008264463,25.6198347107438,0,0,29.75206611570248,14.87603305785124,14.87603305785124,9.090909090909092,8.264462809917356,0.8264462809917356,0
E00097479,121,84,44,40,0,0,18,8,10,19,16,3,0,69.42148760330579,36.36363636363637,33.057851239669425,0,0,14.87603305785124,6.6115702479338845,8.264462809917356,15.702479338842975,13.223140495867769,2.479338842975207,0
E00097480,109,19,12,7,0,0,85,12,73,5,5,0,0,17.431192660550458,11.009174311926607,6.422018348623854,0,0,77.98165137614679,11.009174311926607,66.97247706422019,4.587155963302752,4.587155963302752,0,0
E00097481,139,90,41,49,0,0,20,9,11,29,27,2,0,64.74820143884892,29.496402877697843,35.25179856115108,0,0,14.388489208633093,6.474820143884892,7.913669064748201,20.863309352517987,19.424460431654676,1.4388489208633095,0
E00097482,130,117,62,55,0,0,4,2,2,9,7,2,0,90,47.69230769230769,42.30769230769231,0,0,3.076923076923077,1.5384615384615385,1.5384615384615385,6.923076923076923,5.384615384615385,1.5384615384615385,0
E00097483,129,120,77,43,1,1,4,0,4,4,2,2,0,93.02325581395348,59.68992248062015,33.33333333333333,0.7751937984496124,0.7751937984496124,3.10077519379845,0,3.10077519379845,3.10077519379845,1.550387596899225,1.550387596899225,0
E00097484,118,106,63,43,0,0,5,3,2,7,5,2,0,89.83050847457628,53.38983050847458,36.440677966101696,0,0,4.23728813559322,2.5423728813559325,1.694915254237288,5.932203389830509,4.23728813559322,1.694915254237288,0
E00097485,125,117,75,42,0,0,1,1,0,7,6,1,0,93.60000000000001,60,33.6,0,0,0.8,0.8,0,5.6000000000000005,4.8,0.8,0
E00097486,148,141,55,86,0,0,3,2,1,4,4,0,0,95.27027027027027,37.16216216216216,58.108108108108105,0,0,2.027027027027027,1.3513513513513513,0.6756756756756757,2.7027027027027026,2.7027027027027026,0,0
E00097487,126,120,84,36,0,0,5,1,4,1,1,0,0,95.23809523809523,66.66666666666666,28.57142857142857,0,0,3.968253968253968,0.7936507936507936,3.1746031746031744,0.7936507936507936,0.7936507936507936,0,0
E00097488,134,129,66,63,0,0,1,1,0,4,3,1,0,96.26865671641791,49.25373134328358,47.01492537313433,0,0,0.7462686567164178,0.7462686567164178,0,2.9850746268656714,2.2388059701492535,0.7462686567164178,0
E00097489,122,116,65,51,0,0,0,0,0,6,4,2,0,95.08196721311475,53.278688524590166,41.80327868852459,0,0,0,0,0,4.918032786885246,3.278688524590164,1.639344262295082,0
E00097490,133,73,43,30,0,0,55,11,44,5,3,2,0,54.88721804511278,32.33082706766917,22.55639097744361,0,0,41.35338345864661,8.270676691729323,33.08270676691729,3.7593984962406015,2.2556390977443606,1.5037593984962405,0
E00097491,107,78,48,30,0,0,14,7,7,15,10,5,0,72.89719626168224,44.85981308411215,28.037383177570092,0,0,13.084112149532709,6.5420560747663545,6.5420560747663545,14.018691588785046,9.345794392523365,4.672897196261682,0
E00097492,119,96,51,45,0,0,7,2,5,16,16,0,0,80.67226890756302,42.857142857142854,37.81512605042017,0,0,5.88235294117647,1.680672268907563,4.201680672268908,13.445378151260504,13.445378151260504,0,0
E00097493,113,85,47,38,0,0,20,7,13,8,8,0,0,75.22123893805309,41.5929203539823,33.6283185840708,0,0,17.699115044247787,6.1946902654867255,11.504424778761061,7.079646017699115,7.079646017699115,0,0
E00097494,116,107,79,28,1,1,2,2,0,6,5,1,0,92.24137931034483,68.10344827586206,24.137931034482758,0.8620689655172413,0.8620689655172413,1.7241379310344827,1.7241379310344827,0,5.172413793103448,4.310344827586207,0.8620689655172413,0
E00097495,128,104,65,39,1,1,5,1,4,18,14,4,0,81.25,50.78125,30.46875,0.78125,0.78125,3.90625,0.78125,3.125,14.0625,10.9375,3.125,0
E00097496,114,84,43,41,0,0,4,1,3,26,19,7,0,73.68421052631578,37.719298245614034,35.96491228070175,0,0,3.508771929824561,0.8771929824561403,2.631578947368421,22.807017543859647,16.666666666666664,6.140350877192982,0
E00097497,77,54,31,23,0,0,16,3,13,6,3,3,1,70.12987012987013,40.25974025974026,29.87012987012987,0,0,20.77922077922078,3.896103896103896,16.883116883116884,7.792207792207792,3.896103896103896,3.896103896103896,1.2987012987012987
E00097498,132,70,35,35,2,2,52,14,38,8,8,0,0,53.03030303030303,26.515151515151516,26.515151515151516,1.5151515151515151,1.5151515151515151,39.39393939393939,10.606060606060606,28.78787878787879,6.0606060606060606,6.0606060606060606,0,0
E00097499,151,115,48,67,0,0,16,5,11,20,17,3,0,76.15894039735099,31.788079470198678,44.370860927152314,0,0,10.596026490066226,3.3112582781456954,7.28476821192053,13.245033112582782,11.258278145695364,1.9867549668874174,0
E00097500,132,116,86,30,0,0,0,0,0,16,15,1,0,87.87878787878788,65.15151515151516,22.727272727272727,0,0,0,0,0,12.121212121212121,11.363636363636363,0.7575757575757576,0
E00097501,148,89,36,53,0,0,33,6,27,24,20,4,2,60.13513513513513,24.324324324324326,35.810810810810814,0,0,22.2972972972973,4.054054054054054,18.243243243243242,16.216216216216218,13.513513513513514,2.7027027027027026,1.3513513513513513
E00097502,127,107,67,40,0,0,6,2,4,14,10,4,0,84.25196850393701,52.75590551181102,31.496062992125985,0,0,4.724409448818897,1.574803149606299,3.149606299212598,11.023622047244094,7.874015748031496,3.149606299212598,0
E00097503,125,101,47,54,0,0,17,7,10,7,5,2,0,80.80000000000001,37.6,43.2,0,0,13.600000000000001,5.6000000000000005,8,5.6000000000000005,4,1.6,0
E00097504,129,90,50,40,2,2,21,7,14,16,13,3,0,69.76744186046511,38.759689922480625,31.007751937984494,1.550387596899225,1.550387596899225,16.27906976744186,5.426356589147287,10.852713178294573,12.4031007751938,10.077519379844961,2.3255813953488373,0
E00097505,125,110,70,40,0,0,4,0,4,11,7,4,0,88,56.00000000000001,32,0,0,3.2,0,3.2,8.799999999999999,5.6000000000000005,3.2,0
E00097506,119,105,61,44,0,0,3,1,2,11,10,1,0,88.23529411764706,51.26050420168067,36.97478991596639,0,0,2.5210084033613445,0.8403361344537815,1.680672268907563,9.243697478991598,8.403361344537815,0.8403361344537815,0
E00097507,109,37,27,10,0,0,57,11,46,15,12,3,0,33.94495412844037,24.770642201834864,9.174311926605505,0,0,52.293577981651374,10.091743119266056,42.201834862385326,13.761467889908257,11.009174311926607,2.7522935779816518,0
E00097508,107,91,76,15,0,0,2,2,0,14,8,6,0,85.04672897196261,71.02803738317756,14.018691588785046,0,0,1.8691588785046727,1.8691588785046727,0,13.084112149532709,7.476635514018691,5.607476635514018,0
E00097509,118,99,61,38,1,1,9,1,8,9,6,3,0,83.89830508474576,51.69491525423729,32.20338983050847,0.847457627118644,0.847457627118644,7.627118644067797,0.847457627118644,6.779661016949152,7.627118644067797,5.084745762711865,2.5423728813559325,0
E00097510,123,113,77,36,0,0,2,0,2,8,2,6,0,91.869918699187,62.601626016260155,29.268292682926827,0,0,1.6260162601626018,0,1.6260162601626018,6.504065040650407,1.6260162601626018,4.878048780487805,0
E00097511,55,38,28,10,2,2,11,0,11,4,3,1,0,69.0909090909091,50.90909090909091,18.181818181818183,3.6363636363636362,3.6363636363636362,20,0,20,7.2727272727272725,5.454545454545454,1.8181818181818181,0
E00097512,154,133,91,42,0,0,2,0,2,19,13,6,0,86.36363636363636,59.09090909090909,27.27272727272727,0,0,1.2987012987012987,0,1.2987012987012987,12.337662337662337,8.441558441558442,3.896103896103896,0
E00097513,123,97,55,42,0,0,17,7,10,9,4,5,0,78.86178861788618,44.71544715447154,34.146341463414636,0,0,13.821138211382115,5.691056910569105,8.130081300813007,7.317073170731707,3.2520325203252036,4.0650406504065035,0
E00097514,118,73,35,38,0,0,38,3,35,7,4,3,0,61.86440677966102,29.66101694915254,32.20338983050847,0,0,32.20338983050847,2.5423728813559325,29.66101694915254,5.932203389830509,3.389830508474576,2.5423728813559325,0
E00097515,120,50,27,23,0,0,58,30,28,11,9,2,1,41.66666666666667,22.5,19.166666666666668,0,0,48.333333333333336,25,23.333333333333332,9.166666666666666,7.5,1.6666666666666667,0.8333333333333334
E00097516,124,44,25,19,0,0,74,39,35,6,5,1,0,35.483870967741936,20.161290322580644,15.32258064516129,0,0,59.67741935483871,31.451612903225808,28.225806451612907,4.838709677419355,4.032258064516129,0.8064516129032258,0
E00097517,105,59,33,26,0,0,41,18,23,5,4,1,0,56.19047619047619,31.428571428571427,24.761904761904763,0,0,39.04761904761905,17.142857142857142,21.904761904761905,4.761904761904762,3.8095238095238098,0.9523809523809524,0
E00097518,109,56,29,27,0,0,47,26,21,5,5,0,1,51.37614678899083,26.605504587155966,24.770642201834864,0,0,43.11926605504588,23.853211009174313,19.26605504587156,4.587155963302752,4.587155963302752,0,0.9174311926605505
E00097519,125,78,46,32,0,0,41,13,28,6,5,1,0,62.4,36.8,25.6,0,0,32.800000000000004,10.4,22.400000000000002,4.8,4,0.8,0
E00097520,115,69,33,36,0,0,40,20,20,6,3,3,0,60,28.695652173913043,31.30434782608696,0,0,34.78260869565217,17.391304347826086,17.391304347826086,5.217391304347826,2.608695652173913,2.608695652173913,0
E00097521,134,56,26,30,0,0,62,28,34,16,13,3,0,41.7910447761194,19.402985074626866,22.388059701492537,0,0,46.26865671641791,20.8955223880597,25.37313432835821,11.940298507462686,9.701492537313433,2.2388059701492535,0
E00097522,132,107,61,46,0,0,20,7,13,5,4,1,0,81.06060606060606,46.21212121212121,34.84848484848485,0,0,15.151515151515152,5.303030303030303,9.848484848484848,3.787878787878788,3.0303030303030303,0.7575757575757576,0
E00097523,115,69,40,29,0,0,37,17,20,9,7,2,0,60,34.78260869565217,25.217391304347824,0,0,32.17391304347826,14.782608695652174,17.391304347826086,7.82608695652174,6.086956521739131,1.7391304347826086,0
E00097524,112,83,54,29,0,0,19,11,8,10,7,3,0,74.10714285714286,48.214285714285715,25.892857142857146,0,0,16.964285714285715,9.821428571428571,7.142857142857142,8.928571428571429,6.25,2.6785714285714284,0
E00097525,127,81,43,38,0,0,34,13,21,12,9,3,0,63.77952755905512,33.85826771653544,29.92125984251969,0,0,26.77165354330709,10.236220472440944,16.535433070866144,9.448818897637794,7.086614173228346,2.3622047244094486,0
E00097526,126,66,35,31,0,0,52,23,29,8,6,2,0,52.38095238095239,27.77777777777778,24.6031746031746,0,0,41.269841269841265,18.253968253968253,23.015873015873016,6.349206349206349,4.761904761904762,1.5873015873015872,0
E00097527,117,90,53,37,0,0,19,10,9,8,4,4,0,76.92307692307693,45.2991452991453,31.62393162393162,0,0,16.23931623931624,8.547008547008547,7.6923076923076925,6.837606837606838,3.418803418803419,3.418803418803419,0
E00097528,125,85,40,45,0,0,27,4,23,13,11,2,0,68,32,36,0,0,21.6,3.2,18.4,10.4,8.799999999999999,1.6,0
E00097529,155,113,54,59,0,0,21,5,16,21,17,4,0,72.90322580645162,34.83870967741935,38.064516129032256,0,0,13.548387096774196,3.225806451612903,10.32258064516129,13.548387096774196,10.967741935483872,2.5806451612903225,0
E00097530,151,139,86,53,0,0,3,2,1,9,8,1,0,92.05298013245033,56.95364238410596,35.099337748344375,0,0,1.9867549668874174,1.3245033112582782,0.6622516556291391,5.960264900662252,5.298013245033113,0.6622516556291391,0
E00097531,126,118,77,41,0,0,3,0,3,5,3,2,0,93.65079365079364,61.111111111111114,32.53968253968254,0,0,2.380952380952381,0,2.380952380952381,3.968253968253968,2.380952380952381,1.5873015873015872,0
E00097532,126,81,50,31,0,0,6,2,4,39,39,0,0,64.28571428571429,39.682539682539684,24.6031746031746,0,0,4.761904761904762,1.5873015873015872,3.1746031746031744,30.952380952380953,30.952380952380953,0,0
E00097533,118,83,55,28,0,0,10,3,7,25,23,2,0,70.33898305084746,46.61016949152542,23.728813559322035,0,0,8.47457627118644,2.5423728813559325,5.932203389830509,21.1864406779661,19.491525423728813,1.694915254237288,0
E00097534,127,75,49,26,0,0,35,9,26,16,11,5,1,59.055118110236215,38.582677165354326,20.47244094488189,0,0,27.559055118110237,7.086614173228346,20.47244094488189,12.598425196850393,8.661417322834646,3.937007874015748,0.7874015748031495
E00097535,143,111,68,43,0,0,0,0,0,32,23,9,0,77.62237762237763,47.55244755244755,30.069930069930066,0,0,0,0,0,22.377622377622377,16.083916083916083,6.293706293706294,0
E00097536,112,47,29,18,0,0,46,9,37,18,17,1,1,41.964285714285715,25.892857142857146,16.071428571428573,0,0,41.07142857142857,8.035714285714286,33.035714285714285,16.071428571428573,15.178571428571427,0.8928571428571428,0.8928571428571428
E00097537,169,93,53,40,1,1,8,1,7,67,58,9,0,55.02958579881657,31.360946745562128,23.668639053254438,0.591715976331361,0.591715976331361,4.733727810650888,0.591715976331361,4.142011834319527,39.64497041420118,34.319526627218934,5.325443786982249,0
E00097538,140,132,81,51,0,0,5,2,3,3,1,2,0,94.28571428571428,57.85714285714286,36.42857142857142,0,0,3.571428571428571,1.4285714285714286,2.142857142857143,2.142857142857143,0.7142857142857143,1.4285714285714286,0
E00097539,151,107,88,19,1,1,32,11,21,11,9,2,0,70.86092715231787,58.27814569536424,12.582781456953644,0.6622516556291391,0.6622516556291391,21.192052980132452,7.28476821192053,13.90728476821192,7.28476821192053,5.960264900662252,1.3245033112582782,0
E00097540,132,87,59,28,0,0,18,5,13,26,23,3,1,65.9090909090909,44.696969696969695,21.21212121212121,0,0,13.636363636363635,3.787878787878788,9.848484848484848,19.696969696969695,17.424242424242426,2.272727272727273,0.7575757575757576
E00097541,117,36,23,13,0,0,61,14,47,20,17,3,0,30.76923076923077,19.65811965811966,11.11111111111111,0,0,52.13675213675214,11.965811965811966,40.17094017094017,17.094017094017094,14.529914529914532,2.564102564102564,0
E00097542,124,69,30,39,0,0,23,6,17,32,30,2,0,55.64516129032258,24.193548387096776,31.451612903225808,0,0,18.548387096774192,4.838709677419355,13.709677419354838,25.806451612903224,24.193548387096776,1.6129032258064515,0
E00097543,136,130,97,33,0,0,1,1,0,5,2,3,0,95.58823529411765,71.32352941176471,24.264705882352942,0,0,0.7352941176470588,0.7352941176470588,0,3.6764705882352944,1.4705882352941175,2.2058823529411766,0
E00097544,68,48,28,20,0,0,4,1,3,16,12,4,0,70.58823529411765,41.17647058823529,29.411764705882355,0,0,5.88235294117647,1.4705882352941175,4.411764705882353,23.52941176470588,17.647058823529413,5.88235294117647,0
E00097545,120,87,50,37,0,0,8,0,8,25,19,6,0,72.5,41.66666666666667,30.833333333333336,0,0,6.666666666666667,0,6.666666666666667,20.833333333333336,15.833333333333332,5,0
E00097546,130,122,74,48,0,0,0,0,0,8,7,1,0,93.84615384615384,56.92307692307692,36.92307692307693,0,0,0,0,0,6.153846153846154,5.384615384615385,0.7692307692307693,0
E00097547,177,155,94,61,2,2,4,1,3,16,14,2,0,87.57062146892656,53.10734463276836,34.463276836158194,1.1299435028248588,1.1299435028248588,2.2598870056497176,0.5649717514124294,1.694915254237288,9.03954802259887,7.909604519774012,1.1299435028248588,0
E00097548,129,106,72,34,0,0,1,0,1,22,17,5,0,82.17054263565892,55.81395348837209,26.356589147286826,0,0,0.7751937984496124,0,0.7751937984496124,17.05426356589147,13.178294573643413,3.875968992248062,0
E00097549,129,87,48,39,3,3,17,3,14,22,20,2,0,67.44186046511628,37.2093023255814,30.23255813953488,2.3255813953488373,2.3255813953488373,13.178294573643413,2.3255813953488373,10.852713178294573,17.05426356589147,15.503875968992247,1.550387596899225,0
E00097550,81,26,17,9,0,0,46,20,26,9,7,2,0,32.098765432098766,20.98765432098765,11.11111111111111,0,0,56.79012345679012,24.691358024691358,32.098765432098766,11.11111111111111,8.641975308641975,2.4691358024691357,0
E00097551,176,87,25,62,0,0,77,24,53,10,9,1,2,49.43181818181818,14.204545454545455,35.22727272727273,0,0,43.75,13.636363636363635,30.113636363636363,5.681818181818182,5.113636363636364,0.5681818181818182,1.1363636363636365
E00097553,130,29,23,6,1,1,99,57,42,1,1,0,0,22.30769230769231,17.692307692307693,4.615384615384616,0.7692307692307693,0.7692307692307693,76.15384615384615,43.84615384615385,32.30769230769231,0.7692307692307693,0.7692307692307693,0,0
E00097554,145,47,36,11,0,0,63,22,41,34,32,2,1,32.41379310344827,24.82758620689655,7.586206896551724,0,0,43.44827586206896,15.172413793103448,28.27586206896552,23.448275862068964,22.06896551724138,1.3793103448275863,0.6896551724137931
E00097555,165,143,60,83,0,0,2,0,2,20,18,2,0,86.66666666666667,36.36363636363637,50.303030303030305,0,0,1.2121212121212122,0,1.2121212121212122,12.121212121212121,10.909090909090908,1.2121212121212122,0
E00097556,115,45,29,16,0,0,56,27,29,13,8,5,1,39.130434782608695,25.217391304347824,13.91304347826087,0,0,48.69565217391305,23.47826086956522,25.217391304347824,11.304347826086957,6.956521739130435,4.3478260869565215,0.8695652173913043
E00097557,116,98,45,53,0,0,1,0,1,17,13,4,0,84.48275862068965,38.793103448275865,45.689655172413794,0,0,0.8620689655172413,0,0.8620689655172413,14.655172413793101,11.206896551724139,3.4482758620689653,0
E00097558,103,30,15,15,0,0,62,21,41,11,10,1,0,29.126213592233007,14.563106796116504,14.563106796116504,0,0,60.19417475728155,20.388349514563107,39.80582524271845,10.679611650485436,9.70873786407767,0.9708737864077669,0
E00097559,85,30,13,17,0,0,52,21,31,3,2,1,0,35.294117647058826,15.294117647058824,20,0,0,61.1764705882353,24.705882352941178,36.470588235294116,3.5294117647058822,2.3529411764705883,1.1764705882352942,0
E00097560,95,92,65,27,1,1,0,0,0,2,1,1,0,96.84210526315789,68.42105263157895,28.421052631578945,1.0526315789473684,1.0526315789473684,0,0,0,2.1052631578947367,1.0526315789473684,1.0526315789473684,0
E00097561,86,72,58,14,0,0,6,0,6,8,7,1,0,83.72093023255815,67.44186046511628,16.27906976744186,0,0,6.976744186046512,0,6.976744186046512,9.30232558139535,8.13953488372093,1.1627906976744187,0
E00097562,108,66,45,21,0,0,17,0,17,25,16,9,0,61.111111111111114,41.66666666666667,19.444444444444446,0,0,15.74074074074074,0,15.74074074074074,23.14814814814815,14.814814814814813,8.333333333333332,0
E00097563,127,106,82,24,1,1,6,1,5,14,9,5,0,83.46456692913385,64.56692913385827,18.89763779527559,0.7874015748031495,0.7874015748031495,4.724409448818897,0.7874015748031495,3.937007874015748,11.023622047244094,7.086614173228346,3.937007874015748,0
E00097564,121,97,59,38,0,0,1,1,0,23,20,3,0,80.16528925619835,48.760330578512395,31.40495867768595,0,0,0.8264462809917356,0.8264462809917356,0,19.00826446280992,16.528925619834713,2.479338842975207,0
E00097565,162,149,84,65,0,0,2,0,2,11,10,1,0,91.9753086419753,51.85185185185185,40.123456790123456,0,0,1.2345679012345678,0,1.2345679012345678,6.790123456790123,6.172839506172839,0.6172839506172839,0
E00097566,118,111,63,48,0,0,2,0,2,4,1,3,1,94.0677966101695,53.38983050847458,40.67796610169492,0,0,1.694915254237288,0,1.694915254237288,3.389830508474576,0.847457627118644,2.5423728813559325,0.847457627118644
E00097567,117,103,68,35,0,0,2,0,2,12,9,3,0,88.03418803418803,58.119658119658126,29.914529914529915,0,0,1.7094017094017095,0,1.7094017094017095,10.256410256410255,7.6923076923076925,2.564102564102564,0
E00097568,138,126,66,60,0,0,2,2,0,10,8,2,0,91.30434782608695,47.82608695652174,43.47826086956522,0,0,1.4492753623188406,1.4492753623188406,0,7.246376811594203,5.797101449275362,1.4492753623188406,0
E00097569,140,126,75,51,0,0,3,1,2,11,8,3,0,90,53.57142857142857,36.42857142857142,0,0,2.142857142857143,0.7142857142857143,1.4285714285714286,7.857142857142857,5.714285714285714,2.142857142857143,0
E00171125,137,132,116,16,1,1,1,0,1,3,3,0,0,96.35036496350365,84.67153284671532,11.678832116788321,0.7299270072992701,0.7299270072992701,0.7299270072992701,0,0.7299270072992701,2.18978102189781,2.18978102189781,0,0
E00171126,136,117,77,40,0,0,2,0,2,17,14,3,0,86.02941176470588,56.61764705882353,29.411764705882355,0,0,1.4705882352941175,0,1.4705882352941175,12.5,10.294117647058822,2.2058823529411766,0
E00179294,70,61,36,25,0,0,4,2,2,5,5,0,0,87.14285714285714,51.42857142857142,35.714285714285715,0,0,5.714285714285714,2.857142857142857,2.857142857142857,7.142857142857142,7.142857142857142,0,0
E00179304,192,186,17,169,0,0,0,0,0,6,6,0,0,96.875,8.854166666666668,88.02083333333334,0,0,0,0,0,3.125,3.125,0,0
