OA,ts0390001,ts0390002,ts0390003,ts0390004,ts0390005,ts0390006,ts0390007,ts0390008,ts0390009,ts0390002_PCT,ts0390003_PCT,ts0390004_PCT,ts0390005_PCT,ts0390006_PCT,ts0390007_PCT,ts0390008_PCT,ts0390009_PCT
E00044139,240,212,9,6,3,6,2,4,13,88.33333333333333,3.75,2.5,1.25,2.5,0.8333333333333334,1.6666666666666667,5.416666666666667
E00044140,280,241,23,20,3,9,2,7,7,86.07142857142858,8.214285714285714,7.142857142857142,1.0714285714285714,3.214285714285714,0.7142857142857143,2.5,2.5
E00044141,257,232,6,4,2,6,3,3,13,90.27237354085604,2.3346303501945527,1.556420233463035,0.7782101167315175,2.3346303501945527,1.1673151750972763,1.1673151750972763,5.058365758754864
E00044142,265,232,10,4,6,10,4,6,13,87.54716981132076,3.7735849056603774,1.509433962264151,2.2641509433962264,3.7735849056603774,1.509433962264151,2.2641509433962264,4.905660377358491
E00044143,263,228,16,11,5,9,8,1,10,86.69201520912547,6.083650190114068,4.182509505703422,1.9011406844106464,3.4220532319391634,3.041825095057034,0.38022813688212925,3.802281368821293
E00044144,209,192,3,1,2,6,1,5,8,91.86602870813397,1.4354066985645932,0.4784688995215311,0.9569377990430622,2.8708133971291865,0.4784688995215311,2.3923444976076556,3.827751196172249
E00044145,310,283,5,3,2,16,5,11,6,91.29032258064517,1.6129032258064515,0.967741935483871,0.6451612903225806,5.161290322580645,1.6129032258064515,3.5483870967741935,1.935483870967742
E00044146,308,284,5,5,0,9,6,3,10,92.20779220779221,1.6233766233766231,1.6233766233766231,0,2.922077922077922,1.948051948051948,0.974025974025974,3.2467532467532463
E00044147,232,199,5,4,1,8,1,7,20,85.77586206896551,2.1551724137931036,1.7241379310344827,0.43103448275862066,3.4482758620689653,0.43103448275862066,3.0172413793103448,8.620689655172415
E00044148,296,265,9,4,5,10,5,5,12,89.52702702702703,3.040540540540541,1.3513513513513513,1.6891891891891893,3.3783783783783785,1.6891891891891893,1.6891891891891893,4.054054054054054
E00044149,218,198,6,5,1,9,4,5,5,90.82568807339449,2.7522935779816518,2.293577981651376,0.45871559633027525,4.128440366972478,1.834862385321101,2.293577981651376,2.293577981651376
E00044150,243,208,13,7,6,9,2,7,13,85.59670781893004,5.349794238683128,2.880658436213992,2.4691358024691357,3.7037037037037033,0.823045267489712,2.880658436213992,5.349794238683128
E00044151,352,303,27,17,10,10,4,6,12,86.07954545454545,7.670454545454546,4.829545454545454,2.840909090909091,2.840909090909091,1.1363636363636365,1.7045454545454544,3.4090909090909087
E00044152,245,225,4,3,1,6,2,4,10,91.83673469387756,1.6326530612244898,1.2244897959183674,0.40816326530612246,2.4489795918367347,0.8163265306122449,1.6326530612244898,4.081632653061225
E00044153,327,283,14,9,5,13,4,9,17,86.54434250764525,4.281345565749235,2.7522935779816518,1.529051987767584,3.9755351681957185,1.2232415902140672,2.7522935779816518,5.198776758409786
E00044154,230,211,5,4,1,5,4,1,9,91.73913043478261,2.1739130434782608,1.7391304347826086,0.43478260869565216,2.1739130434782608,1.7391304347826086,0.43478260869565216,3.91304347826087
E00044155,179,158,7,5,2,5,1,4,9,88.26815642458101,3.910614525139665,2.793296089385475,1.1173184357541899,2.793296089385475,0.5586592178770949,2.2346368715083798,5.027932960893855
E00044156,261,225,15,4,11,7,3,4,14,86.20689655172413,5.747126436781609,1.532567049808429,4.21455938697318,2.681992337164751,1.1494252873563218,1.532567049808429,5.363984674329502
E00044157,278,250,11,8,3,8,8,0,9,89.92805755395683,3.9568345323741005,2.877697841726619,1.079136690647482,2.877697841726619,2.877697841726619,0,3.237410071942446
E00044158,230,200,12,10,2,7,1,6,11,86.95652173913044,5.217391304347826,4.3478260869565215,0.8695652173913043,3.0434782608695654,0.43478260869565216,2.608695652173913,4.782608695652174
E00044159,289,254,14,7,7,9,5,4,12,87.88927335640139,4.844290657439446,2.422145328719723,2.422145328719723,3.1141868512110724,1.7301038062283738,1.384083044982699,4.1522491349480966
E00044160,291,265,7,7,0,8,2,6,11,91.06529209621993,2.405498281786942,2.405498281786942,0,2.7491408934707904,0.6872852233676976,2.0618556701030926,3.7800687285223367
E00044161,277,236,23,18,5,8,3,5,10,85.1985559566787,8.303249097472925,6.4981949458483745,1.8050541516245486,2.888086642599278,1.083032490974729,1.8050541516245486,3.6101083032490973
E00044162,287,260,5,3,2,10,3,7,12,90.59233449477352,1.7421602787456445,1.0452961672473868,0.6968641114982579,3.484320557491289,1.0452961672473868,2.4390243902439024,4.181184668989547
E00044163,243,204,11,5,6,9,7,2,19,83.9506172839506,4.526748971193416,2.05761316872428,2.4691358024691357,3.7037037037037033,2.880658436213992,0.823045267489712,7.818930041152264
E00044164,294,262,8,5,3,8,1,7,16,89.1156462585034,2.7210884353741496,1.7006802721088436,1.0204081632653061,2.7210884353741496,0.3401360544217687,2.380952380952381,5.442176870748299
E00044165,326,288,21,16,5,8,3,5,9,88.34355828220859,6.441717791411043,4.9079754601226995,1.5337423312883436,2.4539877300613497,0.9202453987730062,1.5337423312883436,2.7607361963190185
E00044166,233,198,9,7,2,4,1,3,22,84.97854077253218,3.862660944206009,3.004291845493562,0.8583690987124464,1.7167381974248928,0.4291845493562232,1.2875536480686696,9.44206008583691
E00044167,223,206,6,1,5,3,1,2,8,92.37668161434978,2.690582959641256,0.4484304932735426,2.242152466367713,1.345291479820628,0.4484304932735426,0.8968609865470852,3.587443946188341
E00044168,152,140,4,4,0,2,0,2,6,92.10526315789474,2.631578947368421,2.631578947368421,0,1.3157894736842104,0,1.3157894736842104,3.9473684210526314
E00044169,263,230,8,5,3,6,3,3,19,87.45247148288973,3.041825095057034,1.9011406844106464,1.1406844106463878,2.2813688212927756,1.1406844106463878,1.1406844106463878,7.224334600760455
E00044170,250,225,9,5,4,7,4,3,9,90,3.5999999999999996,2,1.6,2.8000000000000003,1.6,1.2,3.5999999999999996
E00044171,253,215,6,5,1,9,3,6,23,84.98023715415019,2.371541501976284,1.9762845849802373,0.3952569169960474,3.557312252964427,1.185770750988142,2.371541501976284,9.090909090909092
E00044172,254,228,10,7,3,11,4,7,5,89.76377952755905,3.937007874015748,2.7559055118110236,1.1811023622047243,4.330708661417323,1.574803149606299,2.7559055118110236,1.968503937007874
E00044173,259,235,9,5,4,8,2,6,7,90.73359073359073,3.474903474903475,1.9305019305019304,1.5444015444015444,3.088803088803089,0.7722007722007722,2.3166023166023164,2.7027027027027026
E00044174,179,161,4,0,4,1,1,0,13,89.94413407821229,2.2346368715083798,0,2.2346368715083798,0.5586592178770949,0.5586592178770949,0,7.262569832402235
E00044175,279,248,9,5,4,5,4,1,17,88.88888888888889,3.225806451612903,1.7921146953405016,1.4336917562724014,1.7921146953405016,1.4336917562724014,0.35842293906810035,6.093189964157706
E00044176,167,147,8,7,1,8,2,6,4,88.02395209580838,4.790419161676647,4.191616766467066,0.5988023952095809,4.790419161676647,1.1976047904191618,3.592814371257485,2.3952095808383236
E00044177,317,288,5,3,2,7,2,5,17,90.85173501577287,1.5772870662460567,0.9463722397476341,0.6309148264984227,2.2082018927444795,0.6309148264984227,1.5772870662460567,5.3627760252365935
E00044178,251,224,4,1,3,9,5,4,14,89.2430278884462,1.593625498007968,0.398406374501992,1.1952191235059761,3.5856573705179287,1.9920318725099602,1.593625498007968,5.577689243027888
E00044179,144,133,3,2,1,7,0,7,1,92.36111111111111,2.083333333333333,1.3888888888888888,0.6944444444444444,4.861111111111112,0,4.861111111111112,0.6944444444444444
E00044180,222,189,6,3,3,13,8,5,14,85.13513513513513,2.7027027027027026,1.3513513513513513,1.3513513513513513,5.8558558558558556,3.6036036036036037,2.2522522522522523,6.306306306306306
E00044181,189,170,9,7,2,3,3,0,7,89.94708994708994,4.761904761904762,3.7037037037037033,1.0582010582010581,1.5873015873015872,1.5873015873015872,0,3.7037037037037033
E00044182,234,210,11,9,2,5,2,3,8,89.74358974358975,4.700854700854701,3.8461538461538463,0.8547008547008548,2.1367521367521367,0.8547008547008548,1.282051282051282,3.418803418803419
E00044183,226,203,12,10,2,6,3,3,5,89.82300884955751,5.3097345132743365,4.424778761061947,0.8849557522123894,2.6548672566371683,1.3274336283185841,1.3274336283185841,2.2123893805309733
E00044185,294,267,9,5,4,10,4,6,8,90.81632653061224,3.061224489795918,1.7006802721088436,1.3605442176870748,3.4013605442176873,1.3605442176870748,2.0408163265306123,2.7210884353741496
E00044187,259,233,8,4,4,6,3,3,12,89.96138996138995,3.088803088803089,1.5444015444015444,1.5444015444015444,2.3166023166023164,1.1583011583011582,1.1583011583011582,4.633204633204633
E00044188,214,193,3,2,1,9,2,7,9,90.18691588785047,1.4018691588785046,0.9345794392523363,0.46728971962616817,4.205607476635514,0.9345794392523363,3.2710280373831773,4.205607476635514
E00044189,261,235,6,4,2,10,3,7,10,90.03831417624522,2.2988505747126435,1.532567049808429,0.7662835249042145,3.8314176245210727,1.1494252873563218,2.681992337164751,3.8314176245210727
E00044190,263,238,15,10,5,4,1,3,6,90.49429657794677,5.7034220532319395,3.802281368821293,1.9011406844106464,1.520912547528517,0.38022813688212925,1.1406844106463878,2.2813688212927756
E00044191,504,463,23,11,12,15,10,5,3,91.86507936507937,4.563492063492063,2.1825396825396823,2.380952380952381,2.976190476190476,1.984126984126984,0.992063492063492,0.5952380952380952
E00044193,271,245,15,13,2,8,6,2,3,90.40590405904058,5.535055350553505,4.797047970479705,0.7380073800738007,2.952029520295203,2.214022140221402,0.7380073800738007,1.107011070110701
E00044194,207,188,7,5,2,4,3,1,8,90.82125603864735,3.3816425120772946,2.4154589371980677,0.966183574879227,1.932367149758454,1.4492753623188406,0.4830917874396135,3.864734299516908
E00044195,120,105,4,1,3,6,5,1,5,87.5,3.3333333333333335,0.8333333333333334,2.5,5,4.166666666666666,0.8333333333333334,4.166666666666666
E00044196,250,222,9,5,4,7,2,5,12,88.8,3.5999999999999996,2,1.6,2.8000000000000003,0.8,2,4.8
E00044197,220,201,8,6,2,2,1,1,9,91.36363636363637,3.6363636363636362,2.727272727272727,0.9090909090909091,0.9090909090909091,0.45454545454545453,0.45454545454545453,4.090909090909091
E00044198,253,238,4,3,1,8,3,5,3,94.0711462450593,1.5810276679841897,1.185770750988142,0.3952569169960474,3.1620553359683794,1.185770750988142,1.9762845849802373,1.185770750988142
E00044199,327,287,8,7,1,19,9,10,13,87.76758409785933,2.4464831804281344,2.1406727828746175,0.3058103975535168,5.81039755351682,2.7522935779816518,3.058103975535168,3.9755351681957185
E00044200,406,371,23,14,9,9,3,6,3,91.37931034482759,5.665024630541872,3.4482758620689653,2.2167487684729066,2.2167487684729066,0.7389162561576355,1.477832512315271,0.7389162561576355
E00044201,328,302,10,8,2,9,3,6,7,92.07317073170732,3.048780487804878,2.4390243902439024,0.6097560975609756,2.7439024390243905,0.9146341463414633,1.8292682926829267,2.1341463414634148
E00044202,283,260,8,5,3,3,3,0,12,91.87279151943463,2.8268551236749118,1.76678445229682,1.0600706713780919,1.0600706713780919,1.0600706713780919,0,4.240282685512367
E00044203,221,199,4,2,2,3,0,3,15,90.04524886877829,1.809954751131222,0.904977375565611,0.904977375565611,1.3574660633484164,0,1.3574660633484164,6.787330316742081
E00044204,265,233,20,15,5,5,3,2,7,87.9245283018868,7.547169811320755,5.660377358490567,1.8867924528301887,1.8867924528301887,1.1320754716981132,0.7547169811320755,2.6415094339622645
E00044205,300,283,9,5,4,4,0,4,4,94.33333333333334,3,1.6666666666666667,1.3333333333333335,1.3333333333333335,0,1.3333333333333335,1.3333333333333335
E00044206,297,268,11,5,6,5,3,2,13,90.23569023569024,3.7037037037037033,1.6835016835016834,2.0202020202020203,1.6835016835016834,1.0101010101010102,0.6734006734006733,4.377104377104377
E00044207,273,246,16,9,7,2,2,0,9,90.10989010989012,5.86080586080586,3.296703296703297,2.564102564102564,0.7326007326007326,0.7326007326007326,0,3.296703296703297
E00044208,289,275,6,5,1,4,0,4,4,95.15570934256056,2.0761245674740483,1.7301038062283738,0.34602076124567477,1.384083044982699,0,1.384083044982699,1.384083044982699
E00044209,285,252,16,12,4,9,4,5,8,88.42105263157895,5.614035087719298,4.2105263157894735,1.4035087719298245,3.1578947368421053,1.4035087719298245,1.7543859649122806,2.807017543859649
E00044210,279,241,13,8,5,6,1,5,19,86.37992831541219,4.659498207885305,2.867383512544803,1.7921146953405016,2.1505376344086025,0.35842293906810035,1.7921146953405016,6.810035842293908
E00044211,202,180,5,3,2,4,1,3,13,89.10891089108911,2.4752475247524752,1.4851485148514851,0.9900990099009901,1.9801980198019802,0.49504950495049505,1.4851485148514851,6.435643564356436
E00044212,266,220,10,8,2,11,3,8,25,82.70676691729322,3.7593984962406015,3.007518796992481,0.7518796992481203,4.135338345864661,1.1278195488721803,3.007518796992481,9.398496240601503
E00044213,322,281,13,8,5,10,5,5,18,87.26708074534162,4.037267080745342,2.484472049689441,1.5527950310559007,3.1055900621118013,1.5527950310559007,1.5527950310559007,5.590062111801243
E00044214,274,222,31,19,12,12,7,5,9,81.02189781021897,11.313868613138686,6.934306569343065,4.37956204379562,4.37956204379562,2.5547445255474455,1.824817518248175,3.2846715328467155
E00044216,311,282,7,3,4,9,4,5,13,90.67524115755627,2.2508038585209005,0.964630225080386,1.2861736334405145,2.8938906752411575,1.2861736334405145,1.607717041800643,4.180064308681672
E00044217,222,196,6,5,1,9,5,4,11,88.28828828828829,2.7027027027027026,2.2522522522522523,0.45045045045045046,4.054054054054054,2.2522522522522523,1.8018018018018018,4.954954954954955
E00044218,292,265,19,13,6,3,2,1,5,90.75342465753424,6.506849315068493,4.4520547945205475,2.054794520547945,1.0273972602739725,0.684931506849315,0.3424657534246575,1.7123287671232876
E00044219,283,247,20,12,8,8,5,3,8,87.27915194346289,7.06713780918728,4.240282685512367,2.8268551236749118,2.8268551236749118,1.76678445229682,1.0600706713780919,2.8268551236749118
E00044220,266,234,16,11,5,8,2,6,8,87.96992481203007,6.015037593984962,4.135338345864661,1.8796992481203008,3.007518796992481,0.7518796992481203,2.2556390977443606,3.007518796992481
E00044221,159,140,6,4,2,3,1,2,10,88.0503144654088,3.7735849056603774,2.515723270440252,1.257861635220126,1.8867924528301887,0.628930817610063,1.257861635220126,6.289308176100629
E00044222,393,362,16,7,9,8,4,4,7,92.1119592875318,4.071246819338422,1.7811704834605597,2.2900763358778624,2.035623409669211,1.0178117048346056,1.0178117048346056,1.7811704834605597
E00044224,280,242,20,11,9,7,3,4,11,86.42857142857143,7.142857142857142,3.9285714285714284,3.214285714285714,2.5,1.0714285714285714,1.4285714285714286,3.9285714285714284
E00044226,348,311,18,10,8,9,3,6,10,89.36781609195403,5.172413793103448,2.8735632183908044,2.2988505747126435,2.586206896551724,0.8620689655172413,1.7241379310344827,2.8735632183908044
E00044227,233,204,6,4,2,9,3,6,14,87.55364806866953,2.575107296137339,1.7167381974248928,0.8583690987124464,3.862660944206009,1.2875536480686696,2.575107296137339,6.008583690987124
E00044228,208,177,13,8,5,11,7,4,7,85.09615384615384,6.25,3.8461538461538463,2.403846153846154,5.288461538461538,3.3653846153846154,1.9230769230769231,3.3653846153846154
E00044230,167,147,5,4,1,8,1,7,7,88.02395209580838,2.9940119760479043,2.3952095808383236,0.5988023952095809,4.790419161676647,0.5988023952095809,4.191616766467066,4.191616766467066
E00044231,163,160,1,1,0,2,1,1,0,98.15950920245399,0.6134969325153374,0.6134969325153374,0,1.2269938650306749,0.6134969325153374,0.6134969325153374,0
E00044232,252,223,8,5,3,10,4,6,11,88.4920634920635,3.1746031746031744,1.984126984126984,1.1904761904761905,3.968253968253968,1.5873015873015872,2.380952380952381,4.365079365079365
E00044233,263,237,4,2,2,8,0,8,14,90.11406844106465,1.520912547528517,0.7604562737642585,0.7604562737642585,3.041825095057034,0,3.041825095057034,5.323193916349809
E00044234,253,228,8,5,3,7,1,6,10,90.11857707509881,3.1620553359683794,1.9762845849802373,1.185770750988142,2.766798418972332,0.3952569169960474,2.371541501976284,3.9525691699604746
E00044235,148,136,5,0,5,1,1,0,6,91.8918918918919,3.3783783783783785,0,3.3783783783783785,0.6756756756756757,0.6756756756756757,0,4.054054054054054
E00044236,352,309,27,25,2,3,1,2,13,87.7840909090909,7.670454545454546,7.1022727272727275,0.5681818181818182,0.8522727272727272,0.2840909090909091,0.5681818181818182,3.6931818181818183
E00044237,370,337,10,3,7,14,6,8,9,91.08108108108108,2.7027027027027026,0.8108108108108109,1.891891891891892,3.783783783783784,1.6216216216216217,2.1621621621621623,2.4324324324324325
E00044238,258,228,21,12,9,4,1,3,5,88.37209302325581,8.13953488372093,4.651162790697675,3.488372093023256,1.550387596899225,0.3875968992248062,1.1627906976744187,1.937984496124031
E00044239,255,227,8,6,2,7,5,2,13,89.01960784313725,3.1372549019607843,2.3529411764705883,0.7843137254901961,2.7450980392156863,1.9607843137254901,0.7843137254901961,5.098039215686274
E00044240,269,240,15,7,8,3,1,2,11,89.21933085501858,5.5762081784386615,2.6022304832713754,2.973977695167286,1.1152416356877324,0.37174721189591076,0.7434944237918215,4.089219330855019
E00044241,299,268,19,10,9,5,4,1,7,89.63210702341136,6.354515050167224,3.3444816053511706,3.0100334448160537,1.6722408026755853,1.3377926421404682,0.33444816053511706,2.341137123745819
E00044242,351,305,27,24,3,8,5,3,11,86.8945868945869,7.6923076923076925,6.837606837606838,0.8547008547008548,2.2792022792022792,1.4245014245014245,0.8547008547008548,3.133903133903134
E00044243,229,202,15,12,3,6,1,5,6,88.20960698689956,6.550218340611353,5.240174672489083,1.3100436681222707,2.6200873362445414,0.43668122270742354,2.1834061135371177,2.6200873362445414
E00044244,266,237,10,6,4,8,5,3,11,89.09774436090225,3.7593984962406015,2.2556390977443606,1.5037593984962405,3.007518796992481,1.8796992481203008,1.1278195488721803,4.135338345864661
E00044245,469,423,20,16,4,7,4,3,19,90.19189765458422,4.264392324093817,3.411513859275053,0.8528784648187633,1.4925373134328357,0.8528784648187633,0.6396588486140725,4.051172707889126
E00044246,247,214,12,8,4,7,3,4,14,86.63967611336032,4.8582995951417,3.2388663967611335,1.6194331983805668,2.834008097165992,1.214574898785425,1.6194331983805668,5.668016194331984
E00044247,339,315,14,12,2,6,4,2,4,92.92035398230088,4.129793510324483,3.5398230088495577,0.5899705014749262,1.7699115044247788,1.1799410029498525,0.5899705014749262,1.1799410029498525
E00044248,255,221,14,12,2,13,7,6,7,86.66666666666667,5.490196078431373,4.705882352941177,0.7843137254901961,5.098039215686274,2.7450980392156863,2.3529411764705883,2.7450980392156863
E00044249,266,231,15,10,5,7,3,4,13,86.8421052631579,5.639097744360902,3.7593984962406015,1.8796992481203008,2.631578947368421,1.1278195488721803,1.5037593984962405,4.887218045112782
E00044250,254,220,13,10,3,5,2,3,16,86.61417322834646,5.118110236220472,3.937007874015748,1.1811023622047243,1.968503937007874,0.7874015748031495,1.1811023622047243,6.299212598425196
E00044251,225,197,12,9,3,10,5,5,6,87.55555555555556,5.333333333333334,4,1.3333333333333335,4.444444444444445,2.2222222222222223,2.2222222222222223,2.666666666666667
E00044252,288,250,21,12,9,9,1,8,8,86.80555555555556,7.291666666666667,4.166666666666666,3.125,3.125,0.3472222222222222,2.7777777777777777,2.7777777777777777
E00044253,228,202,20,16,4,1,1,0,5,88.59649122807018,8.771929824561402,7.017543859649122,1.7543859649122806,0.43859649122807015,0.43859649122807015,0,2.1929824561403506
E00044254,234,211,8,5,3,4,2,2,11,90.17094017094017,3.418803418803419,2.1367521367521367,1.282051282051282,1.7094017094017095,0.8547008547008548,0.8547008547008548,4.700854700854701
E00044256,320,282,20,14,6,7,6,1,11,88.125,6.25,4.375,1.875,2.1875,1.875,0.3125,3.4375000000000004
E00044257,300,253,16,12,4,15,3,12,16,84.33333333333334,5.333333333333334,4,1.3333333333333335,5,1,4,5.333333333333334
E00044259,212,190,7,5,2,8,3,5,7,89.62264150943396,3.30188679245283,2.358490566037736,0.9433962264150944,3.7735849056603774,1.4150943396226416,2.358490566037736,3.30188679245283
E00044260,262,225,8,5,3,16,5,11,13,85.87786259541986,3.0534351145038165,1.9083969465648856,1.1450381679389312,6.106870229007633,1.9083969465648856,4.198473282442748,4.961832061068702
E00044261,273,234,13,8,5,12,6,6,14,85.71428571428571,4.761904761904762,2.93040293040293,1.8315018315018317,4.395604395604396,2.197802197802198,2.197802197802198,5.128205128205128
E00044262,286,257,11,8,3,6,1,5,12,89.86013986013987,3.8461538461538463,2.797202797202797,1.048951048951049,2.097902097902098,0.34965034965034963,1.7482517482517483,4.195804195804196
E00044263,246,216,16,14,2,7,1,6,7,87.8048780487805,6.504065040650407,5.691056910569105,0.8130081300813009,2.8455284552845526,0.40650406504065045,2.4390243902439024,2.8455284552845526
E00044264,250,220,16,12,4,9,4,5,5,88,6.4,4.8,1.6,3.5999999999999996,1.6,2,2
E00044265,263,225,13,9,4,9,2,7,16,85.55133079847909,4.942965779467681,3.4220532319391634,1.520912547528517,3.4220532319391634,0.7604562737642585,2.6615969581749046,6.083650190114068
E00044266,222,199,5,3,2,11,2,9,7,89.63963963963964,2.2522522522522523,1.3513513513513513,0.9009009009009009,4.954954954954955,0.9009009009009009,4.054054054054054,3.153153153153153
E00044267,228,205,5,5,0,8,3,5,10,89.91228070175438,2.1929824561403506,2.1929824561403506,0,3.508771929824561,1.3157894736842104,2.1929824561403506,4.385964912280701
E00044268,428,383,26,19,7,7,4,3,12,89.48598130841121,6.074766355140187,4.439252336448598,1.6355140186915886,1.6355140186915886,0.9345794392523363,0.7009345794392523,2.803738317757009
E00044269,263,235,10,10,0,10,2,8,8,89.35361216730038,3.802281368821293,3.802281368821293,0,3.802281368821293,0.7604562737642585,3.041825095057034,3.041825095057034
E00044270,239,202,16,12,4,12,7,5,9,84.51882845188284,6.694560669456067,5.02092050209205,1.6736401673640167,5.02092050209205,2.928870292887029,2.092050209205021,3.765690376569038
E00044271,305,259,16,9,7,5,3,2,25,84.91803278688525,5.245901639344262,2.9508196721311477,2.2950819672131146,1.639344262295082,0.9836065573770493,0.6557377049180327,8.19672131147541
E00044272,296,264,3,2,1,13,8,5,16,89.1891891891892,1.0135135135135136,0.6756756756756757,0.33783783783783783,4.391891891891892,2.7027027027027026,1.6891891891891893,5.405405405405405
E00044273,228,205,7,7,0,9,2,7,7,89.91228070175438,3.070175438596491,3.070175438596491,0,3.9473684210526314,0.8771929824561403,3.070175438596491,3.070175438596491
E00044275,422,394,12,9,3,9,3,6,7,93.36492890995261,2.843601895734597,2.132701421800948,0.7109004739336493,2.132701421800948,0.7109004739336493,1.4218009478672986,1.6587677725118484
E00044276,154,138,6,2,4,2,2,0,8,89.6103896103896,3.896103896103896,1.2987012987012987,2.5974025974025974,1.2987012987012987,1.2987012987012987,0,5.194805194805195
E00044278,292,267,10,8,2,7,2,5,8,91.43835616438356,3.4246575342465753,2.73972602739726,0.684931506849315,2.3972602739726026,0.684931506849315,1.7123287671232876,2.73972602739726
E00044279,283,245,17,7,10,10,2,8,11,86.57243816254417,6.007067137809187,2.4734982332155475,3.53356890459364,3.53356890459364,0.7067137809187279,2.8268551236749118,3.8869257950530036
E00044281,271,238,16,9,7,11,9,2,6,87.82287822878229,5.904059040590406,3.3210332103321036,2.5830258302583027,4.059040590405904,3.3210332103321036,0.7380073800738007,2.214022140221402
E00044283,223,196,8,3,5,7,1,6,12,87.89237668161435,3.587443946188341,1.345291479820628,2.242152466367713,3.1390134529147984,0.4484304932735426,2.690582959641256,5.381165919282512
E00044284,223,186,23,18,5,7,4,3,7,83.40807174887892,10.31390134529148,8.071748878923767,2.242152466367713,3.1390134529147984,1.7937219730941705,1.345291479820628,3.1390134529147984
E00044285,272,237,25,13,12,2,0,2,8,87.13235294117648,9.191176470588236,4.779411764705882,4.411764705882353,0.7352941176470588,0,0.7352941176470588,2.941176470588235
E00044286,306,270,23,15,8,5,1,4,8,88.23529411764706,7.516339869281046,4.901960784313726,2.6143790849673203,1.6339869281045754,0.32679738562091504,1.3071895424836601,2.6143790849673203
E00044287,255,233,12,8,4,1,1,0,9,91.37254901960785,4.705882352941177,3.1372549019607843,1.5686274509803921,0.39215686274509803,0.39215686274509803,0,3.5294117647058822
E00044288,234,191,19,11,8,11,9,2,13,81.62393162393163,8.11965811965812,4.700854700854701,3.418803418803419,4.700854700854701,3.8461538461538463,0.8547008547008548,5.555555555555555
E00044289,234,212,13,8,5,5,2,3,4,90.5982905982906,5.555555555555555,3.418803418803419,2.1367521367521367,2.1367521367521367,0.8547008547008548,1.282051282051282,1.7094017094017095
E00044290,205,170,18,15,3,8,3,5,9,82.92682926829268,8.780487804878048,7.317073170731707,1.4634146341463417,3.902439024390244,1.4634146341463417,2.4390243902439024,4.390243902439024
E00044291,288,259,18,11,7,5,4,1,6,89.93055555555556,6.25,3.8194444444444446,2.430555555555556,1.7361111111111112,1.3888888888888888,0.3472222222222222,2.083333333333333
E00044292,192,169,12,4,8,4,2,2,7,88.02083333333334,6.25,2.083333333333333,4.166666666666666,2.083333333333333,1.0416666666666665,1.0416666666666665,3.6458333333333335
E00044293,212,188,9,5,4,7,1,6,8,88.67924528301887,4.245283018867925,2.358490566037736,1.8867924528301887,3.30188679245283,0.4716981132075472,2.8301886792452833,3.7735849056603774
E00044294,300,248,28,21,7,8,7,1,16,82.66666666666667,9.333333333333334,7.000000000000001,2.3333333333333335,2.666666666666667,2.3333333333333335,0.33333333333333337,5.333333333333334
E00044295,239,225,5,3,2,6,6,0,3,94.14225941422593,2.092050209205021,1.2552301255230125,0.8368200836820083,2.510460251046025,2.510460251046025,0,1.2552301255230125
E00044296,272,243,11,11,0,10,5,5,8,89.33823529411765,4.044117647058823,4.044117647058823,0,3.6764705882352944,1.8382352941176472,1.8382352941176472,2.941176470588235
E00044297,286,264,19,14,5,1,1,0,2,92.3076923076923,6.643356643356643,4.895104895104895,1.7482517482517483,0.34965034965034963,0.34965034965034963,0,0.6993006993006993
E00044298,235,209,16,11,5,3,2,1,7,88.93617021276596,6.808510638297872,4.680851063829787,2.127659574468085,1.276595744680851,0.851063829787234,0.425531914893617,2.9787234042553195
E00044299,239,215,17,15,2,2,2,0,5,89.9581589958159,7.112970711297072,6.2761506276150625,0.8368200836820083,0.8368200836820083,0.8368200836820083,0,2.092050209205021
E00044300,320,274,31,24,7,4,3,1,11,85.625,9.6875,7.5,2.1875,1.25,0.9375,0.3125,3.4375000000000004
E00044301,390,343,34,21,13,4,2,2,9,87.94871794871794,8.717948717948717,5.384615384615385,3.3333333333333335,1.0256410256410255,0.5128205128205128,0.5128205128205128,2.307692307692308
E00044302,352,308,24,20,4,9,5,4,11,87.5,6.8181818181818175,5.681818181818182,1.1363636363636365,2.556818181818182,1.4204545454545454,1.1363636363636365,3.125
E00044303,259,234,13,11,2,4,2,2,8,90.34749034749035,5.019305019305019,4.247104247104247,0.7722007722007722,1.5444015444015444,0.7722007722007722,0.7722007722007722,3.088803088803089
E00044304,282,261,10,8,2,5,3,2,6,92.5531914893617,3.546099290780142,2.8368794326241136,0.7092198581560284,1.773049645390071,1.0638297872340425,0.7092198581560284,2.127659574468085
E00044305,276,245,16,13,3,7,3,4,8,88.76811594202898,5.797101449275362,4.710144927536232,1.0869565217391304,2.536231884057971,1.0869565217391304,1.4492753623188406,2.898550724637681
E00044306,266,231,19,15,4,5,1,4,11,86.8421052631579,7.142857142857142,5.639097744360902,1.5037593984962405,1.8796992481203008,0.37593984962406013,1.5037593984962405,4.135338345864661
E00044307,285,256,19,12,7,5,1,4,5,89.82456140350877,6.666666666666667,4.2105263157894735,2.456140350877193,1.7543859649122806,0.3508771929824561,1.4035087719298245,1.7543859649122806
E00044308,297,255,22,14,8,9,4,5,11,85.85858585858585,7.4074074074074066,4.713804713804714,2.6936026936026933,3.0303030303030303,1.3468013468013467,1.6835016835016834,3.7037037037037033
E00044309,299,262,21,16,5,5,2,3,11,87.62541806020067,7.023411371237458,5.351170568561873,1.6722408026755853,1.6722408026755853,0.6688963210702341,1.0033444816053512,3.678929765886288
E00044310,232,192,22,14,8,7,5,2,11,82.75862068965517,9.482758620689655,6.0344827586206895,3.4482758620689653,3.0172413793103448,2.1551724137931036,0.8620689655172413,4.741379310344827
E00044311,258,237,12,9,3,3,1,2,6,91.86046511627907,4.651162790697675,3.488372093023256,1.1627906976744187,1.1627906976744187,0.3875968992248062,0.7751937984496124,2.3255813953488373
E00044312,277,243,17,13,4,3,1,2,14,87.72563176895306,6.137184115523466,4.693140794223827,1.444043321299639,1.083032490974729,0.36101083032490977,0.7220216606498195,5.054151624548736
E00044313,270,239,17,15,2,4,2,2,10,88.51851851851852,6.296296296296296,5.555555555555555,0.7407407407407408,1.4814814814814816,0.7407407407407408,0.7407407407407408,3.7037037037037033
E00044314,262,232,17,11,6,7,6,1,6,88.54961832061069,6.488549618320611,4.198473282442748,2.2900763358778624,2.6717557251908395,2.2900763358778624,0.38167938931297707,2.2900763358778624
E00044315,294,259,18,12,6,8,6,2,9,88.09523809523809,6.122448979591836,4.081632653061225,2.0408163265306123,2.7210884353741496,2.0408163265306123,0.6802721088435374,3.061224489795918
E00044316,306,261,25,18,7,9,9,0,11,85.29411764705883,8.169934640522875,5.88235294117647,2.287581699346405,2.941176470588235,2.941176470588235,0,3.594771241830065
E00044317,272,236,17,11,6,13,6,7,6,86.76470588235294,6.25,4.044117647058823,2.2058823529411766,4.779411764705882,2.2058823529411766,2.5735294117647056,2.2058823529411766
E00044318,231,194,17,10,7,3,2,1,17,83.98268398268398,7.35930735930736,4.329004329004329,3.0303030303030303,1.2987012987012987,0.8658008658008658,0.4329004329004329,7.35930735930736
E00044319,253,215,21,16,5,5,2,3,12,84.98023715415019,8.300395256916996,6.324110671936759,1.9762845849802373,1.9762845849802373,0.7905138339920948,1.185770750988142,4.743083003952568
E00044320,277,244,12,8,4,6,5,1,15,88.08664259927798,4.332129963898916,2.888086642599278,1.444043321299639,2.166064981949458,1.8050541516245486,0.36101083032490977,5.415162454873646
E00044321,211,189,6,2,4,9,1,8,7,89.57345971563981,2.843601895734597,0.9478672985781991,1.8957345971563981,4.265402843601896,0.47393364928909953,3.7914691943127963,3.3175355450236967
E00044322,297,263,15,7,8,10,5,5,9,88.55218855218855,5.05050505050505,2.356902356902357,2.6936026936026933,3.3670033670033668,1.6835016835016834,1.6835016835016834,3.0303030303030303
E00044323,253,226,5,3,2,8,2,6,14,89.32806324110672,1.9762845849802373,1.185770750988142,0.7905138339920948,3.1620553359683794,0.7905138339920948,2.371541501976284,5.533596837944664
E00044324,269,245,6,4,2,7,4,3,11,91.07806691449815,2.2304832713754648,1.486988847583643,0.7434944237918215,2.6022304832713754,1.486988847583643,1.1152416356877324,4.089219330855019
E00044325,338,305,4,1,3,12,3,9,17,90.23668639053254,1.183431952662722,0.2958579881656805,0.8875739644970414,3.5502958579881656,0.8875739644970414,2.6627218934911245,5.029585798816568
E00044327,356,310,12,7,5,15,7,8,19,87.07865168539325,3.3707865168539324,1.9662921348314606,1.4044943820224718,4.213483146067416,1.9662921348314606,2.247191011235955,5.337078651685393
E00044328,321,282,11,8,3,9,5,4,19,87.85046728971963,3.4267912772585665,2.4922118380062304,0.9345794392523363,2.803738317757009,1.557632398753894,1.2461059190031152,5.919003115264798
E00044329,299,273,5,5,0,6,1,5,15,91.30434782608695,1.6722408026755853,1.6722408026755853,0,2.0066889632107023,0.33444816053511706,1.6722408026755853,5.016722408026756
E00044330,223,202,2,0,2,7,2,5,12,90.5829596412556,0.8968609865470852,0,0.8968609865470852,3.1390134529147984,0.8968609865470852,2.242152466367713,5.381165919282512
E00044331,322,283,9,5,4,12,2,10,18,87.88819875776397,2.7950310559006213,1.5527950310559007,1.2422360248447204,3.7267080745341614,0.6211180124223602,3.1055900621118013,5.590062111801243
E00044332,286,255,10,10,0,9,4,5,12,89.16083916083916,3.4965034965034967,3.4965034965034967,0,3.146853146853147,1.3986013986013985,1.7482517482517483,4.195804195804196
E00044333,106,102,1,0,1,0,0,0,3,96.22641509433963,0.9433962264150944,0,0.9433962264150944,0,0,0,2.8301886792452833
E00044336,217,197,5,4,1,4,2,2,11,90.78341013824884,2.3041474654377883,1.8433179723502304,0.4608294930875576,1.8433179723502304,0.9216589861751152,0.9216589861751152,5.0691244239631335
E00044337,256,232,7,4,3,7,1,6,10,90.625,2.734375,1.5625,1.171875,2.734375,0.390625,2.34375,3.90625
E00044338,255,220,9,5,4,10,4,6,16,86.27450980392157,3.5294117647058822,1.9607843137254901,1.5686274509803921,3.9215686274509802,1.5686274509803921,2.3529411764705883,6.2745098039215685
E00044339,237,210,12,8,4,6,2,4,9,88.60759493670885,5.063291139240507,3.375527426160337,1.6877637130801686,2.5316455696202533,0.8438818565400843,1.6877637130801686,3.79746835443038
E00044340,209,191,9,4,5,5,1,4,4,91.38755980861244,4.30622009569378,1.9138755980861244,2.3923444976076556,2.3923444976076556,0.4784688995215311,1.9138755980861244,1.9138755980861244
E00044341,200,185,4,4,0,6,3,3,5,92.5,2,2,0,3,1.5,1.5,2.5
E00044342,193,173,8,6,2,4,1,3,8,89.63730569948186,4.145077720207254,3.1088082901554404,1.0362694300518136,2.072538860103627,0.5181347150259068,1.5544041450777202,4.145077720207254
E00044343,178,157,11,6,5,2,1,1,8,88.20224719101124,6.179775280898876,3.3707865168539324,2.8089887640449436,1.1235955056179776,0.5617977528089888,0.5617977528089888,4.49438202247191
E00044344,215,183,15,10,5,5,2,3,12,85.11627906976744,6.976744186046512,4.651162790697675,2.3255813953488373,2.3255813953488373,0.9302325581395349,1.3953488372093024,5.5813953488372094
E00044345,211,182,12,9,3,6,1,5,11,86.25592417061611,5.687203791469194,4.265402843601896,1.4218009478672986,2.843601895734597,0.47393364928909953,2.3696682464454977,5.213270142180095
E00044346,218,207,0,0,0,3,2,1,8,94.95412844036697,0,0,0,1.3761467889908259,0.9174311926605505,0.45871559633027525,3.669724770642202
E00044347,213,186,12,8,4,3,1,2,12,87.32394366197182,5.633802816901409,3.755868544600939,1.8779342723004695,1.4084507042253522,0.4694835680751174,0.9389671361502347,5.633802816901409
E00044348,214,191,6,5,1,7,3,4,10,89.25233644859813,2.803738317757009,2.336448598130841,0.46728971962616817,3.2710280373831773,1.4018691588785046,1.8691588785046727,4.672897196261682
E00044349,201,178,4,3,1,9,0,9,10,88.55721393034825,1.9900497512437811,1.4925373134328357,0.4975124378109453,4.477611940298507,0,4.477611940298507,4.975124378109453
E00044350,193,176,5,2,3,6,2,4,6,91.19170984455958,2.5906735751295336,1.0362694300518136,1.5544041450777202,3.1088082901554404,1.0362694300518136,2.072538860103627,3.1088082901554404
E00044351,218,197,7,3,4,4,4,0,10,90.36697247706422,3.211009174311927,1.3761467889908259,1.834862385321101,1.834862385321101,1.834862385321101,0,4.587155963302752
E00044352,262,231,5,3,2,13,4,9,13,88.16793893129771,1.9083969465648856,1.1450381679389312,0.7633587786259541,4.961832061068702,1.5267175572519083,3.435114503816794,4.961832061068702
E00044353,214,194,7,5,2,2,0,2,11,90.65420560747664,3.2710280373831773,2.336448598130841,0.9345794392523363,0.9345794392523363,0,0.9345794392523363,5.14018691588785
E00044354,241,211,11,7,4,9,4,5,10,87.55186721991701,4.564315352697095,2.904564315352697,1.6597510373443984,3.7344398340248963,1.6597510373443984,2.0746887966804977,4.149377593360995
E00044355,483,447,18,15,3,7,2,5,11,92.54658385093167,3.7267080745341614,3.1055900621118013,0.6211180124223602,1.4492753623188406,0.4140786749482402,1.0351966873706004,2.2774327122153206
E00044356,317,285,13,10,3,8,6,2,11,89.90536277602523,4.100946372239748,3.1545741324921135,0.9463722397476341,2.5236593059936907,1.8927444794952681,0.6309148264984227,3.4700315457413247
E00044357,185,162,5,3,2,9,2,7,9,87.56756756756758,2.7027027027027026,1.6216216216216217,1.0810810810810811,4.864864864864865,1.0810810810810811,3.783783783783784,4.864864864864865
E00044358,297,257,15,11,4,12,7,5,13,86.53198653198653,5.05050505050505,3.7037037037037033,1.3468013468013467,4.040404040404041,2.356902356902357,1.6835016835016834,4.377104377104377
E00044359,154,141,4,2,2,3,2,1,6,91.55844155844156,2.5974025974025974,1.2987012987012987,1.2987012987012987,1.948051948051948,1.2987012987012987,0.6493506493506493,3.896103896103896
E00044360,212,192,5,1,4,6,3,3,9,90.56603773584906,2.358490566037736,0.4716981132075472,1.8867924528301887,2.8301886792452833,1.4150943396226416,1.4150943396226416,4.245283018867925
E00044361,235,198,15,12,3,10,2,8,12,84.25531914893617,6.382978723404255,5.106382978723404,1.276595744680851,4.25531914893617,0.851063829787234,3.404255319148936,5.106382978723404
E00044362,292,267,7,5,2,8,4,4,10,91.43835616438356,2.3972602739726026,1.7123287671232876,0.684931506849315,2.73972602739726,1.36986301369863,1.36986301369863,3.4246575342465753
E00044363,276,230,20,14,6,11,5,6,15,83.33333333333334,7.246376811594203,5.072463768115942,2.1739130434782608,3.985507246376811,1.8115942028985508,2.1739130434782608,5.434782608695652
E00044364,261,226,8,3,5,13,4,9,14,86.59003831417624,3.065134099616858,1.1494252873563218,1.9157088122605364,4.980842911877394,1.532567049808429,3.4482758620689653,5.363984674329502
E00044365,333,301,8,4,4,12,6,6,12,90.39039039039038,2.4024024024024024,1.2012012012012012,1.2012012012012012,3.6036036036036037,1.8018018018018018,1.8018018018018018,3.6036036036036037
E00044366,299,265,10,8,2,6,4,2,18,88.62876254180601,3.3444816053511706,2.6755852842809364,0.6688963210702341,2.0066889632107023,1.3377926421404682,0.6688963210702341,6.0200668896321075
E00044367,285,259,8,5,3,8,5,3,10,90.87719298245615,2.807017543859649,1.7543859649122806,1.0526315789473684,2.807017543859649,1.7543859649122806,1.0526315789473684,3.508771929824561
E00044368,262,235,15,11,4,4,3,1,8,89.69465648854961,5.7251908396946565,4.198473282442748,1.5267175572519083,1.5267175572519083,1.1450381679389312,0.38167938931297707,3.0534351145038165
E00044369,199,174,4,1,3,7,3,4,14,87.43718592964824,2.0100502512562812,0.5025125628140703,1.507537688442211,3.5175879396984926,1.507537688442211,2.0100502512562812,7.035175879396985
E00044370,349,311,25,13,12,3,3,0,10,89.11174785100286,7.163323782234957,3.7249283667621778,3.4383954154727796,0.8595988538681949,0.8595988538681949,0,2.865329512893983
E00044371,303,271,15,12,3,3,2,1,14,89.43894389438944,4.9504950495049505,3.9603960396039604,0.9900990099009901,0.9900990099009901,0.6600660066006601,0.33003300330033003,4.62046204620462
E00044372,261,236,17,10,7,2,2,0,6,90.42145593869732,6.513409961685824,3.8314176245210727,2.681992337164751,0.7662835249042145,0.7662835249042145,0,2.2988505747126435
E00044373,230,203,8,4,4,15,4,11,4,88.26086956521739,3.4782608695652173,1.7391304347826086,1.7391304347826086,6.521739130434782,1.7391304347826086,4.782608695652174,1.7391304347826086
E00044374,213,197,4,3,1,8,3,5,4,92.48826291079813,1.8779342723004695,1.4084507042253522,0.4694835680751174,3.755868544600939,1.4084507042253522,2.3474178403755865,1.8779342723004695
E00044375,159,137,11,7,4,6,1,5,5,86.16352201257862,6.918238993710692,4.40251572327044,2.515723270440252,3.7735849056603774,0.628930817610063,3.1446540880503147,3.1446540880503147
E00044376,143,130,4,2,2,5,1,4,4,90.9090909090909,2.797202797202797,1.3986013986013985,1.3986013986013985,3.4965034965034967,0.6993006993006993,2.797202797202797,2.797202797202797
E00044377,187,161,9,5,4,6,2,4,11,86.09625668449198,4.81283422459893,2.6737967914438503,2.13903743315508,3.2085561497326207,1.06951871657754,2.13903743315508,5.88235294117647
E00044378,187,175,5,4,1,3,1,2,4,93.58288770053476,2.6737967914438503,2.13903743315508,0.53475935828877,1.6042780748663104,0.53475935828877,1.06951871657754,2.13903743315508
E00044379,348,304,14,7,7,10,4,6,20,87.356321839080465,4.022988505747127,2.0114942528735633,2.0114942528735633,2.8735632183908044,1.1494252873563218,1.7241379310344827,5.747126436781609
E00044381,191,181,6,4,2,1,1,0,3,94.76439790575915,3.1413612565445024,2.094240837696335,1.0471204188481675,0.5235602094240838,0.5235602094240838,0,1.5706806282722512
E00044382,208,185,8,0,8,10,6,4,5,88.9423076923077,3.8461538461538463,0,3.8461538461538463,4.807692307692308,2.8846153846153846,1.9230769230769231,2.403846153846154
E00044383,409,367,22,12,10,6,2,4,14,89.73105134474328,5.378973105134474,2.93398533007335,2.444987775061125,1.466992665036675,0.4889975550122249,0.9779951100244498,3.4229828850855744
E00044384,155,137,7,7,0,5,2,3,6,88.38709677419355,4.516129032258064,4.516129032258064,0,3.225806451612903,1.2903225806451613,1.935483870967742,3.870967741935484
E00044385,291,251,20,14,6,10,3,7,10,86.25429553264605,6.872852233676976,4.810996563573884,2.0618556701030926,3.436426116838488,1.0309278350515463,2.405498281786942,3.436426116838488
E00044386,285,239,17,8,9,14,2,12,15,83.85964912280703,5.964912280701754,2.807017543859649,3.1578947368421053,4.912280701754386,0.7017543859649122,4.2105263157894735,5.263157894736842
E00044387,279,222,10,6,4,20,8,12,27,79.56989247311827,3.584229390681003,2.1505376344086025,1.4336917562724014,7.168458781362006,2.867383512544803,4.301075268817205,9.67741935483871
E00044388,233,211,7,4,3,6,1,5,9,90.55793991416309,3.004291845493562,1.7167381974248928,1.2875536480686696,2.575107296137339,0.4291845493562232,2.1459227467811157,3.862660944206009
E00044389,234,209,11,8,3,4,2,2,10,89.31623931623932,4.700854700854701,3.418803418803419,1.282051282051282,1.7094017094017095,0.8547008547008548,0.8547008547008548,4.273504273504273
E00044390,201,172,8,6,2,9,3,6,12,85.57213930348259,3.9800995024875623,2.9850746268656714,0.9950248756218906,4.477611940298507,1.4925373134328357,2.9850746268656714,5.970149253731343
E00044391,229,208,7,5,2,4,2,2,10,90.82969432314411,3.056768558951965,2.1834061135371177,0.8733624454148471,1.7467248908296942,0.8733624454148471,0.8733624454148471,4.366812227074235
E00044392,250,220,18,14,4,4,3,1,8,88,7.199999999999999,5.6000000000000005,1.6,1.6,1.2,0.4,3.2
E00044393,252,231,14,9,5,1,0,1,6,91.66666666666666,5.555555555555555,3.571428571428571,1.984126984126984,0.3968253968253968,0,0.3968253968253968,2.380952380952381
E00044394,194,167,8,7,1,11,5,6,8,86.08247422680412,4.123711340206185,3.608247422680412,0.5154639175257731,5.670103092783505,2.5773195876288657,3.0927835051546393,4.123711340206185
E00044395,236,202,15,8,7,9,3,6,10,85.59322033898306,6.3559322033898304,3.389830508474576,2.9661016949152543,3.8135593220338984,1.2711864406779663,2.5423728813559325,4.23728813559322
E00044396,268,232,16,14,2,11,4,7,9,86.56716417910447,5.970149253731343,5.223880597014925,0.7462686567164178,4.104477611940299,1.4925373134328357,2.6119402985074625,3.3582089552238807
E00044397,322,288,13,8,5,11,1,10,10,89.44099378881988,4.037267080745342,2.484472049689441,1.5527950310559007,3.4161490683229814,0.3105590062111801,3.1055900621118013,3.1055900621118013
E00044398,205,184,11,8,3,3,2,1,7,89.75609756097562,5.365853658536586,3.902439024390244,1.4634146341463417,1.4634146341463417,0.975609756097561,0.4878048780487805,3.414634146341464
E00044399,244,202,9,5,4,13,9,4,20,82.78688524590164,3.6885245901639343,2.0491803278688523,1.639344262295082,5.327868852459016,3.6885245901639343,1.639344262295082,8.19672131147541
E00044401,225,195,5,4,1,8,4,4,17,86.66666666666667,2.2222222222222223,1.7777777777777777,0.4444444444444444,3.5555555555555554,1.7777777777777777,1.7777777777777777,7.555555555555555
E00044403,255,234,8,7,1,4,2,2,9,91.76470588235294,3.1372549019607843,2.7450980392156863,0.39215686274509803,1.5686274509803921,0.7843137254901961,0.7843137254901961,3.5294117647058822
E00044404,231,213,7,6,1,7,1,6,4,92.20779220779221,3.0303030303030303,2.5974025974025974,0.4329004329004329,3.0303030303030303,0.4329004329004329,2.5974025974025974,1.7316017316017316
E00044405,314,274,14,12,2,9,0,9,17,87.26114649681529,4.45859872611465,3.821656050955414,0.6369426751592357,2.8662420382165608,0,2.8662420382165608,5.414012738853503
E00044406,229,209,8,8,0,6,0,6,6,91.26637554585153,3.4934497816593884,3.4934497816593884,0,2.6200873362445414,0,2.6200873362445414,2.6200873362445414
E00044407,172,150,9,4,5,6,3,3,7,87.20930232558139,5.232558139534884,2.3255813953488373,2.9069767441860463,3.488372093023256,1.744186046511628,1.744186046511628,4.069767441860465
E00044408,301,255,15,8,7,20,9,11,11,84.71760797342192,4.983388704318937,2.6578073089700998,2.3255813953488373,6.64451827242525,2.990033222591362,3.6544850498338874,3.6544850498338874
E00044409,214,192,10,6,4,3,0,3,9,89.7196261682243,4.672897196261682,2.803738317757009,1.8691588785046727,1.4018691588785046,0,1.4018691588785046,4.205607476635514
E00044410,240,211,10,6,4,8,4,4,11,87.91666666666667,4.166666666666666,2.5,1.6666666666666667,3.3333333333333335,1.6666666666666667,1.6666666666666667,4.583333333333333
E00044411,259,228,11,7,4,10,4,6,10,88.03088803088804,4.247104247104247,2.7027027027027026,1.5444015444015444,3.861003861003861,1.5444015444015444,2.3166023166023164,3.861003861003861
E00044412,195,179,9,3,6,3,2,1,4,91.7948717948718,4.615384615384616,1.5384615384615385,3.076923076923077,1.5384615384615385,1.0256410256410255,0.5128205128205128,2.051282051282051
E00044413,260,232,10,6,4,5,2,3,13,89.23076923076924,3.8461538461538463,2.307692307692308,1.5384615384615385,1.9230769230769231,0.7692307692307693,1.153846153846154,5
E00044414,193,165,6,3,3,7,3,4,15,85.49222797927462,3.1088082901554404,1.5544041450777202,1.5544041450777202,3.6269430051813467,1.5544041450777202,2.072538860103627,7.772020725388601
E00044415,250,204,16,9,7,10,6,4,20,81.6,6.4,3.5999999999999996,2.8000000000000003,4,2.4,1.6,8
E00044416,122,106,9,7,2,3,1,2,4,86.88524590163934,7.377049180327869,5.737704918032787,1.639344262295082,2.459016393442623,0.819672131147541,1.639344262295082,3.278688524590164
E00044417,271,243,12,8,4,7,5,2,9,89.66789667896678,4.428044280442804,2.952029520295203,1.4760147601476015,2.5830258302583027,1.8450184501845017,0.7380073800738007,3.3210332103321036
E00044419,212,182,3,1,2,11,4,7,16,85.84905660377359,1.4150943396226416,0.4716981132075472,0.9433962264150944,5.188679245283019,1.8867924528301887,3.30188679245283,7.547169811320755
E00044420,220,200,8,5,3,6,5,1,6,90.9090909090909,3.6363636363636362,2.272727272727273,1.3636363636363635,2.727272727272727,2.272727272727273,0.45454545454545453,2.727272727272727
E00044421,369,328,15,11,4,10,4,6,16,88.88888888888889,4.0650406504065035,2.9810298102981028,1.084010840108401,2.710027100271003,1.084010840108401,1.6260162601626018,4.336043360433604
E00044422,482,431,26,18,8,4,3,1,21,89.41908713692946,5.394190871369295,3.7344398340248963,1.6597510373443984,0.8298755186721992,0.6224066390041494,0.2074688796680498,4.356846473029045
E00044423,233,213,10,4,6,5,1,4,5,91.41630901287554,4.291845493562231,1.7167381974248928,2.575107296137339,2.1459227467811157,0.4291845493562232,1.7167381974248928,2.1459227467811157
E00044424,251,221,6,4,2,9,1,8,15,88.04780876494024,2.3904382470119523,1.593625498007968,0.796812749003984,3.5856573705179287,0.398406374501992,3.187250996015936,5.9760956175298805
E00044425,264,232,13,12,1,4,1,3,15,87.87878787878788,4.924242424242424,4.545454545454546,0.3787878787878788,1.5151515151515151,0.3787878787878788,1.1363636363636365,5.681818181818182
E00044426,287,251,13,8,5,7,2,5,16,87.45644599303137,4.529616724738676,2.7874564459930316,1.7421602787456445,2.4390243902439024,0.6968641114982579,1.7421602787456445,5.574912891986063
E00044427,404,353,25,19,6,14,7,7,12,87.37623762376238,6.188118811881188,4.702970297029703,1.4851485148514851,3.4653465346534658,1.7326732673267329,1.7326732673267329,2.9702970297029703
E00044428,297,250,23,10,13,11,6,5,13,84.17508417508418,7.744107744107744,3.3670033670033668,4.377104377104377,3.7037037037037033,2.0202020202020203,1.6835016835016834,4.377104377104377
E00044429,279,248,7,3,4,11,2,9,13,88.88888888888889,2.5089605734767026,1.0752688172043012,1.4336917562724014,3.942652329749104,0.7168458781362007,3.225806451612903,4.659498207885305
E00044430,193,174,6,5,1,7,2,5,6,90.15544041450777,3.1088082901554404,2.5906735751295336,0.5181347150259068,3.6269430051813467,1.0362694300518136,2.5906735751295336,3.1088082901554404
E00044431,298,263,7,3,4,4,3,1,24,88.25503355704699,2.348993288590604,1.006711409395973,1.342281879194631,1.342281879194631,1.006711409395973,0.33557046979865773,8.053691275167784
E00044432,188,175,4,2,2,5,2,3,4,93.08510638297872,2.127659574468085,1.0638297872340425,1.0638297872340425,2.6595744680851063,1.0638297872340425,1.5957446808510638,2.127659574468085
E00044433,247,217,12,6,6,9,4,5,9,87.85425101214574,4.8582995951417,2.42914979757085,2.42914979757085,3.643724696356275,1.6194331983805668,2.0242914979757085,3.643724696356275
E00044434,249,229,7,7,0,4,2,2,9,91.96787148594377,2.8112449799196786,2.8112449799196786,0,1.6064257028112447,0.8032128514056224,0.8032128514056224,3.614457831325301
E00044435,184,167,4,3,1,7,2,5,6,90.76086956521739,2.1739130434782608,1.6304347826086956,0.5434782608695652,3.804347826086957,1.0869565217391304,2.717391304347826,3.260869565217391
E00044437,225,204,9,7,2,9,4,5,3,90.66666666666666,4,3.111111111111111,0.8888888888888888,4,1.7777777777777777,2.2222222222222223,1.3333333333333335
E00044438,279,246,15,10,5,10,4,6,8,88.17204301075269,5.376344086021505,3.584229390681003,1.7921146953405016,3.584229390681003,1.4336917562724014,2.1505376344086025,2.867383512544803
E00044439,250,225,14,13,1,4,4,0,7,90,5.6000000000000005,5.2,0.4,1.6,1.6,0,2.8000000000000003
E00044440,179,152,11,7,4,7,1,6,9,84.91620111731844,6.145251396648044,3.910614525139665,2.2346368715083798,3.910614525139665,0.5586592178770949,3.35195530726257,5.027932960893855
E00044441,153,142,5,2,3,1,0,1,5,92.81045751633987,3.2679738562091507,1.3071895424836601,1.9607843137254901,0.6535947712418301,0,0.6535947712418301,3.2679738562091507
E00044442,268,228,21,17,4,4,2,2,15,85.07462686567165,7.835820895522389,6.343283582089552,1.4925373134328357,1.4925373134328357,0.7462686567164178,0.7462686567164178,5.597014925373134
E00044443,248,219,18,14,4,2,2,0,9,88.30645161290323,7.258064516129033,5.64516129032258,1.6129032258064515,0.8064516129032258,0.8064516129032258,0,3.6290322580645165
E00044444,241,213,10,7,3,7,4,3,11,88.38174273858921,4.149377593360995,2.904564315352697,1.2448132780082988,2.904564315352697,1.6597510373443984,1.2448132780082988,4.564315352697095
E00044445,292,268,5,5,0,6,2,4,13,91.78082191780823,1.7123287671232876,1.7123287671232876,0,2.054794520547945,0.684931506849315,1.36986301369863,4.4520547945205475
E00044446,184,163,1,0,1,5,3,2,15,88.58695652173914,0.5434782608695652,0,0.5434782608695652,2.717391304347826,1.6304347826086956,1.0869565217391304,8.152173913043478
E00044447,243,218,12,10,2,3,1,2,10,89.7119341563786,4.938271604938271,4.11522633744856,0.823045267489712,1.2345679012345678,0.411522633744856,0.823045267489712,4.11522633744856
E00044448,230,206,15,8,7,3,3,0,6,89.56521739130436,6.521739130434782,3.4782608695652173,3.0434782608695654,1.3043478260869565,1.3043478260869565,0,2.608695652173913
E00044449,348,297,31,23,8,9,4,5,11,85.34482758620689,8.908045977011495,6.609195402298851,2.2988505747126435,2.586206896551724,1.1494252873563218,1.4367816091954022,3.1609195402298855
E00044451,360,309,21,15,6,9,6,3,21,85.83333333333333,5.833333333333333,4.166666666666666,1.6666666666666667,2.5,1.6666666666666667,0.8333333333333334,5.833333333333333
E00044452,250,216,8,5,3,11,5,6,15,86.4,3.2,2,1.2,4.3999999999999995,2,2.4,6
E00044454,304,265,17,10,7,10,2,8,12,87.17105263157895,5.592105263157895,3.289473684210526,2.302631578947368,3.289473684210526,0.6578947368421052,2.631578947368421,3.9473684210526314
E00044455,549,491,25,19,6,13,9,4,20,89.43533697632058,4.553734061930783,3.4608378870673953,1.092896174863388,2.3679417122040074,1.639344262295082,0.7285974499089253,3.642987249544627
E00044457,207,181,9,4,5,5,5,0,12,87.43961352657004,4.3478260869565215,1.932367149758454,2.4154589371980677,2.4154589371980677,2.4154589371980677,0,5.797101449275362
E00044458,336,296,21,17,4,10,2,8,9,88.09523809523809,6.25,5.059523809523809,1.1904761904761905,2.976190476190476,0.5952380952380952,2.380952380952381,2.6785714285714284
E00044460,332,299,12,11,1,8,5,3,13,90.06024096385542,3.614457831325301,3.313253012048193,0.30120481927710846,2.4096385542168677,1.5060240963855422,0.9036144578313252,3.91566265060241
E00044461,175,160,4,4,0,5,1,4,6,91.42857142857143,2.2857142857142856,2.2857142857142856,0,2.857142857142857,0.5714285714285714,2.2857142857142856,3.428571428571429
E00044463,290,252,14,9,5,6,2,4,18,86.89655172413792,4.827586206896552,3.103448275862069,1.7241379310344827,2.0689655172413794,0.6896551724137931,1.3793103448275863,6.206896551724138
E00044464,226,194,14,8,6,6,5,1,12,85.84070796460178,6.1946902654867255,3.5398230088495577,2.6548672566371683,2.6548672566371683,2.2123893805309733,0.4424778761061947,5.3097345132743365
E00044465,238,213,5,2,3,6,2,4,14,89.49579831932773,2.100840336134454,0.8403361344537815,1.2605042016806722,2.5210084033613445,0.8403361344537815,1.680672268907563,5.88235294117647
E00044466,245,228,10,6,4,6,1,5,1,93.06122448979592,4.081632653061225,2.4489795918367347,1.6326530612244898,2.4489795918367347,0.40816326530612246,2.0408163265306123,0.40816326530612246
E00044467,320,278,7,7,0,15,4,11,20,86.875,2.1875,2.1875,0,4.6875,1.25,3.4375000000000004,6.25
E00044468,355,313,14,8,6,7,1,6,21,88.16901408450704,3.943661971830986,2.2535211267605635,1.6901408450704223,1.971830985915493,0.28169014084507044,1.6901408450704223,5.915492957746479
E00044469,310,278,11,7,4,12,4,8,9,89.6774193548387,3.5483870967741935,2.258064516129032,1.2903225806451613,3.870967741935484,1.2903225806451613,2.5806451612903225,2.903225806451613
E00044470,298,272,13,11,2,6,2,4,7,91.2751677852349,4.3624161073825505,3.691275167785235,0.6711409395973155,2.013422818791946,0.6711409395973155,1.342281879194631,2.348993288590604
E00044471,196,186,5,2,3,0,0,0,5,94.89795918367348,2.5510204081632653,1.0204081632653061,1.530612244897959,0,0,0,2.5510204081632653
E00044472,277,252,16,12,4,4,2,2,5,90.97472924187726,5.776173285198556,4.332129963898916,1.444043321299639,1.444043321299639,0.7220216606498195,0.7220216606498195,1.8050541516245486
E00044473,268,240,10,8,2,6,4,2,12,89.55223880597015,3.731343283582089,2.9850746268656714,0.7462686567164178,2.2388059701492535,1.4925373134328357,0.7462686567164178,4.477611940298507
E00044474,268,235,11,5,6,13,5,8,9,87.68656716417911,4.104477611940299,1.8656716417910446,2.2388059701492535,4.850746268656716,1.8656716417910446,2.9850746268656714,3.3582089552238807
E00044475,267,233,18,11,7,1,0,1,15,87.26591760299625,6.741573033707865,4.119850187265917,2.6217228464419478,0.37453183520599254,0,0.37453183520599254,5.617977528089887
E00044476,338,295,24,19,5,9,3,6,10,87.27810650887574,7.100591715976331,5.621301775147929,1.4792899408284024,2.6627218934911245,0.8875739644970414,1.7751479289940828,2.9585798816568047
E00044477,289,248,22,12,10,6,1,5,13,85.81314878892734,7.612456747404845,4.1522491349480966,3.4602076124567476,2.0761245674740483,0.34602076124567477,1.7301038062283738,4.498269896193772
E00044478,296,262,14,10,4,8,6,2,12,88.51351351351352,4.72972972972973,3.3783783783783785,1.3513513513513513,2.7027027027027026,2.027027027027027,0.6756756756756757,4.054054054054054
E00044479,263,219,24,14,10,8,7,1,12,83.26996197718631,9.125475285171103,5.323193916349809,3.802281368821293,3.041825095057034,2.6615969581749046,0.38022813688212925,4.562737642585551
E00044480,229,204,8,4,4,3,1,2,14,89.08296943231441,3.4934497816593884,1.7467248908296942,1.7467248908296942,1.3100436681222707,0.43668122270742354,0.8733624454148471,6.11353711790393
E00044481,257,221,14,10,4,15,8,7,7,85.99221789883269,5.447470817120623,3.8910505836575875,1.556420233463035,5.836575875486381,3.11284046692607,2.7237354085603114,2.7237354085603114
E00044482,192,174,7,2,5,5,4,1,6,90.625,3.6458333333333335,1.0416666666666665,2.604166666666667,2.604166666666667,2.083333333333333,0.5208333333333333,3.125
E00044483,311,282,18,14,4,4,4,0,7,90.67524115755627,5.787781350482315,4.501607717041801,1.2861736334405145,1.2861736334405145,1.2861736334405145,0,2.2508038585209005
E00044484,246,213,15,11,4,3,3,0,15,86.58536585365853,6.097560975609756,4.471544715447155,1.6260162601626018,1.2195121951219512,1.2195121951219512,0,6.097560975609756
E00044485,269,236,18,13,5,7,3,4,8,87.73234200743495,6.691449814126393,4.83271375464684,1.858736059479554,2.6022304832713754,1.1152416356877324,1.486988847583643,2.973977695167286
E00044486,259,215,26,18,8,8,6,2,10,83.01158301158301,10.038610038610038,6.94980694980695,3.088803088803089,3.088803088803089,2.3166023166023164,0.7722007722007722,3.861003861003861
E00044487,310,278,15,11,4,10,6,4,7,89.6774193548387,4.838709677419355,3.5483870967741935,1.2903225806451613,3.225806451612903,1.935483870967742,1.2903225806451613,2.258064516129032
E00044488,229,191,25,16,9,6,6,0,7,83.4061135371179,10.91703056768559,6.986899563318777,3.9301310043668125,2.6200873362445414,2.6200873362445414,0,3.056768558951965
E00044489,289,249,27,21,6,7,3,4,6,86.159169550173,9.342560553633218,7.26643598615917,2.0761245674740483,2.422145328719723,1.0380622837370241,1.384083044982699,2.0761245674740483
E00044490,258,226,15,10,5,3,3,0,14,87.59689922480621,5.813953488372093,3.875968992248062,1.937984496124031,1.1627906976744187,1.1627906976744187,0,5.426356589147287
E00044491,301,278,7,2,5,1,1,0,15,92.35880398671097,2.3255813953488373,0.6644518272425249,1.6611295681063125,0.33222591362126247,0.33222591362126247,0,4.983388704318937
E00044492,208,187,4,3,1,4,1,3,13,89.90384615384616,1.9230769230769231,1.4423076923076923,0.4807692307692308,1.9230769230769231,0.4807692307692308,1.4423076923076923,6.25
E00044493,210,191,10,6,4,1,1,0,8,90.95238095238095,4.761904761904762,2.857142857142857,1.9047619047619049,0.4761904761904762,0.4761904761904762,0,3.8095238095238098
E00044494,240,220,5,4,1,10,5,5,5,91.66666666666666,2.083333333333333,1.6666666666666667,0.4166666666666667,4.166666666666666,2.083333333333333,2.083333333333333,2.083333333333333
E00044495,206,177,11,8,3,11,3,8,7,85.92233009708737,5.339805825242718,3.8834951456310676,1.4563106796116505,5.339805825242718,1.4563106796116505,3.8834951456310676,3.3980582524271843
E00044496,318,279,9,5,4,15,9,6,15,87.73584905660378,2.8301886792452833,1.5723270440251573,1.257861635220126,4.716981132075472,2.8301886792452833,1.8867924528301887,4.716981132075472
E00044497,346,302,28,17,11,2,2,0,14,87.28323699421965,8.092485549132949,4.913294797687861,3.1791907514450863,0.5780346820809248,0.5780346820809248,0,4.046242774566474
E00044498,245,217,16,9,7,4,1,3,8,88.57142857142857,6.530612244897959,3.6734693877551026,2.857142857142857,1.6326530612244898,0.40816326530612246,1.2244897959183674,3.2653061224489797
E00044499,308,269,13,7,6,9,2,7,17,87.33766233766234,4.220779220779221,2.272727272727273,1.948051948051948,2.922077922077922,0.6493506493506493,2.272727272727273,5.51948051948052
E00044500,285,236,19,11,8,7,3,4,23,82.80701754385966,6.666666666666667,3.8596491228070176,2.807017543859649,2.456140350877193,1.0526315789473684,1.4035087719298245,8.070175438596491
E00044501,232,204,9,5,4,5,3,2,14,87.93103448275862,3.8793103448275863,2.1551724137931036,1.7241379310344827,2.1551724137931036,1.293103448275862,0.8620689655172413,6.0344827586206895
E00044502,355,311,13,13,0,21,9,12,10,87.60563380281691,3.6619718309859155,3.6619718309859155,0,5.915492957746479,2.535211267605634,3.3802816901408446,2.8169014084507045
E00044505,253,217,13,8,5,15,6,9,8,85.7707509881423,5.138339920948617,3.1620553359683794,1.9762845849802373,5.928853754940711,2.371541501976284,3.557312252964427,3.1620553359683794
E00044508,296,254,22,18,4,12,4,8,8,85.8108108108108,7.4324324324324325,6.081081081081082,1.3513513513513513,4.054054054054054,1.3513513513513513,2.7027027027027026,2.7027027027027026
E00044509,142,129,7,5,2,3,0,3,3,90.84507042253522,4.929577464788732,3.5211267605633805,1.4084507042253522,2.112676056338028,0,2.112676056338028,2.112676056338028
E00044510,280,255,7,3,4,4,2,2,14,91.07142857142857,2.5,1.0714285714285714,1.4285714285714286,1.4285714285714286,0.7142857142857143,0.7142857142857143,5
E00044511,210,181,8,5,3,9,3,6,12,86.19047619047619,3.8095238095238098,2.380952380952381,1.4285714285714286,4.285714285714286,1.4285714285714286,2.857142857142857,5.714285714285714
E00044512,270,231,10,4,6,9,4,5,20,85.55555555555556,3.7037037037037033,1.4814814814814816,2.2222222222222223,3.3333333333333335,1.4814814814814816,1.8518518518518516,7.4074074074074066
E00044513,161,138,6,3,3,3,1,2,14,85.71428571428571,3.7267080745341614,1.8633540372670807,1.8633540372670807,1.8633540372670807,0.6211180124223602,1.2422360248447204,8.695652173913043
E00044514,281,251,10,9,1,10,6,4,10,89.32384341637011,3.558718861209965,3.202846975088968,0.3558718861209964,3.558718861209965,2.135231316725979,1.4234875444839856,3.558718861209965
E00044515,271,236,7,4,3,18,7,11,10,87.08487084870849,2.5830258302583027,1.4760147601476015,1.107011070110701,6.642066420664207,2.5830258302583027,4.059040590405904,3.6900369003690034
E00044516,288,239,22,17,5,14,7,7,13,82.98611111111111,7.638888888888889,5.902777777777778,1.7361111111111112,4.861111111111112,2.430555555555556,2.430555555555556,4.513888888888888
E00044517,289,239,14,8,6,16,7,9,20,82.69896193771626,4.844290657439446,2.768166089965398,2.0761245674740483,5.536332179930796,2.422145328719723,3.1141868512110724,6.920415224913495
E00044518,243,212,12,8,4,5,3,2,14,87.24279835390946,4.938271604938271,3.292181069958848,1.646090534979424,2.05761316872428,1.2345679012345678,0.823045267489712,5.761316872427984
E00044519,396,345,19,10,9,14,6,8,18,87.12121212121212,4.797979797979798,2.525252525252525,2.272727272727273,3.535353535353535,1.5151515151515151,2.0202020202020203,4.545454545454546
E00044520,246,219,7,5,2,9,5,4,11,89.02439024390245,2.8455284552845526,2.0325203252032518,0.8130081300813009,3.6585365853658534,2.0325203252032518,1.6260162601626018,4.471544715447155
E00044521,233,195,14,9,5,8,5,3,16,83.69098712446352,6.008583690987124,3.862660944206009,2.1459227467811157,3.4334763948497855,2.1459227467811157,1.2875536480686696,6.866952789699571
E00044522,261,242,9,7,2,3,1,2,7,92.72030651340997,3.4482758620689653,2.681992337164751,0.7662835249042145,1.1494252873563218,0.38314176245210724,0.7662835249042145,2.681992337164751
E00044523,279,250,12,7,5,8,1,7,9,89.6057347670251,4.301075268817205,2.5089605734767026,1.7921146953405016,2.867383512544803,0.35842293906810035,2.5089605734767026,3.225806451612903
E00044524,288,259,4,3,1,5,1,4,20,89.93055555555556,1.3888888888888888,1.0416666666666665,0.3472222222222222,1.7361111111111112,0.3472222222222222,1.3888888888888888,6.944444444444445
E00044525,231,210,9,3,6,5,1,4,7,90.9090909090909,3.896103896103896,1.2987012987012987,2.5974025974025974,2.1645021645021645,0.4329004329004329,1.7316017316017316,3.0303030303030303
E00044526,212,179,11,9,2,5,3,2,17,84.43396226415094,5.188679245283019,4.245283018867925,0.9433962264150944,2.358490566037736,1.4150943396226416,0.9433962264150944,8.018867924528301
E00044527,247,210,14,7,7,7,1,6,16,85.02024291497976,5.668016194331984,2.834008097165992,2.834008097165992,2.834008097165992,0.4048582995951417,2.42914979757085,6.477732793522267
E00044528,295,253,22,15,7,12,4,8,8,85.76271186440678,7.457627118644068,5.084745762711865,2.3728813559322033,4.067796610169491,1.3559322033898304,2.711864406779661,2.711864406779661
E00044529,243,210,16,12,4,5,4,1,12,86.41975308641975,6.584362139917696,4.938271604938271,1.646090534979424,2.05761316872428,1.646090534979424,0.411522633744856,4.938271604938271
E00044530,322,277,22,5,17,14,4,10,9,86.0248447204969,6.832298136645963,1.5527950310559007,5.279503105590062,4.3478260869565215,1.2422360248447204,3.1055900621118013,2.7950310559006213
E00044531,376,339,16,7,9,14,5,9,7,90.1595744680851,4.25531914893617,1.8617021276595744,2.393617021276596,3.723404255319149,1.3297872340425532,2.393617021276596,1.8617021276595744
E00044532,234,192,18,10,8,13,6,7,11,82.05128205128204,7.6923076923076925,4.273504273504273,3.418803418803419,5.555555555555555,2.564102564102564,2.9914529914529915,4.700854700854701
E00044533,361,312,20,14,6,16,9,7,13,86.42659279778393,5.540166204986149,3.8781163434903045,1.662049861495845,4.43213296398892,2.4930747922437675,1.9390581717451523,3.6011080332409975
E00044534,206,179,10,7,3,8,4,4,9,86.89320388349515,4.854368932038835,3.3980582524271843,1.4563106796116505,3.8834951456310676,1.9417475728155338,1.9417475728155338,4.368932038834951
E00044535,275,245,12,8,4,7,3,4,11,89.0909090909091,4.363636363636364,2.909090909090909,1.4545454545454546,2.5454545454545454,1.090909090909091,1.4545454545454546,4
E00044536,289,257,12,7,5,11,9,2,9,88.92733564013841,4.1522491349480966,2.422145328719723,1.7301038062283738,3.8062283737024223,3.1141868512110724,0.6920415224913495,3.1141868512110724
E00044537,359,304,15,12,3,16,4,12,24,84.67966573816156,4.178272980501393,3.3426183844011144,0.8356545961002786,4.456824512534819,1.1142061281337048,3.3426183844011144,6.685236768802229
E00044538,290,264,14,11,3,6,2,4,6,91.0344827586207,4.827586206896552,3.793103448275862,1.0344827586206897,2.0689655172413794,0.6896551724137931,1.3793103448275863,2.0689655172413794
E00044539,311,269,23,19,4,12,5,7,7,86.49517684887459,7.395498392282958,6.109324758842444,1.2861736334405145,3.858520900321544,1.607717041800643,2.2508038585209005,2.2508038585209005
E00044540,387,352,23,10,13,3,2,1,9,90.95607235142118,5.943152454780361,2.5839793281653747,3.359173126614987,0.7751937984496124,0.516795865633075,0.2583979328165375,2.3255813953488373
E00044541,291,252,26,19,7,5,1,4,8,86.5979381443299,8.934707903780069,6.529209621993128,2.405498281786942,1.718213058419244,0.3436426116838488,1.3745704467353952,2.7491408934707904
E00044542,302,261,20,14,6,11,6,5,10,86.42384105960265,6.622516556291391,4.635761589403973,1.9867549668874174,3.642384105960265,1.9867549668874174,1.6556291390728477,3.3112582781456954
E00044543,225,202,4,2,2,6,0,6,13,89.77777777777777,1.7777777777777777,0.8888888888888888,0.8888888888888888,2.666666666666667,0,2.666666666666667,5.777777777777778
E00044544,278,242,20,17,3,8,4,4,8,87.05035971223022,7.1942446043165464,6.115107913669065,1.079136690647482,2.877697841726619,1.4388489208633095,1.4388489208633095,2.877697841726619
E00044545,106,97,3,1,2,2,0,2,4,91.50943396226415,2.8301886792452833,0.9433962264150944,1.8867924528301887,1.8867924528301887,0,1.8867924528301887,3.7735849056603774
E00044546,275,242,19,15,4,6,4,2,8,88,6.909090909090909,5.454545454545454,1.4545454545454546,2.181818181818182,1.4545454545454546,0.7272727272727273,2.909090909090909
E00044547,258,231,15,11,4,7,1,6,5,89.53488372093024,5.813953488372093,4.263565891472868,1.550387596899225,2.7131782945736433,0.3875968992248062,2.3255813953488373,1.937984496124031
E00044548,276,239,18,14,4,10,6,4,9,86.59420289855072,6.521739130434782,5.072463768115942,1.4492753623188406,3.6231884057971016,2.1739130434782608,1.4492753623188406,3.260869565217391
E00044549,229,205,7,4,3,6,2,4,11,89.51965065502183,3.056768558951965,1.7467248908296942,1.3100436681222707,2.6200873362445414,0.8733624454148471,1.7467248908296942,4.8034934497816595
E00044550,244,221,8,6,2,6,2,4,9,90.57377049180327,3.278688524590164,2.459016393442623,0.819672131147541,2.459016393442623,0.819672131147541,1.639344262295082,3.6885245901639343
E00044551,247,220,11,10,1,5,2,3,11,89.06882591093117,4.4534412955465585,4.048582995951417,0.4048582995951417,2.0242914979757085,0.8097165991902834,1.214574898785425,4.4534412955465585
E00044552,274,251,9,8,1,8,3,5,6,91.6058394160584,3.2846715328467155,2.9197080291970803,0.36496350364963503,2.9197080291970803,1.094890510948905,1.824817518248175,2.18978102189781
E00044553,290,257,20,19,1,8,6,2,5,88.62068965517241,6.896551724137931,6.551724137931035,0.3448275862068966,2.7586206896551726,2.0689655172413794,0.6896551724137931,1.7241379310344827
E00044554,177,160,5,4,1,8,3,5,4,90.3954802259887,2.824858757062147,2.2598870056497176,0.5649717514124294,4.519774011299435,1.694915254237288,2.824858757062147,2.2598870056497176
E00044555,206,180,14,10,4,4,3,1,8,87.37864077669903,6.796116504854369,4.854368932038835,1.9417475728155338,1.9417475728155338,1.4563106796116505,0.48543689320388345,3.8834951456310676
E00044556,249,215,19,16,3,2,1,1,13,86.34538152610442,7.630522088353414,6.425702811244979,1.2048192771084338,0.8032128514056224,0.4016064257028112,0.4016064257028112,5.220883534136546
E00044557,255,224,15,12,3,5,2,3,11,87.84313725490196,5.88235294117647,4.705882352941177,1.1764705882352942,1.9607843137254901,0.7843137254901961,1.1764705882352942,4.313725490196078
E00044558,255,222,15,11,4,3,2,1,15,87.05882352941177,5.88235294117647,4.313725490196078,1.5686274509803921,1.1764705882352942,0.7843137254901961,0.39215686274509803,5.88235294117647
E00044559,321,278,16,9,7,16,5,11,11,86.6043613707165,4.984423676012461,2.803738317757009,2.1806853582554515,4.984423676012461,1.557632398753894,3.4267912772585665,3.4267912772585665
E00044560,300,270,10,6,4,6,1,5,14,90,3.3333333333333335,2,1.3333333333333335,2,0.33333333333333337,1.6666666666666667,4.666666666666667
E00044561,267,231,13,10,3,8,4,4,15,86.51685393258427,4.868913857677903,3.7453183520599254,1.1235955056179776,2.9962546816479403,1.4981273408239701,1.4981273408239701,5.617977528089887
E00044562,286,256,6,2,4,12,3,9,12,89.5104895104895,2.097902097902098,0.6993006993006993,1.3986013986013985,4.195804195804196,1.048951048951049,3.146853146853147,4.195804195804196
E00044563,156,139,5,2,3,5,0,5,7,89.1025641025641,3.205128205128205,1.282051282051282,1.9230769230769231,3.205128205128205,0,3.205128205128205,4.487179487179487
E00044564,234,214,11,10,1,4,1,3,5,91.45299145299145,4.700854700854701,4.273504273504273,0.4273504273504274,1.7094017094017095,0.4273504273504274,1.282051282051282,2.1367521367521367
E00044565,316,279,21,18,3,6,2,4,10,88.29113924050634,6.6455696202531636,5.69620253164557,0.949367088607595,1.89873417721519,0.6329113924050633,1.2658227848101267,3.1645569620253164
E00044566,208,185,6,4,2,6,4,2,11,88.9423076923077,2.8846153846153846,1.9230769230769231,0.9615384615384616,2.8846153846153846,1.9230769230769231,0.9615384615384616,5.288461538461538
E00044567,231,208,7,7,0,5,3,2,11,90.04329004329004,3.0303030303030303,3.0303030303030303,0,2.1645021645021645,1.2987012987012987,0.8658008658008658,4.761904761904762
E00044568,270,238,18,14,4,7,5,2,7,88.14814814814815,6.666666666666667,5.185185185185185,1.4814814814814816,2.5925925925925926,1.8518518518518516,0.7407407407407408,2.5925925925925926
E00044569,263,224,12,8,4,15,8,7,12,85.17110266159695,4.562737642585551,3.041825095057034,1.520912547528517,5.7034220532319395,3.041825095057034,2.6615969581749046,4.562737642585551
E00044570,231,204,9,9,0,7,2,5,11,88.31168831168831,3.896103896103896,3.896103896103896,0,3.0303030303030303,0.8658008658008658,2.1645021645021645,4.761904761904762
E00044571,221,198,7,3,4,8,0,8,8,89.59276018099548,3.167420814479638,1.3574660633484164,1.809954751131222,3.619909502262444,0,3.619909502262444,3.619909502262444
E00044572,232,209,8,7,1,9,1,8,6,90.08620689655173,3.4482758620689653,3.0172413793103448,0.43103448275862066,3.8793103448275863,0.43103448275862066,3.4482758620689653,2.586206896551724
E00044573,250,216,10,5,5,10,7,3,14,86.4,4,2,2,4,2.8000000000000003,1.2,5.6000000000000005
E00044574,215,197,4,4,0,6,0,6,8,91.62790697674419,1.8604651162790697,1.8604651162790697,0,2.7906976744186047,0,2.7906976744186047,3.7209302325581395
E00044575,227,208,10,8,2,2,0,2,7,91.62995594713657,4.405286343612335,3.524229074889868,0.881057268722467,0.881057268722467,0,0.881057268722467,3.0837004405286343
E00044576,243,224,5,2,3,6,2,4,8,92.18106995884774,2.05761316872428,0.823045267489712,1.2345679012345678,2.4691358024691357,0.823045267489712,1.646090534979424,3.292181069958848
E00044577,255,223,13,6,7,10,4,6,9,87.45098039215686,5.098039215686274,2.3529411764705883,2.7450980392156863,3.9215686274509802,1.5686274509803921,2.3529411764705883,3.5294117647058822
E00044578,321,291,10,8,2,8,3,5,12,90.65420560747664,3.115264797507788,2.4922118380062304,0.6230529595015576,2.4922118380062304,0.9345794392523363,1.557632398753894,3.7383177570093453
E00044579,262,234,15,11,4,5,3,2,8,89.31297709923665,5.7251908396946565,4.198473282442748,1.5267175572519083,1.9083969465648856,1.1450381679389312,0.7633587786259541,3.0534351145038165
E00044580,267,240,14,11,3,3,0,3,10,89.8876404494382,5.2434456928838955,4.119850187265917,1.1235955056179776,1.1235955056179776,0,1.1235955056179776,3.7453183520599254
E00044581,312,266,27,19,8,9,3,6,10,85.25641025641025,8.653846153846153,6.089743589743589,2.564102564102564,2.8846153846153846,0.9615384615384616,1.9230769230769231,3.205128205128205
E00044582,259,217,16,14,2,8,4,4,18,83.78378378378379,6.177606177606178,5.405405405405405,0.7722007722007722,3.088803088803089,1.5444015444015444,1.5444015444015444,6.94980694980695
E00044583,254,217,19,16,3,5,0,5,13,85.43307086614173,7.480314960629922,6.299212598425196,1.1811023622047243,1.968503937007874,0,1.968503937007874,5.118110236220472
E00044584,279,248,20,14,6,5,2,3,6,88.88888888888889,7.168458781362006,5.017921146953405,2.1505376344086025,1.7921146953405016,0.7168458781362007,1.0752688172043012,2.1505376344086025
E00044585,328,285,14,10,4,9,4,5,20,86.89024390243902,4.2682926829268295,3.048780487804878,1.2195121951219512,2.7439024390243905,1.2195121951219512,1.524390243902439,6.097560975609756
E00044587,276,245,19,15,4,3,1,2,9,88.76811594202898,6.884057971014493,5.434782608695652,1.4492753623188406,1.0869565217391304,0.36231884057971014,0.7246376811594203,3.260869565217391
E00044588,278,244,15,12,3,4,2,2,15,87.76978417266187,5.39568345323741,4.316546762589928,1.079136690647482,1.4388489208633095,0.7194244604316548,0.7194244604316548,5.39568345323741
E00044589,201,173,10,9,1,5,3,2,13,86.06965174129353,4.975124378109453,4.477611940298507,0.4975124378109453,2.4875621890547266,1.4925373134328357,0.9950248756218906,6.467661691542288
E00044590,246,214,11,5,6,9,2,7,12,86.99186991869918,4.471544715447155,2.0325203252032518,2.4390243902439024,3.6585365853658534,0.8130081300813009,2.8455284552845526,4.878048780487805
E00044591,255,232,10,6,4,5,2,3,8,90.98039215686275,3.9215686274509802,2.3529411764705883,1.5686274509803921,1.9607843137254901,0.7843137254901961,1.1764705882352942,3.1372549019607843
E00044592,283,252,10,7,3,11,3,8,10,89.04593639575971,3.53356890459364,2.4734982332155475,1.0600706713780919,3.8869257950530036,1.0600706713780919,2.8268551236749118,3.53356890459364
E00044593,250,223,13,10,3,6,1,5,8,89.2,5.2,4,1.2,2.4,0.4,2,3.2
E00044594,371,342,9,4,5,11,4,7,9,92.18328840970351,2.4258760107816713,1.078167115902965,1.3477088948787064,2.964959568733154,1.078167115902965,1.8867924528301887,2.4258760107816713
E00044595,275,240,5,2,3,17,4,13,13,87.27272727272727,1.8181818181818181,0.7272727272727273,1.090909090909091,6.181818181818182,1.4545454545454546,4.7272727272727275,4.7272727272727275
E00044596,255,223,22,13,9,6,5,1,4,87.45098039215686,8.627450980392156,5.098039215686274,3.5294117647058822,2.3529411764705883,1.9607843137254901,0.39215686274509803,1.5686274509803921
E00044597,307,270,16,14,2,10,5,5,11,87.94788273615634,5.211726384364821,4.5602605863192185,0.6514657980456027,3.257328990228013,1.6286644951140066,1.6286644951140066,3.5830618892508146
E00044598,291,261,13,8,5,5,2,3,12,89.69072164948454,4.4673539518900345,2.7491408934707904,1.718213058419244,1.718213058419244,0.6872852233676976,1.0309278350515463,4.123711340206185
E00044599,252,225,19,13,6,3,0,3,5,89.28571428571429,7.5396825396825395,5.158730158730158,2.380952380952381,1.1904761904761905,0,1.1904761904761905,1.984126984126984
E00044600,255,231,10,8,2,9,6,3,5,90.58823529411765,3.9215686274509802,3.1372549019607843,0.7843137254901961,3.5294117647058822,2.3529411764705883,1.1764705882352942,1.9607843137254901
E00044601,275,245,18,13,5,5,3,2,7,89.0909090909091,6.545454545454546,4.7272727272727275,1.8181818181818181,1.8181818181818181,1.090909090909091,0.7272727272727273,2.5454545454545454
E00044602,214,187,11,7,4,6,4,2,10,87.38317757009347,5.14018691588785,3.2710280373831773,1.8691588785046727,2.803738317757009,1.8691588785046727,0.9345794392523363,4.672897196261682
E00044603,301,261,27,16,11,6,4,2,7,86.71096345514951,8.970099667774086,5.3156146179401995,3.6544850498338874,1.9933554817275747,1.3289036544850499,0.6644518272425249,2.3255813953488373
E00044604,270,234,17,14,3,7,4,3,12,86.66666666666667,6.296296296296296,5.185185185185185,1.1111111111111112,2.5925925925925926,1.4814814814814816,1.1111111111111112,4.444444444444445
E00044605,269,231,21,12,9,9,2,7,8,85.87360594795538,7.806691449814126,4.4609665427509295,3.3457249070631967,3.3457249070631967,0.7434944237918215,2.6022304832713754,2.973977695167286
E00044606,266,214,28,22,6,10,7,3,14,80.45112781954887,10.526315789473683,8.270676691729323,2.2556390977443606,3.7593984962406015,2.631578947368421,1.1278195488721803,5.263157894736842
E00044607,251,229,10,3,7,3,1,2,9,91.23505976095618,3.9840637450199203,1.1952191235059761,2.788844621513944,1.1952191235059761,0.398406374501992,0.796812749003984,3.5856573705179287
E00044608,255,225,16,10,6,7,4,3,7,88.23529411764706,6.2745098039215685,3.9215686274509802,2.3529411764705883,2.7450980392156863,1.5686274509803921,1.1764705882352942,2.7450980392156863
E00044609,257,233,13,10,3,7,2,5,4,90.6614785992218,5.058365758754864,3.8910505836575875,1.1673151750972763,2.7237354085603114,0.7782101167315175,1.9455252918287937,1.556420233463035
E00044610,305,274,17,13,4,2,1,1,12,89.8360655737705,5.573770491803279,4.2622950819672125,1.3114754098360655,0.6557377049180327,0.32786885245901637,0.32786885245901637,3.934426229508197
E00044611,260,222,17,13,4,8,4,4,13,85.38461538461539,6.538461538461539,5,1.5384615384615385,3.076923076923077,1.5384615384615385,1.5384615384615385,5
E00044612,305,274,15,12,3,5,2,3,11,89.8360655737705,4.918032786885246,3.934426229508197,0.9836065573770493,1.639344262295082,0.6557377049180327,0.9836065573770493,3.606557377049181
E00044613,203,182,11,9,2,1,0,1,9,89.65517241379311,5.41871921182266,4.433497536945813,0.9852216748768473,0.49261083743842365,0,0.49261083743842365,4.433497536945813
E00044614,305,275,12,7,5,6,3,3,12,90.1639344262295,3.934426229508197,2.2950819672131146,1.639344262295082,1.9672131147540985,0.9836065573770493,0.9836065573770493,3.934426229508197
E00044615,253,226,15,10,5,2,0,2,10,89.32806324110672,5.928853754940711,3.9525691699604746,1.9762845849802373,0.7905138339920948,0,0.7905138339920948,3.9525691699604746
E00044616,256,233,15,10,5,2,0,2,6,91.015625,5.859375,3.90625,1.953125,0.78125,0,0.78125,2.34375
E00044617,280,248,14,9,5,6,3,3,12,88.57142857142857,5,3.214285714285714,1.7857142857142856,2.142857142857143,1.0714285714285714,1.0714285714285714,4.285714285714286
E00044618,281,250,13,7,6,4,2,2,14,88.96797153024912,4.6263345195729535,2.491103202846975,2.135231316725979,1.4234875444839856,0.7117437722419928,0.7117437722419928,4.98220640569395
E00044619,253,226,19,13,6,3,0,3,5,89.32806324110672,7.5098814229249005,5.138339920948617,2.371541501976284,1.185770750988142,0,1.185770750988142,1.9762845849802373
E00044620,253,236,7,1,6,3,3,0,7,93.2806324110672,2.766798418972332,0.3952569169960474,2.371541501976284,1.185770750988142,1.185770750988142,0,2.766798418972332
E00044621,199,187,8,7,1,2,1,1,2,93.96984924623115,4.0201005025125625,3.5175879396984926,0.5025125628140703,1.0050251256281406,0.5025125628140703,0.5025125628140703,1.0050251256281406
E00044622,179,158,9,8,1,1,0,1,11,88.26815642458101,5.027932960893855,4.4692737430167595,0.5586592178770949,0.5586592178770949,0,0.5586592178770949,6.145251396648044
E00044623,251,215,25,19,6,5,2,3,6,85.65737051792829,9.9601593625498,7.569721115537849,2.3904382470119523,1.9920318725099602,0.796812749003984,1.1952191235059761,2.3904382470119523
E00044624,256,227,16,8,8,9,4,5,4,88.671875,6.25,3.125,3.125,3.515625,1.5625,1.953125,1.5625
E00044625,236,210,11,5,6,4,0,4,11,88.98305084745762,4.661016949152542,2.11864406779661,2.5423728813559325,1.694915254237288,0,1.694915254237288,4.661016949152542
E00044626,304,265,23,10,13,11,3,8,5,87.17105263157895,7.565789473684211,3.289473684210526,4.276315789473684,3.618421052631579,0.9868421052631579,2.631578947368421,1.644736842105263
E00044627,248,222,8,6,2,5,0,5,13,89.51612903225806,3.225806451612903,2.4193548387096775,0.8064516129032258,2.0161290322580645,0,2.0161290322580645,5.241935483870968
E00044628,259,226,17,4,13,6,4,2,10,87.25868725868726,6.563706563706563,1.5444015444015444,5.019305019305019,2.3166023166023164,1.5444015444015444,0.7722007722007722,3.861003861003861
E00044629,309,273,21,14,7,4,3,1,11,88.3495145631068,6.796116504854369,4.53074433656958,2.26537216828479,1.2944983818770228,0.9708737864077669,0.3236245954692557,3.559870550161812
E00044630,200,178,17,12,5,4,3,1,1,89,8.5,6,2.5,2,1.5,0.5,0.5
E00044631,259,227,13,9,4,9,4,5,10,87.64478764478764,5.019305019305019,3.474903474903475,1.5444015444015444,3.474903474903475,1.5444015444015444,1.9305019305019304,3.861003861003861
E00044632,377,342,11,7,4,11,4,7,13,90.71618037135278,2.9177718832891246,1.8567639257294428,1.0610079575596816,2.9177718832891246,1.0610079575596816,1.8567639257294428,3.4482758620689653
E00044633,241,214,10,4,6,3,2,1,14,88.79668049792531,4.149377593360995,1.6597510373443984,2.4896265560165975,1.2448132780082988,0.8298755186721992,0.4149377593360996,5.809128630705394
E00044634,260,236,7,4,3,10,10,0,7,90.76923076923077,2.6923076923076925,1.5384615384615385,1.153846153846154,3.8461538461538463,3.8461538461538463,0,2.6923076923076925
E00044635,153,136,4,4,0,3,2,1,10,88.88888888888889,2.6143790849673203,2.6143790849673203,0,1.9607843137254901,1.3071895424836601,0.6535947712418301,6.535947712418301
E00044636,227,196,14,9,5,11,5,6,6,86.34361233480176,6.167400881057269,3.9647577092511015,2.2026431718061676,4.845814977973569,2.2026431718061676,2.643171806167401,2.643171806167401
E00044637,250,219,18,15,3,7,3,4,6,87.6,7.199999999999999,6,1.2,2.8000000000000003,1.2,1.6,2.4
E00044638,256,231,10,6,4,5,2,3,10,90.234375,3.90625,2.34375,1.5625,1.953125,0.78125,1.171875,3.90625
E00044639,233,200,18,12,6,7,4,3,8,85.83690987124464,7.725321888412018,5.150214592274678,2.575107296137339,3.004291845493562,1.7167381974248928,1.2875536480686696,3.4334763948497855
E00044640,134,117,6,5,1,2,2,0,9,87.31343283582089,4.477611940298507,3.731343283582089,0.7462686567164178,1.4925373134328357,1.4925373134328357,0,6.7164179104477615
E00044641,294,276,4,1,3,6,4,2,8,93.87755102040816,1.3605442176870748,0.3401360544217687,1.0204081632653061,2.0408163265306123,1.3605442176870748,0.6802721088435374,2.7210884353741496
E00044642,264,237,10,5,5,9,1,8,8,89.77272727272727,3.787878787878788,1.893939393939394,1.893939393939394,3.4090909090909087,0.3787878787878788,3.0303030303030303,3.0303030303030303
E00044644,283,232,24,15,9,13,8,5,14,81.97879858657244,8.480565371024735,5.30035335689046,3.180212014134275,4.593639575971731,2.8268551236749118,1.76678445229682,4.946996466431095
E00044645,232,205,15,9,6,7,5,2,5,88.36206896551724,6.4655172413793105,3.8793103448275863,2.586206896551724,3.0172413793103448,2.1551724137931036,0.8620689655172413,2.1551724137931036
E00044646,428,390,21,14,7,11,6,5,6,91.1214953271028,4.906542056074766,3.2710280373831773,1.6355140186915886,2.570093457943925,1.4018691588785046,1.1682242990654206,1.4018691588785046
E00044647,283,245,20,10,10,9,4,5,9,86.57243816254417,7.06713780918728,3.53356890459364,3.53356890459364,3.180212014134275,1.4134275618374559,1.76678445229682,3.180212014134275
E00044648,316,282,12,8,4,9,2,7,13,89.24050632911393,3.79746835443038,2.5316455696202533,1.2658227848101267,2.848101265822785,0.6329113924050633,2.2151898734177213,4.113924050632911
E00044649,256,219,9,5,4,11,7,4,17,85.546875,3.515625,1.953125,1.5625,4.296875,2.734375,1.5625,6.640625
E00044650,314,277,18,13,5,7,2,5,12,88.21656050955414,5.7324840764331215,4.140127388535031,1.5923566878980893,2.229299363057325,0.6369426751592357,1.5923566878980893,3.821656050955414
E00044651,462,426,25,16,9,8,4,4,3,92.20779220779221,5.411255411255411,3.463203463203463,1.948051948051948,1.7316017316017316,0.8658008658008658,0.8658008658008658,0.6493506493506493
E00044652,238,205,14,12,2,11,9,2,8,86.1344537815126,5.88235294117647,5.042016806722689,0.8403361344537815,4.621848739495799,3.7815126050420167,0.8403361344537815,3.361344537815126
E00044653,274,241,21,12,9,1,1,0,11,87.95620437956204,7.664233576642336,4.37956204379562,3.2846715328467155,0.36496350364963503,0.36496350364963503,0,4.014598540145985
E00044655,221,199,11,7,4,3,1,2,8,90.04524886877829,4.97737556561086,3.167420814479638,1.809954751131222,1.3574660633484164,0.4524886877828055,0.904977375565611,3.619909502262444
E00044656,295,268,13,12,1,9,5,4,5,90.84745762711864,4.406779661016949,4.067796610169491,0.3389830508474576,3.050847457627119,1.694915254237288,1.3559322033898304,1.694915254237288
E00044657,284,245,12,6,6,11,4,7,16,86.26760563380282,4.225352112676056,2.112676056338028,2.112676056338028,3.873239436619718,1.4084507042253522,2.464788732394366,5.633802816901409
E00044658,422,360,44,34,10,9,2,7,9,85.30805687203792,10.42654028436019,8.056872037914692,2.3696682464454977,2.132701421800948,0.47393364928909953,1.6587677725118484,2.132701421800948
E00044659,154,138,6,5,1,3,0,3,7,89.6103896103896,3.896103896103896,3.2467532467532463,0.6493506493506493,1.948051948051948,0,1.948051948051948,4.545454545454546
E00044660,257,231,10,6,4,9,3,6,7,89.88326848249028,3.8910505836575875,2.3346303501945527,1.556420233463035,3.501945525291829,1.1673151750972763,2.3346303501945527,2.7237354085603114
E00044661,300,269,14,11,3,3,1,2,14,89.66666666666666,4.666666666666667,3.6666666666666665,1,1,0.33333333333333337,0.6666666666666667,4.666666666666667
E00044662,245,221,9,4,5,8,2,6,7,90.20408163265307,3.6734693877551026,1.6326530612244898,2.0408163265306123,3.2653061224489797,0.8163265306122449,2.4489795918367347,2.857142857142857
E00044663,252,226,9,7,2,5,0,5,12,89.68253968253968,3.571428571428571,2.7777777777777777,0.7936507936507936,1.984126984126984,0,1.984126984126984,4.761904761904762
E00044664,265,226,9,5,4,14,3,11,16,85.28301886792453,3.3962264150943398,1.8867924528301887,1.509433962264151,5.283018867924529,1.1320754716981132,4.150943396226415,6.037735849056604
E00044665,338,308,12,8,4,8,3,5,10,91.12426035502959,3.5502958579881656,2.366863905325444,1.183431952662722,2.366863905325444,0.8875739644970414,1.4792899408284024,2.9585798816568047
E00044666,243,207,17,10,7,10,2,8,9,85.18518518518519,6.995884773662551,4.11522633744856,2.880658436213992,4.11522633744856,0.823045267489712,3.292181069958848,3.7037037037037033
E00044668,276,239,12,8,4,9,5,4,16,86.59420289855072,4.3478260869565215,2.898550724637681,1.4492753623188406,3.260869565217391,1.8115942028985508,1.4492753623188406,5.797101449275362
E00044669,252,228,2,1,1,10,5,5,12,90.47619047619048,0.7936507936507936,0.3968253968253968,0.3968253968253968,3.968253968253968,1.984126984126984,1.984126984126984,4.761904761904762
E00044670,225,201,12,6,6,6,2,4,6,89.33333333333333,5.333333333333334,2.666666666666667,2.666666666666667,2.666666666666667,0.8888888888888888,1.7777777777777777,2.666666666666667
E00044671,165,151,2,0,2,8,5,3,4,91.51515151515152,1.2121212121212122,0,1.2121212121212122,4.848484848484849,3.0303030303030303,1.8181818181818181,2.4242424242424243
E00044672,247,216,9,7,2,8,3,5,14,87.4493927125506,3.643724696356275,2.834008097165992,0.8097165991902834,3.2388663967611335,1.214574898785425,2.0242914979757085,5.668016194331984
E00044673,241,212,17,11,6,2,1,1,10,87.96680497925311,7.053941908713693,4.564315352697095,2.4896265560165975,0.8298755186721992,0.4149377593360996,0.4149377593360996,4.149377593360995
E00044674,256,225,10,7,3,11,5,6,10,87.890625,3.90625,2.734375,1.171875,4.296875,1.953125,2.34375,3.90625
E00044675,450,417,17,6,11,7,3,4,9,92.66666666666666,3.7777777777777777,1.3333333333333335,2.4444444444444446,1.5555555555555556,0.6666666666666667,0.8888888888888888,2
E00044676,241,198,19,11,8,8,0,8,16,82.15767634854771,7.883817427385892,4.564315352697095,3.319502074688797,3.319502074688797,0,3.319502074688797,6.639004149377594
E00044677,274,241,19,13,6,8,3,5,6,87.95620437956204,6.934306569343065,4.744525547445255,2.18978102189781,2.9197080291970803,1.094890510948905,1.824817518248175,2.18978102189781
E00044682,243,212,16,12,4,1,0,1,14,87.24279835390946,6.584362139917696,4.938271604938271,1.646090534979424,0.411522633744856,0,0.411522633744856,5.761316872427984
E00044683,263,240,13,9,4,3,2,1,7,91.25475285171103,4.942965779467681,3.4220532319391634,1.520912547528517,1.1406844106463878,0.7604562737642585,0.38022813688212925,2.6615969581749046
E00044684,332,298,18,14,4,8,6,2,8,89.7590361445783,5.421686746987952,4.216867469879518,1.2048192771084338,2.4096385542168677,1.8072289156626504,0.6024096385542169,2.4096385542168677
E00044685,288,252,14,7,7,12,7,5,10,87.5,4.861111111111112,2.430555555555556,2.430555555555556,4.166666666666666,2.430555555555556,1.7361111111111112,3.4722222222222223
E00044686,326,288,12,9,3,8,4,4,18,88.34355828220859,3.6809815950920246,2.7607361963190185,0.9202453987730062,2.4539877300613497,1.2269938650306749,1.2269938650306749,5.521472392638037
E00044687,234,212,12,10,2,4,4,0,6,90.5982905982906,5.128205128205128,4.273504273504273,0.8547008547008548,1.7094017094017095,1.7094017094017095,0,2.564102564102564
E00044688,230,197,15,12,3,7,4,3,11,85.65217391304348,6.521739130434782,5.217391304347826,1.3043478260869565,3.0434782608695654,1.7391304347826086,1.3043478260869565,4.782608695652174
E00044689,306,258,13,6,7,19,10,9,16,84.31372549019608,4.248366013071895,1.9607843137254901,2.287581699346405,6.209150326797386,3.2679738562091507,2.941176470588235,5.228758169934641
E00044690,298,266,15,9,6,2,1,1,15,89.26174496644296,5.033557046979865,3.0201342281879198,2.013422818791946,0.6711409395973155,0.33557046979865773,0.33557046979865773,5.033557046979865
E00044691,230,204,11,10,1,6,3,3,9,88.69565217391305,4.782608695652174,4.3478260869565215,0.43478260869565216,2.608695652173913,1.3043478260869565,1.3043478260869565,3.91304347826087
E00044692,289,252,12,9,3,8,5,3,17,87.19723183391004,4.1522491349480966,3.1141868512110724,1.0380622837370241,2.768166089965398,1.7301038062283738,1.0380622837370241,5.88235294117647
E00044693,275,245,16,12,4,3,1,2,11,89.0909090909091,5.818181818181818,4.363636363636364,1.4545454545454546,1.090909090909091,0.36363636363636365,0.7272727272727273,4
E00044695,284,255,7,5,2,14,7,7,8,89.7887323943662,2.464788732394366,1.7605633802816902,0.7042253521126761,4.929577464788732,2.464788732394366,2.464788732394366,2.8169014084507045
E00044696,332,292,13,4,9,14,7,7,13,87.95180722891565,3.91566265060241,1.2048192771084338,2.710843373493976,4.216867469879518,2.108433734939759,2.108433734939759,3.91566265060241
E00044697,197,176,4,4,0,4,1,3,13,89.34010152284264,2.030456852791878,2.030456852791878,0,2.030456852791878,0.5076142131979695,1.5228426395939088,6.598984771573605
E00044698,199,179,13,9,4,3,1,2,4,89.9497487437186,6.532663316582915,4.522613065326634,2.0100502512562812,1.507537688442211,0.5025125628140703,1.0050251256281406,2.0100502512562812
E00044699,296,265,6,4,2,13,5,8,12,89.52702702702703,2.027027027027027,1.3513513513513513,0.6756756756756757,4.391891891891892,1.6891891891891893,2.7027027027027026,4.054054054054054
E00044700,263,225,24,18,6,6,3,3,8,85.55133079847909,9.125475285171103,6.844106463878327,2.2813688212927756,2.2813688212927756,1.1406844106463878,1.1406844106463878,3.041825095057034
E00044701,361,329,9,7,2,9,3,6,14,91.13573407202216,2.4930747922437675,1.9390581717451523,0.554016620498615,2.4930747922437675,0.8310249307479225,1.662049861495845,3.8781163434903045
E00044702,241,216,10,7,3,4,2,2,11,89.62655601659752,4.149377593360995,2.904564315352697,1.2448132780082988,1.6597510373443984,0.8298755186721992,0.8298755186721992,4.564315352697095
E00044703,226,201,18,14,4,3,2,1,4,88.93805309734513,7.964601769911504,6.1946902654867255,1.7699115044247788,1.3274336283185841,0.8849557522123894,0.4424778761061947,1.7699115044247788
E00044704,259,228,6,6,0,5,4,1,20,88.03088803088804,2.3166023166023164,2.3166023166023164,0,1.9305019305019304,1.5444015444015444,0.3861003861003861,7.722007722007722
E00044705,233,189,21,14,7,12,4,8,11,81.11587982832617,9.012875536480687,6.008583690987124,3.004291845493562,5.150214592274678,1.7167381974248928,3.4334763948497855,4.721030042918455
E00044706,263,240,7,2,5,12,2,10,4,91.25475285171103,2.6615969581749046,0.7604562737642585,1.9011406844106464,4.562737642585551,0.7604562737642585,3.802281368821293,1.520912547528517
E00044707,277,237,15,12,3,7,5,2,18,85.5595667870036,5.415162454873646,4.332129963898916,1.083032490974729,2.527075812274368,1.8050541516245486,0.7220216606498195,6.4981949458483745
E00044708,250,221,8,5,3,12,8,4,9,88.4,3.2,2,1.2,4.8,3.2,1.6,3.5999999999999996
E00044709,257,225,17,8,9,1,1,0,14,87.54863813229572,6.614785992217899,3.11284046692607,3.501945525291829,0.38910505836575876,0.38910505836575876,0,5.447470817120623
E00044710,247,214,10,5,5,9,5,4,14,86.63967611336032,4.048582995951417,2.0242914979757085,2.0242914979757085,3.643724696356275,2.0242914979757085,1.6194331983805668,5.668016194331984
E00044711,268,240,7,4,3,12,6,6,9,89.55223880597015,2.6119402985074625,1.4925373134328357,1.1194029850746268,4.477611940298507,2.2388059701492535,2.2388059701492535,3.3582089552238807
E00044712,347,289,9,1,8,19,7,12,30,83.28530259365994,2.5936599423631126,0.2881844380403458,2.3054755043227666,5.475504322766571,2.0172910662824206,3.45821325648415,8.645533141210375
E00044713,278,243,15,10,5,12,6,6,8,87.41007194244604,5.39568345323741,3.5971223021582732,1.7985611510791366,4.316546762589928,2.158273381294964,2.158273381294964,2.877697841726619
E00044714,248,228,11,7,4,3,1,2,6,91.93548387096774,4.435483870967742,2.82258064516129,1.6129032258064515,1.2096774193548387,0.4032258064516129,0.8064516129032258,2.4193548387096775
E00044715,285,249,17,14,3,11,7,4,8,87.36842105263159,5.964912280701754,4.912280701754386,1.0526315789473684,3.8596491228070176,2.456140350877193,1.4035087719298245,2.807017543859649
E00044716,381,323,17,8,9,17,7,10,24,84.7769028871391,4.4619422572178475,2.099737532808399,2.3622047244094486,4.4619422572178475,1.837270341207349,2.6246719160104988,6.299212598425196
E00044717,252,225,11,8,3,8,2,6,8,89.28571428571429,4.365079365079365,3.1746031746031744,1.1904761904761905,3.1746031746031744,0.7936507936507936,2.380952380952381,3.1746031746031744
E00044718,297,268,18,15,3,5,3,2,6,90.23569023569024,6.0606060606060606,5.05050505050505,1.0101010101010102,1.6835016835016834,1.0101010101010102,0.6734006734006733,2.0202020202020203
E00044720,277,240,20,14,6,5,2,3,12,86.64259927797833,7.2202166064981945,5.054151624548736,2.166064981949458,1.8050541516245486,0.7220216606498195,1.083032490974729,4.332129963898916
E00044721,280,259,9,5,4,4,2,2,8,92.5,3.214285714285714,1.7857142857142856,1.4285714285714286,1.4285714285714286,0.7142857142857143,0.7142857142857143,2.857142857142857
E00044724,260,235,7,5,2,4,3,1,14,90.38461538461539,2.6923076923076925,1.9230769230769231,0.7692307692307693,1.5384615384615385,1.153846153846154,0.38461538461538464,5.384615384615385
E00044725,260,230,16,9,7,3,2,1,11,88.46153846153845,6.153846153846154,3.4615384615384617,2.6923076923076925,1.153846153846154,0.7692307692307693,0.38461538461538464,4.230769230769231
E00044726,267,232,20,11,9,6,3,3,9,86.89138576779027,7.490636704119851,4.119850187265917,3.3707865168539324,2.247191011235955,1.1235955056179776,1.1235955056179776,3.3707865168539324
E00044728,293,259,11,8,3,10,5,5,13,88.39590443686008,3.754266211604096,2.7303754266211606,1.023890784982935,3.4129692832764507,1.7064846416382253,1.7064846416382253,4.436860068259386
E00044730,245,218,17,9,8,6,5,1,4,88.9795918367347,6.938775510204081,3.6734693877551026,3.2653061224489797,2.4489795918367347,2.0408163265306123,0.40816326530612246,1.6326530612244898
E00044731,233,201,14,11,3,7,1,6,11,86.26609442060087,6.008583690987124,4.721030042918455,1.2875536480686696,3.004291845493562,0.4291845493562232,2.575107296137339,4.721030042918455
E00044732,396,364,20,14,6,6,5,1,6,91.91919191919192,5.05050505050505,3.535353535353535,1.5151515151515151,1.5151515151515151,1.2626262626262625,0.25252525252525254,1.5151515151515151
E00044733,222,195,11,8,3,8,2,6,8,87.83783783783784,4.954954954954955,3.6036036036036037,1.3513513513513513,3.6036036036036037,0.9009009009009009,2.7027027027027026,3.6036036036036037
E00044734,188,169,5,2,3,5,3,2,9,89.8936170212766,2.6595744680851063,1.0638297872340425,1.5957446808510638,2.6595744680851063,1.5957446808510638,1.0638297872340425,4.787234042553192
E00044735,232,203,11,8,3,1,0,1,17,87.5,4.741379310344827,3.4482758620689653,1.293103448275862,0.43103448275862066,0,0.43103448275862066,7.327586206896551
E00044737,250,216,11,7,4,11,5,6,12,86.4,4.3999999999999995,2.8000000000000003,1.6,4.3999999999999995,2,2.4,4.8
E00044738,457,412,15,6,9,16,10,6,14,90.15317286652079,3.282275711159737,1.312910284463895,1.9693654266958425,3.50109409190372,2.1881838074398248,1.312910284463895,3.063457330415755
E00044739,206,176,15,12,3,10,3,7,5,85.43689320388349,7.281553398058252,5.825242718446602,1.4563106796116505,4.854368932038835,1.4563106796116505,3.3980582524271843,2.4271844660194173
E00044740,336,284,20,15,5,12,6,6,20,84.52380952380952,5.952380952380952,4.464285714285714,1.488095238095238,3.571428571428571,1.7857142857142856,1.7857142857142856,5.952380952380952
E00044741,285,241,16,9,7,16,5,11,12,84.56140350877193,5.614035087719298,3.1578947368421053,2.456140350877193,5.614035087719298,1.7543859649122806,3.8596491228070176,4.2105263157894735
E00044743,269,244,10,8,2,6,2,4,9,90.70631970260223,3.717472118959108,2.973977695167286,0.7434944237918215,2.2304832713754648,0.7434944237918215,1.486988847583643,3.3457249070631967
E00044744,259,229,3,2,1,11,5,6,16,88.41698841698842,1.1583011583011582,0.7722007722007722,0.3861003861003861,4.247104247104247,1.9305019305019304,2.3166023166023164,6.177606177606178
E00044745,281,248,7,5,2,11,3,8,15,88.25622775800713,2.491103202846975,1.7793594306049825,0.7117437722419928,3.9145907473309607,1.0676156583629894,2.8469750889679712,5.338078291814947
E00044746,338,294,15,12,3,9,4,5,20,86.98224852071006,4.437869822485207,3.5502958579881656,0.8875739644970414,2.6627218934911245,1.183431952662722,1.4792899408284024,5.9171597633136095
E00044748,333,296,4,2,2,15,10,5,18,88.88888888888889,1.2012012012012012,0.6006006006006006,0.6006006006006006,4.504504504504505,3.003003003003003,1.5015015015015014,5.405405405405405
E00044749,265,232,13,9,4,8,3,5,12,87.54716981132076,4.905660377358491,3.3962264150943398,1.509433962264151,3.018867924528302,1.1320754716981132,1.8867924528301887,4.528301886792453
E00044750,291,263,16,11,5,5,3,2,7,90.37800687285224,5.498281786941581,3.7800687285223367,1.718213058419244,1.718213058419244,1.0309278350515463,0.6872852233676976,2.405498281786942
E00044751,306,273,8,4,4,9,4,5,16,89.2156862745098,2.6143790849673203,1.3071895424836601,1.3071895424836601,2.941176470588235,1.3071895424836601,1.6339869281045754,5.228758169934641
E00044752,270,239,7,5,2,17,6,11,7,88.51851851851852,2.5925925925925926,1.8518518518518516,0.7407407407407408,6.296296296296296,2.2222222222222223,4.074074074074074,2.5925925925925926
E00044753,293,263,6,2,4,7,4,3,17,89.76109215017065,2.04778156996587,0.6825938566552902,1.3651877133105803,2.3890784982935154,1.3651877133105803,1.023890784982935,5.802047781569966
E00044754,339,310,5,3,2,13,7,6,11,91.44542772861357,1.4749262536873156,0.8849557522123894,0.5899705014749262,3.8348082595870205,2.0648967551622417,1.7699115044247788,3.2448377581120944
E00044755,317,277,12,6,6,13,4,9,15,87.38170347003155,3.7854889589905363,1.8927444794952681,1.8927444794952681,4.100946372239748,1.2618296529968454,2.8391167192429023,4.73186119873817
E00044756,262,228,14,9,5,8,3,5,12,87.02290076335878,5.343511450381679,3.435114503816794,1.9083969465648856,3.0534351145038165,1.1450381679389312,1.9083969465648856,4.580152671755725
E00044757,293,265,6,5,1,12,5,7,10,90.44368600682594,2.04778156996587,1.7064846416382253,0.3412969283276451,4.09556313993174,1.7064846416382253,2.3890784982935154,3.4129692832764507
E00044759,421,372,16,12,4,16,5,11,17,88.36104513064133,3.800475059382423,2.8503562945368173,0.9501187648456058,3.800475059382423,1.187648456057007,2.6128266033254155,4.038004750593824
E00044760,256,231,9,6,3,9,4,5,7,90.234375,3.515625,2.34375,1.171875,3.515625,1.5625,1.953125,2.734375
E00044761,292,259,7,4,3,9,2,7,17,88.6986301369863,2.3972602739726026,1.36986301369863,1.0273972602739725,3.0821917808219177,0.684931506849315,2.3972602739726026,5.821917808219178
E00044762,315,275,9,3,6,18,7,11,13,87.3015873015873,2.857142857142857,0.9523809523809524,1.9047619047619049,5.714285714285714,2.2222222222222223,3.492063492063492,4.1269841269841265
E00044763,236,208,5,2,3,2,1,1,21,88.13559322033898,2.11864406779661,0.847457627118644,1.2711864406779663,0.847457627118644,0.423728813559322,0.423728813559322,8.898305084745763
E00044764,198,168,18,12,6,6,3,3,6,84.84848484848484,9.090909090909092,6.0606060606060606,3.0303030303030303,3.0303030303030303,1.5151515151515151,1.5151515151515151,3.0303030303030303
E00044765,176,157,6,4,2,10,5,5,3,89.20454545454545,3.4090909090909087,2.272727272727273,1.1363636363636365,5.681818181818182,2.840909090909091,2.840909090909091,1.7045454545454544
E00044766,242,215,11,10,1,8,3,5,8,88.84297520661157,4.545454545454546,4.132231404958678,0.4132231404958678,3.3057851239669422,1.2396694214876034,2.066115702479339,3.3057851239669422
E00044767,403,374,12,9,3,10,5,5,7,92.80397022332507,2.977667493796526,2.2332506203473943,0.7444168734491315,2.481389578163772,1.240694789081886,1.240694789081886,1.7369727047146404
E00044768,246,222,9,6,3,4,2,2,11,90.2439024390244,3.6585365853658534,2.4390243902439024,1.2195121951219512,1.6260162601626018,0.8130081300813009,0.8130081300813009,4.471544715447155
E00044769,275,240,11,7,4,7,2,5,17,87.27272727272727,4,2.5454545454545454,1.4545454545454546,2.5454545454545454,0.7272727272727273,1.8181818181818181,6.181818181818182
E00044770,264,233,8,5,3,8,2,6,15,88.25757575757575,3.0303030303030303,1.893939393939394,1.1363636363636365,3.0303030303030303,0.7575757575757576,2.272727272727273,5.681818181818182
E00044771,244,206,16,7,9,12,7,5,10,84.42622950819673,6.557377049180328,2.8688524590163933,3.6885245901639343,4.918032786885246,2.8688524590163933,2.0491803278688523,4.098360655737705
E00044772,237,204,8,5,3,6,3,3,19,86.07594936708861,3.375527426160337,2.109704641350211,1.2658227848101267,2.5316455696202533,1.2658227848101267,1.2658227848101267,8.016877637130802
E00044773,165,150,2,1,1,3,2,1,10,90.9090909090909,1.2121212121212122,0.6060606060606061,0.6060606060606061,1.8181818181818181,1.2121212121212122,0.6060606060606061,6.0606060606060606
E00044774,345,306,10,5,5,14,6,8,15,88.69565217391305,2.898550724637681,1.4492753623188406,1.4492753623188406,4.057971014492753,1.7391304347826086,2.318840579710145,4.3478260869565215
E00044775,223,199,10,6,4,6,3,3,8,89.23766816143498,4.484304932735426,2.690582959641256,1.7937219730941705,2.690582959641256,1.345291479820628,1.345291479820628,3.587443946188341
E00044776,258,218,8,3,5,13,5,8,19,84.49612403100775,3.10077519379845,1.1627906976744187,1.937984496124031,5.038759689922481,1.937984496124031,3.10077519379845,7.3643410852713185
E00044777,263,231,9,5,4,5,2,3,18,87.83269961977186,3.4220532319391634,1.9011406844106464,1.520912547528517,1.9011406844106464,0.7604562737642585,1.1406844106463878,6.844106463878327
E00044778,273,241,2,0,2,14,6,8,16,88.27838827838828,0.7326007326007326,0,0.7326007326007326,5.128205128205128,2.197802197802198,2.93040293040293,5.86080586080586
E00044779,258,228,12,5,7,12,2,10,6,88.37209302325581,4.651162790697675,1.937984496124031,2.7131782945736433,4.651162790697675,0.7751937984496124,3.875968992248062,2.3255813953488373
E00044780,190,172,5,3,2,9,1,8,4,90.52631578947368,2.631578947368421,1.5789473684210527,1.0526315789473684,4.736842105263158,0.5263157894736842,4.2105263157894735,2.1052631578947367
E00044781,270,239,7,4,3,10,4,6,14,88.51851851851852,2.5925925925925926,1.4814814814814816,1.1111111111111112,3.7037037037037033,1.4814814814814816,2.2222222222222223,5.185185185185185
E00044782,277,246,8,4,4,9,2,7,14,88.8086642599278,2.888086642599278,1.444043321299639,1.444043321299639,3.2490974729241873,0.7220216606498195,2.527075812274368,5.054151624548736
E00044783,201,173,9,6,3,10,2,8,9,86.06965174129353,4.477611940298507,2.9850746268656714,1.4925373134328357,4.975124378109453,0.9950248756218906,3.9800995024875623,4.477611940298507
E00044784,266,237,12,5,7,7,1,6,10,89.09774436090225,4.511278195488721,1.8796992481203008,2.631578947368421,2.631578947368421,0.37593984962406013,2.2556390977443606,3.7593984962406015
E00044785,228,203,3,3,0,7,2,5,15,89.03508771929825,1.3157894736842104,1.3157894736842104,0,3.070175438596491,0.8771929824561403,2.1929824561403506,6.578947368421052
E00044786,230,198,15,10,5,4,3,1,13,86.08695652173914,6.521739130434782,4.3478260869565215,2.1739130434782608,1.7391304347826086,1.3043478260869565,0.43478260869565216,5.6521739130434785
E00044787,305,270,13,11,2,8,4,4,14,88.52459016393442,4.2622950819672125,3.606557377049181,0.6557377049180327,2.622950819672131,1.3114754098360655,1.3114754098360655,4.590163934426229
E00044788,298,260,13,6,7,13,6,7,12,87.24832214765101,4.3624161073825505,2.013422818791946,2.348993288590604,4.3624161073825505,2.013422818791946,2.348993288590604,4.026845637583892
E00044789,285,250,6,2,4,15,3,12,14,87.71929824561403,2.1052631578947367,0.7017543859649122,1.4035087719298245,5.263157894736842,1.0526315789473684,4.2105263157894735,4.912280701754386
E00044790,366,327,7,3,4,11,1,10,21,89.34426229508196,1.912568306010929,0.819672131147541,1.092896174863388,3.0054644808743167,0.273224043715847,2.73224043715847,5.737704918032787
E00044791,271,233,11,8,3,7,2,5,20,85.97785977859779,4.059040590405904,2.952029520295203,1.107011070110701,2.5830258302583027,0.7380073800738007,1.8450184501845017,7.380073800738007
E00044792,264,232,6,6,0,10,6,4,16,87.87878787878788,2.272727272727273,2.272727272727273,0,3.787878787878788,2.272727272727273,1.5151515151515151,6.0606060606060606
E00044793,241,208,9,4,5,7,2,5,17,86.30705394190872,3.7344398340248963,1.6597510373443984,2.0746887966804977,2.904564315352697,0.8298755186721992,2.0746887966804977,7.053941908713693
E00044794,253,218,9,6,3,10,5,5,16,86.16600790513834,3.557312252964427,2.371541501976284,1.185770750988142,3.9525691699604746,1.9762845849802373,1.9762845849802373,6.324110671936759
E00044795,145,126,7,3,4,5,4,1,7,86.89655172413792,4.827586206896552,2.0689655172413794,2.7586206896551726,3.4482758620689653,2.7586206896551726,0.6896551724137931,4.827586206896552
E00044796,233,210,5,2,3,10,5,5,8,90.12875536480686,2.1459227467811157,0.8583690987124464,1.2875536480686696,4.291845493562231,2.1459227467811157,2.1459227467811157,3.4334763948497855
E00044797,268,238,7,5,2,9,3,6,14,88.80597014925374,2.6119402985074625,1.8656716417910446,0.7462686567164178,3.3582089552238807,1.1194029850746268,2.2388059701492535,5.223880597014925
E00044798,342,302,16,11,5,9,2,7,15,88.30409356725146,4.678362573099415,3.216374269005848,1.461988304093567,2.631578947368421,0.5847953216374269,2.046783625730994,4.385964912280701
E00044799,231,209,7,5,2,6,3,3,9,90.47619047619048,3.0303030303030303,2.1645021645021645,0.8658008658008658,2.5974025974025974,1.2987012987012987,1.2987012987012987,3.896103896103896
E00044800,228,197,14,9,5,8,3,5,9,86.40350877192982,6.140350877192982,3.9473684210526314,2.1929824561403506,3.508771929824561,1.3157894736842104,2.1929824561403506,3.9473684210526314
E00044801,297,255,11,4,7,12,1,11,19,85.85858585858585,3.7037037037037033,1.3468013468013467,2.356902356902357,4.040404040404041,0.33670033670033667,3.7037037037037033,6.397306397306397
E00044802,254,219,7,4,3,11,1,10,17,86.22047244094489,2.7559055118110236,1.574803149606299,1.1811023622047243,4.330708661417323,0.39370078740157477,3.937007874015748,6.692913385826772
E00044803,308,276,6,3,3,13,8,5,13,89.6103896103896,1.948051948051948,0.974025974025974,0.974025974025974,4.220779220779221,2.5974025974025974,1.6233766233766231,4.220779220779221
E00044804,265,226,12,9,3,11,1,10,16,85.28301886792453,4.528301886792453,3.3962264150943398,1.1320754716981132,4.150943396226415,0.37735849056603776,3.7735849056603774,6.037735849056604
E00044805,305,261,12,7,5,11,4,7,21,85.57377049180329,3.934426229508197,2.2950819672131146,1.639344262295082,3.606557377049181,1.3114754098360655,2.2950819672131146,6.885245901639345
E00044806,268,238,11,5,6,8,3,5,11,88.80597014925374,4.104477611940299,1.8656716417910446,2.2388059701492535,2.9850746268656714,1.1194029850746268,1.8656716417910446,4.104477611940299
E00044807,188,165,10,6,4,9,3,6,4,87.7659574468085,5.319148936170213,3.1914893617021276,2.127659574468085,4.787234042553192,1.5957446808510638,3.1914893617021276,2.127659574468085
E00044808,253,219,10,5,5,10,2,8,14,86.56126482213439,3.9525691699604746,1.9762845849802373,1.9762845849802373,3.9525691699604746,0.7905138339920948,3.1620553359683794,5.533596837944664
E00044809,183,160,8,6,2,7,2,5,8,87.43169398907104,4.371584699453552,3.278688524590164,1.092896174863388,3.825136612021858,1.092896174863388,2.73224043715847,4.371584699453552
E00044810,255,231,6,4,2,7,0,7,11,90.58823529411765,2.3529411764705883,1.5686274509803921,0.7843137254901961,2.7450980392156863,0,2.7450980392156863,4.313725490196078
E00044811,252,219,10,5,5,4,1,3,19,86.90476190476191,3.968253968253968,1.984126984126984,1.984126984126984,1.5873015873015872,0.3968253968253968,1.1904761904761905,7.5396825396825395
E00044812,334,294,11,4,7,10,2,8,19,88.02395209580838,3.293413173652695,1.1976047904191618,2.095808383233533,2.9940119760479043,0.5988023952095809,2.3952095808383236,5.688622754491018
E00044813,264,227,10,3,7,12,6,6,15,85.98484848484848,3.787878787878788,1.1363636363636365,2.6515151515151514,4.545454545454546,2.272727272727273,2.272727272727273,5.681818181818182
E00044814,309,271,8,6,2,8,2,6,22,87.70226537216828,2.5889967637540456,1.9417475728155338,0.6472491909385114,2.5889967637540456,0.6472491909385114,1.9417475728155338,7.119741100323624
E00044815,241,217,8,6,2,4,1,3,12,90.04149377593362,3.319502074688797,2.4896265560165975,0.8298755186721992,1.6597510373443984,0.4149377593360996,1.2448132780082988,4.979253112033195
E00044816,280,235,12,8,4,11,4,7,22,83.92857142857143,4.285714285714286,2.857142857142857,1.4285714285714286,3.9285714285714284,1.4285714285714286,2.5,7.857142857142857
E00044817,251,224,5,5,0,11,3,8,11,89.2430278884462,1.9920318725099602,1.9920318725099602,0,4.382470119521913,1.1952191235059761,3.187250996015936,4.382470119521913
E00044818,250,222,9,5,4,12,6,6,7,88.8,3.5999999999999996,2,1.6,4.8,2.4,2.4,2.8000000000000003
E00044819,259,233,8,5,3,6,3,3,12,89.96138996138995,3.088803088803089,1.9305019305019304,1.1583011583011582,2.3166023166023164,1.1583011583011582,1.1583011583011582,4.633204633204633
E00044820,290,239,18,8,10,13,7,6,20,82.41379310344827,6.206896551724138,2.7586206896551726,3.4482758620689653,4.482758620689655,2.413793103448276,2.0689655172413794,6.896551724137931
E00044821,256,223,12,7,5,14,6,8,7,87.109375,4.6875,2.734375,1.953125,5.46875,2.34375,3.125,2.734375
E00044822,247,219,5,1,4,9,2,7,14,88.66396761133603,2.0242914979757085,0.4048582995951417,1.6194331983805668,3.643724696356275,0.8097165991902834,2.834008097165992,5.668016194331984
E00044823,270,251,0,0,0,8,2,6,11,92.96296296296296,0,0,0,2.9629629629629632,0.7407407407407408,2.2222222222222223,4.074074074074074
E00044824,261,236,9,7,2,10,5,5,6,90.42145593869732,3.4482758620689653,2.681992337164751,0.7662835249042145,3.8314176245210727,1.9157088122605364,1.9157088122605364,2.2988505747126435
E00044825,226,206,7,3,4,2,1,1,11,91.1504424778761,3.0973451327433628,1.3274336283185841,1.7699115044247788,0.8849557522123894,0.4424778761061947,0.4424778761061947,4.867256637168142
E00044826,288,242,3,1,2,13,5,8,30,84.02777777777779,1.0416666666666665,0.3472222222222222,0.6944444444444444,4.513888888888888,1.7361111111111112,2.7777777777777777,10.416666666666668
E00044827,295,271,4,3,1,6,2,4,14,91.86440677966101,1.3559322033898304,1.0169491525423728,0.3389830508474576,2.0338983050847457,0.6779661016949152,1.3559322033898304,4.745762711864407
E00044828,151,128,4,2,2,3,2,1,16,84.76821192052981,2.6490066225165565,1.3245033112582782,1.3245033112582782,1.9867549668874174,1.3245033112582782,0.6622516556291391,10.596026490066226
E00044829,251,223,8,5,3,7,6,1,13,88.84462151394422,3.187250996015936,1.9920318725099602,1.1952191235059761,2.788844621513944,2.3904382470119523,0.398406374501992,5.179282868525896
E00044830,226,192,9,7,2,8,3,5,17,84.95575221238938,3.982300884955752,3.0973451327433628,0.8849557522123894,3.5398230088495577,1.3274336283185841,2.2123893805309733,7.52212389380531
E00044831,270,230,9,6,3,10,3,7,21,85.18518518518519,3.3333333333333335,2.2222222222222223,1.1111111111111112,3.7037037037037033,1.1111111111111112,2.5925925925925926,7.777777777777778
E00044832,248,214,9,4,5,4,2,2,21,86.29032258064517,3.6290322580645165,1.6129032258064515,2.0161290322580645,1.6129032258064515,0.8064516129032258,0.8064516129032258,8.46774193548387
E00044833,445,415,12,9,3,7,3,4,11,93.25842696629213,2.696629213483146,2.0224719101123596,0.6741573033707865,1.5730337078651686,0.6741573033707865,0.8988764044943821,2.4719101123595504
E00044835,237,218,6,3,3,8,1,7,5,91.9831223628692,2.5316455696202533,1.2658227848101267,1.2658227848101267,3.375527426160337,0.42194092827004215,2.9535864978902953,2.109704641350211
E00044836,164,144,8,4,4,2,0,2,10,87.8048780487805,4.878048780487805,2.4390243902439024,2.4390243902439024,1.2195121951219512,0,1.2195121951219512,6.097560975609756
E00044837,210,188,7,4,3,8,2,6,7,89.52380952380953,3.3333333333333335,1.9047619047619049,1.4285714285714286,3.8095238095238098,0.9523809523809524,2.857142857142857,3.3333333333333335
E00044838,258,229,10,5,5,10,7,3,9,88.75968992248062,3.875968992248062,1.937984496124031,1.937984496124031,3.875968992248062,2.7131782945736433,1.1627906976744187,3.488372093023256
E00044839,286,263,13,6,7,7,1,6,3,91.95804195804196,4.545454545454546,2.097902097902098,2.4475524475524475,2.4475524475524475,0.34965034965034963,2.097902097902098,1.048951048951049
E00044841,181,169,5,1,4,3,1,2,4,93.37016574585635,2.7624309392265194,0.5524861878453038,2.209944751381215,1.6574585635359116,0.5524861878453038,1.1049723756906076,2.209944751381215
E00044842,262,247,6,3,3,5,3,2,4,94.27480916030534,2.2900763358778624,1.1450381679389312,1.1450381679389312,1.9083969465648856,1.1450381679389312,0.7633587786259541,1.5267175572519083
E00044843,258,246,4,3,1,7,0,7,1,95.34883720930233,1.550387596899225,1.1627906976744187,0.3875968992248062,2.7131782945736433,0,2.7131782945736433,0.3875968992248062
E00044844,357,335,12,10,2,6,3,3,4,93.8375350140056,3.361344537815126,2.801120448179272,0.5602240896358543,1.680672268907563,0.8403361344537815,0.8403361344537815,1.1204481792717087
E00044845,296,264,6,4,2,8,5,3,18,89.1891891891892,2.027027027027027,1.3513513513513513,0.6756756756756757,2.7027027027027026,1.6891891891891893,1.0135135135135136,6.081081081081082
E00044846,272,246,11,7,4,0,0,0,15,90.44117647058823,4.044117647058823,2.5735294117647056,1.4705882352941175,0,0,0,5.514705882352941
E00044847,316,300,5,4,1,7,4,3,4,94.9367088607595,1.5822784810126582,1.2658227848101267,0.31645569620253167,2.2151898734177213,1.2658227848101267,0.949367088607595,1.2658227848101267
E00044848,253,228,12,11,1,9,2,7,4,90.11857707509881,4.743083003952568,4.3478260869565215,0.3952569169960474,3.557312252964427,0.7905138339920948,2.766798418972332,1.5810276679841897
E00044849,218,201,9,7,2,5,2,3,3,92.20183486238533,4.128440366972478,3.211009174311927,0.9174311926605505,2.293577981651376,0.9174311926605505,1.3761467889908259,1.3761467889908259
E00044850,262,230,8,7,1,9,6,3,15,87.78625954198473,3.0534351145038165,2.6717557251908395,0.38167938931297707,3.435114503816794,2.2900763358778624,1.1450381679389312,5.7251908396946565
E00044851,302,275,8,5,3,10,7,3,9,91.05960264900662,2.6490066225165565,1.6556291390728477,0.9933774834437087,3.3112582781456954,2.3178807947019866,0.9933774834437087,2.980132450331126
E00044852,366,344,11,9,2,5,4,1,6,93.98907103825137,3.0054644808743167,2.459016393442623,0.546448087431694,1.366120218579235,1.092896174863388,0.273224043715847,1.639344262295082
E00044853,207,182,12,9,3,10,5,5,3,87.92270531400966,5.797101449275362,4.3478260869565215,1.4492753623188406,4.830917874396135,2.4154589371980677,2.4154589371980677,1.4492753623188406
E00044854,297,275,12,8,4,4,2,2,6,92.5925925925926,4.040404040404041,2.6936026936026933,1.3468013468013467,1.3468013468013467,0.6734006734006733,0.6734006734006733,2.0202020202020203
E00044855,239,213,9,8,1,7,5,2,10,89.1213389121339,3.765690376569038,3.3472803347280333,0.41841004184100417,2.928870292887029,2.092050209205021,0.8368200836820083,4.184100418410042
E00044856,421,381,24,14,10,6,4,2,10,90.49881235154395,5.7007125890736345,3.32541567695962,2.375296912114014,1.4251781472684086,0.9501187648456058,0.4750593824228029,2.375296912114014
E00044857,198,175,10,3,7,8,3,5,5,88.38383838383838,5.05050505050505,1.5151515151515151,3.535353535353535,4.040404040404041,1.5151515151515151,2.525252525252525,2.525252525252525
E00044858,357,334,10,10,0,4,1,3,9,93.55742296918767,2.801120448179272,2.801120448179272,0,1.1204481792717087,0.2801120448179272,0.8403361344537815,2.5210084033613445
E00044859,251,223,19,14,5,5,1,4,4,88.84462151394422,7.569721115537849,5.577689243027888,1.9920318725099602,1.9920318725099602,0.398406374501992,1.593625498007968,1.593625498007968
E00044860,357,314,22,13,9,12,5,7,9,87.95518207282913,6.162464985994398,3.6414565826330536,2.5210084033613445,3.361344537815126,1.400560224089636,1.9607843137254901,2.5210084033613445
E00044861,148,133,6,5,1,4,1,3,5,89.86486486486487,4.054054054054054,3.3783783783783785,0.6756756756756757,2.7027027027027026,0.6756756756756757,2.027027027027027,3.3783783783783785
E00044862,335,309,14,10,4,5,2,3,7,92.23880597014926,4.179104477611941,2.9850746268656714,1.1940298507462688,1.4925373134328357,0.5970149253731344,0.8955223880597015,2.0895522388059704
E00044863,333,300,23,20,3,6,1,5,4,90.09009009009009,6.906906906906906,6.006006006006006,0.9009009009009009,1.8018018018018018,0.3003003003003003,1.5015015015015014,1.2012012012012012
E00044864,256,212,22,17,5,6,5,1,16,82.8125,8.59375,6.640625,1.953125,2.34375,1.953125,0.390625,6.25
E00044865,304,281,9,8,1,6,0,6,8,92.43421052631578,2.9605263157894735,2.631578947368421,0.3289473684210526,1.9736842105263157,0,1.9736842105263157,2.631578947368421
E00044866,188,173,2,0,2,6,1,5,7,92.02127659574468,1.0638297872340425,0,1.0638297872340425,3.1914893617021276,0.5319148936170213,2.6595744680851063,3.723404255319149
E00044867,249,222,9,5,4,5,3,2,13,89.1566265060241,3.614457831325301,2.0080321285140563,1.6064257028112447,2.0080321285140563,1.2048192771084338,0.8032128514056224,5.220883534136546
E00044868,265,228,10,6,4,13,0,13,14,86.0377358490566,3.7735849056603774,2.2641509433962264,1.509433962264151,4.905660377358491,0,4.905660377358491,5.283018867924529
E00044869,191,173,5,2,3,3,1,2,10,90.57591623036649,2.6178010471204187,1.0471204188481675,1.5706806282722512,1.5706806282722512,0.5235602094240838,1.0471204188481675,5.2356020942408374
E00044870,241,203,15,8,7,8,3,5,15,84.23236514522821,6.224066390041494,3.319502074688797,2.904564315352697,3.319502074688797,1.2448132780082988,2.0746887966804977,6.224066390041494
E00044871,264,229,10,8,2,12,6,6,13,86.74242424242425,3.787878787878788,3.0303030303030303,0.7575757575757576,4.545454545454546,2.272727272727273,2.272727272727273,4.924242424242424
E00044872,181,158,5,5,0,9,4,5,9,87.29281767955801,2.7624309392265194,2.7624309392265194,0,4.972375690607735,2.209944751381215,2.7624309392265194,4.972375690607735
E00044873,258,226,4,1,3,9,5,4,19,87.59689922480621,1.550387596899225,0.3875968992248062,1.1627906976744187,3.488372093023256,1.937984496124031,1.550387596899225,7.3643410852713185
E00044874,242,223,4,2,2,5,4,1,10,92.14876033057851,1.6528925619834711,0.8264462809917356,0.8264462809917356,2.066115702479339,1.6528925619834711,0.4132231404958678,4.132231404958678
E00044875,204,185,2,2,0,5,2,3,12,90.68627450980392,0.9803921568627451,0.9803921568627451,0,2.450980392156863,0.9803921568627451,1.4705882352941175,5.88235294117647
E00044876,218,200,6,6,0,6,2,4,6,91.74311926605505,2.7522935779816518,2.7522935779816518,0,2.7522935779816518,0.9174311926605505,1.834862385321101,2.7522935779816518
E00044877,310,279,12,7,5,5,1,4,14,90,3.870967741935484,2.258064516129032,1.6129032258064515,1.6129032258064515,0.3225806451612903,1.2903225806451613,4.516129032258064
E00044878,283,257,6,3,3,5,3,2,15,90.81272084805654,2.1201413427561837,1.0600706713780919,1.0600706713780919,1.76678445229682,1.0600706713780919,0.7067137809187279,5.30035335689046
E00044879,185,163,9,7,2,7,3,4,6,88.10810810810811,4.864864864864865,3.783783783783784,1.0810810810810811,3.783783783783784,1.6216216216216217,2.1621621621621623,3.2432432432432434
E00044880,258,219,26,19,7,6,2,4,7,84.88372093023256,10.077519379844961,7.3643410852713185,2.7131782945736433,2.3255813953488373,0.7751937984496124,1.550387596899225,2.7131782945736433
E00044881,283,252,11,7,4,7,3,4,13,89.04593639575971,3.8869257950530036,2.4734982332155475,1.4134275618374559,2.4734982332155475,1.0600706713780919,1.4134275618374559,4.593639575971731
E00044882,277,247,11,6,5,7,1,6,12,89.16967509025271,3.9711191335740073,2.166064981949458,1.8050541516245486,2.527075812274368,0.36101083032490977,2.166064981949458,4.332129963898916
E00044883,123,116,3,2,1,1,0,1,3,94.3089430894309,2.4390243902439024,1.6260162601626018,0.8130081300813009,0.8130081300813009,0,0.8130081300813009,2.4390243902439024
E00044884,222,193,13,4,9,8,4,4,8,86.93693693693693,5.8558558558558556,1.8018018018018018,4.054054054054054,3.6036036036036037,1.8018018018018018,1.8018018018018018,3.6036036036036037
E00044885,278,242,7,3,4,17,7,10,12,87.05035971223022,2.5179856115107913,1.079136690647482,1.4388489208633095,6.115107913669065,2.5179856115107913,3.5971223021582732,4.316546762589928
E00044886,309,271,14,12,2,10,5,5,14,87.70226537216828,4.53074433656958,3.8834951456310676,0.6472491909385114,3.2362459546925564,1.6181229773462782,1.6181229773462782,4.53074433656958
E00044887,268,239,6,4,2,7,3,4,16,89.17910447761194,2.2388059701492535,1.4925373134328357,0.7462686567164178,2.6119402985074625,1.1194029850746268,1.4925373134328357,5.970149253731343
E00044888,282,248,4,2,2,5,1,4,25,87.94326241134752,1.4184397163120568,0.7092198581560284,0.7092198581560284,1.773049645390071,0.3546099290780142,1.4184397163120568,8.865248226950355
E00044889,215,197,6,4,2,3,1,2,9,91.62790697674419,2.7906976744186047,1.8604651162790697,0.9302325581395349,1.3953488372093024,0.46511627906976744,0.9302325581395349,4.186046511627907
E00044890,242,210,5,2,3,17,6,11,10,86.77685950413223,2.066115702479339,0.8264462809917356,1.2396694214876034,7.024793388429752,2.479338842975207,4.545454545454546,4.132231404958678
E00044891,245,215,8,4,4,7,3,4,15,87.75510204081633,3.2653061224489797,1.6326530612244898,1.6326530612244898,2.857142857142857,1.2244897959183674,1.6326530612244898,6.122448979591836
E00044892,304,276,11,8,3,10,3,7,7,90.78947368421053,3.618421052631579,2.631578947368421,0.9868421052631579,3.289473684210526,0.9868421052631579,2.302631578947368,2.302631578947368
E00044893,311,283,7,5,2,8,2,6,13,90.9967845659164,2.2508038585209005,1.607717041800643,0.6430868167202572,2.572347266881029,0.6430868167202572,1.929260450160772,4.180064308681672
E00044894,210,185,7,4,3,10,3,7,8,88.09523809523809,3.3333333333333335,1.9047619047619049,1.4285714285714286,4.761904761904762,1.4285714285714286,3.3333333333333335,3.8095238095238098
E00044895,251,227,14,9,5,5,2,3,5,90.43824701195219,5.577689243027888,3.5856573705179287,1.9920318725099602,1.9920318725099602,0.796812749003984,1.1952191235059761,1.9920318725099602
E00044896,305,273,7,6,1,11,3,8,14,89.50819672131148,2.2950819672131146,1.9672131147540985,0.32786885245901637,3.606557377049181,0.9836065573770493,2.622950819672131,4.590163934426229
E00044897,256,222,12,9,3,8,5,3,14,86.71875,4.6875,3.515625,1.171875,3.125,1.953125,1.171875,5.46875
E00044898,292,253,25,20,5,7,2,5,7,86.64383561643835,8.561643835616438,6.8493150684931505,1.7123287671232876,2.3972602739726026,0.684931506849315,1.7123287671232876,2.3972602739726026
E00044899,271,243,13,10,3,7,2,5,8,89.66789667896678,4.797047970479705,3.6900369003690034,1.107011070110701,2.5830258302583027,0.7380073800738007,1.8450184501845017,2.952029520295203
E00044900,280,253,8,7,1,7,3,4,12,90.35714285714286,2.857142857142857,2.5,0.35714285714285715,2.5,1.0714285714285714,1.4285714285714286,4.285714285714286
E00044901,291,257,14,10,4,9,5,4,11,88.31615120274914,4.810996563573884,3.436426116838488,1.3745704467353952,3.0927835051546393,1.718213058419244,1.3745704467353952,3.7800687285223367
E00044902,263,227,8,5,3,15,5,10,13,86.31178707224335,3.041825095057034,1.9011406844106464,1.1406844106463878,5.7034220532319395,1.9011406844106464,3.802281368821293,4.942965779467681
E00044903,194,178,4,4,0,4,2,2,8,91.75257731958763,2.0618556701030926,2.0618556701030926,0,2.0618556701030926,1.0309278350515463,1.0309278350515463,4.123711340206185
E00044904,290,256,22,16,6,7,3,4,5,88.27586206896552,7.586206896551724,5.517241379310345,2.0689655172413794,2.413793103448276,1.0344827586206897,1.3793103448275863,1.7241379310344827
E00044905,234,205,19,11,8,7,3,4,3,87.6068376068376,8.11965811965812,4.700854700854701,3.418803418803419,2.9914529914529915,1.282051282051282,1.7094017094017095,1.282051282051282
E00044906,372,336,18,16,2,8,5,3,10,90.32258064516128,4.838709677419355,4.301075268817205,0.5376344086021506,2.1505376344086025,1.3440860215053763,0.8064516129032258,2.6881720430107525
E00044907,127,112,4,4,0,5,3,2,6,88.18897637795276,3.149606299212598,3.149606299212598,0,3.937007874015748,2.3622047244094486,1.574803149606299,4.724409448818897
E00044908,249,218,12,7,5,7,2,5,12,87.55020080321285,4.819277108433735,2.8112449799196786,2.0080321285140563,2.8112449799196786,0.8032128514056224,2.0080321285140563,4.819277108433735
E00044909,244,216,15,10,5,3,1,2,10,88.52459016393442,6.147540983606557,4.098360655737705,2.0491803278688523,1.2295081967213115,0.4098360655737705,0.819672131147541,4.098360655737705
E00044910,368,320,14,9,5,15,5,10,19,86.95652173913044,3.804347826086957,2.4456521739130435,1.358695652173913,4.076086956521739,1.358695652173913,2.717391304347826,5.163043478260869
E00044911,228,207,12,7,5,3,0,3,6,90.78947368421053,5.263157894736842,3.070175438596491,2.1929824561403506,1.3157894736842104,0,1.3157894736842104,2.631578947368421
E00044912,193,167,9,5,4,6,2,4,11,86.52849740932642,4.66321243523316,2.5906735751295336,2.072538860103627,3.1088082901554404,1.0362694300518136,2.072538860103627,5.699481865284974
E00044913,260,235,13,2,11,6,2,4,6,90.38461538461539,5,0.7692307692307693,4.230769230769231,2.307692307692308,0.7692307692307693,1.5384615384615385,2.307692307692308
E00044914,286,262,7,3,4,7,5,2,10,91.6083916083916,2.4475524475524475,1.048951048951049,1.3986013986013985,2.4475524475524475,1.7482517482517483,0.6993006993006993,3.4965034965034967
E00044915,260,236,10,7,3,4,1,3,10,90.76923076923077,3.8461538461538463,2.6923076923076925,1.153846153846154,1.5384615384615385,0.38461538461538464,1.153846153846154,3.8461538461538463
E00044916,321,280,14,12,2,6,3,3,21,87.22741433021807,4.361370716510903,3.7383177570093453,0.6230529595015576,1.8691588785046727,0.9345794392523363,0.9345794392523363,6.5420560747663545
E00044917,256,225,14,9,5,9,5,4,8,87.890625,5.46875,3.515625,1.953125,3.515625,1.953125,1.5625,3.125
E00044918,276,243,19,16,3,7,4,3,7,88.04347826086956,6.884057971014493,5.797101449275362,1.0869565217391304,2.536231884057971,1.4492753623188406,1.0869565217391304,2.536231884057971
E00044919,276,239,21,15,6,1,0,1,15,86.59420289855072,7.608695652173914,5.434782608695652,2.1739130434782608,0.36231884057971014,0,0.36231884057971014,5.434782608695652
E00044920,280,247,20,18,2,10,5,5,3,88.21428571428571,7.142857142857142,6.428571428571428,0.7142857142857143,3.571428571428571,1.7857142857142856,1.7857142857142856,1.0714285714285714
E00044921,214,197,10,9,1,0,0,0,7,92.05607476635514,4.672897196261682,4.205607476635514,0.46728971962616817,0,0,0,3.2710280373831773
E00044922,225,200,14,11,3,2,0,2,9,88.88888888888889,6.222222222222222,4.888888888888889,1.3333333333333335,0.8888888888888888,0,0.8888888888888888,4
E00044923,281,259,14,9,5,3,3,0,5,92.17081850533808,4.98220640569395,3.202846975088968,1.7793594306049825,1.0676156583629894,1.0676156583629894,0,1.7793594306049825
E00044925,257,242,7,6,1,3,0,3,5,94.16342412451361,2.7237354085603114,2.3346303501945527,0.38910505836575876,1.1673151750972763,0,1.1673151750972763,1.9455252918287937
E00044926,370,335,7,5,2,9,6,3,19,90.54054054054053,1.891891891891892,1.3513513513513513,0.5405405405405406,2.4324324324324325,1.6216216216216217,0.8108108108108109,5.135135135135135
E00044927,286,252,24,21,3,3,1,2,7,88.11188811188812,8.391608391608392,7.3426573426573425,1.048951048951049,1.048951048951049,0.34965034965034963,0.6993006993006993,2.4475524475524475
E00044928,261,219,19,16,3,10,8,2,13,83.9080459770115,7.2796934865900385,6.130268199233716,1.1494252873563218,3.8314176245210727,3.065134099616858,0.7662835249042145,4.980842911877394
E00044929,273,239,10,9,1,10,4,6,14,87.54578754578755,3.6630036630036633,3.296703296703297,0.3663003663003663,3.6630036630036633,1.465201465201465,2.197802197802198,5.128205128205128
E00044930,347,320,16,10,6,4,2,2,7,92.21902017291066,4.610951008645533,2.881844380403458,1.729106628242075,1.1527377521613833,0.57636887608069165,0.57636887608069165,2.0172910662824206
E00044931,387,348,23,19,4,6,2,4,10,89.92248062015504,5.943152454780361,4.909560723514212,1.03359173126615,1.550387596899225,0.516795865633075,1.03359173126615,2.5839793281653747
E00044932,269,227,16,9,7,13,6,7,13,84.38661710037175,5.947955390334572,3.3457249070631967,2.6022304832713754,4.83271375464684,2.2304832713754648,2.6022304832713754,4.83271375464684
E00044933,238,213,5,1,4,7,0,7,13,89.49579831932773,2.100840336134454,0.42016806722689076,1.680672268907563,2.941176470588235,0,2.941176470588235,5.46218487394958
E00044934,277,249,4,2,2,6,0,6,18,89.89169675090253,1.444043321299639,0.7220216606498195,0.7220216606498195,2.166064981949458,0,2.166064981949458,6.4981949458483745
E00044935,342,299,16,7,9,13,5,8,14,87.42690058479532,4.678362573099415,2.046783625730994,2.631578947368421,3.8011695906432745,1.461988304093567,2.3391812865497075,4.093567251461988
E00044936,296,258,10,4,6,6,3,3,22,87.16216216216216,3.3783783783783785,1.3513513513513513,2.027027027027027,2.027027027027027,1.0135135135135136,1.0135135135135136,7.4324324324324325
E00044937,270,239,10,6,4,11,4,7,10,88.51851851851852,3.7037037037037033,2.2222222222222223,1.4814814814814816,4.074074074074074,1.4814814814814816,2.5925925925925926,3.7037037037037033
E00044938,220,205,4,2,2,4,0,4,7,93.18181818181817,1.8181818181818181,0.9090909090909091,0.9090909090909091,1.8181818181818181,0,1.8181818181818181,3.1818181818181817
E00044939,289,242,15,9,6,19,7,12,13,83.73702422145328,5.190311418685121,3.1141868512110724,2.0761245674740483,6.5743944636678195,2.422145328719723,4.1522491349480966,4.498269896193772
E00044940,311,275,16,10,6,5,2,3,15,88.42443729903538,5.144694533762058,3.215434083601286,1.929260450160772,1.607717041800643,0.6430868167202572,0.964630225080386,4.823151125401929
E00044941,319,283,9,5,4,11,5,6,16,88.71473354231975,2.8213166144200628,1.5673981191222568,1.2539184952978055,3.4482758620689653,1.5673981191222568,1.8808777429467085,5.015673981191222
E00044942,246,232,7,6,1,4,2,2,3,94.3089430894309,2.8455284552845526,2.4390243902439024,0.40650406504065045,1.6260162601626018,0.8130081300813009,0.8130081300813009,1.2195121951219512
E00044943,328,286,13,7,6,10,7,3,19,87.1951219512195,3.9634146341463414,2.1341463414634148,1.8292682926829267,3.048780487804878,2.1341463414634148,0.9146341463414633,5.7926829268292686
E00044944,349,319,17,15,2,9,4,5,4,91.40401146131805,4.871060171919771,4.297994269340974,0.5730659025787965,2.5787965616045847,1.146131805157593,1.4326647564469914,1.146131805157593
E00044945,138,128,4,2,2,2,0,2,4,92.7536231884058,2.898550724637681,1.4492753623188406,1.4492753623188406,1.4492753623188406,0,1.4492753623188406,2.898550724637681
E00044946,170,151,4,4,0,5,1,4,10,88.8235294117647,2.3529411764705883,2.3529411764705883,0,2.941176470588235,0.5882352941176471,2.3529411764705883,5.88235294117647
E00044947,131,120,3,2,1,5,2,3,3,91.6030534351145,2.2900763358778624,1.5267175572519083,0.7633587786259541,3.816793893129771,1.5267175572519083,2.2900763358778624,2.2900763358778624
E00044948,273,236,11,8,3,11,6,5,15,86.44688644688645,4.029304029304029,2.93040293040293,1.098901098901099,4.029304029304029,2.197802197802198,1.8315018315018317,5.4945054945054945
E00044949,265,239,20,15,5,1,0,1,5,90.18867924528303,7.547169811320755,5.660377358490567,1.8867924528301887,0.37735849056603776,0,0.37735849056603776,1.8867924528301887
E00044950,400,363,13,11,2,10,6,4,14,90.75,3.25,2.75,0.5,2.5,1.5,1,3.5000000000000004
E00044951,252,222,18,16,2,1,0,1,11,88.09523809523809,7.142857142857142,6.349206349206349,0.7936507936507936,0.3968253968253968,0,0.3968253968253968,4.365079365079365
E00044952,214,184,10,8,2,8,4,4,12,85.98130841121495,4.672897196261682,3.7383177570093453,0.9345794392523363,3.7383177570093453,1.8691588785046727,1.8691588785046727,5.607476635514018
E00044953,268,241,8,6,2,8,1,7,11,89.92537313432835,2.9850746268656714,2.2388059701492535,0.7462686567164178,2.9850746268656714,0.3731343283582089,2.6119402985074625,4.104477611940299
E00044954,263,228,11,8,3,8,4,4,16,86.69201520912547,4.182509505703422,3.041825095057034,1.1406844106463878,3.041825095057034,1.520912547528517,1.520912547528517,6.083650190114068
E00044955,257,228,10,9,1,12,5,7,7,88.715953307393,3.8910505836575875,3.501945525291829,0.38910505836575876,4.669260700389105,1.9455252918287937,2.7237354085603114,2.7237354085603114
E00044956,195,176,8,3,5,3,1,2,8,90.25641025641026,4.102564102564102,1.5384615384615385,2.564102564102564,1.5384615384615385,0.5128205128205128,1.0256410256410255,4.102564102564102
E00044957,226,190,13,7,6,5,5,0,18,84.070796460177,5.752212389380531,3.0973451327433628,2.6548672566371683,2.2123893805309733,2.2123893805309733,0,7.964601769911504
E00044958,146,130,8,5,3,5,3,2,3,89.04109589041096,5.47945205479452,3.4246575342465753,2.054794520547945,3.4246575342465753,2.054794520547945,1.36986301369863,2.054794520547945
E00044959,302,266,17,12,5,7,7,0,12,88.0794701986755,5.629139072847682,3.9735099337748347,1.6556291390728477,2.3178807947019866,2.3178807947019866,0,3.9735099337748347
E00044960,187,174,7,7,0,3,1,2,3,93.04812834224599,3.7433155080213902,3.7433155080213902,0,1.6042780748663104,0.53475935828877,1.06951871657754,1.6042780748663104
E00044961,250,223,10,7,3,8,2,6,9,89.2,4,2.8000000000000003,1.2,3.2,0.8,2.4,3.5999999999999996
E00044962,239,208,9,5,4,6,2,4,16,87.02928870292888,3.765690376569038,2.092050209205021,1.6736401673640167,2.510460251046025,0.8368200836820083,1.6736401673640167,6.694560669456067
E00044963,353,322,6,5,1,7,3,4,18,91.21813031161473,1.69971671388102,1.41643059490085,0.28328611898017,1.9830028328611897,0.84985835694051,1.13314447592068,5.099150141643059
E00044964,175,154,5,5,0,8,2,6,8,88,2.857142857142857,2.857142857142857,0,4.571428571428571,1.1428571428571428,3.428571428571429,4.571428571428571
E00044965,231,205,12,8,4,5,2,3,9,88.74458874458875,5.194805194805195,3.463203463203463,1.7316017316017316,2.1645021645021645,0.8658008658008658,1.2987012987012987,3.896103896103896
E00044966,264,241,2,1,1,9,1,8,12,91.28787878787878,0.7575757575757576,0.3787878787878788,0.3787878787878788,3.4090909090909087,0.3787878787878788,3.0303030303030303,4.545454545454546
E00044967,217,194,7,4,3,8,1,7,8,89.40092165898618,3.225806451612903,1.8433179723502304,1.3824884792626728,3.686635944700461,0.4608294930875576,3.225806451612903,3.686635944700461
E00044968,252,228,14,10,4,4,0,4,6,90.47619047619048,5.555555555555555,3.968253968253968,1.5873015873015872,1.5873015873015872,0,1.5873015873015872,2.380952380952381
E00044969,267,235,12,11,1,10,4,6,10,88.01498127340824,4.49438202247191,4.119850187265917,0.37453183520599254,3.7453183520599254,1.4981273408239701,2.247191011235955,3.7453183520599254
E00044970,233,207,9,7,2,8,5,3,9,88.8412017167382,3.862660944206009,3.004291845493562,0.8583690987124464,3.4334763948497855,2.1459227467811157,1.2875536480686696,3.862660944206009
E00044971,229,204,11,7,4,8,2,6,6,89.08296943231441,4.8034934497816595,3.056768558951965,1.7467248908296942,3.4934497816593884,0.8733624454148471,2.6200873362445414,2.6200873362445414
E00044972,250,210,10,6,4,12,5,7,18,84,4,2.4,1.6,4.8,2,2.8000000000000003,7.199999999999999
E00044973,217,186,9,4,5,11,5,6,11,85.71428571428571,4.147465437788019,1.8433179723502304,2.3041474654377883,5.0691244239631335,2.3041474654377883,2.7649769585253456,5.0691244239631335
E00044974,362,314,14,6,8,19,7,12,15,86.74033149171271,3.867403314917127,1.6574585635359116,2.209944751381215,5.248618784530387,1.9337016574585635,3.314917127071823,4.143646408839778
E00044975,255,221,6,5,1,6,3,3,22,86.66666666666667,2.3529411764705883,1.9607843137254901,0.39215686274509803,2.3529411764705883,1.1764705882352942,1.1764705882352942,8.627450980392156
E00044976,229,199,10,8,2,5,3,2,15,86.8995633187773,4.366812227074235,3.4934497816593884,0.8733624454148471,2.1834061135371177,1.3100436681222707,0.8733624454148471,6.550218340611353
E00044977,297,254,11,5,6,11,6,5,21,85.52188552188552,3.7037037037037033,1.6835016835016834,2.0202020202020203,3.7037037037037033,2.0202020202020203,1.6835016835016834,7.07070707070707
E00044978,265,243,6,5,1,6,0,6,10,91.69811320754717,2.2641509433962264,1.8867924528301887,0.37735849056603776,2.2641509433962264,0,2.2641509433962264,3.7735849056603774
E00044979,232,207,11,6,5,6,5,1,8,89.22413793103449,4.741379310344827,2.586206896551724,2.1551724137931036,2.586206896551724,2.1551724137931036,0.43103448275862066,3.4482758620689653
E00044980,294,256,10,5,5,9,4,5,19,87.07482993197279,3.4013605442176873,1.7006802721088436,1.7006802721088436,3.061224489795918,1.3605442176870748,1.7006802721088436,6.462585034013606
E00044981,266,250,9,3,6,2,1,1,5,93.98496240601504,3.3834586466165413,1.1278195488721803,2.2556390977443606,0.7518796992481203,0.37593984962406013,0.37593984962406013,1.8796992481203008
E00044982,247,221,8,4,4,7,2,5,11,89.47368421052632,3.2388663967611335,1.6194331983805668,1.6194331983805668,2.834008097165992,0.8097165991902834,2.0242914979757085,4.4534412955465585
E00044983,252,220,8,8,0,10,3,7,14,87.3015873015873,3.1746031746031744,3.1746031746031744,0,3.968253968253968,1.1904761904761905,2.7777777777777777,5.555555555555555
E00044984,232,200,8,5,3,9,6,3,15,86.20689655172413,3.4482758620689653,2.1551724137931036,1.293103448275862,3.8793103448275863,2.586206896551724,1.293103448275862,6.4655172413793105
E00044985,215,190,8,5,3,10,4,6,7,88.37209302325581,3.7209302325581395,2.3255813953488373,1.3953488372093024,4.651162790697675,1.8604651162790697,2.7906976744186047,3.255813953488372
E00044986,294,260,13,5,8,11,7,4,10,88.43537414965986,4.421768707482993,1.7006802721088436,2.7210884353741496,3.741496598639456,2.380952380952381,1.3605442176870748,3.4013605442176873
E00044987,264,233,8,6,2,12,2,10,11,88.25757575757575,3.0303030303030303,2.272727272727273,0.7575757575757576,4.545454545454546,0.7575757575757576,3.787878787878788,4.166666666666666
E00044988,238,195,11,9,2,9,3,6,23,81.9327731092437,4.621848739495799,3.7815126050420167,0.8403361344537815,3.7815126050420167,1.2605042016806722,2.5210084033613445,9.663865546218489
E00044989,322,283,15,11,4,6,1,5,18,87.88819875776397,4.658385093167702,3.4161490683229814,1.2422360248447204,1.8633540372670807,0.3105590062111801,1.5527950310559007,5.590062111801243
E00044990,245,215,10,7,3,6,3,3,14,87.75510204081633,4.081632653061225,2.857142857142857,1.2244897959183674,2.4489795918367347,1.2244897959183674,1.2244897959183674,5.714285714285714
E00044991,221,203,6,4,2,10,3,7,2,91.8552036199095,2.7149321266968327,1.809954751131222,0.904977375565611,4.524886877828054,1.3574660633484164,3.167420814479638,0.904977375565611
E00044992,261,247,3,1,2,4,1,3,7,94.6360153256705,1.1494252873563218,0.38314176245210724,0.7662835249042145,1.532567049808429,0.38314176245210724,1.1494252873563218,2.681992337164751
E00044993,269,248,8,5,3,6,2,4,7,92.19330855018588,2.973977695167286,1.858736059479554,1.1152416356877324,2.2304832713754648,0.7434944237918215,1.486988847583643,2.6022304832713754
E00044994,321,281,25,17,8,4,4,0,11,87.53894080996885,7.78816199376947,5.29595015576324,2.4922118380062304,1.2461059190031152,1.2461059190031152,0,3.4267912772585665
E00044995,265,232,24,18,6,3,1,2,6,87.54716981132076,9.056603773584905,6.7924528301886795,2.2641509433962264,1.1320754716981132,0.37735849056603776,0.7547169811320755,2.2641509433962264
E00044996,231,212,4,4,0,5,0,5,10,91.77489177489177,1.7316017316017316,1.7316017316017316,0,2.1645021645021645,0,2.1645021645021645,4.329004329004329
E00044997,278,248,16,9,7,6,3,3,8,89.20863309352518,5.755395683453238,3.237410071942446,2.5179856115107913,2.158273381294964,1.079136690647482,1.079136690647482,2.877697841726619
E00044998,243,223,6,1,5,7,2,5,7,91.76954732510289,2.4691358024691357,0.411522633744856,2.05761316872428,2.880658436213992,0.823045267489712,2.05761316872428,2.880658436213992
E00045000,270,252,7,4,3,2,1,1,9,93.33333333333333,2.5925925925925926,1.4814814814814816,1.1111111111111112,0.7407407407407408,0.3703703703703704,0.3703703703703704,3.3333333333333335
E00045001,254,220,27,22,5,3,1,2,4,86.61417322834646,10.62992125984252,8.661417322834646,1.968503937007874,1.1811023622047243,0.39370078740157477,0.7874015748031495,1.574803149606299
E00045002,244,210,3,2,1,13,7,6,18,86.0655737704918,1.2295081967213115,0.819672131147541,0.4098360655737705,5.327868852459016,2.8688524590163933,2.459016393442623,7.377049180327869
E00045003,211,182,9,9,0,8,4,4,12,86.25592417061611,4.265402843601896,4.265402843601896,0,3.7914691943127963,1.8957345971563981,1.8957345971563981,5.687203791469194
E00045004,244,222,7,4,3,8,5,3,7,90.98360655737704,2.8688524590163933,1.639344262295082,1.2295081967213115,3.278688524590164,2.0491803278688523,1.2295081967213115,2.8688524590163933
E00045005,240,206,16,12,4,5,5,0,13,85.83333333333333,6.666666666666667,5,1.6666666666666667,2.083333333333333,2.083333333333333,0,5.416666666666667
E00045006,289,256,21,14,7,5,3,2,7,88.58131487889274,7.26643598615917,4.844290657439446,2.422145328719723,1.7301038062283738,1.0380622837370241,0.6920415224913495,2.422145328719723
E00045007,323,283,16,12,4,5,3,2,19,87.61609907120743,4.953560371517028,3.7151702786377707,1.238390092879257,1.5479876160990713,0.9287925696594427,0.6191950464396285,5.88235294117647
E00045008,329,291,18,14,4,7,3,4,13,88.44984802431611,5.47112462006079,4.25531914893617,1.21580547112462,2.127659574468085,0.911854103343465,1.21580547112462,3.951367781155015
E00045009,262,236,15,9,6,7,2,5,4,90.07633587786259,5.7251908396946565,3.435114503816794,2.2900763358778624,2.6717557251908395,0.7633587786259541,1.9083969465648856,1.5267175572519083
E00045010,277,235,26,20,6,10,6,4,6,84.83754512635379,9.386281588447654,7.2202166064981945,2.166064981949458,3.6101083032490973,2.166064981949458,1.444043321299639,2.166064981949458
E00045011,215,190,8,6,2,7,3,4,10,88.37209302325581,3.7209302325581395,2.7906976744186047,0.9302325581395349,3.255813953488372,1.3953488372093024,1.8604651162790697,4.651162790697675
E00045012,219,200,9,8,1,2,1,1,8,91.32420091324201,4.10958904109589,3.65296803652968,0.45662100456621,0.91324200913242,0.45662100456621,0.45662100456621,3.65296803652968
E00045013,301,280,11,9,2,6,5,1,4,93.02325581395348,3.6544850498338874,2.990033222591362,0.6644518272425249,1.9933554817275747,1.6611295681063125,0.33222591362126247,1.3289036544850499
E00045014,275,239,20,15,5,5,3,2,11,86.9090909090909,7.2727272727272725,5.454545454545454,1.8181818181818181,1.8181818181818181,1.090909090909091,0.7272727272727273,4
E00045015,253,229,9,8,1,4,2,2,11,90.51383399209486,3.557312252964427,3.1620553359683794,0.3952569169960474,1.5810276679841897,0.7905138339920948,0.7905138339920948,4.3478260869565215
E00045016,260,211,27,20,7,9,5,4,13,81.15384615384616,10.384615384615385,7.6923076923076925,2.6923076923076925,3.4615384615384617,1.9230769230769231,1.5384615384615385,5
E00045017,254,221,13,10,3,6,4,2,14,87.00787401574803,5.118110236220472,3.937007874015748,1.1811023622047243,2.3622047244094486,1.574803149606299,0.7874015748031495,5.511811023622047
E00045018,291,266,5,5,0,9,3,6,11,91.40893470790378,1.718213058419244,1.718213058419244,0,3.0927835051546393,1.0309278350515463,2.0618556701030926,3.7800687285223367
E00045019,242,218,7,3,4,5,2,3,12,90.08264462809917,2.8925619834710745,1.2396694214876034,1.6528925619834711,2.066115702479339,0.8264462809917356,1.2396694214876034,4.958677685950414
E00045020,272,235,16,10,6,8,4,4,13,86.39705882352942,5.88235294117647,3.6764705882352944,2.2058823529411766,2.941176470588235,1.4705882352941175,1.4705882352941175,4.779411764705882
E00045021,256,224,21,16,5,2,1,1,9,87.5,8.203125,6.25,1.953125,0.78125,0.390625,0.390625,3.515625
E00045022,289,260,12,8,4,6,3,3,11,89.96539792387543,4.1522491349480966,2.768166089965398,1.384083044982699,2.0761245674740483,1.0380622837370241,1.0380622837370241,3.8062283737024223
E00045023,206,168,14,10,4,5,2,3,19,81.55339805825243,6.796116504854369,4.854368932038835,1.9417475728155338,2.4271844660194173,0.9708737864077669,1.4563106796116505,9.223300970873787
E00045024,296,256,14,9,5,7,2,5,19,86.48648648648648,4.72972972972973,3.040540540540541,1.6891891891891893,2.364864864864865,0.6756756756756757,1.6891891891891893,6.418918918918918
E00045025,234,207,12,9,3,5,1,4,10,88.46153846153845,5.128205128205128,3.8461538461538463,1.282051282051282,2.1367521367521367,0.4273504273504274,1.7094017094017095,4.273504273504273
E00045026,282,249,13,13,0,9,4,5,11,88.29787234042553,4.609929078014184,4.609929078014184,0,3.1914893617021276,1.4184397163120568,1.773049645390071,3.900709219858156
E00045027,235,202,9,6,3,9,4,5,15,85.95744680851064,3.829787234042553,2.553191489361702,1.276595744680851,3.829787234042553,1.702127659574468,2.127659574468085,6.382978723404255
E00045028,224,197,9,4,5,7,5,2,11,87.94642857142857,4.017857142857143,1.7857142857142856,2.232142857142857,3.125,2.232142857142857,0.8928571428571428,4.910714285714286
E00045029,281,251,17,12,5,5,3,2,8,89.32384341637011,6.049822064056939,4.270462633451958,1.7793594306049825,1.7793594306049825,1.0676156583629894,0.7117437722419928,2.8469750889679712
E00045030,316,280,10,8,2,11,8,3,15,88.60759493670885,3.1645569620253164,2.5316455696202533,0.6329113924050633,3.481012658227848,2.5316455696202533,0.949367088607595,4.746835443037975
E00045031,311,277,15,12,3,4,2,2,15,89.06752411575563,4.823151125401929,3.858520900321544,0.964630225080386,1.2861736334405145,0.6430868167202572,0.6430868167202572,4.823151125401929
E00045032,325,282,19,12,7,10,5,5,14,86.76923076923076,5.846153846153846,3.6923076923076925,2.1538461538461537,3.076923076923077,1.5384615384615385,1.5384615384615385,4.3076923076923075
E00045033,225,199,10,3,7,6,2,4,10,88.44444444444444,4.444444444444445,1.3333333333333335,3.111111111111111,2.666666666666667,0.8888888888888888,1.7777777777777777,4.444444444444445
E00045034,226,202,7,3,4,6,2,4,11,89.38053097345133,3.0973451327433628,1.3274336283185841,1.7699115044247788,2.6548672566371683,0.8849557522123894,1.7699115044247788,4.867256637168142
E00045035,299,263,24,19,5,8,4,4,4,87.95986622073578,8.02675585284281,6.354515050167224,1.6722408026755853,2.6755852842809364,1.3377926421404682,1.3377926421404682,1.3377926421404682
E00045036,292,259,20,14,6,3,3,0,10,88.6986301369863,6.8493150684931505,4.794520547945205,2.054794520547945,1.0273972602739725,1.0273972602739725,0,3.4246575342465753
E00045037,340,295,22,12,10,11,4,7,12,86.76470588235294,6.470588235294119,3.5294117647058822,2.941176470588235,3.2352941176470593,1.1764705882352942,2.0588235294117645,3.5294117647058822
E00045038,569,503,42,33,9,11,3,8,13,88.40070298769771,7.381370826010544,5.799648506151142,1.5817223198594026,1.9332161687170473,0.5272407732864675,1.4059753954305798,2.2847100175746924
E00045039,333,287,25,17,8,5,3,2,16,86.18618618618619,7.5075075075075075,5.105105105105105,2.4024024024024024,1.5015015015015014,0.9009009009009009,0.6006006006006006,4.804804804804805
E00045040,231,199,15,13,2,10,6,4,7,86.14718614718615,6.493506493506493,5.627705627705628,0.8658008658008658,4.329004329004329,2.5974025974025974,1.7316017316017316,3.0303030303030303
E00045041,422,385,22,14,8,4,3,1,11,91.23222748815166,5.213270142180095,3.3175355450236967,1.8957345971563981,0.9478672985781991,0.7109004739336493,0.23696682464454977,2.6066350710900474
E00045042,288,261,9,6,3,8,2,6,10,90.625,3.125,2.083333333333333,1.0416666666666665,2.7777777777777777,0.6944444444444444,2.083333333333333,3.4722222222222223
E00045043,259,238,6,5,1,6,1,5,9,91.8918918918919,2.3166023166023164,1.9305019305019304,0.3861003861003861,2.3166023166023164,0.3861003861003861,1.9305019305019304,3.474903474903475
E00045044,274,252,14,10,4,2,0,2,6,91.970802919708035,5.109489051094891,3.64963503649635,1.4598540145985401,0.7299270072992701,0,0.7299270072992701,2.18978102189781
E00045045,510,460,23,18,5,13,3,10,14,90.19607843137256,4.509803921568627,3.5294117647058822,0.9803921568627451,2.549019607843137,0.5882352941176471,1.9607843137254901,2.7450980392156863
E00045046,241,206,16,7,9,5,3,2,14,85.47717842323651,6.639004149377594,2.904564315352697,3.7344398340248963,2.0746887966804977,1.2448132780082988,0.8298755186721992,5.809128630705394
E00045047,220,192,13,9,4,4,3,1,11,87.27272727272727,5.909090909090909,4.090909090909091,1.8181818181818181,1.8181818181818181,1.3636363636363635,0.45454545454545453,5
E00045048,278,262,10,6,4,1,1,0,5,94.24460431654677,3.5971223021582732,2.158273381294964,1.4388489208633095,0.3597122302158274,0.3597122302158274,0,1.7985611510791366
E00045049,305,274,7,6,1,10,3,7,14,89.8360655737705,2.2950819672131146,1.9672131147540985,0.32786885245901637,3.278688524590164,0.9836065573770493,2.2950819672131146,4.590163934426229
E00045050,257,227,9,5,4,7,1,6,14,88.32684824902724,3.501945525291829,1.9455252918287937,1.556420233463035,2.7237354085603114,0.38910505836575876,2.3346303501945527,5.447470817120623
E00045051,316,278,14,11,3,11,4,7,13,87.9746835443038,4.430379746835443,3.481012658227848,0.949367088607595,3.481012658227848,1.2658227848101267,2.2151898734177213,4.113924050632911
E00045052,232,208,8,5,3,3,1,2,13,89.65517241379311,3.4482758620689653,2.1551724137931036,1.293103448275862,1.293103448275862,0.43103448275862066,0.8620689655172413,5.603448275862069
E00045053,223,200,8,7,1,2,0,2,13,89.68609865470853,3.587443946188341,3.1390134529147984,0.4484304932735426,0.8968609865470852,0,0.8968609865470852,5.829596412556054
E00045054,281,238,19,11,8,7,5,2,17,84.69750889679716,6.761565836298933,3.9145907473309607,2.8469750889679712,2.491103202846975,1.7793594306049825,0.7117437722419928,6.049822064056939
E00045055,261,242,7,5,2,7,3,4,5,92.72030651340997,2.681992337164751,1.9157088122605364,0.7662835249042145,2.681992337164751,1.1494252873563218,1.532567049808429,1.9157088122605364
E00045056,277,250,8,5,3,4,2,2,15,90.25270758122743,2.888086642599278,1.8050541516245486,1.083032490974729,1.444043321299639,0.7220216606498195,0.7220216606498195,5.415162454873646
E00045057,284,256,15,10,5,5,0,5,8,90.14084507042254,5.28169014084507,3.5211267605633805,1.7605633802816902,1.7605633802816902,0,1.7605633802816902,2.8169014084507045
E00045058,220,199,9,5,4,5,4,1,7,90.45454545454545,4.090909090909091,2.272727272727273,1.8181818181818181,2.272727272727273,1.8181818181818181,0.45454545454545453,3.1818181818181817
E00045059,296,260,11,9,2,13,7,6,12,87.83783783783784,3.7162162162162162,3.040540540540541,0.6756756756756757,4.391891891891892,2.364864864864865,2.027027027027027,4.054054054054054
E00045060,236,208,7,3,4,10,1,9,11,88.13559322033898,2.9661016949152543,1.2711864406779663,1.694915254237288,4.23728813559322,0.423728813559322,3.8135593220338984,4.661016949152542
E00045061,244,218,7,3,4,6,3,3,13,89.34426229508196,2.8688524590163933,1.2295081967213115,1.639344262295082,2.459016393442623,1.2295081967213115,1.2295081967213115,5.327868852459016
E00045062,240,217,11,9,2,4,2,2,8,90.41666666666667,4.583333333333333,3.75,0.8333333333333334,1.6666666666666667,0.8333333333333334,0.8333333333333334,3.3333333333333335
E00045063,307,257,21,18,3,10,6,4,19,83.71335504885994,6.840390879478828,5.863192182410423,0.9771986970684038,3.257328990228013,1.9543973941368076,1.3029315960912053,6.188925081433225
E00045064,301,275,13,8,5,5,3,2,8,91.36212624584718,4.318936877076411,2.6578073089700998,1.6611295681063125,1.6611295681063125,0.9966777408637874,0.6644518272425249,2.6578073089700998
E00045065,396,345,23,13,10,13,6,7,15,87.12121212121212,5.808080808080808,3.2828282828282833,2.525252525252525,3.2828282828282833,1.5151515151515151,1.7676767676767675,3.787878787878788
E00045066,249,230,5,3,2,3,3,0,11,92.3694779116466,2.0080321285140563,1.2048192771084338,0.8032128514056224,1.2048192771084338,1.2048192771084338,0,4.417670682730924
E00045067,324,285,25,13,12,4,2,2,10,87.96296296296296,7.716049382716049,4.012345679012346,3.7037037037037033,1.2345679012345678,0.6172839506172839,0.6172839506172839,3.0864197530864197
E00045068,252,220,15,12,3,9,4,5,8,87.3015873015873,5.952380952380952,4.761904761904762,1.1904761904761905,3.571428571428571,1.5873015873015872,1.984126984126984,3.1746031746031744
E00045070,281,243,13,8,5,7,2,5,18,86.47686832740213,4.6263345195729535,2.8469750889679712,1.7793594306049825,2.491103202846975,0.7117437722419928,1.7793594306049825,6.405693950177936
E00045071,321,281,9,3,6,4,0,4,27,87.53894080996885,2.803738317757009,0.9345794392523363,1.8691588785046727,1.2461059190031152,0,1.2461059190031152,8.411214953271028
E00045072,307,278,10,8,2,7,1,6,12,90.55374592833876,3.257328990228013,2.6058631921824107,0.6514657980456027,2.2801302931596092,0.32573289902280134,1.9543973941368076,3.908794788273615
E00045073,385,337,28,16,12,8,6,2,12,87.53246753246754,7.2727272727272725,4.1558441558441555,3.116883116883117,2.0779220779220777,1.5584415584415585,0.5194805194805194,3.116883116883117
E00045074,275,244,18,15,3,6,1,5,7,88.72727272727273,6.545454545454546,5.454545454545454,1.090909090909091,2.181818181818182,0.36363636363636365,1.8181818181818181,2.5454545454545454
E00045075,476,434,23,16,7,6,4,2,13,91.17647058823529,4.831932773109244,3.361344537815126,1.4705882352941175,1.2605042016806722,0.8403361344537815,0.42016806722689076,2.73109243697479
E00045076,277,232,26,16,10,8,4,4,11,83.75451263537906,9.386281588447654,5.776173285198556,3.6101083032490973,2.888086642599278,1.444043321299639,1.444043321299639,3.9711191335740073
E00165666,394,343,21,12,9,7,4,3,23,87.05583756345177,5.32994923857868,3.0456852791878175,2.284263959390863,1.7766497461928936,1.015228426395939,0.7614213197969544,5.83756345177665
E00165667,181,168,9,6,3,1,1,0,3,92.81767955801105,4.972375690607735,3.314917127071823,1.6574585635359116,0.5524861878453038,0.5524861878453038,0,1.6574585635359116
E00170199,153,149,4,3,1,0,0,0,0,97.38562091503267,2.6143790849673203,1.9607843137254901,0.6535947712418301,0,0,0,0
E00170200,317,305,10,5,5,0,0,0,2,96.21451104100946,3.1545741324921135,1.5772870662460567,1.5772870662460567,0,0,0,0.6309148264984227
E00170201,105,97,3,2,1,2,0,2,3,92.38095238095238,2.857142857142857,1.9047619047619049,0.9523809523809524,1.9047619047619049,0,1.9047619047619049,2.857142857142857
E00170202,288,272,9,4,5,2,2,0,5,94.44444444444444,3.125,1.3888888888888888,1.7361111111111112,0.6944444444444444,0.6944444444444444,0,1.7361111111111112
E00170203,228,213,6,1,5,4,2,2,5,93.42105263157895,2.631578947368421,0.43859649122807015,2.1929824561403506,1.7543859649122806,0.8771929824561403,0.8771929824561403,2.1929824561403506
E00170204,275,259,7,6,1,7,3,4,2,94.18181818181817,2.5454545454545454,2.181818181818182,0.36363636363636365,2.5454545454545454,1.090909090909091,1.4545454545454546,0.7272727272727273
E00170205,195,179,7,6,1,4,0,4,5,91.7948717948718,3.5897435897435894,3.076923076923077,0.5128205128205128,2.051282051282051,0,2.051282051282051,2.564102564102564
E00170206,198,180,9,5,4,4,2,2,5,90.9090909090909,4.545454545454546,2.525252525252525,2.0202020202020203,2.0202020202020203,1.0101010101010102,1.0101010101010102,2.525252525252525
E00170207,405,374,20,15,5,3,1,2,8,92.34567901234568,4.938271604938271,3.7037037037037033,1.2345679012345678,0.7407407407407408,0.24691358024691357,0.49382716049382713,1.9753086419753085
E00170208,282,253,15,12,3,6,3,3,8,89.71631205673759,5.319148936170213,4.25531914893617,1.0638297872340425,2.127659574468085,1.0638297872340425,1.0638297872340425,2.8368794326241136
E00170209,315,284,24,20,4,5,3,2,2,90.15873015873017,7.6190476190476195,6.349206349206349,1.2698412698412698,1.5873015873015872,0.9523809523809524,0.6349206349206349,0.6349206349206349
E00170211,273,244,13,9,4,6,3,3,10,89.37728937728939,4.761904761904762,3.296703296703297,1.465201465201465,2.197802197802198,1.098901098901099,1.098901098901099,3.6630036630036633
E00170212,452,402,24,15,9,5,4,1,21,88.93805309734513,5.3097345132743365,3.3185840707964607,1.991150442477876,1.1061946902654867,0.8849557522123894,0.22123893805309736,4.646017699115045
E00170213,247,212,13,10,3,9,4,5,13,85.82995951417004,5.263157894736842,4.048582995951417,1.214574898785425,3.643724696356275,1.6194331983805668,2.0242914979757085,5.263157894736842
E00170215,277,244,18,12,6,8,4,4,7,88.08664259927798,6.4981949458483745,4.332129963898916,2.166064981949458,2.888086642599278,1.444043321299639,1.444043321299639,2.527075812274368
E00170216,373,322,24,11,13,6,2,4,21,86.32707774798928,6.434316353887399,2.949061662198391,3.485254691689008,1.6085790884718498,0.5361930294906166,1.0723860589812333,5.630026809651475
E00170217,361,320,25,14,11,11,6,5,5,88.64265927977839,6.9252077562326875,3.8781163434903045,3.0470914127423825,3.0470914127423825,1.662049861495845,1.3850415512465373,1.3850415512465373
E00170218,197,186,2,1,1,5,4,1,4,94.41624365482234,1.015228426395939,0.5076142131979695,0.5076142131979695,2.5380710659898478,2.030456852791878,0.5076142131979695,2.030456852791878
E00170219,226,202,10,7,3,7,1,6,7,89.38053097345133,4.424778761061947,3.0973451327433628,1.3274336283185841,3.0973451327433628,0.4424778761061947,2.6548672566371683,3.0973451327433628
E00170220,315,275,7,5,2,14,8,6,19,87.3015873015873,2.2222222222222223,1.5873015873015872,0.6349206349206349,4.444444444444445,2.5396825396825395,1.9047619047619049,6.031746031746032
E00170221,291,253,17,12,5,9,4,5,12,86.94158075601375,5.841924398625429,4.123711340206185,1.718213058419244,3.0927835051546393,1.3745704467353952,1.718213058419244,4.123711340206185
E00170222,113,100,7,6,1,3,1,2,3,88.49557522123894,6.1946902654867255,5.3097345132743365,0.8849557522123894,2.6548672566371683,0.8849557522123894,1.7699115044247788,2.6548672566371683
E00170223,197,182,10,4,6,4,2,2,1,92.38578680203045,5.0761421319796955,2.030456852791878,3.0456852791878175,2.030456852791878,1.015228426395939,1.015228426395939,0.5076142131979695
E00170224,183,176,3,3,0,2,0,2,2,96.17486338797814,1.639344262295082,1.639344262295082,0,1.092896174863388,0,1.092896174863388,1.092896174863388
E00170225,312,264,11,6,5,14,8,6,23,84.61538461538461,3.5256410256410255,1.9230769230769231,1.6025641025641024,4.487179487179487,2.564102564102564,1.9230769230769231,7.371794871794872
E00170226,233,210,16,11,5,5,2,3,2,90.12875536480686,6.866952789699571,4.721030042918455,2.1459227467811157,2.1459227467811157,0.8583690987124464,1.2875536480686696,0.8583690987124464
E00170227,196,184,4,0,4,5,3,2,3,93.87755102040816,2.0408163265306123,0,2.0408163265306123,2.5510204081632653,1.530612244897959,1.0204081632653061,1.530612244897959
E00170228,362,324,23,20,3,2,0,2,13,89.50276243093923,6.353591160220995,5.524861878453039,0.8287292817679558,0.5524861878453038,0,0.5524861878453038,3.591160220994475
E00170229,244,226,7,6,1,6,4,2,5,92.62295081967213,2.8688524590163933,2.459016393442623,0.4098360655737705,2.459016393442623,1.639344262295082,0.819672131147541,2.0491803278688523
E00170230,297,291,6,2,4,0,0,0,0,97.97979797979798,2.0202020202020203,0.6734006734006733,1.3468013468013467,0,0,0,0
E00170231,281,236,22,14,8,9,2,7,14,83.98576512455516,7.829181494661921,4.98220640569395,2.8469750889679712,3.202846975088968,0.7117437722419928,2.491103202846975,4.98220640569395
E00170232,162,150,7,6,1,2,2,0,3,92.5925925925926,4.320987654320987,3.7037037037037033,0.6172839506172839,1.2345679012345678,1.2345679012345678,0,1.8518518518518516
E00170233,305,281,13,10,3,6,2,4,5,92.1311475409836,4.2622950819672125,3.278688524590164,0.9836065573770493,1.9672131147540985,0.6557377049180327,1.3114754098360655,1.639344262295082
E00170234,453,435,9,5,4,2,1,1,7,96.02649006622516,1.9867549668874174,1.1037527593818985,0.8830022075055187,0.44150110375275936,0.22075055187637968,0.22075055187637968,1.545253863134658
E00170235,585,547,20,14,6,6,4,2,12,93.5042735042735,3.418803418803419,2.3931623931623935,1.0256410256410255,1.0256410256410255,0.6837606837606838,0.3418803418803419,2.051282051282051
E00170236,266,228,23,18,5,5,1,4,10,85.71428571428571,8.646616541353383,6.7669172932330826,1.8796992481203008,1.8796992481203008,0.37593984962406013,1.5037593984962405,3.7593984962406015
E00170237,222,198,7,6,1,7,2,5,10,89.1891891891892,3.153153153153153,2.7027027027027026,0.45045045045045046,3.153153153153153,0.9009009009009009,2.2522522522522523,4.504504504504505
E00170238,141,124,4,3,1,5,1,4,8,87.94326241134752,2.8368794326241136,2.127659574468085,0.7092198581560284,3.546099290780142,0.7092198581560284,2.8368794326241136,5.673758865248227
E00170239,335,304,5,4,1,13,9,4,13,90.74626865671642,1.4925373134328357,1.1940298507462688,0.2985074626865672,3.880597014925373,2.6865671641791042,1.1940298507462688,3.880597014925373
E00170240,542,500,20,16,4,11,2,9,11,92.25092250922509,3.6900369003690034,2.952029520295203,0.7380073800738007,2.029520295202952,0.36900369003690037,1.6605166051660518,2.029520295202952
E00170241,500,437,24,16,8,17,9,8,22,87.4,4.8,3.2,1.6,3.4000000000000004,1.7999999999999998,1.6,4.3999999999999995
E00170244,208,179,10,3,7,7,3,4,12,86.0576923076923,4.807692307692308,1.4423076923076923,3.3653846153846154,3.3653846153846154,1.4423076923076923,1.9230769230769231,5.769230769230769
E00170245,324,293,11,8,3,9,6,3,11,90.4320987654321,3.3950617283950617,2.4691358024691357,0.9259259259259258,2.7777777777777777,1.8518518518518516,0.9259259259259258,3.3950617283950617
E00170247,522,450,19,16,3,22,8,14,31,86.20689655172413,3.6398467432950192,3.065134099616858,0.5747126436781609,4.21455938697318,1.532567049808429,2.681992337164751,5.938697318007663
E00170248,245,218,12,8,4,6,5,1,9,88.9795918367347,4.8979591836734695,3.2653061224489797,1.6326530612244898,2.4489795918367347,2.0408163265306123,0.40816326530612246,3.6734693877551026
E00182865,308,261,27,17,10,6,1,5,14,84.74025974025975,8.766233766233766,5.51948051948052,3.2467532467532463,1.948051948051948,0.3246753246753247,1.6233766233766231,4.545454545454546
E00182866,526,484,20,16,4,6,4,2,16,92.01520912547528,3.802281368821293,3.041825095057034,0.7604562737642585,1.1406844106463878,0.7604562737642585,0.38022813688212925,3.041825095057034
E00182867,137,134,2,2,0,0,0,0,1,97.8102189781022,1.4598540145985401,1.4598540145985401,0,0,0,0,0.7299270072992701
E00182868,365,342,11,8,3,9,3,6,3,93.69863013698631,3.0136986301369864,2.191780821917808,0.821917808219178,2.4657534246575343,0.821917808219178,1.643835616438356,0.821917808219178
E00182869,298,273,11,9,2,5,3,2,9,91.61073825503355,3.691275167785235,3.0201342281879198,0.6711409395973155,1.6778523489932886,1.006711409395973,0.6711409395973155,3.0201342281879198
E00182870,153,113,15,10,5,15,5,10,10,73.8562091503268,9.803921568627452,6.535947712418301,3.2679738562091507,9.803921568627452,3.2679738562091507,6.535947712418301,6.535947712418301
E00182871,224,199,10,6,4,7,2,5,8,88.83928571428571,4.464285714285714,2.6785714285714284,1.7857142857142856,3.125,0.8928571428571428,2.232142857142857,3.571428571428571
E00182873,379,346,17,15,2,4,3,1,12,91.2928759894459,4.485488126649076,3.95778364116095,0.5277044854881267,1.0554089709762533,0.79155672823219,0.2638522427440633,3.16622691292876
E00182874,118,105,5,5,0,6,2,4,2,88.98305084745762,4.23728813559322,4.23728813559322,0,5.084745762711865,1.694915254237288,3.389830508474576,1.694915254237288
E00182875,479,460,11,10,1,4,3,1,4,96.03340292275574,2.2964509394572024,2.0876826722338206,0.20876826722338201,0.8350730688935281,0.6263048016701461,0.20876826722338201,0.8350730688935281
E00182878,406,352,18,5,13,11,5,6,25,86.69950738916256,4.433497536945813,1.2315270935960592,3.201970443349754,2.70935960591133,1.2315270935960592,1.477832512315271,6.157635467980295
E00182879,308,286,12,9,3,3,1,2,7,92.85714285714286,3.896103896103896,2.922077922077922,0.974025974025974,0.974025974025974,0.3246753246753247,0.6493506493506493,2.272727272727273
E00182880,204,184,6,2,4,7,0,7,7,90.19607843137256,2.941176470588235,0.9803921568627451,1.9607843137254901,3.431372549019608,0,3.431372549019608,3.431372549019608
E00182881,470,404,14,5,9,15,4,11,37,85.95744680851064,2.9787234042553195,1.0638297872340425,1.9148936170212765,3.1914893617021276,0.851063829787234,2.3404255319148937,7.872340425531915
E00182883,458,430,14,9,5,9,4,5,5,93.88646288209607,3.056768558951965,1.9650655021834063,1.0917030567685588,1.9650655021834063,0.8733624454148471,1.0917030567685588,1.0917030567685588
E00182884,212,204,6,4,2,2,0,2,0,96.22641509433963,2.8301886792452833,1.8867924528301887,0.9433962264150944,0.9433962264150944,0,0.9433962264150944,0
E00182888,337,308,23,17,6,3,2,1,3,91.3946587537092,6.824925816023739,5.044510385756676,1.7804154302670623,0.8902077151335311,0.5934718100890208,0.2967359050445104,0.8902077151335311
E00182890,520,501,11,10,1,4,1,3,4,96.34615384615385,2.1153846153846154,1.9230769230769231,0.19230769230769232,0.7692307692307693,0.19230769230769232,0.576923076923077,0.7692307692307693
E00182891,207,192,6,5,1,4,3,1,5,92.7536231884058,2.898550724637681,2.4154589371980677,0.4830917874396135,1.932367149758454,1.4492753623188406,0.4830917874396135,2.4154589371980677
E00182892,296,250,10,4,6,12,4,8,24,84.45945945945947,3.3783783783783785,1.3513513513513513,2.027027027027027,4.054054054054054,1.3513513513513513,2.7027027027027026,8.108108108108109
E00182894,393,347,11,7,4,17,8,9,18,88.29516539440203,2.7989821882951653,1.7811704834605597,1.0178117048346056,4.325699745547073,2.035623409669211,2.2900763358778624,4.580152671755725
E00182899,152,125,5,2,3,8,4,4,14,82.23684210526315,3.289473684210526,1.3157894736842104,1.9736842105263157,5.263157894736842,2.631578947368421,2.631578947368421,9.210526315789473
E00182901,200,182,9,6,3,5,1,4,4,91,4.5,3,1.5,2.5,0.5,2,2
E00182902,143,132,5,4,1,2,0,2,4,92.3076923076923,3.4965034965034967,2.797202797202797,0.6993006993006993,1.3986013986013985,0,1.3986013986013985,2.797202797202797
E00182903,297,278,12,9,3,2,2,0,5,93.60269360269359,4.040404040404041,3.0303030303030303,1.0101010101010102,0.6734006734006733,0.6734006734006733,0,1.6835016835016834
E00182904,307,269,19,14,5,7,1,6,12,87.62214983713355,6.188925081433225,4.5602605863192185,1.6286644951140066,2.2801302931596092,0.32573289902280134,1.9543973941368076,3.908794788273615
E00182905,119,109,4,2,2,1,0,1,5,91.59663865546219,3.361344537815126,1.680672268907563,1.680672268907563,0.8403361344537815,0,0.8403361344537815,4.201680672268908
E00182906,198,175,8,6,2,2,1,1,13,88.38383838383838,4.040404040404041,3.0303030303030303,1.0101010101010102,1.0101010101010102,0.5050505050505051,0.5050505050505051,6.565656565656567
E00182908,457,411,25,17,8,9,4,5,12,89.93435448577681,5.470459518599562,3.7199124726477026,1.75054704595186,1.9693654266958425,0.87527352297593,1.0940919037199124,2.62582056892779
E00182909,369,336,19,13,6,6,3,3,8,91.05691056910568,5.149051490514905,3.523035230352303,1.6260162601626018,1.6260162601626018,0.8130081300813009,0.8130081300813009,2.168021680216802
E00182910,244,218,5,4,1,12,6,6,9,89.34426229508196,2.0491803278688523,1.639344262295082,0.4098360655737705,4.918032786885246,2.459016393442623,2.459016393442623,3.6885245901639343
E00182912,504,475,13,11,2,3,3,0,13,94.24603174603175,2.579365079365079,2.1825396825396823,0.3968253968253968,0.5952380952380952,0.5952380952380952,0,2.579365079365079
E00182917,261,233,10,4,6,5,1,4,13,89.272030651341,3.8314176245210727,1.532567049808429,2.2988505747126435,1.9157088122605364,0.38314176245210724,1.532567049808429,4.980842911877394
E00182918,241,209,1,0,1,11,4,7,20,86.72199170124482,0.4149377593360996,0,0.4149377593360996,4.564315352697095,1.6597510373443984,2.904564315352697,8.29875518672199
E00182919,226,195,3,3,0,9,2,7,19,86.28318584070797,1.3274336283185841,1.3274336283185841,0,3.982300884955752,0.8849557522123894,3.0973451327433628,8.4070796460177
E00182920,177,166,4,4,0,0,0,0,7,93.78531073446328,2.2598870056497176,2.2598870056497176,0,0,0,0,3.954802259887006
E00182921,106,83,5,2,3,9,2,7,9,78.30188679245283,4.716981132075472,1.8867924528301887,2.8301886792452833,8.49056603773585,1.8867924528301887,6.60377358490566,8.49056603773585
E00182922,435,413,10,7,3,9,7,2,3,94.94252873563218,2.2988505747126435,1.6091954022988506,0.6896551724137931,2.0689655172413794,1.6091954022988506,0.45977011494252873,0.6896551724137931
E00182923,224,194,10,6,4,5,2,3,15,86.60714285714286,4.464285714285714,2.6785714285714284,1.7857142857142856,2.232142857142857,0.8928571428571428,1.3392857142857142,6.696428571428571
E00182924,128,116,4,3,1,5,2,3,3,90.625,3.125,2.34375,0.78125,3.90625,1.5625,2.34375,2.34375
E00182925,128,111,5,4,1,4,2,2,8,86.71875,3.90625,3.125,0.78125,3.125,1.5625,1.5625,6.25
