OA,ts0680001,ts0680002,ts0680003,ts0680002_PCT,ts0680003_PCT
W00005172,216,46,170,21.296296296296298,78.70370370370371
W00005173,240,32,208,13.333333333333334,86.66666666666667
W00005174,305,52,253,17.04918032786885,82.95081967213115
W00005176,290,44,246,15.172413793103448,84.82758620689656
W00005177,294,37,257,12.585034013605442,87.41496598639455
W00005178,270,46,224,17.037037037037038,82.96296296296296
W00005179,270,39,231,14.444444444444443,85.55555555555556
W00005180,412,79,333,19.174757281553397,80.8252427184466
W00005181,387,94,293,24.289405684754524,75.71059431524549
W00005182,313,58,255,18.53035143769968,81.46964856230032
W00005183,380,87,293,22.894736842105264,77.10526315789473
W00005184,347,106,241,30.547550432276655,69.45244956772333
W00005185,301,67,234,22.259136212624583,77.74086378737542
W00005186,255,35,220,13.725490196078432,86.27450980392157
W00005187,495,96,399,19.393939393939394,80.60606060606061
W00005188,379,54,325,14.24802110817942,85.75197889182058
W00005189,120,16,104,13.333333333333334,86.66666666666667
W00005190,224,59,165,26.339285714285715,73.66071428571429
W00005191,271,64,207,23.616236162361623,76.38376383763837
W00005192,341,64,277,18.7683284457478,81.23167155425219
W00005193,303,63,240,20.792079207920793,79.20792079207921
W00005194,310,51,259,16.451612903225808,83.54838709677419
W00005195,259,54,205,20.84942084942085,79.15057915057915
W00005196,300,67,233,22.333333333333332,77.66666666666666
W00005197,235,40,195,17.02127659574468,82.97872340425532
W00005198,279,48,231,17.20430107526882,82.79569892473118
W00005199,305,58,247,19.01639344262295,80.98360655737706
W00005202,426,96,330,22.535211267605636,77.46478873239437
W00005203,313,43,270,13.738019169329075,86.26198083067092
W00005204,315,49,266,15.555555555555555,84.44444444444444
W00005205,254,43,211,16.92913385826772,83.07086614173228
W00005206,240,32,208,13.333333333333334,86.66666666666667
W00005207,257,35,222,13.618677042801556,86.38132295719845
W00005211,267,34,233,12.734082397003746,87.26591760299625
W00005212,339,63,276,18.58407079646018,81.41592920353983
W00005213,348,64,284,18.39080459770115,81.60919540229885
W00005214,228,36,192,15.789473684210526,84.21052631578947
W00005215,289,47,242,16.26297577854671,83.73702422145328
W00005216,208,49,159,23.557692307692307,76.4423076923077
W00005217,295,74,221,25.08474576271186,74.91525423728814
W00005218,270,41,229,15.185185185185185,84.81481481481481
W00005219,284,93,191,32.74647887323944,67.25352112676056
W00005220,290,58,232,20,80
W00005221,258,41,217,15.891472868217054,84.10852713178295
W00005222,273,72,201,26.373626373626376,73.62637362637363
W00005223,264,41,223,15.530303030303031,84.46969696969697
W00005224,270,54,216,20,80
W00005225,298,109,189,36.577181208053695,63.42281879194631
W00005226,277,35,242,12.63537906137184,87.36462093862815
W00005227,265,52,213,19.622641509433965,80.37735849056604
W00005228,214,53,161,24.766355140186917,75.23364485981308
W00005229,239,35,204,14.644351464435147,85.35564853556485
W00005230,283,25,258,8.8339222614841,91.16607773851591
W00005231,204,27,177,13.23529411764706,86.76470588235294
W00005232,453,83,370,18.322295805739515,81.67770419426049
W00005233,250,46,204,18.4,81.6
W00005234,159,18,141,11.320754716981133,88.67924528301887
W00005235,516,114,402,22.093023255813954,77.90697674418605
W00005236,351,76,275,21.65242165242165,78.34757834757835
W00005237,373,83,290,22.25201072386059,77.7479892761394
W00005239,241,38,203,15.767634854771783,84.23236514522821
W00005240,239,27,212,11.297071129707113,88.70292887029288
W00005241,247,59,188,23.88663967611336,76.11336032388664
W00005243,247,56,191,22.672064777327936,77.32793522267207
W00005246,481,86,395,17.87941787941788,82.12058212058211
W00005247,277,46,231,16.60649819494585,83.39350180505414
W00005248,273,48,225,17.582417582417584,82.41758241758241
W00005249,218,33,185,15.137614678899084,84.86238532110092
W00005250,461,104,357,22.559652928416483,77.44034707158352
W00005251,487,107,380,21.971252566735114,78.02874743326488
W00005252,229,29,200,12.663755458515283,87.33624454148472
W00005253,253,31,222,12.25296442687747,87.74703557312253
W00005254,294,40,254,13.60544217687075,86.39455782312925
W00005255,249,36,213,14.457831325301203,85.54216867469879
W00005256,217,27,190,12.442396313364055,87.55760368663594
W00005257,256,39,217,15.234375,84.765625
W00005258,228,35,193,15.350877192982457,84.64912280701753
W00005259,311,78,233,25.080385852090032,74.91961414790997
W00005260,306,58,248,18.954248366013072,81.04575163398692
W00005261,257,55,202,21.40077821011673,78.59922178988327
W00005262,283,51,232,18.021201413427562,81.97879858657244
W00005263,274,45,229,16.423357664233578,83.57664233576642
W00005264,207,39,168,18.84057971014493,81.15942028985508
W00005265,373,119,254,31.903485254691688,68.09651474530831
W00005266,245,57,188,23.26530612244898,76.73469387755102
W00005267,251,52,199,20.717131474103585,79.2828685258964
W00005268,280,58,222,20.714285714285715,79.28571428571428
W00005269,245,40,205,16.3265306122449,83.6734693877551
W00005270,287,45,242,15.6794425087108,84.3205574912892
W00005271,270,55,215,20.37037037037037,79.62962962962963
W00005272,267,42,225,15.730337078651685,84.26966292134831
W00005273,242,58,184,23.96694214876033,76.03305785123968
W00005274,272,55,217,20.22058823529412,79.77941176470588
W00005275,248,41,207,16.532258064516128,83.46774193548387
W00005276,222,40,182,18.01801801801802,81.98198198198197
W00005277,325,73,252,22.46153846153846,77.53846153846153
W00005278,402,105,297,26.119402985074625,73.88059701492537
W00005279,223,36,187,16.143497757847534,83.85650224215246
W00005280,143,16,127,11.188811188811188,88.81118881118881
W00005281,284,72,212,25.352112676056336,74.64788732394366
W00005282,238,56,182,23.52941176470588,76.47058823529412
W00005283,297,43,254,14.47811447811448,85.52188552188552
W00005284,271,43,228,15.867158671586715,84.13284132841329
W00005285,247,27,220,10.931174089068826,89.06882591093117
W00005287,232,20,212,8.620689655172415,91.37931034482759
W00005288,311,79,232,25.401929260450164,74.59807073954984
W00005289,229,22,207,9.606986899563319,90.39301310043668
W00005294,268,44,224,16.417910447761194,83.5820895522388
W00005295,346,77,269,22.254335260115607,77.74566473988439
W00005296,385,65,320,16.883116883116884,83.11688311688312
W00005297,278,44,234,15.827338129496402,84.17266187050359
W00005298,256,48,208,18.75,81.25
W00005299,285,61,224,21.403508771929825,78.59649122807018
W00005300,150,20,130,13.333333333333334,86.66666666666667
W00005301,248,46,202,18.548387096774192,81.45161290322581
W00005302,252,45,207,17.857142857142858,82.14285714285714
W00005303,360,86,274,23.88888888888889,76.11111111111111
W00005304,291,48,243,16.49484536082474,83.50515463917526
W00005305,275,56,219,20.363636363636363,79.63636363636364
W00005306,247,31,216,12.550607287449392,87.4493927125506
W00005307,424,73,351,17.21698113207547,82.78301886792453
W00005309,268,46,222,17.16417910447761,82.83582089552239
W00005310,325,59,266,18.153846153846153,81.84615384615384
W00005311,309,79,230,25.5663430420712,74.4336569579288
W00005312,350,89,261,25.428571428571427,74.57142857142857
W00005313,496,107,389,21.572580645161292,78.42741935483872
W00005314,472,59,413,12.5,87.5
W00005315,288,22,266,7.638888888888889,92.36111111111111
W00005316,251,33,218,13.147410358565736,86.85258964143426
W00005317,280,32,248,11.428571428571429,88.57142857142857
W00005318,206,26,180,12.62135922330097,87.37864077669903
W00005319,271,42,229,15.498154981549817,84.50184501845018
W00005320,319,63,256,19.74921630094044,80.25078369905955
W00005321,252,18,234,7.142857142857142,92.85714285714286
W00005322,189,22,167,11.64021164021164,88.35978835978835
W00005324,292,65,227,22.26027397260274,77.73972602739725
W00005325,209,27,182,12.918660287081341,87.08133971291866
W00005326,191,27,164,14.136125654450263,85.86387434554975
W00005327,519,105,414,20.23121387283237,79.76878612716763
W00005329,195,43,152,22.05128205128205,77.94871794871796
W00005330,318,37,281,11.635220125786164,88.36477987421384
W00005331,316,89,227,28.164556962025316,71.83544303797468
W00005332,217,44,173,20.276497695852534,79.72350230414746
W00005333,283,47,236,16.607773851590103,83.3922261484099
W00005334,250,23,227,9.2,90.8
W00005335,267,48,219,17.97752808988764,82.02247191011236
W00005336,224,40,184,17.857142857142858,82.14285714285714
W00005337,281,50,231,17.793594306049823,82.20640569395017
W00005338,268,40,228,14.925373134328357,85.07462686567165
W00005339,531,88,443,16.57250470809793,83.42749529190208
W00005340,249,26,223,10.441767068273093,89.5582329317269
W00005341,244,30,214,12.295081967213115,87.70491803278688
W00005342,266,30,236,11.278195488721805,88.7218045112782
W00005343,295,48,247,16.271186440677965,83.72881355932203
W00005344,286,25,261,8.741258741258742,91.25874125874127
W00005346,289,59,230,20.415224913494807,79.58477508650519
W00005347,364,83,281,22.802197802197803,77.1978021978022
W00005348,216,30,186,13.88888888888889,86.11111111111111
W00005349,309,48,261,15.53398058252427,84.46601941747572
W00005350,322,63,259,19.565217391304348,80.43478260869566
W00005351,329,72,257,21.88449848024316,78.11550151975683
W00005352,231,37,194,16.017316017316016,83.98268398268398
W00005353,245,36,209,14.69387755102041,85.3061224489796
W00005354,195,40,155,20.51282051282051,79.48717948717949
W00005355,320,75,245,23.4375,76.5625
W00005356,191,37,154,19.3717277486911,80.6282722513089
W00005357,222,32,190,14.414414414414415,85.58558558558559
W00005358,257,44,213,17.120622568093385,82.87937743190662
W00005359,274,62,212,22.62773722627737,77.37226277372264
W00005360,259,38,221,14.671814671814673,85.32818532818533
W00005361,190,20,170,10.526315789473683,89.47368421052632
W00005362,294,33,261,11.224489795918368,88.77551020408163
W00005363,311,78,233,25.080385852090032,74.91961414790997
W00005364,252,53,199,21.03174603174603,78.96825396825396
W00005365,430,100,330,23.25581395348837,76.74418604651163
W00005366,242,45,197,18.59504132231405,81.40495867768594
W00005367,334,67,267,20.059880239520957,79.94011976047905
W00005368,261,34,227,13.026819923371647,86.97318007662835
W00005369,272,33,239,12.132352941176471,87.86764705882352
W00005370,276,61,215,22.10144927536232,77.89855072463769
W00005371,273,42,231,15.384615384615385,84.61538461538461
W00005372,223,18,205,8.071748878923767,91.92825112107623
W00005373,266,39,227,14.661654135338345,85.33834586466166
W00005374,224,47,177,20.982142857142858,79.01785714285714
W00005375,253,34,219,13.438735177865613,86.56126482213439
W00005376,283,37,246,13.074204946996467,86.92579505300353
W00005377,259,50,209,19.305019305019304,80.6949806949807
W00005378,251,40,211,15.936254980079681,84.06374501992032
W00005379,277,62,215,22.382671480144403,77.6173285198556
W00005380,249,47,202,18.87550200803213,81.12449799196787
W00005381,304,65,239,21.38157894736842,78.61842105263158
W00005382,277,66,211,23.826714801444044,76.17328519855594
W00005383,307,70,237,22.80130293159609,77.19869706840392
W00005384,242,27,215,11.15702479338843,88.84297520661157
W00005385,273,45,228,16.483516483516482,83.51648351648352
W00005386,279,48,231,17.20430107526882,82.79569892473118
W00005387,273,57,216,20.87912087912088,79.12087912087912
W00005388,282,54,228,19.148936170212767,80.85106382978722
W00005389,267,50,217,18.726591760299627,81.27340823970037
W00005390,199,35,164,17.587939698492463,82.41206030150754
W00005391,259,43,216,16.602316602316602,83.3976833976834
W00005392,302,52,250,17.218543046357617,82.78145695364239
W00005393,278,47,231,16.906474820143885,83.09352517985612
W00005394,279,50,229,17.921146953405017,82.07885304659499
W00005395,250,22,228,8.799999999999999,91.2
W00005396,237,36,201,15.18987341772152,84.81012658227847
W00005397,229,52,177,22.707423580786028,77.29257641921397
W00005398,278,73,205,26.258992805755394,73.7410071942446
W00005399,300,58,242,19.333333333333332,80.66666666666666
W00005400,294,55,239,18.70748299319728,81.29251700680273
W00005401,290,67,223,23.103448275862068,76.89655172413794
W00005402,324,68,256,20.98765432098765,79.01234567901234
W00005403,228,39,189,17.105263157894736,82.89473684210526
W00005404,318,46,272,14.465408805031446,85.53459119496856
W00005405,259,39,220,15.057915057915059,84.94208494208493
W00005406,242,58,184,23.96694214876033,76.03305785123968
W00005407,271,65,206,23.985239852398525,76.01476014760148
W00005408,214,48,166,22.429906542056074,77.57009345794393
W00005409,235,63,172,26.80851063829787,73.19148936170212
W00005410,264,39,225,14.772727272727273,85.22727272727273
W00005411,434,69,365,15.898617511520738,84.10138248847926
W00005412,213,22,191,10.328638497652582,89.67136150234741
W00005413,207,20,187,9.66183574879227,90.33816425120773
W00005414,277,40,237,14.440433212996389,85.5595667870036
W00005415,390,48,342,12.307692307692308,87.6923076923077
W00005416,331,71,260,21.45015105740181,78.54984894259819
W00005417,241,37,204,15.352697095435685,84.64730290456431
W00005418,290,54,236,18.620689655172416,81.37931034482759
W00005419,244,32,212,13.114754098360656,86.88524590163934
W00005420,313,85,228,27.15654952076677,72.84345047923323
W00005421,274,67,207,24.45255474452555,75.54744525547446
W00005422,195,26,169,13.333333333333334,86.66666666666667
W00005423,284,55,229,19.366197183098592,80.63380281690141
W00005424,294,63,231,21.428571428571427,78.57142857142857
W00005425,265,48,217,18.11320754716981,81.88679245283019
W00005426,324,65,259,20.061728395061728,79.93827160493827
W00005427,273,52,221,19.047619047619047,80.95238095238095
W00005428,277,63,214,22.743682310469314,77.25631768953069
W00005429,333,56,277,16.816816816816818,83.18318318318319
W00005430,523,107,416,20.45889101338432,79.54110898661568
W00005431,306,73,233,23.856209150326798,76.1437908496732
W00005432,314,62,252,19.745222929936308,80.2547770700637
W00005433,283,68,215,24.02826855123675,75.97173144876325
W00005434,228,18,210,7.894736842105263,92.10526315789474
W00005435,266,45,221,16.917293233082706,83.0827067669173
W00005436,203,16,187,7.8817733990147785,92.11822660098522
W00005437,230,56,174,24.347826086956523,75.65217391304347
W00005438,268,45,223,16.791044776119403,83.2089552238806
W00005439,320,40,280,12.5,87.5
W00005440,294,34,260,11.564625850340136,88.43537414965986
W00005441,220,36,184,16.363636363636363,83.63636363636363
W00005442,260,41,219,15.769230769230768,84.23076923076923
W00005443,267,31,236,11.610486891385769,88.38951310861424
W00005444,235,20,215,8.51063829787234,91.48936170212765
W00005445,300,42,258,14.000000000000002,86
W00005446,177,8,169,4.519774011299435,95.48022598870057
W00005447,439,69,370,15.717539863325742,84.28246013667426
W00005448,315,44,271,13.968253968253968,86.03174603174604
W00005449,278,40,238,14.388489208633093,85.61151079136691
W00005450,285,47,238,16.49122807017544,83.50877192982456
W00005451,254,41,213,16.141732283464567,83.85826771653542
W00005452,324,28,296,8.641975308641975,91.35802469135803
W00005453,282,42,240,14.893617021276595,85.1063829787234
W00005454,249,23,226,9.236947791164658,90.76305220883533
W00005455,263,24,239,9.125475285171103,90.8745247148289
W00005456,277,39,238,14.079422382671481,85.92057761732852
W00005457,277,32,245,11.552346570397113,88.4476534296029
W00005458,466,87,379,18.669527896995707,81.3304721030043
W00005459,281,37,244,13.167259786476867,86.83274021352312
W00005460,258,22,236,8.527131782945736,91.47286821705426
W00005461,282,38,244,13.47517730496454,86.52482269503547
W00005462,197,33,164,16.751269035532996,83.24873096446701
W00005463,241,30,211,12.448132780082988,87.55186721991701
W00005464,226,27,199,11.946902654867257,88.05309734513274
W00005465,278,44,234,15.827338129496402,84.17266187050359
W00005466,339,30,309,8.849557522123893,91.1504424778761
W00005467,283,40,243,14.13427561837456,85.86572438162544
W00005468,297,50,247,16.835016835016837,83.16498316498317
W00005469,262,33,229,12.595419847328243,87.40458015267176
W00005470,259,53,206,20.463320463320464,79.53667953667953
W00005471,197,13,184,6.598984771573605,93.4010152284264
W00005472,282,57,225,20.212765957446805,79.7872340425532
W00005473,288,56,232,19.444444444444446,80.55555555555556
W00005474,245,35,210,14.285714285714285,85.71428571428571
W00005475,316,77,239,24.367088607594937,75.63291139240506
W00005476,239,31,208,12.97071129707113,87.02928870292888
W00005477,291,69,222,23.711340206185564,76.28865979381443
W00005478,313,52,261,16.61341853035144,83.38658146964856
W00005479,346,55,291,15.895953757225435,84.10404624277457
W00005482,303,51,252,16.831683168316832,83.16831683168317
W00005483,268,45,223,16.791044776119403,83.2089552238806
W00005484,432,66,366,15.277777777777779,84.72222222222221
W00005485,360,56,304,15.555555555555555,84.44444444444444
W00005486,259,46,213,17.760617760617762,82.23938223938224
W00005487,246,64,182,26.01626016260163,73.98373983739837
W00005488,302,67,235,22.185430463576157,77.81456953642383
W00005489,239,64,175,26.778242677824267,73.22175732217573
W00005490,267,33,234,12.359550561797752,87.64044943820225
W00005491,256,46,210,17.96875,82.03125
W00005492,339,50,289,14.749262536873156,85.25073746312685
W00005493,328,56,272,17.073170731707318,82.92682926829268
W00005494,307,50,257,16.286644951140065,83.71335504885994
W00005495,325,65,260,20,80
W00005496,312,50,262,16.025641025641026,83.97435897435898
W00005497,319,60,259,18.808777429467085,81.19122257053291
W00005498,356,63,293,17.696629213483146,82.30337078651685
W00005499,240,33,207,13.750000000000002,86.25
W00005500,452,87,365,19.24778761061947,80.75221238938053
W00005501,310,54,256,17.419354838709676,82.58064516129032
W00005502,280,44,236,15.714285714285714,84.28571428571429
W00005503,225,40,185,17.77777777777778,82.22222222222221
W00005504,254,30,224,11.811023622047244,88.18897637795276
W00005506,325,54,271,16.615384615384617,83.38461538461537
W00005507,278,53,225,19.06474820143885,80.93525179856115
W00005508,254,40,214,15.748031496062993,84.25196850393701
W00005510,282,55,227,19.50354609929078,80.49645390070921
W00005511,246,59,187,23.983739837398375,76.01626016260163
W00005512,261,42,219,16.091954022988507,83.9080459770115
W00005513,127,28,99,22.04724409448819,77.95275590551181
W00005514,220,32,188,14.545454545454545,85.45454545454545
W00005515,167,22,145,13.17365269461078,86.82634730538922
W00005516,364,60,304,16.483516483516482,83.51648351648352
W00005517,395,77,318,19.49367088607595,80.50632911392405
W00005518,328,64,264,19.51219512195122,80.48780487804879
W00005519,355,64,291,18.028169014084508,81.97183098591549
W00005520,315,31,284,9.841269841269842,90.15873015873017
W00005521,246,34,212,13.821138211382115,86.1788617886179
W00005522,306,63,243,20.588235294117645,79.41176470588235
W00005523,260,41,219,15.769230769230768,84.23076923076923
W00005524,334,64,270,19.16167664670659,80.83832335329342
W00005525,243,35,208,14.40329218106996,85.59670781893004
W00005526,283,56,227,19.78798586572438,80.21201413427562
W00005527,313,52,261,16.61341853035144,83.38658146964856
W00005528,276,45,231,16.304347826086957,83.69565217391305
W00005529,262,51,211,19.46564885496183,80.53435114503816
W00005530,280,52,228,18.571428571428573,81.42857142857143
W00005531,309,57,252,18.446601941747574,81.55339805825243
W00005532,264,41,223,15.530303030303031,84.46969696969697
W00005533,265,40,225,15.09433962264151,84.90566037735849
W00005534,286,45,241,15.734265734265735,84.26573426573427
W00005535,163,16,147,9.815950920245399,90.1840490797546
W00005536,233,34,199,14.592274678111588,85.40772532188842
W00005537,323,47,276,14.551083591331269,85.44891640866872
W00005538,292,51,241,17.465753424657535,82.53424657534246
W00005539,268,57,211,21.26865671641791,78.73134328358209
W00005540,287,37,250,12.89198606271777,87.10801393728222
W00005541,248,45,203,18.14516129032258,81.85483870967742
W00005542,259,36,223,13.8996138996139,86.10038610038609
W00005543,292,57,235,19.52054794520548,80.47945205479452
W00005544,282,63,219,22.340425531914892,77.6595744680851
W00005545,287,44,243,15.33101045296167,84.66898954703834
W00005546,301,49,252,16.27906976744186,83.72093023255815
W00005547,248,31,217,12.5,87.5
W00005548,358,26,332,7.262569832402235,92.73743016759776
W00005549,357,22,335,6.162464985994398,93.8375350140056
W00005550,283,42,241,14.840989399293287,85.15901060070671
W00005551,306,43,263,14.052287581699346,85.94771241830065
W00005552,217,33,184,15.207373271889402,84.7926267281106
W00005553,290,46,244,15.862068965517242,84.13793103448276
W00005554,236,40,196,16.94915254237288,83.05084745762711
W00005555,320,53,267,16.5625,83.4375
W00005556,217,33,184,15.207373271889402,84.7926267281106
W00005557,291,58,233,19.93127147766323,80.06872852233677
W00005558,298,70,228,23.48993288590604,76.51006711409396
W00005559,194,27,167,13.917525773195877,86.08247422680412
W00005560,322,72,250,22.36024844720497,77.63975155279503
W00005561,344,70,274,20.348837209302324,79.65116279069767
W00005562,263,49,214,18.631178707224336,81.36882129277566
W00005563,197,9,188,4.568527918781726,95.43147208121827
W00005564,206,26,180,12.62135922330097,87.37864077669903
W00005565,279,53,226,18.996415770609318,81.00358422939068
W00005566,295,55,240,18.64406779661017,81.35593220338984
W00005567,324,53,271,16.358024691358025,83.64197530864197
W00005568,289,50,239,17.301038062283737,82.69896193771626
W00005569,287,60,227,20.905923344947734,79.09407665505228
W00005570,287,77,210,26.82926829268293,73.17073170731707
W00005571,295,69,226,23.389830508474578,76.61016949152543
W00005572,329,76,253,23.10030395136778,76.89969604863222
W00005573,389,90,299,23.13624678663239,76.86375321336762
W00005574,218,42,176,19.26605504587156,80.73394495412845
W00005575,398,117,281,29.396984924623116,70.60301507537689
W00005576,376,92,284,24.46808510638298,75.53191489361703
W00005577,274,45,229,16.423357664233578,83.57664233576642
W00005578,325,54,271,16.615384615384617,83.38461538461537
W00005579,276,34,242,12.318840579710146,87.68115942028986
W00005580,298,57,241,19.12751677852349,80.87248322147651
W00005581,219,13,206,5.93607305936073,94.06392694063926
W00005582,204,5,199,2.450980392156863,97.54901960784314
W00005583,323,54,269,16.718266253869967,83.28173374613003
W00005584,301,31,270,10.299003322259136,89.70099667774086
W00005585,386,49,337,12.694300518134716,87.30569948186529
W00005586,305,49,256,16.065573770491802,83.93442622950819
W00005587,256,31,225,12.109375,87.890625
W00005588,261,56,205,21.455938697318008,78.544061302682
W00005589,250,35,215,14.000000000000002,86
W00005590,280,33,247,11.785714285714285,88.21428571428571
W00005591,337,37,300,10.979228486646884,89.02077151335311
W00005592,296,76,220,25.675675675675674,74.32432432432432
W00005593,289,57,232,19.72318339100346,80.27681660899654
W00005594,294,52,242,17.687074829931973,82.31292517006803
W00005595,268,48,220,17.91044776119403,82.08955223880598
W00005596,286,36,250,12.587412587412588,87.41258741258741
W00005597,341,77,264,22.58064516129032,77.41935483870968
W00005598,307,38,269,12.37785016286645,87.62214983713355
W00005599,311,69,242,22.186495176848876,77.81350482315112
W00005600,249,28,221,11.244979919678714,88.75502008032129
W00005601,224,50,174,22.321428571428573,77.67857142857143
W00005603,349,67,282,19.197707736389685,80.80229226361033
W00005604,234,52,182,22.22222222222222,77.77777777777779
W00005605,485,86,399,17.7319587628866,82.2680412371134
W00009948,470,147,323,31.27659574468085,68.72340425531915
W00009949,465,94,371,20.21505376344086,79.78494623655914
W00009950,373,93,280,24.932975871313673,75.06702412868633
W00009951,386,90,296,23.316062176165804,76.68393782383419
W00009952,331,82,249,24.773413897280967,75.22658610271903
W00009953,418,87,331,20.813397129186605,79.18660287081339
W00009954,317,72,245,22.71293375394322,77.28706624605678
W00009955,281,56,225,19.9288256227758,80.0711743772242
W00009956,230,66,164,28.695652173913043,71.30434782608695
W00009957,277,77,200,27.79783393501805,72.20216606498195
W00009958,340,83,257,24.41176470588235,75.58823529411765
W00009959,586,155,431,26.450511945392492,73.54948805460751
W00009960,246,40,206,16.260162601626014,83.73983739837398
W00009961,390,156,234,40,60
W00009962,244,69,175,28.278688524590162,71.72131147540983
W00009963,384,88,296,22.916666666666664,77.08333333333334
W00009964,341,94,247,27.56598240469208,72.43401759530792
W00009965,266,45,221,16.917293233082706,83.0827067669173
W00009966,365,65,300,17.80821917808219,82.1917808219178
W00009967,406,123,283,30.295566502463057,69.70443349753694
W00009968,325,83,242,25.538461538461537,74.46153846153845
W00009969,125,19,106,15.2,84.8
W00009970,237,43,194,18.143459915611814,81.85654008438819
W00009971,382,116,266,30.36649214659686,69.63350785340315
W00009972,227,36,191,15.859030837004406,84.14096916299559
W00009973,364,84,280,23.076923076923077,76.92307692307693
W00009974,207,35,172,16.908212560386474,83.09178743961353
W00009975,349,101,248,28.939828080229223,71.06017191977078
W00010360,333,43,290,12.912912912912914,87.08708708708708
W00010364,312,48,264,15.384615384615385,84.61538461538461
W00010367,311,60,251,19.292604501607716,80.70739549839229
W00010371,198,21,177,10.606060606060606,89.39393939393939
W00010373,179,25,154,13.966480446927374,86.03351955307262
W00010374,356,91,265,25.56179775280899,74.43820224719101
W00010377,180,38,142,21.11111111111111,78.88888888888889
W00010381,334,58,276,17.365269461077844,82.63473053892216
W00010385,1803,83,1720,4.603438713255685,95.39656128674432
W00010387,276,36,240,13.043478260869565,86.95652173913044
W00010389,268,58,210,21.641791044776117,78.35820895522389
W00010390,217,30,187,13.82488479262673,86.17511520737328
W00010391,344,70,274,20.348837209302324,79.65116279069767
W00010392,310,76,234,24.516129032258064,75.48387096774194
W00010395,305,68,237,22.295081967213115,77.70491803278688
W00010397,186,44,142,23.655913978494624,76.34408602150538
W00010399,275,53,222,19.272727272727273,80.72727272727272
W00010402,246,45,201,18.29268292682927,81.70731707317073
W00010404,248,39,209,15.725806451612904,84.2741935483871
W00010405,132,47,85,35.60606060606061,64.39393939393939
W00010407,192,31,161,16.145833333333336,83.85416666666666
W00010410,300,62,238,20.666666666666668,79.33333333333333
W00010412,97,28,69,28.865979381443296,71.1340206185567
W00010415,304,69,235,22.697368421052634,77.30263157894737
W00010417,257,66,191,25.680933852140075,74.31906614785993
W00010419,363,65,298,17.90633608815427,82.09366391184572
W00010421,202,52,150,25.742574257425744,74.25742574257426
W00010422,237,48,189,20.253164556962027,79.74683544303798
W00010423,369,75,294,20.32520325203252,79.67479674796748
W00010424,256,35,221,13.671875,86.328125
W00010427,300,58,242,19.333333333333332,80.66666666666666
W00010428,236,21,215,8.898305084745763,91.10169491525424
W00010429,298,49,249,16.44295302013423,83.55704697986577
W00010434,137,41,96,29.927007299270077,70.07299270072993
W00010441,232,48,184,20.689655172413794,79.3103448275862
W00010443,244,53,191,21.721311475409834,78.27868852459017
W00010444,287,102,185,35.54006968641115,64.45993031358886
W00010447,189,27,162,14.285714285714285,85.71428571428571
W00010448,198,50,148,25.252525252525253,74.74747474747475
W00010449,248,33,215,13.306451612903224,86.69354838709677
W00010450,99,17,82,17.17171717171717,82.82828282828282
W00010451,230,64,166,27.82608695652174,72.17391304347827
