OA,ts0540001,ts0540002,ts0540003,ts0540004,ts0540005,ts0540006,ts0540007,ts0540008,ts0540009,ts0540010,ts0540011,ts0540012,ts0540013,ts0540002_PCT,ts0540003_PCT,ts0540004_PCT,ts0540005_PCT,ts0540006_PCT,ts0540007_PCT,ts0540008_PCT,ts0540009_PCT,ts0540010_PCT,ts0540011_PCT,ts0540012_PCT,ts0540013_PCT
E00007793,121,65,37,28,0,0,7,3,4,49,46,3,0,53.71900826446281,30.57851239669421,23.140495867768596,0,0,5.785123966942149,2.479338842975207,3.3057851239669422,40.49586776859504,38.01652892561984,2.479338842975207,0
E00007794,138,88,37,51,0,0,8,3,5,42,38,4,0,63.76811594202898,26.811594202898554,36.95652173913043,0,0,5.797101449275362,2.1739130434782608,3.6231884057971016,30.434782608695656,27.536231884057973,2.898550724637681,0
E00007795,141,55,20,35,0,0,30,26,4,56,49,7,0,39.00709219858156,14.184397163120568,24.822695035460992,0,0,21.27659574468085,18.439716312056735,2.8368794326241136,39.71631205673759,34.751773049645394,4.964539007092199,0
E00007796,137,71,34,37,0,0,32,29,3,34,32,2,0,51.82481751824818,24.817518248175183,27.00729927007299,0,0,23.357664233576642,21.16788321167883,2.18978102189781,24.817518248175183,23.357664233576642,1.4598540145985401,0
E00007798,112,30,13,17,1,1,67,63,4,14,13,1,0,26.785714285714285,11.607142857142858,15.178571428571427,0.8928571428571428,0.8928571428571428,59.82142857142857,56.25,3.571428571428571,12.5,11.607142857142858,0.8928571428571428,0
E00007799,118,40,13,27,0,0,55,49,6,23,21,2,0,33.89830508474576,11.016949152542372,22.88135593220339,0,0,46.61016949152542,41.52542372881356,5.084745762711865,19.491525423728813,17.796610169491526,1.694915254237288,0
E00007800,116,55,27,28,0,0,31,20,11,30,27,3,0,47.41379310344828,23.275862068965516,24.137931034482758,0,0,26.72413793103448,17.24137931034483,9.482758620689655,25.862068965517242,23.275862068965516,2.586206896551724,0
E00007801,130,55,26,29,0,0,36,8,28,39,34,5,0,42.30769230769231,20,22.30769230769231,0,0,27.692307692307693,6.153846153846154,21.53846153846154,30,26.153846153846157,3.8461538461538463,0
E00007802,136,64,30,34,1,1,29,23,6,42,40,2,0,47.05882352941176,22.058823529411764,25,0.7352941176470588,0.7352941176470588,21.323529411764707,16.911764705882355,4.411764705882353,30.88235294117647,29.411764705882355,1.4705882352941175,0
E00007803,134,61,23,38,1,1,40,29,11,32,31,1,0,45.52238805970149,17.16417910447761,28.35820895522388,0.7462686567164178,0.7462686567164178,29.850746268656714,21.641791044776117,8.208955223880597,23.88059701492537,23.134328358208954,0.7462686567164178,0
E00007804,111,53,26,27,0,0,11,9,2,47,46,1,0,47.74774774774775,23.423423423423422,24.324324324324326,0,0,9.90990990990991,8.108108108108109,1.8018018018018018,42.34234234234234,41.44144144144144,0.9009009009009009,0
E00007805,130,68,26,42,0,0,24,20,4,38,32,6,0,52.307692307692314,20,32.30769230769231,0,0,18.461538461538463,15.384615384615385,3.076923076923077,29.230769230769234,24.615384615384617,4.615384615384616,0
E00007806,131,72,30,42,0,0,22,2,20,37,36,1,0,54.961832061068705,22.900763358778626,32.06106870229007,0,0,16.793893129770993,1.5267175572519083,15.267175572519085,28.24427480916031,27.480916030534353,0.7633587786259541,0
E00007807,119,37,16,21,0,0,60,55,5,19,16,3,3,31.092436974789916,13.445378151260504,17.647058823529413,0,0,50.42016806722689,46.21848739495798,4.201680672268908,15.966386554621847,13.445378151260504,2.5210084033613445,2.5210084033613445
E00007808,134,64,27,37,0,0,9,3,6,61,59,2,0,47.76119402985074,20.149253731343283,27.611940298507463,0,0,6.7164179104477615,2.2388059701492535,4.477611940298507,45.52238805970149,44.02985074626866,1.4925373134328357,0
E00007809,112,74,35,39,0,0,7,4,3,31,23,8,0,66.07142857142857,31.25,34.82142857142857,0,0,6.25,3.571428571428571,2.6785714285714284,27.67857142857143,20.535714285714285,7.142857142857142,0
E00007810,108,67,34,33,0,0,5,3,2,36,34,2,0,62.03703703703704,31.48148148148148,30.555555555555557,0,0,4.62962962962963,2.7777777777777777,1.8518518518518516,33.33333333333333,31.48148148148148,1.8518518518518516,0
E00007811,124,34,13,21,0,0,71,65,6,16,16,0,3,27.419354838709676,10.483870967741936,16.93548387096774,0,0,57.25806451612904,52.41935483870967,4.838709677419355,12.903225806451612,12.903225806451612,0,2.4193548387096775
E00007812,122,76,42,34,1,1,21,18,3,24,24,0,0,62.295081967213115,34.42622950819672,27.86885245901639,0.819672131147541,0.819672131147541,17.21311475409836,14.754098360655737,2.459016393442623,19.672131147540984,19.672131147540984,0,0
E00007813,168,89,43,46,0,0,39,14,25,39,35,4,1,52.976190476190474,25.595238095238095,27.380952380952383,0,0,23.214285714285715,8.333333333333332,14.880952380952381,23.214285714285715,20.833333333333336,2.380952380952381,0.5952380952380952
E00007814,119,76,37,39,0,0,7,3,4,36,32,4,0,63.86554621848739,31.092436974789916,32.773109243697476,0,0,5.88235294117647,2.5210084033613445,3.361344537815126,30.252100840336134,26.89075630252101,3.361344537815126,0
E00007815,104,22,10,12,1,1,63,62,1,18,17,1,0,21.153846153846153,9.615384615384617,11.538461538461538,0.9615384615384616,0.9615384615384616,60.57692307692307,59.61538461538461,0.9615384615384616,17.307692307692307,16.346153846153847,0.9615384615384616,0
E00007816,110,18,9,9,0,0,76,72,4,16,16,0,0,16.363636363636363,8.181818181818182,8.181818181818182,0,0,69.0909090909091,65.45454545454545,3.6363636363636362,14.545454545454545,14.545454545454545,0,0
E00007817,131,100,60,40,0,0,8,5,3,23,21,2,0,76.33587786259542,45.80152671755725,30.53435114503817,0,0,6.106870229007633,3.816793893129771,2.2900763358778624,17.557251908396946,16.030534351145036,1.5267175572519083,0
E00007818,134,15,2,13,1,1,102,101,1,15,13,2,1,11.194029850746269,1.4925373134328357,9.701492537313433,0.7462686567164178,0.7462686567164178,76.11940298507463,75.3731343283582,0.7462686567164178,11.194029850746269,9.701492537313433,1.4925373134328357,0.7462686567164178
E00007819,141,19,2,17,3,3,92,86,6,25,24,1,2,13.47517730496454,1.4184397163120568,12.056737588652481,2.127659574468085,2.127659574468085,65.24822695035462,60.99290780141844,4.25531914893617,17.73049645390071,17.02127659574468,0.7092198581560284,1.4184397163120568
E00007820,137,86,44,42,0,0,29,23,6,22,21,1,0,62.77372262773723,32.11678832116788,30.656934306569344,0,0,21.16788321167883,16.78832116788321,4.37956204379562,16.05839416058394,15.328467153284672,0.7299270072992701,0
E00007821,137,34,10,24,0,0,87,80,7,15,14,1,1,24.817518248175183,7.2992700729927,17.51824817518248,0,0,63.503649635036496,58.3941605839416,5.109489051094891,10.948905109489052,10.218978102189782,0.7299270072992701,0.7299270072992701
E00007822,108,30,13,17,3,3,54,43,11,21,21,0,0,27.77777777777778,12.037037037037036,15.74074074074074,2.7777777777777777,2.7777777777777777,50,39.81481481481482,10.185185185185185,19.444444444444446,19.444444444444446,0,0
E00007823,124,55,15,40,0,0,51,47,4,18,14,4,0,44.354838709677416,12.096774193548388,32.25806451612903,0,0,41.12903225806452,37.903225806451616,3.225806451612903,14.516129032258066,11.29032258064516,3.225806451612903,0
E00007824,134,47,19,28,0,0,73,63,10,14,13,1,0,35.07462686567165,14.17910447761194,20.8955223880597,0,0,54.47761194029851,47.01492537313433,7.462686567164178,10.44776119402985,9.701492537313433,0.7462686567164178,0
E00007825,190,63,19,44,0,0,86,63,23,39,37,2,2,33.1578947368421,10,23.157894736842106,0,0,45.26315789473684,33.1578947368421,12.105263157894736,20.526315789473685,19.473684210526315,1.0526315789473684,1.0526315789473684
E00007826,122,46,19,27,1,1,48,40,8,27,24,3,0,37.704918032786885,15.573770491803279,22.131147540983605,0.819672131147541,0.819672131147541,39.34426229508197,32.78688524590164,6.557377049180328,22.131147540983605,19.672131147540984,2.459016393442623,0
E00007827,126,40,13,27,1,1,60,54,6,25,22,3,0,31.746031746031743,10.317460317460316,21.428571428571427,0.7936507936507936,0.7936507936507936,47.61904761904761,42.857142857142854,4.761904761904762,19.841269841269842,17.46031746031746,2.380952380952381,0
E00007828,127,52,18,34,1,1,54,53,1,20,19,1,0,40.94488188976378,14.173228346456693,26.77165354330709,0.7874015748031495,0.7874015748031495,42.51968503937008,41.732283464566926,0.7874015748031495,15.748031496062993,14.960629921259844,0.7874015748031495,0
E00007829,122,39,15,24,0,0,54,46,8,29,29,0,0,31.967213114754102,12.295081967213115,19.672131147540984,0,0,44.26229508196721,37.704918032786885,6.557377049180328,23.770491803278688,23.770491803278688,0,0
E00007830,142,42,19,23,0,0,69,57,12,31,28,3,0,29.577464788732392,13.380281690140844,16.19718309859155,0,0,48.59154929577465,40.140845070422536,8.450704225352112,21.830985915492956,19.718309859154928,2.112676056338028,0
E00007831,104,42,15,27,0,0,38,34,4,24,19,5,0,40.38461538461539,14.423076923076922,25.961538461538463,0,0,36.53846153846153,32.69230769230769,3.8461538461538463,23.076923076923077,18.269230769230766,4.807692307692308,0
E00007832,107,21,5,16,1,1,69,67,2,15,15,0,1,19.626168224299064,4.672897196261682,14.953271028037381,0.9345794392523363,0.9345794392523363,64.48598130841121,62.616822429906534,1.8691588785046727,14.018691588785046,14.018691588785046,0,0.9345794392523363
E00007833,127,33,11,22,2,2,63,56,7,28,27,1,1,25.984251968503933,8.661417322834646,17.322834645669293,1.574803149606299,1.574803149606299,49.60629921259843,44.09448818897638,5.511811023622047,22.04724409448819,21.25984251968504,0.7874015748031495,0.7874015748031495
E00007834,122,22,7,15,0,0,86,81,5,14,14,0,0,18.0327868852459,5.737704918032787,12.295081967213115,0,0,70.49180327868852,66.39344262295081,4.098360655737705,11.475409836065573,11.475409836065573,0,0
E00007835,138,54,20,34,1,1,55,51,4,28,28,0,0,39.130434782608695,14.492753623188406,24.637681159420293,0.7246376811594203,0.7246376811594203,39.85507246376812,36.95652173913043,2.898550724637681,20.28985507246377,20.28985507246377,0,0
E00007836,108,43,14,29,2,2,40,34,6,23,20,3,0,39.81481481481482,12.962962962962962,26.851851851851855,1.8518518518518516,1.8518518518518516,37.03703703703704,31.48148148148148,5.555555555555555,21.296296296296298,18.51851851851852,2.7777777777777777,0
E00007837,149,56,21,35,0,0,47,39,8,45,45,0,1,37.58389261744966,14.093959731543624,23.48993288590604,0,0,31.543624161073826,26.174496644295303,5.369127516778524,30.201342281879196,30.201342281879196,0,0.6711409395973155
E00007838,121,44,14,30,0,0,63,53,10,14,11,3,0,36.36363636363637,11.570247933884298,24.793388429752067,0,0,52.066115702479344,43.80165289256198,8.264462809917356,11.570247933884298,9.090909090909092,2.479338842975207,0
E00007839,108,49,9,40,1,1,24,2,22,34,32,2,0,45.370370370370374,8.333333333333332,37.03703703703704,0.9259259259259258,0.9259259259259258,22.22222222222222,1.8518518518518516,20.37037037037037,31.48148148148148,29.629629629629626,1.8518518518518516,0
E00007840,120,38,21,17,0,0,4,3,1,77,76,1,1,31.666666666666664,17.5,14.166666666666666,0,0,3.3333333333333335,2.5,0.8333333333333334,64.16666666666667,63.33333333333333,0.8333333333333334,0.8333333333333334
E00007841,99,31,7,24,1,1,41,36,5,26,24,2,0,31.313131313131315,7.07070707070707,24.242424242424242,1.0101010101010102,1.0101010101010102,41.41414141414141,36.36363636363637,5.05050505050505,26.262626262626267,24.242424242424242,2.0202020202020203,0
E00007842,119,46,9,37,1,1,33,32,1,39,38,1,0,38.655462184873954,7.563025210084033,31.092436974789916,0.8403361344537815,0.8403361344537815,27.73109243697479,26.89075630252101,0.8403361344537815,32.773109243697476,31.932773109243694,0.8403361344537815,0
E00007843,128,72,27,45,1,1,21,18,3,34,31,3,0,56.25,21.09375,35.15625,0.78125,0.78125,16.40625,14.0625,2.34375,26.5625,24.21875,2.34375,0
E00007844,144,87,33,54,0,0,12,4,8,44,42,2,1,60.416666666666664,22.916666666666664,37.5,0,0,8.333333333333332,2.7777777777777777,5.555555555555555,30.555555555555557,29.166666666666668,1.3888888888888888,0.6944444444444444
E00007845,116,77,48,29,0,0,3,1,2,36,34,2,0,66.37931034482759,41.37931034482759,25,0,0,2.586206896551724,0.8620689655172413,1.7241379310344827,31.03448275862069,29.310344827586203,1.7241379310344827,0
E00007846,118,59,17,42,0,0,3,1,2,56,53,3,0,50,14.40677966101695,35.59322033898305,0,0,2.5423728813559325,0.847457627118644,1.694915254237288,47.45762711864407,44.91525423728814,2.5423728813559325,0
E00007847,102,86,46,40,0,0,4,2,2,12,12,0,0,84.31372549019608,45.09803921568628,39.21568627450981,0,0,3.9215686274509802,1.9607843137254901,1.9607843137254901,11.76470588235294,11.76470588235294,0,0
E00007848,143,54,32,22,0,0,49,16,33,40,38,2,0,37.76223776223776,22.377622377622377,15.384615384615385,0,0,34.26573426573427,11.188811188811188,23.076923076923077,27.972027972027973,26.573426573426573,1.3986013986013985,0
E00007849,123,64,30,34,0,0,44,40,4,15,14,1,0,52.03252032520326,24.390243902439025,27.64227642276423,0,0,35.77235772357724,32.52032520325203,3.2520325203252036,12.195121951219512,11.38211382113821,0.8130081300813009,0
E00007850,106,58,37,21,0,0,10,5,5,38,35,3,0,54.71698113207547,34.90566037735849,19.81132075471698,0,0,9.433962264150944,4.716981132075472,4.716981132075472,35.84905660377358,33.0188679245283,2.8301886792452833,0
E00007851,149,65,26,39,0,0,51,3,48,33,28,5,0,43.624161073825505,17.449664429530202,26.174496644295303,0,0,34.22818791946309,2.013422818791946,32.21476510067114,22.14765100671141,18.79194630872483,3.3557046979865772,0
E00007852,112,73,41,32,1,1,15,10,5,23,18,5,0,65.17857142857143,36.607142857142854,28.57142857142857,0.8928571428571428,0.8928571428571428,13.392857142857142,8.928571428571429,4.464285714285714,20.535714285714285,16.071428571428573,4.464285714285714,0
E00007853,156,90,43,47,0,0,35,35,0,30,26,4,1,57.692307692307686,27.564102564102566,30.128205128205128,0,0,22.435897435897438,22.435897435897438,0,19.230769230769234,16.666666666666664,2.564102564102564,0.641025641025641
E00007854,106,49,23,26,0,0,14,13,1,43,39,4,0,46.22641509433962,21.69811320754717,24.528301886792452,0,0,13.20754716981132,12.264150943396226,0.9433962264150944,40.56603773584906,36.79245283018868,3.7735849056603774,0
E00007855,108,19,6,13,0,0,69,62,7,20,18,2,0,17.59259259259259,5.555555555555555,12.037037037037036,0,0,63.888888888888886,57.407407407407405,6.481481481481481,18.51851851851852,16.666666666666664,1.8518518518518516,0
E00007856,122,89,48,41,0,0,3,2,1,30,27,3,0,72.95081967213115,39.34426229508197,33.60655737704918,0,0,2.459016393442623,1.639344262295082,0.819672131147541,24.59016393442623,22.131147540983605,2.459016393442623,0
E00007857,111,53,23,30,0,0,28,26,2,30,30,0,0,47.74774774774775,20.72072072072072,27.027027027027028,0,0,25.225225225225223,23.423423423423422,1.8018018018018018,27.027027027027028,27.027027027027028,0,0
E00007858,119,53,16,37,0,0,30,6,24,36,34,2,0,44.537815126050425,13.445378151260504,31.092436974789916,0,0,25.210084033613445,5.042016806722689,20.168067226890756,30.252100840336134,28.57142857142857,1.680672268907563,0
E00007859,98,43,12,31,0,0,13,7,6,42,40,2,0,43.87755102040816,12.244897959183673,31.63265306122449,0,0,13.26530612244898,7.142857142857142,6.122448979591836,42.857142857142854,40.816326530612244,2.0408163265306123,0
E00007860,125,75,31,44,0,0,28,19,9,22,19,3,0,60,24.8,35.199999999999996,0,0,22.400000000000002,15.2,7.199999999999999,17.599999999999998,15.2,2.4,0
E00007861,80,53,14,39,0,0,7,3,4,20,20,0,0,66.25,17.5,48.75,0,0,8.75,3.75,5,25,25,0,0
E00007862,118,76,34,42,0,0,28,20,8,14,13,1,0,64.40677966101694,28.8135593220339,35.59322033898305,0,0,23.728813559322035,16.94915254237288,6.779661016949152,11.864406779661017,11.016949152542372,0.847457627118644,0
E00007863,90,37,19,18,1,1,41,14,27,11,9,2,0,41.11111111111111,21.11111111111111,20,1.1111111111111112,1.1111111111111112,45.55555555555556,15.555555555555555,30,12.222222222222221,10,2.2222222222222223,0
E00007865,109,62,30,32,0,0,30,22,8,16,15,1,1,56.88073394495413,27.522935779816514,29.357798165137616,0,0,27.522935779816514,20.18348623853211,7.339449541284404,14.678899082568808,13.761467889908257,0.9174311926605505,0.9174311926605505
E00007866,119,88,34,54,1,1,11,4,7,19,18,1,0,73.94957983193278,28.57142857142857,45.378151260504204,0.8403361344537815,0.8403361344537815,9.243697478991598,3.361344537815126,5.88235294117647,15.966386554621847,15.126050420168067,0.8403361344537815,0
E00007867,79,42,14,28,0,0,13,7,6,24,22,2,0,53.16455696202531,17.72151898734177,35.44303797468354,0,0,16.455696202531644,8.860759493670885,7.59493670886076,30.37974683544304,27.848101265822784,2.5316455696202533,0
E00007869,82,41,16,25,0,0,25,21,4,16,15,1,0,50,19.51219512195122,30.48780487804878,0,0,30.48780487804878,25.609756097560975,4.878048780487805,19.51219512195122,18.29268292682927,1.2195121951219512,0
E00007870,110,64,34,30,0,0,33,30,3,13,13,0,0,58.18181818181818,30.909090909090907,27.27272727272727,0,0,30,27.27272727272727,2.727272727272727,11.818181818181818,11.818181818181818,0,0
E00007871,122,75,33,42,0,0,26,25,1,21,21,0,0,61.47540983606557,27.049180327868854,34.42622950819672,0,0,21.311475409836063,20.491803278688526,0.819672131147541,17.21311475409836,17.21311475409836,0,0
E00007872,103,68,37,31,1,1,11,8,3,23,22,1,0,66.01941747572816,35.92233009708738,30.097087378640776,0.9708737864077669,0.9708737864077669,10.679611650485436,7.766990291262135,2.912621359223301,22.330097087378643,21.35922330097087,0.9708737864077669,0
E00007873,110,38,22,16,6,6,17,17,0,49,49,0,0,34.54545454545455,20,14.545454545454545,5.454545454545454,5.454545454545454,15.454545454545453,15.454545454545453,0,44.54545454545455,44.54545454545455,0,0
E00007874,97,48,39,9,0,0,35,19,16,14,14,0,0,49.48453608247423,40.20618556701031,9.278350515463918,0,0,36.08247422680412,19.587628865979383,16.49484536082474,14.432989690721648,14.432989690721648,0,0
E00007875,110,69,39,30,3,3,6,5,1,32,32,0,0,62.727272727272734,35.45454545454545,27.27272727272727,2.727272727272727,2.727272727272727,5.454545454545454,4.545454545454546,0.9090909090909091,29.09090909090909,29.09090909090909,0,0
E00007876,122,36,18,18,0,0,73,69,4,13,12,1,0,29.508196721311474,14.754098360655737,14.754098360655737,0,0,59.83606557377049,56.557377049180324,3.278688524590164,10.655737704918032,9.836065573770492,0.819672131147541,0
E00007877,125,25,8,17,13,13,67,49,18,19,18,1,1,20,6.4,13.600000000000001,10.4,10.4,53.6,39.2,14.399999999999999,15.2,14.399999999999999,0.8,0.8
E00007878,169,56,25,31,0,0,9,3,6,104,100,4,0,33.13609467455622,14.792899408284024,18.34319526627219,0,0,5.325443786982249,1.7751479289940828,3.5502958579881656,61.53846153846154,59.171597633136095,2.366863905325444,0
E00007879,105,45,22,23,0,0,40,37,3,20,20,0,0,42.857142857142854,20.952380952380953,21.904761904761905,0,0,38.095238095238095,35.23809523809524,2.857142857142857,19.047619047619047,19.047619047619047,0,0
E00007880,72,30,14,16,1,1,23,7,16,18,18,0,0,41.66666666666667,19.444444444444446,22.22222222222222,1.3888888888888888,1.3888888888888888,31.944444444444443,9.722222222222223,22.22222222222222,25,25,0,0
E00007881,143,72,26,46,0,0,18,5,13,53,47,6,0,50.349650349650354,18.181818181818183,32.16783216783217,0,0,12.587412587412588,3.4965034965034967,9.090909090909092,37.06293706293706,32.86713286713287,4.195804195804196,0
E00007882,121,80,46,34,0,0,5,4,1,36,34,2,0,66.11570247933885,38.01652892561984,28.09917355371901,0,0,4.132231404958678,3.3057851239669422,0.8264462809917356,29.75206611570248,28.09917355371901,1.6528925619834711,0
E00007883,112,63,29,34,0,0,4,1,3,45,35,10,0,56.25,25.892857142857146,30.357142857142854,0,0,3.571428571428571,0.8928571428571428,2.6785714285714284,40.17857142857143,31.25,8.928571428571429,0
E00007884,136,88,33,55,0,0,3,1,2,45,44,1,0,64.70588235294117,24.264705882352942,40.44117647058824,0,0,2.2058823529411766,0.7352941176470588,1.4705882352941175,33.088235294117645,32.35294117647059,0.7352941176470588,0
E00007885,140,61,30,31,3,3,42,32,10,34,34,0,0,43.57142857142857,21.428571428571427,22.142857142857142,2.142857142857143,2.142857142857143,30,22.857142857142858,7.142857142857142,24.285714285714285,24.285714285714285,0,0
E00007886,118,44,18,26,2,2,20,10,10,52,50,2,0,37.28813559322034,15.254237288135593,22.033898305084744,1.694915254237288,1.694915254237288,16.94915254237288,8.47457627118644,8.47457627118644,44.06779661016949,42.3728813559322,1.694915254237288,0
E00007887,125,91,40,51,0,0,8,1,7,26,24,2,0,72.8,32,40.8,0,0,6.4,0.8,5.6000000000000005,20.8,19.2,1.6,0
E00007888,100,61,29,32,0,0,22,3,19,17,15,2,0,61,28.999999999999996,32,0,0,22,3,19,17,15,2,0
E00007889,111,42,13,29,3,3,26,6,20,40,38,2,0,37.83783783783784,11.711711711711711,26.126126126126124,2.7027027027027026,2.7027027027027026,23.423423423423422,5.405405405405405,18.01801801801802,36.03603603603604,34.234234234234236,1.8018018018018018,0
E00007890,118,23,12,11,0,0,80,78,2,15,14,1,0,19.491525423728813,10.16949152542373,9.322033898305085,0,0,67.79661016949152,66.10169491525424,1.694915254237288,12.711864406779661,11.864406779661017,0.847457627118644,0
E00007891,133,11,0,11,0,0,109,97,12,10,10,0,3,8.270676691729323,0,8.270676691729323,0,0,81.95488721804512,72.93233082706767,9.022556390977442,7.518796992481203,7.518796992481203,0,2.2556390977443606
E00007892,120,59,28,31,0,0,26,5,21,35,32,3,0,49.166666666666664,23.333333333333332,25.833333333333336,0,0,21.666666666666668,4.166666666666666,17.5,29.166666666666668,26.666666666666668,2.5,0
E00007893,129,51,12,39,2,2,34,8,26,42,39,3,0,39.53488372093023,9.30232558139535,30.23255813953488,1.550387596899225,1.550387596899225,26.356589147286826,6.2015503875969,20.155038759689923,32.55813953488372,30.23255813953488,2.3255813953488373,0
E00007894,115,72,34,38,0,0,23,9,14,20,18,2,0,62.60869565217392,29.565217391304348,33.04347826086956,0,0,20,7.82608695652174,12.173913043478262,17.391304347826086,15.65217391304348,1.7391304347826086,0
E00007895,125,43,23,20,0,0,65,59,6,17,15,2,0,34.4,18.4,16,0,0,52,47.199999999999996,4.8,13.600000000000001,12,1.6,0
E00007896,115,12,2,10,2,2,88,23,65,13,13,0,0,10.434782608695652,1.7391304347826086,8.695652173913043,1.7391304347826086,1.7391304347826086,76.52173913043478,20,56.52173913043478,11.304347826086957,11.304347826086957,0,0
E00007897,131,43,14,29,0,0,74,53,21,14,12,2,0,32.82442748091603,10.687022900763358,22.137404580152673,0,0,56.48854961832062,40.458015267175576,16.030534351145036,10.687022900763358,9.16030534351145,1.5267175572519083,0
E00007898,137,36,9,27,0,0,73,63,10,26,22,4,2,26.277372262773724,6.569343065693431,19.708029197080293,0,0,53.284671532846716,45.98540145985402,7.2992700729927,18.97810218978102,16.05839416058394,2.9197080291970803,1.4598540145985401
E00007899,99,66,27,39,1,1,17,4,13,15,14,1,0,66.66666666666666,27.27272727272727,39.39393939393939,1.0101010101010102,1.0101010101010102,17.17171717171717,4.040404040404041,13.131313131313133,15.151515151515152,14.14141414141414,1.0101010101010102,0
E00007900,131,59,26,33,0,0,35,34,1,34,28,6,3,45.038167938931295,19.84732824427481,25.190839694656486,0,0,26.717557251908396,25.954198473282442,0.7633587786259541,25.954198473282442,21.374045801526716,4.580152671755725,2.2900763358778624
E00007901,110,62,18,44,0,0,10,6,4,38,37,1,0,56.36363636363636,16.363636363636363,40,0,0,9.090909090909092,5.454545454545454,3.6363636363636362,34.54545454545455,33.63636363636363,0.9090909090909091,0
E00007902,129,66,37,29,0,0,45,41,4,18,17,1,0,51.162790697674424,28.68217054263566,22.48062015503876,0,0,34.883720930232556,31.782945736434108,3.10077519379845,13.953488372093023,13.178294573643413,0.7751937984496124,0
E00007903,125,49,13,36,1,1,62,60,2,12,10,2,1,39.2,10.4,28.799999999999997,0.8,0.8,49.6,48,1.6,9.6,8,1.6,0.8
E00007904,153,46,10,36,0,0,61,21,40,45,42,3,1,30.065359477124183,6.535947712418301,23.52941176470588,0,0,39.869281045751634,13.725490196078432,26.143790849673206,29.411764705882355,27.450980392156865,1.9607843137254901,0.6535947712418301
E00007905,153,58,17,41,0,0,36,17,19,58,49,9,1,37.908496732026144,11.11111111111111,26.797385620915033,0,0,23.52941176470588,11.11111111111111,12.418300653594772,37.908496732026144,32.02614379084967,5.88235294117647,0.6535947712418301
E00007906,132,34,4,30,0,0,76,12,64,22,20,2,0,25.757575757575758,3.0303030303030303,22.727272727272727,0,0,57.57575757575758,9.090909090909092,48.484848484848484,16.666666666666664,15.151515151515152,1.5151515151515151,0
E00007907,134,104,45,59,0,0,6,4,2,24,23,1,0,77.61194029850746,33.582089552238806,44.02985074626866,0,0,4.477611940298507,2.9850746268656714,1.4925373134328357,17.91044776119403,17.16417910447761,0.7462686567164178,0
E00007908,148,80,36,44,2,2,24,9,15,42,38,4,0,54.054054054054056,24.324324324324326,29.72972972972973,1.3513513513513513,1.3513513513513513,16.216216216216218,6.081081081081082,10.135135135135135,28.37837837837838,25.675675675675674,2.7027027027027026,0
E00007909,127,61,20,41,1,1,34,33,1,31,17,14,0,48.031496062992126,15.748031496062993,32.28346456692913,0.7874015748031495,0.7874015748031495,26.77165354330709,25.984251968503933,0.7874015748031495,24.409448818897637,13.385826771653544,11.023622047244094,0
E00007910,132,90,31,59,1,1,12,4,8,29,29,0,0,68.18181818181817,23.484848484848484,44.696969696969695,0.7575757575757576,0.7575757575757576,9.090909090909092,3.0303030303030303,6.0606060606060606,21.96969696969697,21.96969696969697,0,0
E00007912,124,78,27,51,0,0,10,7,3,36,32,4,0,62.903225806451616,21.774193548387096,41.12903225806452,0,0,8.064516129032258,5.64516129032258,2.4193548387096775,29.03225806451613,25.806451612903224,3.225806451612903,0
E00007913,121,35,11,24,6,6,50,8,42,30,30,0,0,28.92561983471074,9.090909090909092,19.834710743801654,4.958677685950414,4.958677685950414,41.32231404958678,6.6115702479338845,34.710743801652896,24.793388429752067,24.793388429752067,0,0
E00007914,118,93,36,57,0,0,12,9,3,13,12,1,0,78.8135593220339,30.508474576271187,48.30508474576271,0,0,10.16949152542373,7.627118644067797,2.5423728813559325,11.016949152542372,10.16949152542373,0.847457627118644,0
E00007915,130,8,1,7,0,0,108,23,85,13,11,2,1,6.153846153846154,0.7692307692307693,5.384615384615385,0,0,83.07692307692308,17.692307692307693,65.38461538461539,10,8.461538461538462,1.5384615384615385,0.7692307692307693
E00007916,117,13,3,10,1,1,92,31,61,11,7,4,0,11.11111111111111,2.564102564102564,8.547008547008547,0.8547008547008548,0.8547008547008548,78.63247863247864,26.495726495726498,52.13675213675214,9.401709401709402,5.982905982905983,3.418803418803419,0
E00007917,142,40,9,31,0,0,63,14,49,39,33,6,0,28.169014084507044,6.338028169014084,21.830985915492956,0,0,44.36619718309859,9.859154929577464,34.50704225352113,27.464788732394368,23.239436619718308,4.225352112676056,0
E00007918,133,9,1,8,5,5,105,16,89,14,12,2,0,6.7669172932330826,0.7518796992481203,6.015037593984962,3.7593984962406015,3.7593984962406015,78.94736842105263,12.030075187969924,66.9172932330827,10.526315789473683,9.022556390977442,1.5037593984962405,0
E00007919,140,51,22,29,0,0,65,13,52,24,21,3,0,36.42857142857142,15.714285714285714,20.714285714285715,0,0,46.42857142857143,9.285714285714286,37.142857142857146,17.142857142857142,15,2.142857142857143,0
E00007920,116,89,51,38,0,0,4,1,3,23,17,6,0,76.72413793103449,43.96551724137931,32.758620689655174,0,0,3.4482758620689653,0.8620689655172413,2.586206896551724,19.82758620689655,14.655172413793101,5.172413793103448,0
E00007921,137,98,51,47,0,0,17,13,4,21,18,3,1,71.53284671532847,37.22627737226277,34.306569343065696,0,0,12.408759124087592,9.48905109489051,2.9197080291970803,15.328467153284672,13.138686131386862,2.18978102189781,0.7299270072992701
E00007922,128,72,37,35,1,1,25,23,2,30,30,0,0,56.25,28.90625,27.34375,0.78125,0.78125,19.53125,17.96875,1.5625,23.4375,23.4375,0,0
E00007923,124,8,2,6,0,0,104,13,91,12,12,0,0,6.451612903225806,1.6129032258064515,4.838709677419355,0,0,83.87096774193549,10.483870967741936,73.38709677419355,9.67741935483871,9.67741935483871,0,0
E00007924,127,67,25,42,0,0,26,14,12,34,32,2,0,52.75590551181102,19.68503937007874,33.07086614173229,0,0,20.47244094488189,11.023622047244094,9.448818897637794,26.77165354330709,25.196850393700785,1.574803149606299,0
E00007925,126,12,3,9,1,1,97,14,83,16,15,1,0,9.523809523809524,2.380952380952381,7.142857142857142,0.7936507936507936,0.7936507936507936,76.98412698412699,11.11111111111111,65.87301587301587,12.698412698412698,11.904761904761903,0.7936507936507936,0
E00007926,151,94,40,54,1,1,29,27,2,27,25,2,0,62.251655629139066,26.490066225165563,35.76158940397351,0.6622516556291391,0.6622516556291391,19.205298013245034,17.880794701986755,1.3245033112582782,17.880794701986755,16.55629139072848,1.3245033112582782,0
E00007927,202,50,21,29,18,18,120,24,96,14,12,2,0,24.752475247524753,10.396039603960396,14.356435643564355,8.91089108910891,8.91089108910891,59.4059405940594,11.881188118811881,47.524752475247524,6.9306930693069315,5.9405940594059405,0.9900990099009901,0
E00007928,129,50,28,22,0,0,61,56,5,16,16,0,2,38.759689922480625,21.705426356589147,17.05426356589147,0,0,47.286821705426355,43.41085271317829,3.875968992248062,12.4031007751938,12.4031007751938,0,1.550387596899225
E00007929,122,31,10,21,0,0,76,59,17,15,14,1,0,25.40983606557377,8.19672131147541,17.21311475409836,0,0,62.295081967213115,48.36065573770492,13.934426229508196,12.295081967213115,11.475409836065573,0.819672131147541,0
E00007930,142,76,30,46,0,0,34,16,18,32,30,2,0,53.52112676056338,21.12676056338028,32.3943661971831,0,0,23.943661971830984,11.267605633802818,12.676056338028168,22.535211267605636,21.12676056338028,1.4084507042253522,0
E00007931,162,32,10,22,1,1,38,11,27,91,80,11,0,19.753086419753085,6.172839506172839,13.580246913580247,0.6172839506172839,0.6172839506172839,23.456790123456788,6.790123456790123,16.666666666666664,56.17283950617284,49.382716049382715,6.790123456790123,0
E00007932,122,50,14,36,1,1,55,51,4,15,13,2,1,40.98360655737705,11.475409836065573,29.508196721311474,0.819672131147541,0.819672131147541,45.08196721311475,41.80327868852459,3.278688524590164,12.295081967213115,10.655737704918032,1.639344262295082,0.819672131147541
E00007933,128,52,22,30,0,0,67,46,21,9,9,0,0,40.625,17.1875,23.4375,0,0,52.34375,35.9375,16.40625,7.03125,7.03125,0,0
E00007934,136,78,29,49,1,1,30,15,15,27,25,2,0,57.35294117647059,21.323529411764707,36.029411764705884,0.7352941176470588,0.7352941176470588,22.058823529411764,11.029411764705882,11.029411764705882,19.852941176470587,18.38235294117647,1.4705882352941175,0
E00007935,118,110,59,51,0,0,4,4,0,4,4,0,0,93.22033898305084,50,43.22033898305085,0,0,3.389830508474576,3.389830508474576,0,3.389830508474576,3.389830508474576,0,0
E00007936,129,89,45,44,0,0,9,8,1,31,31,0,0,68.9922480620155,34.883720930232556,34.10852713178294,0,0,6.976744186046512,6.2015503875969,0.7751937984496124,24.031007751937985,24.031007751937985,0,0
E00007937,116,102,49,53,1,1,5,5,0,8,8,0,0,87.93103448275862,42.241379310344826,45.689655172413794,0.8620689655172413,0.8620689655172413,4.310344827586207,4.310344827586207,0,6.896551724137931,6.896551724137931,0,0
E00007938,111,63,33,30,0,0,21,3,18,27,23,4,0,56.75675675675676,29.72972972972973,27.027027027027028,0,0,18.91891891891892,2.7027027027027026,16.216216216216218,24.324324324324326,20.72072072072072,3.6036036036036037,0
E00007939,141,72,43,29,0,0,26,8,18,43,40,3,0,51.06382978723404,30.49645390070922,20.56737588652482,0,0,18.439716312056735,5.673758865248227,12.76595744680851,30.49645390070922,28.368794326241137,2.127659574468085,0
E00007940,112,78,32,46,1,1,9,6,3,24,22,2,0,69.64285714285714,28.57142857142857,41.07142857142857,0.8928571428571428,0.8928571428571428,8.035714285714286,5.357142857142857,2.6785714285714284,21.428571428571427,19.642857142857142,1.7857142857142856,0
E00007941,115,83,43,40,1,1,16,14,2,15,12,3,0,72.17391304347827,37.391304347826086,34.78260869565217,0.8695652173913043,0.8695652173913043,13.91304347826087,12.173913043478262,1.7391304347826086,13.043478260869565,10.434782608695652,2.608695652173913,0
E00007942,139,116,59,57,0,0,5,5,0,18,17,1,0,83.45323741007195,42.44604316546763,41.007194244604314,0,0,3.5971223021582732,3.5971223021582732,0,12.949640287769784,12.23021582733813,0.7194244604316548,0
E00007943,108,65,30,35,1,1,32,27,5,10,6,4,0,60.18518518518518,27.77777777777778,32.407407407407405,0.9259259259259258,0.9259259259259258,29.629629629629626,25,4.62962962962963,9.25925925925926,5.555555555555555,3.7037037037037033,0
E00007944,140,76,35,41,0,0,12,6,6,49,45,4,3,54.285714285714285,25,29.28571428571429,0,0,8.571428571428571,4.285714285714286,4.285714285714286,35,32.142857142857146,2.857142857142857,2.142857142857143
E00007945,127,76,31,45,0,0,42,4,38,9,9,0,0,59.84251968503938,24.409448818897637,35.43307086614173,0,0,33.07086614173229,3.149606299212598,29.92125984251969,7.086614173228346,7.086614173228346,0,0
E00007946,126,108,53,55,1,1,4,2,2,13,11,2,0,85.71428571428571,42.06349206349206,43.65079365079365,0.7936507936507936,0.7936507936507936,3.1746031746031744,1.5873015873015872,1.5873015873015872,10.317460317460316,8.73015873015873,1.5873015873015872,0
E00007947,131,117,54,63,1,1,3,3,0,10,9,1,0,89.31297709923665,41.221374045801525,48.091603053435115,0.7633587786259541,0.7633587786259541,2.2900763358778624,2.2900763358778624,0,7.633587786259542,6.870229007633588,0.7633587786259541,0
E00007948,117,106,60,46,1,1,0,0,0,10,8,2,0,90.5982905982906,51.28205128205128,39.31623931623932,0.8547008547008548,0.8547008547008548,0,0,0,8.547008547008547,6.837606837606838,1.7094017094017095,0
E00007949,122,76,40,36,0,0,25,24,1,21,17,4,0,62.295081967213115,32.78688524590164,29.508196721311474,0,0,20.491803278688526,19.672131147540984,0.819672131147541,17.21311475409836,13.934426229508196,3.278688524590164,0
E00007950,134,65,36,29,0,0,28,14,14,41,33,8,0,48.507462686567166,26.865671641791046,21.641791044776117,0,0,20.8955223880597,10.44776119402985,10.44776119402985,30.597014925373134,24.62686567164179,5.970149253731343,0
E00007951,106,83,38,45,0,0,6,1,5,17,14,3,0,78.30188679245283,35.84905660377358,42.45283018867924,0,0,5.660377358490567,0.9433962264150944,4.716981132075472,16.037735849056602,13.20754716981132,2.8301886792452833,0
E00007952,104,66,30,36,0,0,31,29,2,6,5,1,1,63.46153846153846,28.846153846153843,34.61538461538461,0,0,29.807692307692307,27.884615384615387,1.9230769230769231,5.769230769230769,4.807692307692308,0.9615384615384616,0.9615384615384616
E00007953,113,50,15,35,0,0,56,54,2,7,6,1,0,44.24778761061947,13.274336283185843,30.973451327433626,0,0,49.557522123893804,47.78761061946903,1.7699115044247788,6.1946902654867255,5.3097345132743365,0.8849557522123894,0
E00007954,134,87,33,54,3,3,34,24,10,8,7,1,2,64.92537313432835,24.62686567164179,40.298507462686565,2.2388059701492535,2.2388059701492535,25.37313432835821,17.91044776119403,7.462686567164178,5.970149253731343,5.223880597014925,0.7462686567164178,1.4925373134328357
E00007955,111,78,38,40,0,0,29,28,1,4,4,0,0,70.27027027027027,34.234234234234236,36.03603603603604,0,0,26.126126126126124,25.225225225225223,0.9009009009009009,3.6036036036036037,3.6036036036036037,0,0
E00007956,116,57,23,34,0,0,53,53,0,6,6,0,0,49.137931034482754,19.82758620689655,29.310344827586203,0,0,45.689655172413794,45.689655172413794,0,5.172413793103448,5.172413793103448,0,0
E00007957,113,93,52,41,1,1,12,12,0,7,6,1,0,82.30088495575221,46.017699115044245,36.283185840707965,0.8849557522123894,0.8849557522123894,10.619469026548673,10.619469026548673,0,6.1946902654867255,5.3097345132743365,0.8849557522123894,0
E00007958,128,62,20,42,1,1,60,60,0,5,4,1,0,48.4375,15.625,32.8125,0.78125,0.78125,46.875,46.875,0,3.90625,3.125,0.78125,0
E00007959,121,102,45,57,0,0,8,8,0,11,10,1,0,84.29752066115702,37.1900826446281,47.107438016528924,0,0,6.6115702479338845,6.6115702479338845,0,9.090909090909092,8.264462809917356,0.8264462809917356,0
E00007960,117,56,21,35,0,0,47,46,1,13,11,2,1,47.863247863247864,17.94871794871795,29.914529914529915,0,0,40.17094017094017,39.31623931623932,0.8547008547008548,11.11111111111111,9.401709401709402,1.7094017094017095,0.8547008547008548
E00007961,120,109,59,50,1,1,1,0,1,9,9,0,0,90.83333333333333,49.166666666666664,41.66666666666667,0.8333333333333334,0.8333333333333334,0.8333333333333334,0,0.8333333333333334,7.5,7.5,0,0
E00007962,103,92,47,45,0,0,3,1,2,8,5,3,0,89.32038834951457,45.63106796116505,43.689320388349515,0,0,2.912621359223301,0.9708737864077669,1.9417475728155338,7.766990291262135,4.854368932038835,2.912621359223301,0
E00007963,159,137,51,86,3,3,1,0,1,18,15,3,0,86.16352201257862,32.075471698113205,54.088050314465406,1.8867924528301887,1.8867924528301887,0.628930817610063,0,0.628930817610063,11.320754716981133,9.433962264150944,1.8867924528301887,0
E00007964,106,85,32,53,0,0,0,0,0,21,19,2,0,80.18867924528303,30.18867924528302,50,0,0,0,0,0,19.81132075471698,17.92452830188679,1.8867924528301887,0
E00007965,140,13,3,10,0,0,113,107,6,14,13,1,0,9.285714285714286,2.142857142857143,7.142857142857142,0,0,80.71428571428572,76.42857142857142,4.285714285714286,10,9.285714285714286,0.7142857142857143,0
E00007966,115,105,51,54,0,0,3,2,1,7,5,2,0,91.30434782608695,44.34782608695652,46.95652173913044,0,0,2.608695652173913,1.7391304347826086,0.8695652173913043,6.086956521739131,4.3478260869565215,1.7391304347826086,0
E00007967,134,123,57,66,0,0,3,2,1,8,4,4,0,91.7910447761194,42.53731343283582,49.25373134328358,0,0,2.2388059701492535,1.4925373134328357,0.7462686567164178,5.970149253731343,2.9850746268656714,2.9850746268656714,0
E00007968,126,41,19,22,0,0,76,72,4,8,8,0,1,32.53968253968254,15.079365079365079,17.46031746031746,0,0,60.317460317460316,57.14285714285714,3.1746031746031744,6.349206349206349,6.349206349206349,0,0.7936507936507936
E00007969,122,61,26,35,0,0,37,32,5,24,22,2,0,50,21.311475409836063,28.688524590163933,0,0,30.327868852459016,26.229508196721312,4.098360655737705,19.672131147540984,18.0327868852459,1.639344262295082,0
E00007970,117,52,19,33,1,1,51,47,4,11,9,2,2,44.44444444444444,16.23931623931624,28.205128205128204,0.8547008547008548,0.8547008547008548,43.58974358974359,40.17094017094017,3.418803418803419,9.401709401709402,7.6923076923076925,1.7094017094017095,1.7094017094017095
E00007971,110,55,19,36,0,0,46,45,1,9,6,3,0,50,17.272727272727273,32.72727272727273,0,0,41.81818181818181,40.909090909090914,0.9090909090909091,8.181818181818182,5.454545454545454,2.727272727272727,0
E00007972,120,59,26,33,0,0,53,52,1,8,5,3,0,49.166666666666664,21.666666666666668,27.500000000000004,0,0,44.166666666666664,43.333333333333336,0.8333333333333334,6.666666666666667,4.166666666666666,2.5,0
E00007973,122,97,56,41,1,1,9,7,2,15,13,2,0,79.50819672131148,45.90163934426229,33.60655737704918,0.819672131147541,0.819672131147541,7.377049180327869,5.737704918032787,1.639344262295082,12.295081967213115,10.655737704918032,1.639344262295082,0
E00007974,130,14,7,7,0,0,86,85,1,28,24,4,2,10.76923076923077,5.384615384615385,5.384615384615385,0,0,66.15384615384615,65.38461538461539,0.7692307692307693,21.53846153846154,18.461538461538463,3.076923076923077,1.5384615384615385
E00007975,105,94,43,51,0,0,3,3,0,8,7,1,0,89.52380952380953,40.95238095238095,48.57142857142857,0,0,2.857142857142857,2.857142857142857,0,7.6190476190476195,6.666666666666667,0.9523809523809524,0
E00007976,113,64,25,39,1,1,38,3,35,10,9,1,0,56.63716814159292,22.123893805309734,34.51327433628318,0.8849557522123894,0.8849557522123894,33.6283185840708,2.6548672566371683,30.973451327433626,8.849557522123893,7.964601769911504,0.8849557522123894,0
E00007977,116,98,54,44,0,0,7,4,3,11,8,3,0,84.48275862068965,46.55172413793103,37.93103448275862,0,0,6.0344827586206895,3.4482758620689653,2.586206896551724,9.482758620689655,6.896551724137931,2.586206896551724,0
E00007978,101,81,39,42,0,0,3,3,0,17,17,0,0,80.19801980198021,38.613861386138616,41.584158415841586,0,0,2.9702970297029703,2.9702970297029703,0,16.831683168316832,16.831683168316832,0,0
E00007979,127,72,39,33,0,0,33,7,26,22,20,2,0,56.69291338582677,30.708661417322837,25.984251968503933,0,0,25.984251968503933,5.511811023622047,20.47244094488189,17.322834645669293,15.748031496062993,1.574803149606299,0
E00007980,108,102,41,61,0,0,3,3,0,3,3,0,0,94.44444444444444,37.96296296296296,56.481481481481474,0,0,2.7777777777777777,2.7777777777777777,0,2.7777777777777777,2.7777777777777777,0,0
E00007981,151,93,43,50,2,2,12,5,7,44,41,3,0,61.58940397350994,28.47682119205298,33.11258278145696,1.3245033112582782,1.3245033112582782,7.9470198675496695,3.3112582781456954,4.635761589403973,29.13907284768212,27.1523178807947,1.9867549668874174,0
E00007982,112,89,44,45,0,0,14,12,2,9,9,0,0,79.46428571428571,39.285714285714285,40.17857142857143,0,0,12.5,10.714285714285714,1.7857142857142856,8.035714285714286,8.035714285714286,0,0
E00007983,125,115,74,41,0,0,4,1,3,6,5,1,0,92,59.199999999999996,32.800000000000004,0,0,3.2,0.8,2.4,4.8,4,0.8,0
E00007984,111,75,38,37,1,1,5,4,1,30,27,3,0,67.56756756756756,34.234234234234236,33.33333333333333,0.9009009009009009,0.9009009009009009,4.504504504504505,3.6036036036036037,0.9009009009009009,27.027027027027028,24.324324324324326,2.7027027027027026,0
E00007985,124,115,67,48,0,0,0,0,0,9,9,0,0,92.74193548387096,54.03225806451613,38.70967741935484,0,0,0,0,0,7.258064516129033,7.258064516129033,0,0
E00007986,110,99,50,49,1,1,5,4,1,5,5,0,0,90,45.45454545454545,44.54545454545455,0.9090909090909091,0.9090909090909091,4.545454545454546,3.6363636363636362,0.9090909090909091,4.545454545454546,4.545454545454546,0,0
E00007987,117,96,47,49,1,1,9,8,1,11,9,2,0,82.05128205128204,40.17094017094017,41.88034188034188,0.8547008547008548,0.8547008547008548,7.6923076923076925,6.837606837606838,0.8547008547008548,9.401709401709402,7.6923076923076925,1.7094017094017095,0
E00007988,122,38,13,25,0,0,63,59,4,20,18,2,1,31.147540983606557,10.655737704918032,20.491803278688526,0,0,51.63934426229508,48.36065573770492,3.278688524590164,16.39344262295082,14.754098360655737,1.639344262295082,0.819672131147541
E00007989,120,54,29,25,0,0,55,23,32,11,11,0,0,45,24.166666666666668,20.833333333333336,0,0,45.83333333333333,19.166666666666668,26.666666666666668,9.166666666666666,9.166666666666666,0,0
E00007990,122,77,52,25,1,1,31,15,16,13,13,0,0,63.114754098360656,42.62295081967213,20.491803278688526,0.819672131147541,0.819672131147541,25.40983606557377,12.295081967213115,13.114754098360656,10.655737704918032,10.655737704918032,0,0
E00007991,116,61,26,35,1,1,20,17,3,34,33,1,0,52.58620689655172,22.413793103448278,30.17241379310345,0.8620689655172413,0.8620689655172413,17.24137931034483,14.655172413793101,2.586206896551724,29.310344827586203,28.448275862068968,0.8620689655172413,0
E00007992,121,69,35,34,2,2,7,2,5,43,32,11,0,57.02479338842975,28.92561983471074,28.09917355371901,1.6528925619834711,1.6528925619834711,5.785123966942149,1.6528925619834711,4.132231404958678,35.53719008264463,26.446280991735538,9.090909090909092,0
E00007993,144,126,54,72,0,0,5,3,2,13,10,3,0,87.5,37.5,50,0,0,3.4722222222222223,2.083333333333333,1.3888888888888888,9.027777777777777,6.944444444444445,2.083333333333333,0
E00007994,132,70,27,43,0,0,44,6,38,18,15,3,0,53.03030303030303,20.454545454545457,32.57575757575758,0,0,33.33333333333333,4.545454545454546,28.78787878787879,13.636363636363635,11.363636363636363,2.272727272727273,0
E00007995,164,126,56,70,1,1,13,4,9,24,24,0,0,76.82926829268293,34.146341463414636,42.68292682926829,0.6097560975609756,0.6097560975609756,7.926829268292683,2.4390243902439024,5.487804878048781,14.634146341463413,14.634146341463413,0,0
E00007996,127,70,34,36,1,1,36,2,34,20,18,2,0,55.118110236220474,26.77165354330709,28.346456692913385,0.7874015748031495,0.7874015748031495,28.346456692913385,1.574803149606299,26.77165354330709,15.748031496062993,14.173228346456693,1.574803149606299,0
E00007997,116,42,21,21,0,0,58,56,2,15,13,2,1,36.206896551724135,18.103448275862068,18.103448275862068,0,0,50,48.275862068965516,1.7241379310344827,12.931034482758621,11.206896551724139,1.7241379310344827,0.8620689655172413
E00007998,107,64,27,37,0,0,34,7,27,9,8,1,0,59.813084112149525,25.233644859813083,34.57943925233645,0,0,31.775700934579437,6.5420560747663545,25.233644859813083,8.411214953271028,7.476635514018691,0.9345794392523363,0
E00007999,136,120,66,54,0,0,3,2,1,13,12,1,0,88.23529411764706,48.529411764705884,39.705882352941174,0,0,2.2058823529411766,1.4705882352941175,0.7352941176470588,9.558823529411764,8.823529411764707,0.7352941176470588,0
E00008000,122,115,63,52,1,1,3,1,2,3,2,1,0,94.26229508196722,51.63934426229508,42.62295081967213,0.819672131147541,0.819672131147541,2.459016393442623,0.819672131147541,1.639344262295082,2.459016393442623,1.639344262295082,0.819672131147541,0
E00008001,117,110,58,52,0,0,3,2,1,4,3,1,0,94.01709401709401,49.572649572649574,44.44444444444444,0,0,2.564102564102564,1.7094017094017095,0.8547008547008548,3.418803418803419,2.564102564102564,0.8547008547008548,0
E00008002,123,65,27,38,1,1,36,5,31,21,17,4,0,52.84552845528455,21.951219512195124,30.89430894308943,0.8130081300813009,0.8130081300813009,29.268292682926827,4.0650406504065035,25.203252032520325,17.073170731707318,13.821138211382115,3.2520325203252036,0
E00008003,116,77,36,41,0,0,32,2,30,7,5,2,0,66.37931034482759,31.03448275862069,35.3448275862069,0,0,27.586206896551722,1.7241379310344827,25.862068965517242,6.0344827586206895,4.310344827586207,1.7241379310344827,0
E00008004,143,124,58,66,0,0,8,4,4,11,7,4,0,86.7132867132867,40.55944055944056,46.15384615384615,0,0,5.594405594405594,2.797202797202797,2.797202797202797,7.6923076923076925,4.895104895104895,2.797202797202797,0
E00008005,104,95,45,50,0,0,3,3,0,6,6,0,0,91.34615384615384,43.269230769230774,48.07692307692308,0,0,2.8846153846153846,2.8846153846153846,0,5.769230769230769,5.769230769230769,0,0
E00008006,179,67,26,41,17,17,60,11,49,35,33,2,0,37.43016759776536,14.52513966480447,22.905027932960895,9.497206703910614,9.497206703910614,33.5195530726257,6.145251396648044,27.37430167597765,19.553072625698324,18.435754189944134,1.1173184357541899,0
E00008007,109,89,32,57,2,2,6,6,0,12,10,2,0,81.65137614678899,29.357798165137616,52.293577981651374,1.834862385321101,1.834862385321101,5.5045871559633035,5.5045871559633035,0,11.009174311926607,9.174311926605505,1.834862385321101,0
E00008008,145,133,62,71,0,0,0,0,0,12,8,4,0,91.72413793103448,42.758620689655174,48.96551724137931,0,0,0,0,0,8.275862068965518,5.517241379310345,2.7586206896551726,0
E00008009,112,99,47,52,3,3,2,2,0,8,8,0,0,88.39285714285714,41.964285714285715,46.42857142857143,2.6785714285714284,2.6785714285714284,1.7857142857142856,1.7857142857142856,0,7.142857142857142,7.142857142857142,0,0
E00008010,108,44,23,21,0,0,43,42,1,20,18,2,1,40.74074074074074,21.296296296296298,19.444444444444446,0,0,39.81481481481482,38.88888888888889,0.9259259259259258,18.51851851851852,16.666666666666664,1.8518518518518516,0.9259259259259258
E00008011,125,49,27,22,0,0,58,4,54,17,15,2,1,39.2,21.6,17.599999999999998,0,0,46.400000000000006,3.2,43.2,13.600000000000001,12,1.6,0.8
E00008012,136,116,54,62,0,0,8,7,1,12,10,2,0,85.29411764705883,39.705882352941174,45.588235294117645,0,0,5.88235294117647,5.147058823529411,0.7352941176470588,8.823529411764707,7.352941176470589,1.4705882352941175,0
E00008013,122,103,48,55,1,1,2,2,0,16,15,1,0,84.42622950819673,39.34426229508197,45.08196721311475,0.819672131147541,0.819672131147541,1.639344262295082,1.639344262295082,0,13.114754098360656,12.295081967213115,0.819672131147541,0
E00008014,120,100,44,56,0,0,7,5,2,13,13,0,0,83.33333333333334,36.666666666666664,46.666666666666664,0,0,5.833333333333333,4.166666666666666,1.6666666666666667,10.833333333333334,10.833333333333334,0,0
E00008015,115,97,48,49,0,0,11,6,5,7,7,0,0,84.34782608695653,41.73913043478261,42.608695652173914,0,0,9.565217391304348,5.217391304347826,4.3478260869565215,6.086956521739131,6.086956521739131,0,0
E00008016,164,97,43,54,2,2,16,3,13,49,49,0,0,59.14634146341463,26.21951219512195,32.926829268292686,1.2195121951219512,1.2195121951219512,9.75609756097561,1.8292682926829267,7.926829268292683,29.878048780487802,29.878048780487802,0,0
E00008017,130,41,21,20,4,4,62,62,0,22,22,0,1,31.538461538461537,16.153846153846153,15.384615384615385,3.076923076923077,3.076923076923077,47.69230769230769,47.69230769230769,0,16.923076923076923,16.923076923076923,0,0.7692307692307693
E00008019,163,50,23,27,0,0,42,7,35,71,66,5,0,30.67484662576687,14.11042944785276,16.56441717791411,0,0,25.766871165644172,4.294478527607362,21.472392638036812,43.558282208588956,40.49079754601227,3.067484662576687,0
E00008020,136,105,62,43,0,0,14,10,4,17,15,2,0,77.20588235294117,45.588235294117645,31.61764705882353,0,0,10.294117647058822,7.352941176470589,2.941176470588235,12.5,11.029411764705882,1.4705882352941175,0
E00008021,183,108,58,50,8,8,6,5,1,61,53,8,0,59.01639344262295,31.693989071038253,27.322404371584703,4.371584699453552,4.371584699453552,3.278688524590164,2.73224043715847,0.546448087431694,33.33333333333333,28.96174863387978,4.371584699453552,0
E00008022,133,25,12,13,0,0,95,92,3,13,13,0,0,18.796992481203006,9.022556390977442,9.774436090225564,0,0,71.42857142857143,69.17293233082707,2.2556390977443606,9.774436090225564,9.774436090225564,0,0
E00008023,140,31,7,24,0,0,95,93,2,14,13,1,0,22.142857142857142,5,17.142857142857142,0,0,67.85714285714286,66.42857142857143,1.4285714285714286,10,9.285714285714286,0.7142857142857143,0
E00008024,119,77,51,26,0,0,8,7,1,34,30,4,0,64.70588235294117,42.857142857142854,21.84873949579832,0,0,6.722689075630252,5.88235294117647,0.8403361344537815,28.57142857142857,25.210084033613445,3.361344537815126,0
E00008025,92,55,25,30,2,2,7,6,1,28,25,3,0,59.78260869565217,27.173913043478258,32.608695652173914,2.1739130434782608,2.1739130434782608,7.608695652173914,6.521739130434782,1.0869565217391304,30.434782608695656,27.173913043478258,3.260869565217391,0
E00008026,124,35,16,19,1,1,70,69,1,15,12,3,3,28.225806451612907,12.903225806451612,15.32258064516129,0.8064516129032258,0.8064516129032258,56.451612903225815,55.64516129032258,0.8064516129032258,12.096774193548388,9.67741935483871,2.4193548387096775,2.4193548387096775
E00008027,124,35,13,22,0,0,76,76,0,13,11,2,0,28.225806451612907,10.483870967741936,17.741935483870968,0,0,61.29032258064516,61.29032258064516,0,10.483870967741936,8.870967741935484,1.6129032258064515,0
E00008028,111,48,16,32,0,0,43,39,4,20,18,2,0,43.24324324324324,14.414414414414415,28.82882882882883,0,0,38.73873873873874,35.13513513513514,3.6036036036036037,18.01801801801802,16.216216216216218,1.8018018018018018,0
E00008030,133,100,70,30,5,5,11,8,3,17,14,3,0,75.18796992481202,52.63157894736842,22.55639097744361,3.7593984962406015,3.7593984962406015,8.270676691729323,6.015037593984962,2.2556390977443606,12.781954887218044,10.526315789473683,2.2556390977443606,0
E00008033,131,76,38,38,2,2,26,23,3,26,21,5,1,58.01526717557252,29.00763358778626,29.00763358778626,1.5267175572519083,1.5267175572519083,19.84732824427481,17.557251908396946,2.2900763358778624,19.84732824427481,16.030534351145036,3.816793893129771,0.7633587786259541
E00008035,121,80,58,22,0,0,18,15,3,23,21,2,0,66.11570247933885,47.93388429752066,18.181818181818183,0,0,14.87603305785124,12.396694214876034,2.479338842975207,19.00826446280992,17.355371900826448,1.6528925619834711,0
E00008036,120,63,31,32,0,0,36,32,4,20,20,0,1,52.5,25.833333333333336,26.666666666666668,0,0,30,26.666666666666668,3.3333333333333335,16.666666666666664,16.666666666666664,0,0.8333333333333334
E00008037,141,86,31,55,0,0,37,35,2,18,14,4,0,60.99290780141844,21.98581560283688,39.00709219858156,0,0,26.24113475177305,24.822695035460992,1.4184397163120568,12.76595744680851,9.929078014184398,2.8368794326241136,0
E00008038,216,183,64,119,16,16,3,1,2,14,11,3,0,84.72222222222221,29.629629629629626,55.092592592592595,7.4074074074074066,7.4074074074074066,1.3888888888888888,0.4629629629629629,0.9259259259259258,6.481481481481481,5.092592592592593,1.3888888888888888,0
E00008039,156,92,38,54,0,0,45,6,39,19,17,2,0,58.97435897435898,24.358974358974358,34.61538461538461,0,0,28.846153846153843,3.8461538461538463,25,12.179487179487179,10.897435897435898,1.282051282051282,0
E00008040,175,120,53,67,2,2,12,4,8,41,36,5,0,68.57142857142857,30.28571428571429,38.285714285714285,1.1428571428571428,1.1428571428571428,6.857142857142858,2.2857142857142856,4.571428571428571,23.42857142857143,20.57142857142857,2.857142857142857,0
E00008041,137,98,42,56,1,1,6,2,4,32,29,3,0,71.53284671532847,30.656934306569344,40.87591240875913,0.7299270072992701,0.7299270072992701,4.37956204379562,1.4598540145985401,2.9197080291970803,23.357664233576642,21.16788321167883,2.18978102189781,0
E00008042,124,64,30,34,1,1,25,21,4,33,31,2,1,51.61290322580645,24.193548387096776,27.419354838709676,0.8064516129032258,0.8064516129032258,20.161290322580644,16.93548387096774,3.225806451612903,26.61290322580645,25,1.6129032258064515,0.8064516129032258
E00008043,127,118,62,56,0,0,3,1,2,6,5,1,0,92.91338582677166,48.818897637795274,44.09448818897638,0,0,2.3622047244094486,0.7874015748031495,1.574803149606299,4.724409448818897,3.937007874015748,0.7874015748031495,0
E00008044,130,40,17,23,0,0,81,8,73,9,9,0,0,30.76923076923077,13.076923076923078,17.692307692307693,0,0,62.30769230769231,6.153846153846154,56.15384615384615,6.923076923076923,6.923076923076923,0,0
E00008045,115,101,51,50,1,1,3,2,1,10,10,0,0,87.82608695652175,44.34782608695652,43.47826086956522,0.8695652173913043,0.8695652173913043,2.608695652173913,1.7391304347826086,0.8695652173913043,8.695652173913043,8.695652173913043,0,0
E00008046,112,84,48,36,0,0,5,3,2,23,19,4,0,75,42.857142857142854,32.142857142857146,0,0,4.464285714285714,2.6785714285714284,1.7857142857142856,20.535714285714285,16.964285714285715,3.571428571428571,0
E00008047,140,66,27,39,0,0,42,5,37,32,30,2,0,47.14285714285714,19.28571428571429,27.857142857142858,0,0,30,3.571428571428571,26.42857142857143,22.857142857142858,21.428571428571427,1.4285714285714286,0
E00008048,121,63,28,35,2,2,9,7,2,47,42,5,0,52.066115702479344,23.140495867768596,28.92561983471074,1.6528925619834711,1.6528925619834711,7.43801652892562,5.785123966942149,1.6528925619834711,38.84297520661157,34.710743801652896,4.132231404958678,0
E00008049,209,102,36,66,31,31,19,3,16,57,52,5,0,48.803827751196174,17.22488038277512,31.57894736842105,14.832535885167463,14.832535885167463,9.090909090909092,1.4354066985645932,7.655502392344498,27.27272727272727,24.880382775119617,2.3923444976076556,0
E00008050,105,77,37,40,0,0,7,4,3,20,16,4,1,73.33333333333333,35.23809523809524,38.095238095238095,0,0,6.666666666666667,3.8095238095238098,2.857142857142857,19.047619047619047,15.238095238095239,3.8095238095238098,0.9523809523809524
E00008051,128,70,33,37,0,0,34,31,3,24,23,1,0,54.6875,25.78125,28.90625,0,0,26.5625,24.21875,2.34375,18.75,17.96875,0.78125,0
E00008052,120,112,65,47,0,0,7,2,5,1,1,0,0,93.33333333333333,54.166666666666664,39.166666666666664,0,0,5.833333333333333,1.6666666666666667,4.166666666666666,0.8333333333333334,0.8333333333333334,0,0
E00008053,108,97,54,43,0,0,6,5,1,5,5,0,0,89.81481481481481,50,39.81481481481482,0,0,5.555555555555555,4.62962962962963,0.9259259259259258,4.62962962962963,4.62962962962963,0,0
E00008054,98,88,45,43,1,1,4,3,1,5,4,1,0,89.79591836734694,45.91836734693878,43.87755102040816,1.0204081632653061,1.0204081632653061,4.081632653061225,3.061224489795918,1.0204081632653061,5.1020408163265305,4.081632653061225,1.0204081632653061,0
E00008055,115,113,56,57,0,0,1,0,1,1,1,0,0,98.26086956521739,48.69565217391305,49.56521739130435,0,0,0.8695652173913043,0,0.8695652173913043,0.8695652173913043,0.8695652173913043,0,0
E00008056,109,63,35,28,2,2,28,28,0,16,16,0,0,57.798165137614674,32.11009174311927,25.688073394495415,1.834862385321101,1.834862385321101,25.688073394495415,25.688073394495415,0,14.678899082568808,14.678899082568808,0,0
E00008057,119,25,9,16,0,0,76,74,2,18,17,1,0,21.008403361344538,7.563025210084033,13.445378151260504,0,0,63.86554621848739,62.18487394957983,1.680672268907563,15.126050420168067,14.285714285714285,0.8403361344537815,0
E00008059,128,72,29,43,1,1,45,42,3,10,9,1,0,56.25,22.65625,33.59375,0.78125,0.78125,35.15625,32.8125,2.34375,7.8125,7.03125,0.78125,0
E00008064,143,46,22,24,0,0,81,63,18,15,14,1,1,32.16783216783217,15.384615384615385,16.783216783216783,0,0,56.64335664335665,44.05594405594406,12.587412587412588,10.48951048951049,9.79020979020979,0.6993006993006993,0.6993006993006993
E00008068,127,51,17,34,1,1,63,63,0,11,10,1,1,40.15748031496063,13.385826771653544,26.77165354330709,0.7874015748031495,0.7874015748031495,49.60629921259843,49.60629921259843,0,8.661417322834646,7.874015748031496,0.7874015748031495,0.7874015748031495
E00008071,118,53,22,31,0,0,58,56,2,7,7,0,0,44.91525423728814,18.64406779661017,26.27118644067797,0,0,49.152542372881356,47.45762711864407,1.694915254237288,5.932203389830509,5.932203389830509,0,0
E00008072,132,50,14,36,0,0,62,61,1,20,18,2,0,37.878787878787875,10.606060606060606,27.27272727272727,0,0,46.96969696969697,46.21212121212121,0.7575757575757576,15.151515151515152,13.636363636363635,1.5151515151515151,0
E00008074,137,59,23,36,0,0,62,60,2,16,13,3,0,43.06569343065693,16.78832116788321,26.277372262773724,0,0,45.25547445255474,43.79562043795621,1.4598540145985401,11.678832116788321,9.48905109489051,2.18978102189781,0
E00008078,108,45,16,29,0,0,55,53,2,8,8,0,0,41.66666666666667,14.814814814814813,26.851851851851855,0,0,50.92592592592593,49.074074074074076,1.8518518518518516,7.4074074074074066,7.4074074074074066,0,0
E00008079,147,55,16,39,0,0,79,75,4,13,12,1,0,37.41496598639456,10.884353741496598,26.53061224489796,0,0,53.74149659863946,51.02040816326531,2.7210884353741496,8.843537414965986,8.16326530612245,0.6802721088435374,0
E00008080,110,66,23,43,1,1,31,29,2,12,12,0,0,60,20.909090909090907,39.09090909090909,0.9090909090909091,0.9090909090909091,28.18181818181818,26.36363636363636,1.8181818181818181,10.909090909090908,10.909090909090908,0,0
E00008082,113,51,19,32,1,1,48,47,1,13,12,1,0,45.13274336283185,16.8141592920354,28.31858407079646,0.8849557522123894,0.8849557522123894,42.47787610619469,41.5929203539823,0.8849557522123894,11.504424778761061,10.619469026548673,0.8849557522123894,0
E00008083,122,55,14,41,0,0,57,53,4,10,7,3,0,45.08196721311475,11.475409836065573,33.60655737704918,0,0,46.72131147540984,43.44262295081967,3.278688524590164,8.19672131147541,5.737704918032787,2.459016393442623,0
E00008084,114,59,25,34,0,0,45,40,5,10,8,2,0,51.75438596491229,21.929824561403507,29.82456140350877,0,0,39.473684210526315,35.08771929824561,4.385964912280701,8.771929824561402,7.017543859649122,1.7543859649122806,0
E00008085,126,43,16,27,8,8,32,30,2,43,40,3,0,34.12698412698413,12.698412698412698,21.428571428571427,6.349206349206349,6.349206349206349,25.396825396825395,23.809523809523807,1.5873015873015872,34.12698412698413,31.746031746031743,2.380952380952381,0
E00008086,130,60,34,26,0,0,38,35,3,32,25,7,0,46.15384615384615,26.153846153846157,20,0,0,29.230769230769234,26.923076923076923,2.307692307692308,24.615384615384617,19.230769230769234,5.384615384615385,0
E00008088,111,92,44,48,1,1,9,8,1,9,8,1,0,82.88288288288288,39.63963963963964,43.24324324324324,0.9009009009009009,0.9009009009009009,8.108108108108109,7.207207207207207,0.9009009009009009,8.108108108108109,7.207207207207207,0.9009009009009009,0
E00008089,137,69,26,43,0,0,58,52,6,10,8,2,0,50.36496350364964,18.97810218978102,31.386861313868614,0,0,42.33576642335766,37.95620437956204,4.37956204379562,7.2992700729927,5.839416058394161,1.4598540145985401,0
E00008090,114,29,14,15,2,2,76,73,3,7,6,1,0,25.438596491228072,12.280701754385964,13.157894736842104,1.7543859649122806,1.7543859649122806,66.66666666666666,64.03508771929825,2.631578947368421,6.140350877192982,5.263157894736842,0.8771929824561403,0
E00008091,192,66,21,45,38,38,74,47,27,11,9,2,3,34.375,10.9375,23.4375,19.791666666666664,19.791666666666664,38.54166666666667,24.479166666666664,14.0625,5.729166666666666,4.6875,1.0416666666666665,1.5625
E00008093,110,80,34,46,0,0,20,3,17,10,10,0,0,72.72727272727273,30.909090909090907,41.81818181818181,0,0,18.181818181818183,2.727272727272727,15.454545454545453,9.090909090909092,9.090909090909092,0,0
E00008094,124,49,14,35,0,0,60,56,4,15,13,2,0,39.516129032258064,11.29032258064516,28.225806451612907,0,0,48.38709677419355,45.16129032258064,3.225806451612903,12.096774193548388,10.483870967741936,1.6129032258064515,0
E00008095,135,58,22,36,2,2,60,7,53,15,12,3,0,42.96296296296296,16.296296296296298,26.666666666666668,1.4814814814814816,1.4814814814814816,44.44444444444444,5.185185185185185,39.25925925925926,11.11111111111111,8.88888888888889,2.2222222222222223,0
E00008096,159,67,24,43,2,2,73,68,5,17,14,3,0,42.138364779874216,15.09433962264151,27.044025157232703,1.257861635220126,1.257861635220126,45.911949685534594,42.76729559748428,3.1446540880503147,10.69182389937107,8.80503144654088,1.8867924528301887,0
E00008097,125,57,19,38,6,6,51,50,1,10,7,3,1,45.6,15.2,30.4,4.8,4.8,40.8,40,0.8,8,5.6000000000000005,2.4,0.8
E00008099,135,86,39,47,1,1,44,12,32,4,3,1,0,63.70370370370371,28.888888888888886,34.81481481481482,0.7407407407407408,0.7407407407407408,32.592592592592595,8.88888888888889,23.703703703703706,2.9629629629629632,2.2222222222222223,0.7407407407407408,0
E00008100,157,72,29,43,3,3,67,65,2,15,14,1,0,45.85987261146497,18.471337579617835,27.388535031847134,1.910828025477707,1.910828025477707,42.675159235668794,41.40127388535032,1.2738853503184715,9.554140127388536,8.9171974522293,0.6369426751592357,0
E00008101,150,69,26,43,0,0,32,20,12,48,41,7,1,46,17.333333333333336,28.666666666666668,0,0,21.333333333333336,13.333333333333334,8,32,27.333333333333332,4.666666666666667,0.6666666666666667
E00008102,137,88,42,46,0,0,22,7,15,27,26,1,0,64.23357664233576,30.656934306569344,33.57664233576642,0,0,16.05839416058394,5.109489051094891,10.948905109489052,19.708029197080293,18.97810218978102,0.7299270072992701,0
E00008103,139,33,14,19,0,0,90,85,5,16,13,3,0,23.741007194244602,10.071942446043165,13.66906474820144,0,0,64.74820143884892,61.15107913669065,3.5971223021582732,11.510791366906476,9.352517985611511,2.158273381294964,0
E00008104,146,56,29,27,1,1,38,3,35,51,47,4,0,38.35616438356164,19.863013698630137,18.493150684931507,0.684931506849315,0.684931506849315,26.027397260273972,2.054794520547945,23.972602739726025,34.93150684931507,32.19178082191781,2.73972602739726,0
E00008105,141,33,13,20,1,1,87,85,2,18,14,4,2,23.404255319148938,9.219858156028367,14.184397163120568,0.7092198581560284,0.7092198581560284,61.702127659574465,60.28368794326241,1.4184397163120568,12.76595744680851,9.929078014184398,2.8368794326241136,1.4184397163120568
E00008107,145,42,17,25,0,0,49,8,41,54,51,3,0,28.965517241379313,11.724137931034482,17.24137931034483,0,0,33.793103448275865,5.517241379310345,28.27586206896552,37.24137931034483,35.172413793103445,2.0689655172413794,0
E00008108,115,47,24,23,0,0,13,6,7,55,51,4,0,40.869565217391305,20.869565217391305,20,0,0,11.304347826086957,5.217391304347826,6.086956521739131,47.82608695652174,44.34782608695652,3.4782608695652173,0
E00008109,124,15,6,9,0,0,98,95,3,11,9,2,0,12.096774193548388,4.838709677419355,7.258064516129033,0,0,79.03225806451613,76.61290322580645,2.4193548387096775,8.870967741935484,7.258064516129033,1.6129032258064515,0
E00008110,130,52,20,32,1,1,29,25,4,48,45,3,0,40,15.384615384615385,24.615384615384617,0.7692307692307693,0.7692307692307693,22.30769230769231,19.230769230769234,3.076923076923077,36.92307692307693,34.61538461538461,2.307692307692308,0
E00008111,126,9,3,6,0,0,106,105,1,8,7,1,3,7.142857142857142,2.380952380952381,4.761904761904762,0,0,84.12698412698413,83.33333333333334,0.7936507936507936,6.349206349206349,5.555555555555555,0.7936507936507936,2.380952380952381
E00008112,80,5,0,5,0,0,61,59,2,13,12,1,1,6.25,0,6.25,0,0,76.25,73.75,2.5,16.25,15,1.25,1.25
E00008113,225,57,16,41,1,1,72,16,56,95,93,2,0,25.333333333333336,7.111111111111111,18.22222222222222,0.4444444444444444,0.4444444444444444,32,7.111111111111111,24.88888888888889,42.22222222222222,41.333333333333336,0.8888888888888888,0
E00008114,105,37,16,21,0,0,24,6,18,44,44,0,0,35.23809523809524,15.238095238095239,20,0,0,22.857142857142858,5.714285714285714,17.142857142857142,41.904761904761905,41.904761904761905,0,0
E00008115,148,54,23,31,1,1,23,5,18,67,64,3,3,36.486486486486484,15.54054054054054,20.945945945945947,0.6756756756756757,0.6756756756756757,15.54054054054054,3.3783783783783785,12.162162162162163,45.27027027027027,43.24324324324324,2.027027027027027,2.027027027027027
E00008116,119,25,10,15,1,1,59,42,17,34,30,4,0,21.008403361344538,8.403361344537815,12.605042016806722,0.8403361344537815,0.8403361344537815,49.57983193277311,35.294117647058826,14.285714285714285,28.57142857142857,25.210084033613445,3.361344537815126,0
E00008117,139,50,26,24,3,3,18,7,11,68,61,7,0,35.97122302158273,18.705035971223023,17.26618705035971,2.158273381294964,2.158273381294964,12.949640287769784,5.0359712230215825,7.913669064748201,48.92086330935252,43.884892086330936,5.0359712230215825,0
E00008118,124,66,31,35,0,0,14,5,9,44,40,4,0,53.2258064516129,25,28.225806451612907,0,0,11.29032258064516,4.032258064516129,7.258064516129033,35.483870967741936,32.25806451612903,3.225806451612903,0
E00008119,109,42,17,25,1,1,46,7,39,20,15,5,0,38.53211009174312,15.59633027522936,22.93577981651376,0.9174311926605505,0.9174311926605505,42.201834862385326,6.422018348623854,35.77981651376147,18.34862385321101,13.761467889908257,4.587155963302752,0
E00008120,177,53,22,31,0,0,70,62,8,54,51,3,0,29.943502824858758,12.429378531073446,17.51412429378531,0,0,39.548022598870055,35.02824858757062,4.519774011299435,30.508474576271187,28.8135593220339,1.694915254237288,0
E00008121,123,48,18,30,2,2,58,54,4,15,13,2,0,39.02439024390244,14.634146341463413,24.390243902439025,1.6260162601626018,1.6260162601626018,47.15447154471545,43.90243902439025,3.2520325203252036,12.195121951219512,10.569105691056912,1.6260162601626018,0
E00008122,107,65,31,34,0,0,8,2,6,34,33,1,0,60.747663551401864,28.971962616822427,31.775700934579437,0,0,7.476635514018691,1.8691588785046727,5.607476635514018,31.775700934579437,30.8411214953271,0.9345794392523363,0
E00008123,143,95,34,61,0,0,13,2,11,35,30,5,0,66.43356643356644,23.776223776223777,42.65734265734265,0,0,9.090909090909092,1.3986013986013985,7.6923076923076925,24.475524475524477,20.97902097902098,3.4965034965034967,0
E00008124,104,57,22,35,0,0,15,12,3,32,29,3,0,54.807692307692314,21.153846153846153,33.65384615384615,0,0,14.423076923076922,11.538461538461538,2.8846153846153846,30.76923076923077,27.884615384615387,2.8846153846153846,0
E00008125,138,25,7,18,2,2,87,79,8,22,21,1,2,18.115942028985508,5.072463768115942,13.043478260869565,1.4492753623188406,1.4492753623188406,63.04347826086957,57.2463768115942,5.797101449275362,15.942028985507244,15.217391304347828,0.7246376811594203,1.4492753623188406
E00008126,72,30,12,18,0,0,24,20,4,17,14,3,1,41.66666666666667,16.666666666666664,25,0,0,33.33333333333333,27.77777777777778,5.555555555555555,23.61111111111111,19.444444444444446,4.166666666666666,1.3888888888888888
E00008127,126,22,11,11,0,0,83,69,14,21,20,1,0,17.46031746031746,8.73015873015873,8.73015873015873,0,0,65.87301587301587,54.761904761904766,11.11111111111111,16.666666666666664,15.873015873015872,0.7936507936507936,0
E00008128,102,54,15,39,1,1,7,1,6,40,37,3,0,52.94117647058824,14.705882352941178,38.23529411764706,0.9803921568627451,0.9803921568627451,6.862745098039216,0.9803921568627451,5.88235294117647,39.21568627450981,36.27450980392157,2.941176470588235,0
E00008129,133,55,25,30,1,1,49,38,11,28,23,5,0,41.35338345864661,18.796992481203006,22.55639097744361,0.7518796992481203,0.7518796992481203,36.84210526315789,28.57142857142857,8.270676691729323,21.052631578947366,17.293233082706767,3.7593984962406015,0
E00008130,153,88,35,53,1,1,23,9,14,41,40,1,0,57.51633986928104,22.875816993464053,34.64052287581699,0.6535947712418301,0.6535947712418301,15.032679738562091,5.88235294117647,9.15032679738562,26.797385620915033,26.143790849673206,0.6535947712418301,0
E00008132,180,50,19,31,11,11,35,4,31,82,79,3,2,27.77777777777778,10.555555555555555,17.22222222222222,6.111111111111111,6.111111111111111,19.444444444444446,2.2222222222222223,17.22222222222222,45.55555555555556,43.888888888888886,1.6666666666666667,1.1111111111111112
E00008133,218,68,23,45,8,8,54,6,48,87,79,8,1,31.19266055045872,10.550458715596331,20.642201834862387,3.669724770642202,3.669724770642202,24.770642201834864,2.7522935779816518,22.018348623853214,39.908256880733944,36.23853211009174,3.669724770642202,0.45871559633027525
E00008134,126,23,6,17,0,0,90,12,78,13,11,2,0,18.253968253968253,4.761904761904762,13.492063492063492,0,0,71.42857142857143,9.523809523809524,61.904761904761905,10.317460317460316,8.73015873015873,1.5873015873015872,0
E00008135,120,54,19,35,0,0,9,7,2,57,53,4,0,45,15.833333333333332,29.166666666666668,0,0,7.5,5.833333333333333,1.6666666666666667,47.5,44.166666666666664,3.3333333333333335,0
E00008138,112,22,11,11,0,0,78,67,11,11,11,0,1,19.642857142857142,9.821428571428571,9.821428571428571,0,0,69.64285714285714,59.82142857142857,9.821428571428571,9.821428571428571,9.821428571428571,0,0.8928571428571428
E00008139,152,19,7,12,1,1,114,99,15,15,15,0,3,12.5,4.605263157894736,7.894736842105263,0.6578947368421052,0.6578947368421052,75,65.13157894736842,9.868421052631579,9.868421052631579,9.868421052631579,0,1.9736842105263157
E00008140,181,31,22,9,1,1,109,69,40,40,36,4,0,17.12707182320442,12.154696132596685,4.972375690607735,0.5524861878453038,0.5524861878453038,60.22099447513812,38.12154696132597,22.099447513812155,22.099447513812155,19.88950276243094,2.209944751381215,0
E00008141,128,43,14,29,0,0,66,56,10,19,18,1,0,33.59375,10.9375,22.65625,0,0,51.5625,43.75,7.8125,14.84375,14.0625,0.78125,0
E00008142,123,31,10,21,1,1,74,67,7,17,16,1,0,25.203252032520325,8.130081300813007,17.073170731707318,0.8130081300813009,0.8130081300813009,60.16260162601627,54.47154471544715,5.691056910569105,13.821138211382115,13.008130081300814,0.8130081300813009,0
E00008143,133,38,13,25,0,0,78,69,9,17,17,0,0,28.57142857142857,9.774436090225564,18.796992481203006,0,0,58.64661654135338,51.8796992481203,6.7669172932330826,12.781954887218044,12.781954887218044,0,0
E00008144,81,11,5,6,0,0,62,33,29,8,6,2,0,13.580246913580247,6.172839506172839,7.4074074074074066,0,0,76.5432098765432,40.74074074074074,35.80246913580247,9.876543209876543,7.4074074074074066,2.4691358024691357,0
E00008145,136,20,6,14,6,6,97,90,7,13,11,2,0,14.705882352941178,4.411764705882353,10.294117647058822,4.411764705882353,4.411764705882353,71.32352941176471,66.17647058823529,5.147058823529411,9.558823529411764,8.088235294117647,1.4705882352941175,0
E00008146,125,18,7,11,1,1,94,79,15,12,10,2,0,14.399999999999999,5.6000000000000005,8.799999999999999,0.8,0.8,75.2,63.2,12,9.6,8,1.6,0
E00008147,132,38,14,24,1,1,61,55,6,32,32,0,0,28.78787878787879,10.606060606060606,18.181818181818183,0.7575757575757576,0.7575757575757576,46.21212121212121,41.66666666666667,4.545454545454546,24.242424242424242,24.242424242424242,0,0
E00008148,151,17,6,11,0,0,113,111,2,18,15,3,3,11.258278145695364,3.9735099337748347,7.28476821192053,0,0,74.83443708609272,73.50993377483444,1.3245033112582782,11.920529801324504,9.933774834437086,1.9867549668874174,1.9867549668874174
E00008149,126,23,5,18,1,1,42,9,33,60,54,6,0,18.253968253968253,3.968253968253968,14.285714285714285,0.7936507936507936,0.7936507936507936,33.33333333333333,7.142857142857142,26.190476190476193,47.61904761904761,42.857142857142854,4.761904761904762,0
E00008153,145,23,5,18,0,0,73,17,56,49,42,7,0,15.862068965517242,3.4482758620689653,12.413793103448276,0,0,50.3448275862069,11.724137931034482,38.62068965517241,33.793103448275865,28.965517241379313,4.827586206896552,0
E00008155,123,19,1,18,0,0,89,83,6,15,15,0,0,15.447154471544716,0.8130081300813009,14.634146341463413,0,0,72.35772357723577,67.47967479674797,4.878048780487805,12.195121951219512,12.195121951219512,0,0
E00008156,132,28,7,21,5,5,80,54,26,19,16,3,0,21.21212121212121,5.303030303030303,15.909090909090908,3.787878787878788,3.787878787878788,60.60606060606061,40.909090909090914,19.696969696969695,14.393939393939394,12.121212121212121,2.272727272727273,0
E00008158,126,13,3,10,0,0,97,54,43,16,15,1,0,10.317460317460316,2.380952380952381,7.936507936507936,0,0,76.98412698412699,42.857142857142854,34.12698412698413,12.698412698412698,11.904761904761903,0.7936507936507936,0
E00008159,81,48,23,25,0,0,13,0,13,20,17,3,0,59.25925925925925,28.39506172839506,30.864197530864196,0,0,16.049382716049383,0,16.049382716049383,24.691358024691358,20.98765432098765,3.7037037037037033,0
E00008161,130,42,19,23,1,1,56,46,10,31,30,1,0,32.30769230769231,14.615384615384617,17.692307692307693,0.7692307692307693,0.7692307692307693,43.07692307692308,35.38461538461539,7.6923076923076925,23.846153846153847,23.076923076923077,0.7692307692307693,0
E00008164,156,67,34,33,0,0,53,4,49,36,33,3,0,42.94871794871795,21.794871794871796,21.153846153846153,0,0,33.97435897435898,2.564102564102564,31.41025641025641,23.076923076923077,21.153846153846153,1.9230769230769231,0
E00008165,162,69,12,57,0,0,56,36,20,37,34,3,0,42.592592592592595,7.4074074074074066,35.18518518518518,0,0,34.5679012345679,22.22222222222222,12.345679012345679,22.839506172839506,20.98765432098765,1.8518518518518516,0
E00008166,101,38,19,19,0,0,50,39,11,13,11,2,0,37.62376237623762,18.81188118811881,18.81188118811881,0,0,49.504950495049506,38.613861386138616,10.891089108910892,12.871287128712872,10.891089108910892,1.9801980198019802,0
E00008167,135,89,37,52,0,0,3,1,2,43,38,5,0,65.92592592592592,27.40740740740741,38.51851851851852,0,0,2.2222222222222223,0.7407407407407408,1.4814814814814816,31.851851851851855,28.14814814814815,3.7037037037037033,0
E00008168,118,17,10,7,2,2,84,20,64,15,14,1,0,14.40677966101695,8.47457627118644,5.932203389830509,1.694915254237288,1.694915254237288,71.1864406779661,16.94915254237288,54.23728813559322,12.711864406779661,11.864406779661017,0.847457627118644,0
E00008169,120,75,31,44,0,0,21,19,2,24,23,1,0,62.5,25.833333333333336,36.666666666666664,0,0,17.5,15.833333333333332,1.6666666666666667,20,19.166666666666668,0.8333333333333334,0
E00008170,116,93,49,44,0,0,12,4,8,11,11,0,0,80.17241379310344,42.241379310344826,37.93103448275862,0,0,10.344827586206897,3.4482758620689653,6.896551724137931,9.482758620689655,9.482758620689655,0,0
E00008171,116,63,16,47,1,1,11,3,8,39,36,3,2,54.310344827586206,13.793103448275861,40.51724137931034,0.8620689655172413,0.8620689655172413,9.482758620689655,2.586206896551724,6.896551724137931,33.62068965517241,31.03448275862069,2.586206896551724,1.7241379310344827
E00008172,161,77,23,54,2,2,6,3,3,76,72,4,0,47.82608695652174,14.285714285714285,33.54037267080746,1.2422360248447204,1.2422360248447204,3.7267080745341614,1.8633540372670807,1.8633540372670807,47.20496894409938,44.72049689440994,2.484472049689441,0
E00008173,100,74,46,28,0,0,7,5,2,19,16,3,0,74,46,28.000000000000004,0,0,7.000000000000001,5,2,19,16,3,0
E00008174,125,82,40,42,0,0,21,10,11,22,20,2,0,65.60000000000001,32,33.6,0,0,16.8,8,8.799999999999999,17.599999999999998,16,1.6,0
E00008175,101,58,25,33,1,1,26,22,4,16,16,0,0,57.42574257425742,24.752475247524753,32.67326732673268,0.9900990099009901,0.9900990099009901,25.742574257425744,21.782178217821784,3.9603960396039604,15.841584158415841,15.841584158415841,0,0
E00008176,142,69,32,37,1,1,30,3,27,42,34,8,0,48.59154929577465,22.535211267605636,26.056338028169012,0.7042253521126761,0.7042253521126761,21.12676056338028,2.112676056338028,19.014084507042252,29.577464788732392,23.943661971830984,5.633802816901409,0
E00008177,165,101,68,33,3,3,31,9,22,30,28,2,0,61.212121212121204,41.21212121212121,20,1.8181818181818181,1.8181818181818181,18.787878787878785,5.454545454545454,13.333333333333334,18.181818181818183,16.969696969696972,1.2121212121212122,0
E00008178,117,30,14,16,1,1,62,52,10,24,23,1,0,25.64102564102564,11.965811965811966,13.675213675213676,0.8547008547008548,0.8547008547008548,52.991452991452995,44.44444444444444,8.547008547008547,20.51282051282051,19.65811965811966,0.8547008547008548,0
E00008179,106,80,44,36,0,0,5,5,0,21,20,1,0,75.47169811320755,41.509433962264154,33.9622641509434,0,0,4.716981132075472,4.716981132075472,0,19.81132075471698,18.867924528301888,0.9433962264150944,0
E00008180,109,61,28,33,0,0,23,19,4,25,23,2,0,55.96330275229357,25.688073394495415,30.275229357798167,0,0,21.100917431192663,17.431192660550458,3.669724770642202,22.93577981651376,21.100917431192663,1.834862385321101,0
E00008181,109,65,19,46,0,0,5,0,5,39,38,1,0,59.63302752293578,17.431192660550458,42.201834862385326,0,0,4.587155963302752,0,4.587155963302752,35.77981651376147,34.862385321100916,0.9174311926605505,0
E00008182,108,73,28,45,0,0,6,3,3,29,28,1,0,67.5925925925926,25.925925925925924,41.66666666666667,0,0,5.555555555555555,2.7777777777777777,2.7777777777777777,26.851851851851855,25.925925925925924,0.9259259259259258,0
E00008183,105,19,5,14,0,0,61,53,8,25,21,4,0,18.095238095238095,4.761904761904762,13.333333333333334,0,0,58.0952380952381,50.476190476190474,7.6190476190476195,23.809523809523807,20,3.8095238095238098,0
E00008184,121,49,14,35,0,0,17,1,16,55,54,1,0,40.49586776859504,11.570247933884298,28.92561983471074,0,0,14.049586776859504,0.8264462809917356,13.223140495867769,45.45454545454545,44.62809917355372,0.8264462809917356,0
E00008185,133,55,23,32,0,0,29,27,2,49,46,3,0,41.35338345864661,17.293233082706767,24.06015037593985,0,0,21.804511278195488,20.30075187969925,1.5037593984962405,36.84210526315789,34.58646616541353,2.2556390977443606,0
E00008186,109,13,6,7,3,3,81,80,1,12,10,2,0,11.926605504587156,5.5045871559633035,6.422018348623854,2.7522935779816518,2.7522935779816518,74.31192660550458,73.39449541284404,0.9174311926605505,11.009174311926607,9.174311926605505,1.834862385321101,0
E00008187,148,18,1,17,0,0,102,76,26,26,23,3,2,12.162162162162163,0.6756756756756757,11.486486486486488,0,0,68.91891891891892,51.35135135135135,17.56756756756757,17.56756756756757,15.54054054054054,2.027027027027027,1.3513513513513513
E00008188,122,17,6,11,0,0,76,71,5,29,27,2,0,13.934426229508196,4.918032786885246,9.01639344262295,0,0,62.295081967213115,58.19672131147541,4.098360655737705,23.770491803278688,22.131147540983605,1.639344262295082,0
E00008189,110,29,7,22,0,0,68,67,1,13,11,2,0,26.36363636363636,6.363636363636363,20,0,0,61.81818181818181,60.909090909090914,0.9090909090909091,11.818181818181818,10,1.8181818181818181,0
E00008191,119,37,16,21,1,1,63,60,3,18,18,0,0,31.092436974789916,13.445378151260504,17.647058823529413,0.8403361344537815,0.8403361344537815,52.94117647058824,50.42016806722689,2.5210084033613445,15.126050420168067,15.126050420168067,0,0
E00008192,130,115,56,59,0,0,6,5,1,9,8,1,0,88.46153846153845,43.07692307692308,45.38461538461539,0,0,4.615384615384616,3.8461538461538463,0.7692307692307693,6.923076923076923,6.153846153846154,0.7692307692307693,0
E00008193,134,98,36,62,2,2,23,21,2,11,9,2,0,73.13432835820896,26.865671641791046,46.26865671641791,1.4925373134328357,1.4925373134328357,17.16417910447761,15.671641791044777,1.4925373134328357,8.208955223880597,6.7164179104477615,1.4925373134328357,0
E00008194,102,51,14,37,0,0,38,33,5,13,12,1,0,50,13.725490196078432,36.27450980392157,0,0,37.254901960784316,32.35294117647059,4.901960784313726,12.745098039215685,11.76470588235294,0.9803921568627451,0
E00008195,149,79,27,52,2,2,39,36,3,29,26,3,0,53.02013422818792,18.120805369127517,34.899328859060404,1.342281879194631,1.342281879194631,26.174496644295303,24.161073825503358,2.013422818791946,19.463087248322147,17.449664429530202,2.013422818791946,0
E00008196,118,54,10,44,0,0,52,45,7,12,11,1,0,45.76271186440678,8.47457627118644,37.28813559322034,0,0,44.06779661016949,38.13559322033898,5.932203389830509,10.16949152542373,9.322033898305085,0.847457627118644,0
E00008197,112,59,23,36,0,0,38,35,3,15,12,3,0,52.67857142857143,20.535714285714285,32.142857142857146,0,0,33.92857142857143,31.25,2.6785714285714284,13.392857142857142,10.714285714285714,2.6785714285714284,0
E00008198,91,35,13,22,1,1,33,30,3,21,21,0,1,38.46153846153847,14.285714285714285,24.175824175824175,1.098901098901099,1.098901098901099,36.26373626373626,32.967032967032964,3.296703296703297,23.076923076923077,23.076923076923077,0,1.098901098901099
E00008199,206,118,30,88,0,0,1,0,1,87,86,1,0,57.28155339805825,14.563106796116504,42.71844660194174,0,0,0.48543689320388345,0,0.48543689320388345,42.23300970873786,41.74757281553398,0.48543689320388345,0
E00008200,107,70,32,38,0,0,26,24,2,11,11,0,0,65.42056074766354,29.906542056074763,35.51401869158878,0,0,24.299065420560748,22.429906542056074,1.8691588785046727,10.2803738317757,10.2803738317757,0,0
E00008201,106,91,50,41,1,1,3,2,1,11,10,1,0,85.84905660377359,47.16981132075472,38.67924528301887,0.9433962264150944,0.9433962264150944,2.8301886792452833,1.8867924528301887,0.9433962264150944,10.377358490566039,9.433962264150944,0.9433962264150944,0
E00008202,110,72,32,40,0,0,21,19,2,17,15,2,0,65.45454545454545,29.09090909090909,36.36363636363637,0,0,19.090909090909093,17.272727272727273,1.8181818181818181,15.454545454545453,13.636363636363635,1.8181818181818181,0
E00008203,102,63,36,27,0,0,28,27,1,11,11,0,0,61.76470588235294,35.294117647058826,26.47058823529412,0,0,27.450980392156865,26.47058823529412,0.9803921568627451,10.784313725490197,10.784313725490197,0,0
E00008204,103,33,14,19,1,1,51,51,0,17,17,0,1,32.038834951456316,13.592233009708737,18.446601941747574,0.9708737864077669,0.9708737864077669,49.51456310679612,49.51456310679612,0,16.50485436893204,16.50485436893204,0,0.9708737864077669
E00008205,109,57,18,39,2,2,37,31,6,13,9,4,0,52.293577981651374,16.51376146788991,35.77981651376147,1.834862385321101,1.834862385321101,33.94495412844037,28.440366972477065,5.5045871559633035,11.926605504587156,8.256880733944955,3.669724770642202,0
E00008206,108,63,18,45,2,2,32,28,4,11,10,1,0,58.333333333333336,16.666666666666664,41.66666666666667,1.8518518518518516,1.8518518518518516,29.629629629629626,25.925925925925924,3.7037037037037033,10.185185185185185,9.25925925925926,0.9259259259259258,0
E00008207,122,32,10,22,1,1,76,55,21,13,11,2,0,26.229508196721312,8.19672131147541,18.0327868852459,0.819672131147541,0.819672131147541,62.295081967213115,45.08196721311475,17.21311475409836,10.655737704918032,9.01639344262295,1.639344262295082,0
E00008208,142,98,55,43,2,2,27,25,2,15,13,2,0,69.01408450704226,38.732394366197184,30.28169014084507,1.4084507042253522,1.4084507042253522,19.014084507042252,17.6056338028169,1.4084507042253522,10.56338028169014,9.15492957746479,1.4084507042253522,0
E00008209,123,48,16,32,0,0,59,39,20,16,14,2,0,39.02439024390244,13.008130081300814,26.01626016260163,0,0,47.96747967479675,31.70731707317073,16.260162601626014,13.008130081300814,11.38211382113821,1.6260162601626018,0
E00008210,125,59,18,41,0,0,51,49,2,14,14,0,1,47.199999999999996,14.399999999999999,32.800000000000004,0,0,40.8,39.2,1.6,11.200000000000001,11.200000000000001,0,0.8
E00008211,99,29,8,21,2,2,52,50,2,14,14,0,2,29.292929292929294,8.080808080808081,21.21212121212121,2.0202020202020203,2.0202020202020203,52.52525252525253,50.505050505050505,2.0202020202020203,14.14141414141414,14.14141414141414,0,2.0202020202020203
E00008212,130,51,13,38,0,0,60,59,1,19,15,4,0,39.23076923076923,10,29.230769230769234,0,0,46.15384615384615,45.38461538461539,0.7692307692307693,14.615384615384617,11.538461538461538,3.076923076923077,0
E00008213,132,81,38,43,0,0,5,1,4,46,43,3,0,61.36363636363637,28.78787878787879,32.57575757575758,0,0,3.787878787878788,0.7575757575757576,3.0303030303030303,34.84848484848485,32.57575757575758,2.272727272727273,0
E00008214,117,59,28,31,0,0,41,38,3,17,14,3,0,50.427350427350426,23.931623931623932,26.495726495726498,0,0,35.04273504273504,32.47863247863248,2.564102564102564,14.529914529914532,11.965811965811966,2.564102564102564,0
E00008215,124,49,10,39,1,1,30,1,29,44,44,0,0,39.516129032258064,8.064516129032258,31.451612903225808,0.8064516129032258,0.8064516129032258,24.193548387096776,0.8064516129032258,23.387096774193548,35.483870967741936,35.483870967741936,0,0
E00008216,95,36,14,22,0,0,46,45,1,13,11,2,0,37.89473684210527,14.736842105263156,23.157894736842106,0,0,48.421052631578945,47.368421052631575,1.0526315789473684,13.684210526315791,11.578947368421053,2.1052631578947367,0
E00008217,128,54,17,37,0,0,51,43,8,23,20,3,0,42.1875,13.28125,28.90625,0,0,39.84375,33.59375,6.25,17.96875,15.625,2.34375,0
E00008219,136,59,18,41,0,0,30,30,0,47,45,2,0,43.38235294117647,13.23529411764706,30.14705882352941,0,0,22.058823529411764,22.058823529411764,0,34.55882352941176,33.088235294117645,1.4705882352941175,0
E00008220,125,53,28,25,1,1,46,43,3,25,22,3,0,42.4,22.400000000000002,20,0.8,0.8,36.8,34.4,2.4,20,17.599999999999998,2.4,0
E00008221,138,61,25,36,1,1,58,54,4,18,16,2,0,44.20289855072464,18.115942028985508,26.08695652173913,0.7246376811594203,0.7246376811594203,42.028985507246375,39.130434782608695,2.898550724637681,13.043478260869565,11.594202898550725,1.4492753623188406,0
E00008222,107,29,9,20,0,0,61,56,5,17,13,4,0,27.102803738317753,8.411214953271028,18.69158878504673,0,0,57.009345794392516,52.336448598130836,4.672897196261682,15.887850467289718,12.149532710280374,3.7383177570093453,0
E00008223,144,107,47,60,1,1,10,7,3,26,24,2,0,74.30555555555556,32.63888888888889,41.66666666666667,0.6944444444444444,0.6944444444444444,6.944444444444445,4.861111111111112,2.083333333333333,18.055555555555554,16.666666666666664,1.3888888888888888,0
E00008225,125,18,9,9,0,0,101,99,2,6,6,0,0,14.399999999999999,7.199999999999999,7.199999999999999,0,0,80.80000000000001,79.2,1.6,4.8,4.8,0,0
E00008226,140,114,56,58,0,0,4,4,0,22,20,2,0,81.42857142857143,40,41.42857142857143,0,0,2.857142857142857,2.857142857142857,0,15.714285714285714,14.285714285714285,1.4285714285714286,0
E00008228,109,17,5,12,1,1,73,63,10,18,16,2,0,15.59633027522936,4.587155963302752,11.009174311926607,0.9174311926605505,0.9174311926605505,66.97247706422019,57.798165137614674,9.174311926605505,16.51376146788991,14.678899082568808,1.834862385321101,0
E00008229,123,77,35,42,0,0,36,35,1,10,8,2,0,62.601626016260155,28.455284552845526,34.146341463414636,0,0,29.268292682926827,28.455284552845526,0.8130081300813009,8.130081300813007,6.504065040650407,1.6260162601626018,0
E00008230,117,60,25,35,0,0,39,36,3,18,17,1,0,51.28205128205128,21.367521367521366,29.914529914529915,0,0,33.33333333333333,30.76923076923077,2.564102564102564,15.384615384615385,14.529914529914532,0.8547008547008548,0
E00008231,132,80,35,45,0,0,31,27,4,21,19,2,0,60.60606060606061,26.515151515151516,34.090909090909086,0,0,23.484848484848484,20.454545454545457,3.0303030303030303,15.909090909090908,14.393939393939394,1.5151515151515151,0
E00008232,123,51,17,34,0,0,54,50,4,18,18,0,0,41.46341463414634,13.821138211382115,27.64227642276423,0,0,43.90243902439025,40.65040650406504,3.2520325203252036,14.634146341463413,14.634146341463413,0,0
E00008233,106,31,8,23,0,0,52,41,11,22,17,5,1,29.245283018867923,7.547169811320755,21.69811320754717,0,0,49.056603773584904,38.67924528301887,10.377358490566039,20.754716981132077,16.037735849056602,4.716981132075472,0.9433962264150944
E00008234,118,81,36,45,0,0,17,15,2,19,16,3,1,68.64406779661016,30.508474576271187,38.13559322033898,0,0,14.40677966101695,12.711864406779661,1.694915254237288,16.101694915254235,13.559322033898304,2.5423728813559325,0.847457627118644
E00008235,129,82,39,43,0,0,32,26,6,15,14,1,0,63.565891472868216,30.23255813953488,33.33333333333333,0,0,24.8062015503876,20.155038759689923,4.651162790697675,11.627906976744185,10.852713178294573,0.7751937984496124,0
E00008236,159,19,4,15,0,0,128,94,34,12,9,3,0,11.949685534591195,2.515723270440252,9.433962264150944,0,0,80.50314465408806,59.11949685534591,21.38364779874214,7.547169811320755,5.660377358490567,1.8867924528301887,0
E00008237,188,102,69,33,0,0,67,63,4,19,18,1,0,54.25531914893617,36.702127659574465,17.5531914893617,0,0,35.638297872340424,33.51063829787234,2.127659574468085,10.106382978723403,9.574468085106384,0.5319148936170213,0
E00008238,123,41,12,29,0,0,64,62,2,18,15,3,0,33.33333333333333,9.75609756097561,23.577235772357724,0,0,52.03252032520326,50.40650406504065,1.6260162601626018,14.634146341463413,12.195121951219512,2.4390243902439024,0
E00008239,113,101,55,46,0,0,2,0,2,10,8,2,0,89.38053097345133,48.67256637168141,40.707964601769916,0,0,1.7699115044247788,0,1.7699115044247788,8.849557522123893,7.079646017699115,1.7699115044247788,0
E00008240,101,67,32,35,0,0,12,12,0,22,18,4,0,66.33663366336634,31.683168316831683,34.65346534653465,0,0,11.881188118811881,11.881188118811881,0,21.782178217821784,17.82178217821782,3.9603960396039604,0
E00008241,116,57,22,35,0,0,51,47,4,8,7,1,0,49.137931034482754,18.96551724137931,30.17241379310345,0,0,43.96551724137931,40.51724137931034,3.4482758620689653,6.896551724137931,6.0344827586206895,0.8620689655172413,0
E00008242,132,55,23,32,3,3,63,57,6,10,9,1,1,41.66666666666667,17.424242424242426,24.242424242424242,2.272727272727273,2.272727272727273,47.72727272727273,43.18181818181818,4.545454545454546,7.575757575757576,6.8181818181818175,0.7575757575757576,0.7575757575757576
E00008243,129,59,25,34,1,1,55,50,5,11,9,2,3,45.73643410852713,19.379844961240313,26.356589147286826,0.7751937984496124,0.7751937984496124,42.63565891472868,38.759689922480625,3.875968992248062,8.527131782945736,6.976744186046512,1.550387596899225,2.3255813953488373
E00008244,133,38,12,26,0,0,80,76,4,13,13,0,2,28.57142857142857,9.022556390977442,19.548872180451127,0,0,60.150375939849624,57.14285714285714,3.007518796992481,9.774436090225564,9.774436090225564,0,1.5037593984962405
E00008245,113,29,8,21,0,0,72,68,4,10,10,0,2,25.663716814159294,7.079646017699115,18.58407079646018,0,0,63.716814159292035,60.17699115044248,3.5398230088495577,8.849557522123893,8.849557522123893,0,1.7699115044247788
E00008246,100,19,8,11,1,1,75,25,50,4,3,1,1,19,8,11,1,1,75,25,50,4,3,1,1
E00008247,116,33,9,24,0,0,68,67,1,15,13,2,0,28.448275862068968,7.758620689655173,20.689655172413794,0,0,58.620689655172406,57.758620689655174,0.8620689655172413,12.931034482758621,11.206896551724139,1.7241379310344827,0
E00008248,102,46,15,31,0,0,45,42,3,10,9,1,1,45.09803921568628,14.705882352941178,30.392156862745097,0,0,44.11764705882353,41.17647058823529,2.941176470588235,9.803921568627452,8.823529411764707,0.9803921568627451,0.9803921568627451
E00008249,117,51,17,34,1,1,48,45,3,16,16,0,1,43.58974358974359,14.529914529914532,29.059829059829063,0.8547008547008548,0.8547008547008548,41.02564102564102,38.46153846153847,2.564102564102564,13.675213675213676,13.675213675213676,0,0.8547008547008548
E00008250,116,40,17,23,0,0,66,65,1,9,8,1,1,34.48275862068966,14.655172413793101,19.82758620689655,0,0,56.896551724137936,56.03448275862068,0.8620689655172413,7.758620689655173,6.896551724137931,0.8620689655172413,0.8620689655172413
E00008251,114,42,13,29,2,2,61,52,9,8,7,1,1,36.84210526315789,11.403508771929824,25.438596491228072,1.7543859649122806,1.7543859649122806,53.50877192982456,45.614035087719294,7.894736842105263,7.017543859649122,6.140350877192982,0.8771929824561403,0.8771929824561403
E00008252,122,50,18,32,1,1,58,56,2,12,10,2,1,40.98360655737705,14.754098360655737,26.229508196721312,0.819672131147541,0.819672131147541,47.540983606557376,45.90163934426229,1.639344262295082,9.836065573770492,8.19672131147541,1.639344262295082,0.819672131147541
E00008253,114,47,21,26,0,0,57,54,3,10,10,0,0,41.228070175438596,18.421052631578945,22.807017543859647,0,0,50,47.368421052631575,2.631578947368421,8.771929824561402,8.771929824561402,0,0
E00008254,114,31,11,20,0,0,55,53,2,27,23,4,1,27.192982456140353,9.649122807017543,17.543859649122805,0,0,48.24561403508772,46.49122807017544,1.7543859649122806,23.684210526315788,20.175438596491226,3.508771929824561,0.8771929824561403
E00008255,129,42,10,32,0,0,72,68,4,15,13,2,0,32.55813953488372,7.751937984496124,24.8062015503876,0,0,55.81395348837209,52.71317829457365,3.10077519379845,11.627906976744185,10.077519379844961,1.550387596899225,0
E00008256,92,28,14,14,4,4,44,39,5,16,14,2,0,30.434782608695656,15.217391304347828,15.217391304347828,4.3478260869565215,4.3478260869565215,47.82608695652174,42.391304347826086,5.434782608695652,17.391304347826086,15.217391304347828,2.1739130434782608,0
E00008257,106,46,17,29,1,1,46,43,3,13,13,0,0,43.39622641509434,16.037735849056602,27.358490566037734,0.9433962264150944,0.9433962264150944,43.39622641509434,40.56603773584906,2.8301886792452833,12.264150943396226,12.264150943396226,0,0
E00008258,117,46,9,37,1,1,59,54,5,11,10,1,0,39.31623931623932,7.6923076923076925,31.62393162393162,0.8547008547008548,0.8547008547008548,50.427350427350426,46.15384615384615,4.273504273504273,9.401709401709402,8.547008547008547,0.8547008547008548,0
E00008259,85,64,37,27,0,0,5,5,0,16,13,3,0,75.29411764705883,43.529411764705884,31.76470588235294,0,0,5.88235294117647,5.88235294117647,0,18.823529411764707,15.294117647058824,3.5294117647058822,0
E00008260,126,106,73,33,1,1,8,6,2,11,8,3,0,84.12698412698413,57.936507936507944,26.190476190476193,0.7936507936507936,0.7936507936507936,6.349206349206349,4.761904761904762,1.5873015873015872,8.73015873015873,6.349206349206349,2.380952380952381,0
E00008261,132,62,29,33,1,1,51,46,5,18,16,2,0,46.96969696969697,21.96969696969697,25,0.7575757575757576,0.7575757575757576,38.63636363636363,34.84848484848485,3.787878787878788,13.636363636363635,12.121212121212121,1.5151515151515151,0
E00008262,93,81,45,36,2,2,5,3,2,5,5,0,0,87.09677419354838,48.38709677419355,38.70967741935484,2.1505376344086025,2.1505376344086025,5.376344086021505,3.225806451612903,2.1505376344086025,5.376344086021505,5.376344086021505,0,0
E00008263,131,20,7,13,1,1,76,75,1,34,31,3,0,15.267175572519085,5.343511450381679,9.923664122137405,0.7633587786259541,0.7633587786259541,58.01526717557252,57.25190839694656,0.7633587786259541,25.954198473282442,23.66412213740458,2.2900763358778624,0
E00008264,128,116,74,42,0,0,3,2,1,9,5,4,0,90.625,57.8125,32.8125,0,0,2.34375,1.5625,0.78125,7.03125,3.90625,3.125,0
E00008265,111,61,25,36,0,0,33,33,0,17,16,1,0,54.95495495495496,22.52252252252252,32.432432432432435,0,0,29.72972972972973,29.72972972972973,0,15.315315315315313,14.414414414414415,0.9009009009009009,0
E00008266,136,90,52,38,0,0,19,6,13,27,24,3,0,66.17647058823529,38.23529411764706,27.941176470588236,0,0,13.970588235294118,4.411764705882353,9.558823529411764,19.852941176470587,17.647058823529413,2.2058823529411766,0
E00008267,160,128,57,71,1,1,2,2,0,29,29,0,0,80,35.625,44.375,0.625,0.625,1.25,1.25,0,18.125,18.125,0,0
E00008268,132,88,48,40,2,2,5,2,3,37,36,1,0,66.66666666666666,36.36363636363637,30.303030303030305,1.5151515151515151,1.5151515151515151,3.787878787878788,1.5151515151515151,2.272727272727273,28.030303030303028,27.27272727272727,0.7575757575757576,0
E00008269,168,65,22,43,4,4,12,3,9,87,81,6,0,38.69047619047619,13.095238095238097,25.595238095238095,2.380952380952381,2.380952380952381,7.142857142857142,1.7857142857142856,5.357142857142857,51.78571428571429,48.214285714285715,3.571428571428571,0
E00008270,156,23,9,14,0,0,106,103,3,27,24,3,0,14.743589743589745,5.769230769230769,8.974358974358974,0,0,67.94871794871796,66.02564102564102,1.9230769230769231,17.307692307692307,15.384615384615385,1.9230769230769231,0
E00008271,99,58,27,31,0,0,6,2,4,35,30,5,0,58.58585858585859,27.27272727272727,31.313131313131315,0,0,6.0606060606060606,2.0202020202020203,4.040404040404041,35.35353535353536,30.303030303030305,5.05050505050505,0
E00008272,114,91,42,49,0,0,11,8,3,12,11,1,0,79.82456140350878,36.84210526315789,42.98245614035088,0,0,9.649122807017543,7.017543859649122,2.631578947368421,10.526315789473683,9.649122807017543,0.8771929824561403,0
E00008273,138,74,37,37,5,5,16,15,1,43,37,6,0,53.62318840579711,26.811594202898554,26.811594202898554,3.6231884057971016,3.6231884057971016,11.594202898550725,10.869565217391305,0.7246376811594203,31.15942028985507,26.811594202898554,4.3478260869565215,0
E00008274,126,100,56,44,0,0,6,6,0,20,18,2,0,79.36507936507937,44.44444444444444,34.92063492063492,0,0,4.761904761904762,4.761904761904762,0,15.873015873015872,14.285714285714285,1.5873015873015872,0
E00008275,122,105,49,56,1,1,3,2,1,13,11,2,0,86.0655737704918,40.16393442622951,45.90163934426229,0.819672131147541,0.819672131147541,2.459016393442623,1.639344262295082,0.819672131147541,10.655737704918032,9.01639344262295,1.639344262295082,0
E00008276,120,49,18,31,0,0,55,55,0,16,15,1,0,40.833333333333336,15,25.833333333333336,0,0,45.83333333333333,45.83333333333333,0,13.333333333333334,12.5,0.8333333333333334,0
E00008277,122,62,32,30,0,0,37,35,2,23,23,0,0,50.81967213114754,26.229508196721312,24.59016393442623,0,0,30.327868852459016,28.688524590163933,1.639344262295082,18.852459016393443,18.852459016393443,0,0
E00008279,216,57,18,39,0,0,72,52,20,87,79,8,0,26.38888888888889,8.333333333333332,18.055555555555554,0,0,33.33333333333333,24.074074074074073,9.25925925925926,40.27777777777778,36.574074074074076,3.7037037037037033,0
E00008280,144,79,23,56,0,0,30,25,5,35,34,1,0,54.861111111111114,15.972222222222221,38.88888888888889,0,0,20.833333333333336,17.36111111111111,3.4722222222222223,24.305555555555554,23.61111111111111,0.6944444444444444,0
E00008282,117,57,17,40,0,0,39,2,37,21,21,0,0,48.717948717948715,14.529914529914532,34.18803418803419,0,0,33.33333333333333,1.7094017094017095,31.62393162393162,17.94871794871795,17.94871794871795,0,0
E00008283,156,43,16,27,1,1,69,65,4,43,43,0,0,27.564102564102566,10.256410256410255,17.307692307692307,0.641025641025641,0.641025641025641,44.230769230769226,41.66666666666667,2.564102564102564,27.564102564102566,27.564102564102566,0,0
E00008284,124,31,13,18,0,0,70,6,64,23,23,0,0,25,10.483870967741936,14.516129032258066,0,0,56.451612903225815,4.838709677419355,51.61290322580645,18.548387096774192,18.548387096774192,0,0
E00008285,244,168,22,146,0,0,39,18,21,37,34,3,0,68.85245901639344,9.01639344262295,59.83606557377049,0,0,15.983606557377051,7.377049180327869,8.60655737704918,15.163934426229508,13.934426229508196,1.2295081967213115,0
E00008287,113,54,19,35,1,1,34,2,32,24,23,1,0,47.78761061946903,16.8141592920354,30.973451327433626,0.8849557522123894,0.8849557522123894,30.08849557522124,1.7699115044247788,28.31858407079646,21.238938053097346,20.353982300884958,0.8849557522123894,0
E00008288,115,18,5,13,0,0,85,81,4,10,8,2,2,15.65217391304348,4.3478260869565215,11.304347826086957,0,0,73.91304347826086,70.43478260869566,3.4782608695652173,8.695652173913043,6.956521739130435,1.7391304347826086,1.7391304347826086
E00008290,220,109,28,81,0,0,48,7,41,63,57,6,0,49.54545454545455,12.727272727272727,36.81818181818181,0,0,21.818181818181817,3.1818181818181817,18.636363636363637,28.636363636363637,25.90909090909091,2.727272727272727,0
E00008291,126,21,9,12,1,1,90,88,2,12,12,0,2,16.666666666666664,7.142857142857142,9.523809523809524,0.7936507936507936,0.7936507936507936,71.42857142857143,69.84126984126983,1.5873015873015872,9.523809523809524,9.523809523809524,0,1.5873015873015872
E00008293,99,39,10,29,0,0,30,26,4,30,29,1,0,39.39393939393939,10.1010101010101,29.292929292929294,0,0,30.303030303030305,26.262626262626267,4.040404040404041,30.303030303030305,29.292929292929294,1.0101010101010102,0
E00008294,124,47,16,31,4,4,30,26,4,43,41,2,0,37.903225806451616,12.903225806451612,25,3.225806451612903,3.225806451612903,24.193548387096776,20.967741935483872,3.225806451612903,34.67741935483871,33.064516129032256,1.6129032258064515,0
E00008296,127,58,16,42,2,2,38,3,35,29,26,3,0,45.66929133858268,12.598425196850393,33.07086614173229,1.574803149606299,1.574803149606299,29.92125984251969,2.3622047244094486,27.559055118110237,22.83464566929134,20.47244094488189,2.3622047244094486,0
E00008297,230,59,13,46,23,23,35,3,32,113,108,5,0,25.65217391304348,5.6521739130434785,20,10,10,15.217391304347828,1.3043478260869565,13.91304347826087,49.130434782608695,46.95652173913044,2.1739130434782608,0
E00008298,117,79,32,47,0,0,14,10,4,24,22,2,0,67.52136752136752,27.350427350427353,40.17094017094017,0,0,11.965811965811966,8.547008547008547,3.418803418803419,20.51282051282051,18.803418803418804,1.7094017094017095,0
E00008299,189,111,40,71,6,6,6,3,3,66,59,7,0,58.730158730158735,21.164021164021165,37.56613756613756,3.1746031746031744,3.1746031746031744,3.1746031746031744,1.5873015873015872,1.5873015873015872,34.92063492063492,31.216931216931215,3.7037037037037033,0
E00008300,144,19,9,10,0,0,75,47,28,50,48,2,0,13.194444444444445,6.25,6.944444444444445,0,0,52.083333333333336,32.63888888888889,19.444444444444446,34.72222222222222,33.33333333333333,1.3888888888888888,0
E00008301,69,13,6,7,0,0,31,7,24,25,22,3,0,18.84057971014493,8.695652173913043,10.144927536231885,0,0,44.927536231884055,10.144927536231885,34.78260869565217,36.231884057971016,31.88405797101449,4.3478260869565215,0
E00008302,125,27,11,16,1,1,71,46,25,26,24,2,0,21.6,8.799999999999999,12.8,0.8,0.8,56.8,36.8,20,20.8,19.2,1.6,0
E00008303,90,65,27,38,1,1,14,8,6,10,7,3,0,72.22222222222221,30,42.22222222222222,1.1111111111111112,1.1111111111111112,15.555555555555555,8.88888888888889,6.666666666666667,11.11111111111111,7.777777777777778,3.3333333333333335,0
E00008304,132,66,28,38,2,2,38,32,6,26,26,0,0,50,21.21212121212121,28.78787878787879,1.5151515151515151,1.5151515151515151,28.78787878787879,24.242424242424242,4.545454545454546,19.696969696969695,19.696969696969695,0,0
E00008305,140,74,29,45,0,0,21,21,0,45,42,3,0,52.85714285714286,20.714285714285715,32.142857142857146,0,0,15,15,0,32.142857142857146,30,2.142857142857143,0
E00008306,224,82,23,59,0,0,53,2,51,89,81,8,0,36.607142857142854,10.267857142857142,26.339285714285715,0,0,23.660714285714285,0.8928571428571428,22.767857142857142,39.732142857142854,36.160714285714285,3.571428571428571,0
E00008307,115,44,16,28,0,0,33,18,15,38,34,4,0,38.26086956521739,13.91304347826087,24.347826086956523,0,0,28.695652173913043,15.65217391304348,13.043478260869565,33.04347826086956,29.565217391304348,3.4782608695652173,0
E00008310,167,35,13,22,0,0,118,114,4,13,11,2,1,20.958083832335326,7.784431137724551,13.17365269461078,0,0,70.65868263473054,68.26347305389223,2.3952095808383236,7.784431137724551,6.58682634730539,1.1976047904191618,0.5988023952095809
E00008311,147,32,9,23,0,0,88,86,2,27,23,4,0,21.768707482993197,6.122448979591836,15.646258503401361,0,0,59.863945578231295,58.50340136054422,1.3605442176870748,18.367346938775512,15.646258503401361,2.7210884353741496,0
E00008312,129,28,9,19,1,1,77,71,6,23,22,1,0,21.705426356589147,6.976744186046512,14.728682170542637,0.7751937984496124,0.7751937984496124,59.68992248062015,55.03875968992248,4.651162790697675,17.829457364341085,17.05426356589147,0.7751937984496124,0
E00008313,117,69,25,44,0,0,15,7,8,32,28,4,1,58.97435897435898,21.367521367521366,37.60683760683761,0,0,12.82051282051282,5.982905982905983,6.837606837606838,27.350427350427353,23.931623931623932,3.418803418803419,0.8547008547008548
E00008314,125,56,32,24,2,2,7,3,4,60,56,4,0,44.800000000000004,25.6,19.2,1.6,1.6,5.6000000000000005,2.4,3.2,48,44.800000000000004,3.2,0
E00008316,159,115,46,69,0,0,7,4,3,37,35,2,0,72.32704402515722,28.930817610062892,43.39622641509434,0,0,4.40251572327044,2.515723270440252,1.8867924528301887,23.270440251572328,22.0125786163522,1.257861635220126,0
E00008318,134,77,36,41,0,0,21,13,8,36,34,2,0,57.46268656716418,26.865671641791046,30.597014925373134,0,0,15.671641791044777,9.701492537313433,5.970149253731343,26.865671641791046,25.37313432835821,1.4925373134328357,0
E00008319,138,86,44,42,1,1,14,5,9,36,29,7,1,62.31884057971014,31.88405797101449,30.434782608695656,0.7246376811594203,0.7246376811594203,10.144927536231885,3.6231884057971016,6.521739130434782,26.08695652173913,21.014492753623188,5.072463768115942,0.7246376811594203
E00008320,115,66,22,44,0,0,28,19,9,21,19,2,0,57.391304347826086,19.130434782608695,38.26086956521739,0,0,24.347826086956523,16.52173913043478,7.82608695652174,18.26086956521739,16.52173913043478,1.7391304347826086,0
E00008321,92,50,24,26,0,0,15,8,7,27,26,1,0,54.347826086956516,26.08695652173913,28.26086956521739,0,0,16.304347826086957,8.695652173913043,7.608695652173914,29.347826086956523,28.26086956521739,1.0869565217391304,0
E00008322,149,17,10,7,0,0,123,118,5,8,8,0,1,11.409395973154362,6.7114093959731544,4.697986577181208,0,0,82.5503355704698,79.19463087248322,3.3557046979865772,5.369127516778524,5.369127516778524,0,0.6711409395973155
E00008323,136,47,24,23,1,1,69,17,52,19,16,3,0,34.55882352941176,17.647058823529413,16.911764705882355,0.7352941176470588,0.7352941176470588,50.73529411764706,12.5,38.23529411764706,13.970588235294118,11.76470588235294,2.2058823529411766,0
E00008324,95,24,7,17,0,0,64,57,7,7,7,0,0,25.263157894736842,7.368421052631578,17.894736842105264,0,0,67.36842105263158,60,7.368421052631578,7.368421052631578,7.368421052631578,0,0
E00008325,122,85,37,48,0,0,7,4,3,30,26,4,0,69.67213114754098,30.327868852459016,39.34426229508197,0,0,5.737704918032787,3.278688524590164,2.459016393442623,24.59016393442623,21.311475409836063,3.278688524590164,0
E00008326,131,98,44,54,0,0,9,6,3,24,21,3,0,74.80916030534351,33.587786259541986,41.221374045801525,0,0,6.870229007633588,4.580152671755725,2.2900763358778624,18.3206106870229,16.030534351145036,2.2900763358778624,0
E00008327,124,88,37,51,1,1,10,7,3,25,18,7,0,70.96774193548387,29.838709677419356,41.12903225806452,0.8064516129032258,0.8064516129032258,8.064516129032258,5.64516129032258,2.4193548387096775,20.161290322580644,14.516129032258066,5.64516129032258,0
E00008328,117,48,15,33,0,0,37,28,9,32,27,5,0,41.02564102564102,12.82051282051282,28.205128205128204,0,0,31.62393162393162,23.931623931623932,7.6923076923076925,27.350427350427353,23.076923076923077,4.273504273504273,0
E00008329,161,76,25,51,0,0,31,18,13,54,49,5,0,47.20496894409938,15.527950310559005,31.67701863354037,0,0,19.25465838509317,11.180124223602485,8.074534161490684,33.54037267080746,30.434782608695656,3.1055900621118013,0
E00008330,108,12,6,6,0,0,79,73,6,17,17,0,0,11.11111111111111,5.555555555555555,5.555555555555555,0,0,73.14814814814815,67.5925925925926,5.555555555555555,15.74074074074074,15.74074074074074,0,0
E00008331,125,33,13,20,0,0,45,35,10,47,45,2,0,26.400000000000002,10.4,16,0,0,36,28.000000000000004,8,37.6,36,1.6,0
E00008332,153,54,22,32,0,0,21,15,6,78,73,5,0,35.294117647058826,14.37908496732026,20.915032679738562,0,0,13.725490196078432,9.803921568627452,3.9215686274509802,50.98039215686274,47.712418300653596,3.2679738562091507,0
E00008333,149,49,24,25,0,0,21,17,4,78,70,8,1,32.88590604026846,16.10738255033557,16.778523489932887,0,0,14.093959731543624,11.409395973154362,2.684563758389262,52.348993288590606,46.97986577181208,5.369127516778524,0.6711409395973155
E00008334,120,60,28,32,0,0,30,18,12,30,29,1,0,50,23.333333333333332,26.666666666666668,0,0,25,15,10,25,24.166666666666668,0.8333333333333334,0
E00008335,161,52,25,27,0,0,16,7,9,89,86,3,4,32.298136645962735,15.527950310559005,16.77018633540373,0,0,9.937888198757763,4.3478260869565215,5.590062111801243,55.27950310559007,53.41614906832298,1.8633540372670807,2.484472049689441
E00008336,96,44,18,26,0,0,10,7,3,42,37,5,0,45.83333333333333,18.75,27.083333333333332,0,0,10.416666666666668,7.291666666666667,3.125,43.75,38.54166666666667,5.208333333333334,0
E00008337,126,68,32,36,1,1,8,5,3,49,47,2,0,53.96825396825397,25.396825396825395,28.57142857142857,0.7936507936507936,0.7936507936507936,6.349206349206349,3.968253968253968,2.380952380952381,38.88888888888889,37.301587301587304,1.5873015873015872,0
E00008338,132,78,35,43,4,4,12,8,4,38,37,1,0,59.09090909090909,26.515151515151516,32.57575757575758,3.0303030303030303,3.0303030303030303,9.090909090909092,6.0606060606060606,3.0303030303030303,28.78787878787879,28.030303030303028,0.7575757575757576,0
E00008339,129,41,20,21,0,0,29,14,15,59,54,5,0,31.782945736434108,15.503875968992247,16.27906976744186,0,0,22.48062015503876,10.852713178294573,11.627906976744185,45.73643410852713,41.86046511627907,3.875968992248062,0
E00008340,109,26,9,17,0,0,31,8,23,51,41,10,1,23.853211009174313,8.256880733944955,15.59633027522936,0,0,28.440366972477065,7.339449541284404,21.100917431192663,46.788990825688074,37.61467889908257,9.174311926605505,0.9174311926605505
E00008341,170,49,18,31,0,0,42,17,25,78,75,3,1,28.823529411764703,10.588235294117647,18.235294117647058,0,0,24.705882352941178,10,14.705882352941178,45.88235294117647,44.11764705882353,1.7647058823529411,0.5882352941176471
E00008342,171,59,21,38,0,0,32,12,20,73,65,8,7,34.50292397660819,12.280701754385964,22.22222222222222,0,0,18.71345029239766,7.017543859649122,11.695906432748536,42.69005847953216,38.01169590643275,4.678362573099415,4.093567251461988
E00008343,148,52,29,23,2,2,6,2,4,87,79,8,1,35.13513513513514,19.594594594594593,15.54054054054054,1.3513513513513513,1.3513513513513513,4.054054054054054,1.3513513513513513,2.7027027027027026,58.78378378378378,53.37837837837838,5.405405405405405,0.6756756756756757
E00008344,98,15,7,8,0,0,66,57,9,13,11,2,4,15.306122448979592,7.142857142857142,8.16326530612245,0,0,67.3469387755102,58.16326530612245,9.183673469387756,13.26530612244898,11.224489795918368,2.0408163265306123,4.081632653061225
E00008345,124,61,23,38,0,0,18,6,12,45,38,7,0,49.193548387096776,18.548387096774192,30.64516129032258,0,0,14.516129032258066,4.838709677419355,9.67741935483871,36.29032258064516,30.64516129032258,5.64516129032258,0
E00008346,140,43,17,26,0,0,54,25,29,43,43,0,0,30.714285714285715,12.142857142857142,18.571428571428573,0,0,38.57142857142858,17.857142857142858,20.714285714285715,30.714285714285715,30.714285714285715,0,0
E00008347,146,68,36,32,2,2,25,4,21,51,49,2,0,46.57534246575342,24.65753424657534,21.91780821917808,1.36986301369863,1.36986301369863,17.123287671232877,2.73972602739726,14.383561643835616,34.93150684931507,33.56164383561644,1.36986301369863,0
E00008348,188,38,12,26,6,6,81,39,42,63,61,2,0,20.212765957446805,6.382978723404255,13.829787234042554,3.1914893617021276,3.1914893617021276,43.08510638297872,20.74468085106383,22.340425531914892,33.51063829787234,32.4468085106383,1.0638297872340425,0
E00008350,97,17,8,9,0,0,67,61,6,13,13,0,0,17.525773195876287,8.24742268041237,9.278350515463918,0,0,69.0721649484536,62.88659793814433,6.185567010309279,13.402061855670103,13.402061855670103,0,0
E00008352,122,51,15,36,0,0,24,5,19,47,46,1,0,41.80327868852459,12.295081967213115,29.508196721311474,0,0,19.672131147540984,4.098360655737705,15.573770491803279,38.52459016393443,37.704918032786885,0.819672131147541,0
E00008353,130,45,14,31,0,0,31,17,14,54,49,5,0,34.61538461538461,10.76923076923077,23.846153846153847,0,0,23.846153846153847,13.076923076923078,10.76923076923077,41.53846153846154,37.69230769230769,3.8461538461538463,0
E00008354,128,70,23,47,1,1,15,5,10,42,37,5,0,54.6875,17.96875,36.71875,0.78125,0.78125,11.71875,3.90625,7.8125,32.8125,28.90625,3.90625,0
E00008355,127,5,2,3,0,0,111,109,2,10,9,1,1,3.937007874015748,1.574803149606299,2.3622047244094486,0,0,87.4015748031496,85.8267716535433,1.574803149606299,7.874015748031496,7.086614173228346,0.7874015748031495,0.7874015748031495
E00008356,197,58,31,27,4,4,93,31,62,41,27,14,1,29.441624365482234,15.736040609137056,13.705583756345177,2.030456852791878,2.030456852791878,47.20812182741117,15.736040609137056,31.472081218274113,20.812182741116754,13.705583756345177,7.1065989847715745,0.5076142131979695
E00008357,170,95,44,51,7,7,14,3,11,54,35,19,0,55.88235294117647,25.882352941176475,30,4.117647058823529,4.117647058823529,8.235294117647058,1.7647058823529411,6.470588235294119,31.76470588235294,20.588235294117645,11.176470588235295,0
E00008359,99,45,25,20,1,1,29,22,7,24,24,0,0,45.45454545454545,25.252525252525253,20.2020202020202,1.0101010101010102,1.0101010101010102,29.292929292929294,22.22222222222222,7.07070707070707,24.242424242424242,24.242424242424242,0,0
E00008360,97,81,38,43,2,2,7,4,3,7,7,0,0,83.50515463917526,39.175257731958766,44.329896907216494,2.0618556701030926,2.0618556701030926,7.216494845360824,4.123711340206185,3.0927835051546393,7.216494845360824,7.216494845360824,0,0
E00008361,110,58,19,39,0,0,31,29,2,21,20,1,0,52.72727272727272,17.272727272727273,35.45454545454545,0,0,28.18181818181818,26.36363636363636,1.8181818181818181,19.090909090909093,18.181818181818183,0.9090909090909091,0
E00008362,135,62,18,44,1,1,28,21,7,44,43,1,0,45.925925925925924,13.333333333333334,32.592592592592595,0.7407407407407408,0.7407407407407408,20.74074074074074,15.555555555555555,5.185185185185185,32.592592592592595,31.851851851851855,0.7407407407407408,0
E00008363,120,90,43,47,1,1,9,8,1,20,19,1,0,75,35.833333333333336,39.166666666666664,0.8333333333333334,0.8333333333333334,7.5,6.666666666666667,0.8333333333333334,16.666666666666664,15.833333333333332,0.8333333333333334,0
E00008364,120,20,10,10,1,1,89,6,83,10,8,2,0,16.666666666666664,8.333333333333332,8.333333333333332,0.8333333333333334,0.8333333333333334,74.16666666666667,5,69.16666666666667,8.333333333333332,6.666666666666667,1.6666666666666667,0
E00008365,117,97,63,34,0,0,4,3,1,16,14,2,0,82.90598290598291,53.84615384615385,29.059829059829063,0,0,3.418803418803419,2.564102564102564,0.8547008547008548,13.675213675213676,11.965811965811966,1.7094017094017095,0
E00008366,116,95,54,41,2,2,8,5,3,11,8,3,0,81.89655172413794,46.55172413793103,35.3448275862069,1.7241379310344827,1.7241379310344827,6.896551724137931,4.310344827586207,2.586206896551724,9.482758620689655,6.896551724137931,2.586206896551724,0
E00008367,113,72,39,33,0,0,21,11,10,20,18,2,0,63.716814159292035,34.51327433628318,29.20353982300885,0,0,18.58407079646018,9.734513274336283,8.849557522123893,17.699115044247787,15.929203539823009,1.7699115044247788,0
E00008368,110,72,32,40,0,0,18,8,10,20,14,6,0,65.45454545454545,29.09090909090909,36.36363636363637,0,0,16.363636363636363,7.2727272727272725,9.090909090909092,18.181818181818183,12.727272727272727,5.454545454545454,0
E00008369,106,55,24,31,0,0,28,15,13,22,20,2,1,51.886792452830186,22.641509433962266,29.245283018867923,0,0,26.41509433962264,14.150943396226415,12.264150943396226,20.754716981132077,18.867924528301888,1.8867924528301887,0.9433962264150944
E00008370,143,71,35,36,2,2,30,7,23,38,29,9,2,49.65034965034965,24.475524475524477,25.174825174825177,1.3986013986013985,1.3986013986013985,20.97902097902098,4.895104895104895,16.083916083916083,26.573426573426573,20.27972027972028,6.293706293706294,1.3986013986013985
E00008371,100,56,34,22,0,0,32,24,8,12,11,1,0,56.00000000000001,34,22,0,0,32,24,8,12,11,1,0
E00008372,121,50,26,24,0,0,43,30,13,28,27,1,0,41.32231404958678,21.487603305785125,19.834710743801654,0,0,35.53719008264463,24.793388429752067,10.743801652892563,23.140495867768596,22.31404958677686,0.8264462809917356,0
E00008373,145,28,10,18,2,2,69,54,15,44,43,1,2,19.310344827586206,6.896551724137931,12.413793103448276,1.3793103448275863,1.3793103448275863,47.58620689655172,37.24137931034483,10.344827586206897,30.344827586206897,29.655172413793103,0.6896551724137931,1.3793103448275863
E00008374,145,110,66,44,1,1,8,6,2,26,23,3,0,75.86206896551724,45.51724137931035,30.344827586206897,0.6896551724137931,0.6896551724137931,5.517241379310345,4.137931034482759,1.3793103448275863,17.93103448275862,15.862068965517242,2.0689655172413794,0
E00008375,141,84,35,49,2,2,29,4,25,26,26,0,0,59.57446808510638,24.822695035460992,34.751773049645394,1.4184397163120568,1.4184397163120568,20.56737588652482,2.8368794326241136,17.73049645390071,18.439716312056735,18.439716312056735,0,0
E00008376,162,87,37,50,0,0,18,6,12,55,54,1,2,53.70370370370371,22.839506172839506,30.864197530864196,0,0,11.11111111111111,3.7037037037037033,7.4074074074074066,33.95061728395062,33.33333333333333,0.6172839506172839,1.2345679012345678
E00008377,111,54,24,30,0,0,23,20,3,34,33,1,0,48.64864864864865,21.62162162162162,27.027027027027028,0,0,20.72072072072072,18.01801801801802,2.7027027027027026,30.630630630630627,29.72972972972973,0.9009009009009009,0
E00008378,134,85,35,50,0,0,12,6,6,37,36,1,0,63.43283582089553,26.119402985074625,37.3134328358209,0,0,8.955223880597014,4.477611940298507,4.477611940298507,27.611940298507463,26.865671641791046,0.7462686567164178,0
E00008379,104,54,20,34,0,0,22,6,16,27,27,0,1,51.92307692307693,19.230769230769234,32.69230769230769,0,0,21.153846153846153,5.769230769230769,15.384615384615385,25.961538461538463,25.961538461538463,0,0.9615384615384616
E00008380,125,82,34,48,0,0,15,6,9,28,26,2,0,65.60000000000001,27.200000000000003,38.4,0,0,12,4.8,7.199999999999999,22.400000000000002,20.8,1.6,0
E00008381,129,75,31,44,4,4,16,13,3,34,31,3,0,58.139534883720934,24.031007751937985,34.10852713178294,3.10077519379845,3.10077519379845,12.4031007751938,10.077519379844961,2.3255813953488373,26.356589147286826,24.031007751937985,2.3255813953488373,0
E00008382,141,59,22,37,0,0,31,11,20,51,46,5,0,41.843971631205676,15.602836879432624,26.24113475177305,0,0,21.98581560283688,7.801418439716312,14.184397163120568,36.17021276595745,32.62411347517731,3.546099290780142,0
E00008383,134,95,48,47,0,0,11,6,5,28,27,1,0,70.8955223880597,35.82089552238806,35.07462686567165,0,0,8.208955223880597,4.477611940298507,3.731343283582089,20.8955223880597,20.149253731343283,0.7462686567164178,0
E00008384,117,93,48,45,0,0,3,3,0,20,19,1,1,79.48717948717949,41.02564102564102,38.46153846153847,0,0,2.564102564102564,2.564102564102564,0,17.094017094017094,16.23931623931624,0.8547008547008548,0.8547008547008548
E00008385,141,74,46,28,4,4,45,19,26,18,14,4,0,52.4822695035461,32.62411347517731,19.858156028368796,2.8368794326241136,2.8368794326241136,31.914893617021278,13.47517730496454,18.439716312056735,12.76595744680851,9.929078014184398,2.8368794326241136,0
E00008386,106,55,22,33,0,0,33,31,2,18,17,1,0,51.886792452830186,20.754716981132077,31.132075471698112,0,0,31.132075471698112,29.245283018867923,1.8867924528301887,16.9811320754717,16.037735849056602,0.9433962264150944,0
E00008387,114,42,17,25,1,1,28,28,0,42,40,2,1,36.84210526315789,14.912280701754385,21.929824561403507,0.8771929824561403,0.8771929824561403,24.561403508771928,24.561403508771928,0,36.84210526315789,35.08771929824561,1.7543859649122806,0.8771929824561403
E00008388,116,102,38,64,0,0,4,4,0,10,7,3,0,87.93103448275862,32.758620689655174,55.172413793103445,0,0,3.4482758620689653,3.4482758620689653,0,8.620689655172415,6.0344827586206895,2.586206896551724,0
E00008389,114,41,18,23,0,0,39,29,10,33,32,1,1,35.96491228070175,15.789473684210526,20.175438596491226,0,0,34.21052631578947,25.438596491228072,8.771929824561402,28.947368421052634,28.07017543859649,0.8771929824561403,0.8771929824561403
E00008390,139,81,36,45,1,1,33,30,3,23,20,3,1,58.27338129496403,25.899280575539567,32.37410071942446,0.7194244604316548,0.7194244604316548,23.741007194244602,21.58273381294964,2.158273381294964,16.546762589928058,14.388489208633093,2.158273381294964,0.7194244604316548
E00008391,109,67,24,43,0,0,29,28,1,12,9,3,1,61.46788990825688,22.018348623853214,39.44954128440367,0,0,26.605504587155966,25.688073394495415,0.9174311926605505,11.009174311926607,8.256880733944955,2.7522935779816518,0.9174311926605505
E00008392,131,92,44,48,0,0,10,6,4,29,27,2,0,70.22900763358778,33.587786259541986,36.6412213740458,0,0,7.633587786259542,4.580152671755725,3.0534351145038165,22.137404580152673,20.610687022900763,1.5267175572519083,0
E00008393,130,99,47,52,1,1,6,4,2,24,23,1,0,76.15384615384615,36.15384615384615,40,0.7692307692307693,0.7692307692307693,4.615384615384616,3.076923076923077,1.5384615384615385,18.461538461538463,17.692307692307693,0.7692307692307693,0
E00008394,129,97,42,55,1,1,16,13,3,14,13,1,1,75.1937984496124,32.55813953488372,42.63565891472868,0.7751937984496124,0.7751937984496124,12.4031007751938,10.077519379844961,2.3255813953488373,10.852713178294573,10.077519379844961,0.7751937984496124,0.7751937984496124
E00008395,136,97,43,54,0,0,15,7,8,24,21,3,0,71.32352941176471,31.61764705882353,39.705882352941174,0,0,11.029411764705882,5.147058823529411,5.88235294117647,17.647058823529413,15.441176470588236,2.2058823529411766,0
E00008396,147,108,46,62,0,0,15,13,2,24,22,2,0,73.46938775510205,31.292517006802722,42.17687074829932,0,0,10.204081632653061,8.843537414965986,1.3605442176870748,16.3265306122449,14.965986394557824,1.3605442176870748,0
E00008397,134,107,70,37,0,0,5,2,3,22,22,0,0,79.8507462686567,52.23880597014925,27.611940298507463,0,0,3.731343283582089,1.4925373134328357,2.2388059701492535,16.417910447761194,16.417910447761194,0,0
E00008398,114,46,23,23,0,0,61,31,30,7,6,1,0,40.35087719298245,20.175438596491226,20.175438596491226,0,0,53.50877192982456,27.192982456140353,26.31578947368421,6.140350877192982,5.263157894736842,0.8771929824561403,0
E00008399,177,117,57,60,10,10,18,2,16,31,28,3,1,66.10169491525424,32.20338983050847,33.89830508474576,5.649717514124294,5.649717514124294,10.16949152542373,1.1299435028248588,9.03954802259887,17.51412429378531,15.819209039548024,1.694915254237288,0.5649717514124294
E00008400,155,72,29,43,0,0,62,3,59,21,20,1,0,46.45161290322581,18.70967741935484,27.741935483870968,0,0,40,1.935483870967742,38.064516129032256,13.548387096774196,12.903225806451612,0.6451612903225806,0
E00008401,138,98,48,50,0,0,7,7,0,33,29,4,0,71.01449275362319,34.78260869565217,36.231884057971016,0,0,5.072463768115942,5.072463768115942,0,23.91304347826087,21.014492753623188,2.898550724637681,0
E00008402,105,49,21,28,0,0,32,7,25,24,18,6,0,46.666666666666664,20,26.666666666666668,0,0,30.476190476190478,6.666666666666667,23.809523809523807,22.857142857142858,17.142857142857142,5.714285714285714,0
E00008403,132,33,14,19,0,0,64,53,11,34,32,2,1,25,10.606060606060606,14.393939393939394,0,0,48.484848484848484,40.15151515151515,8.333333333333332,25.757575757575758,24.242424242424242,1.5151515151515151,0.7575757575757576
E00008404,111,35,7,28,14,14,39,9,30,22,20,2,1,31.53153153153153,6.306306306306306,25.225225225225223,12.612612612612612,12.612612612612612,35.13513513513514,8.108108108108109,27.027027027027028,19.81981981981982,18.01801801801802,1.8018018018018018,0.9009009009009009
E00008406,130,44,19,25,1,1,53,5,48,29,26,3,3,33.84615384615385,14.615384615384617,19.230769230769234,0.7692307692307693,0.7692307692307693,40.76923076923077,3.8461538461538463,36.92307692307693,22.30769230769231,20,2.307692307692308,2.307692307692308
E00008407,128,24,6,18,0,0,92,10,82,12,10,2,0,18.75,4.6875,14.0625,0,0,71.875,7.8125,64.0625,9.375,7.8125,1.5625,0
E00008408,118,30,14,16,0,0,62,14,48,25,22,3,1,25.423728813559322,11.864406779661017,13.559322033898304,0,0,52.54237288135594,11.864406779661017,40.67796610169492,21.1864406779661,18.64406779661017,2.5423728813559325,0.847457627118644
E00008409,142,22,6,16,1,1,111,9,102,8,4,4,0,15.492957746478872,4.225352112676056,11.267605633802818,0.7042253521126761,0.7042253521126761,78.16901408450704,6.338028169014084,71.83098591549296,5.633802816901409,2.8169014084507045,2.8169014084507045,0
E00008411,120,11,4,7,1,1,100,15,85,8,8,0,0,9.166666666666666,3.3333333333333335,5.833333333333333,0.8333333333333334,0.8333333333333334,83.33333333333334,12.5,70.83333333333334,6.666666666666667,6.666666666666667,0,0
E00008412,125,14,9,5,0,0,102,13,89,9,9,0,0,11.200000000000001,7.199999999999999,4,0,0,81.6,10.4,71.2,7.199999999999999,7.199999999999999,0,0
E00008413,118,53,11,42,0,0,30,6,24,34,31,3,1,44.91525423728814,9.322033898305085,35.59322033898305,0,0,25.423728813559322,5.084745762711865,20.33898305084746,28.8135593220339,26.27118644067797,2.5423728813559325,0.847457627118644
E00008414,128,71,28,43,0,0,11,7,4,46,44,2,0,55.46875,21.875,33.59375,0,0,8.59375,5.46875,3.125,35.9375,34.375,1.5625,0
E00008415,111,4,0,4,1,1,99,13,86,7,7,0,0,3.6036036036036037,0,3.6036036036036037,0.9009009009009009,0.9009009009009009,89.1891891891892,11.711711711711711,77.47747747747748,6.306306306306306,6.306306306306306,0,0
E00008416,149,44,11,33,1,1,82,9,73,22,20,2,0,29.53020134228188,7.38255033557047,22.14765100671141,0.6711409395973155,0.6711409395973155,55.033557046979865,6.0402684563758395,48.99328859060403,14.76510067114094,13.422818791946309,1.342281879194631,0
E00008417,145,59,27,32,1,1,67,11,56,18,17,1,0,40.689655172413794,18.620689655172416,22.06896551724138,0.6896551724137931,0.6896551724137931,46.206896551724135,7.586206896551724,38.62068965517241,12.413793103448276,11.724137931034482,0.6896551724137931,0
E00008418,107,48,8,40,2,2,14,1,13,41,34,7,2,44.85981308411215,7.476635514018691,37.38317757009346,1.8691588785046727,1.8691588785046727,13.084112149532709,0.9345794392523363,12.149532710280374,38.31775700934579,31.775700934579437,6.5420560747663545,1.8691588785046727
E00008419,121,54,17,37,0,0,21,6,15,43,42,1,3,44.62809917355372,14.049586776859504,30.57851239669421,0,0,17.355371900826448,4.958677685950414,12.396694214876034,35.53719008264463,34.710743801652896,0.8264462809917356,2.479338842975207
E00008421,120,54,13,41,0,0,21,7,14,43,41,2,2,45,10.833333333333334,34.166666666666664,0,0,17.5,5.833333333333333,11.666666666666666,35.833333333333336,34.166666666666664,1.6666666666666667,1.6666666666666667
E00008423,105,62,16,46,0,0,4,2,2,39,38,1,0,59.04761904761905,15.238095238095239,43.80952380952381,0,0,3.8095238095238098,1.9047619047619049,1.9047619047619049,37.142857142857146,36.19047619047619,0.9523809523809524,0
E00008425,129,41,16,25,0,0,55,9,46,32,30,2,1,31.782945736434108,12.4031007751938,19.379844961240313,0,0,42.63565891472868,6.976744186046512,35.65891472868217,24.8062015503876,23.25581395348837,1.550387596899225,0.7751937984496124
E00008426,134,67,28,39,6,6,10,3,7,51,49,2,0,50,20.8955223880597,29.1044776119403,4.477611940298507,4.477611940298507,7.462686567164178,2.2388059701492535,5.223880597014925,38.059701492537314,36.56716417910448,1.4925373134328357,0
E00008427,125,16,5,11,0,0,92,14,78,17,14,3,0,12.8,4,8.799999999999999,0,0,73.6,11.200000000000001,62.4,13.600000000000001,11.200000000000001,2.4,0
E00008428,198,54,13,41,25,25,53,11,42,65,62,3,1,27.27272727272727,6.565656565656567,20.707070707070706,12.626262626262626,12.626262626262626,26.767676767676768,5.555555555555555,21.21212121212121,32.82828282828283,31.313131313131315,1.5151515151515151,0.5050505050505051
E00008430,76,4,3,1,0,0,64,12,52,8,8,0,0,5.263157894736842,3.9473684210526314,1.3157894736842104,0,0,84.21052631578947,15.789473684210526,68.42105263157895,10.526315789473683,10.526315789473683,0,0
E00008431,135,67,21,46,0,0,15,6,9,53,51,2,0,49.629629629629626,15.555555555555555,34.074074074074076,0,0,11.11111111111111,4.444444444444445,6.666666666666667,39.25925925925926,37.77777777777778,1.4814814814814816,0
E00008432,103,40,14,26,1,1,20,7,13,40,40,0,2,38.83495145631068,13.592233009708737,25.24271844660194,0.9708737864077669,0.9708737864077669,19.41747572815534,6.796116504854369,12.62135922330097,38.83495145631068,38.83495145631068,0,1.9417475728155338
E00008433,108,42,18,24,4,4,48,9,39,13,9,4,1,38.88888888888889,16.666666666666664,22.22222222222222,3.7037037037037033,3.7037037037037033,44.44444444444444,8.333333333333332,36.11111111111111,12.037037037037036,8.333333333333332,3.7037037037037033,0.9259259259259258
E00008434,137,10,5,5,0,0,120,10,110,7,6,1,0,7.2992700729927,3.64963503649635,3.64963503649635,0,0,87.59124087591242,7.2992700729927,80.2919708029197,5.109489051094891,4.37956204379562,0.7299270072992701,0
E00008435,162,44,13,31,0,0,75,21,54,43,41,2,0,27.160493827160494,8.024691358024691,19.1358024691358,0,0,46.2962962962963,12.962962962962962,33.33333333333333,26.543209876543212,25.308641975308642,1.2345679012345678,0
E00008436,89,20,7,13,1,1,61,9,52,7,7,0,0,22.47191011235955,7.865168539325842,14.606741573033707,1.1235955056179776,1.1235955056179776,68.53932584269663,10.112359550561797,58.42696629213483,7.865168539325842,7.865168539325842,0,0
E00008437,92,1,1,0,1,1,83,14,69,7,5,2,0,1.0869565217391304,1.0869565217391304,0,1.0869565217391304,1.0869565217391304,90.21739130434783,15.217391304347828,75,7.608695652173914,5.434782608695652,2.1739130434782608,0
E00008438,107,2,2,0,1,1,99,17,82,5,4,1,0,1.8691588785046727,1.8691588785046727,0,0.9345794392523363,0.9345794392523363,92.5233644859813,15.887850467289718,76.63551401869158,4.672897196261682,3.7383177570093453,0.9345794392523363,0
E00008439,199,24,10,14,2,2,157,5,152,14,12,2,2,12.060301507537687,5.025125628140704,7.035175879396985,1.0050251256281406,1.0050251256281406,78.89447236180904,2.512562814070352,76.38190954773869,7.035175879396985,6.030150753768844,1.0050251256281406,1.0050251256281406
E00008440,240,44,22,22,31,31,143,12,131,21,21,0,1,18.333333333333332,9.166666666666666,9.166666666666666,12.916666666666668,12.916666666666668,59.583333333333336,5,54.58333333333333,8.75,8.75,0,0.4166666666666667
E00008441,118,20,6,14,1,1,80,15,65,17,17,0,0,16.94915254237288,5.084745762711865,11.864406779661017,0.847457627118644,0.847457627118644,67.79661016949152,12.711864406779661,55.08474576271186,14.40677966101695,14.40677966101695,0,0
E00008442,101,35,11,24,0,0,41,2,39,25,21,4,0,34.65346534653465,10.891089108910892,23.762376237623762,0,0,40.5940594059406,1.9801980198019802,38.613861386138616,24.752475247524753,20.792079207920793,3.9603960396039604,0
E00008443,119,39,14,25,0,0,50,10,40,30,26,4,0,32.773109243697476,11.76470588235294,21.008403361344538,0,0,42.016806722689076,8.403361344537815,33.61344537815126,25.210084033613445,21.84873949579832,3.361344537815126,0
E00008444,202,57,15,42,1,1,74,52,22,69,65,4,1,28.217821782178216,7.425742574257425,20.792079207920793,0.49504950495049505,0.49504950495049505,36.633663366336634,25.742574257425744,10.891089108910892,34.15841584158416,32.17821782178218,1.9801980198019802,0.49504950495049505
E00008445,117,54,25,29,0,0,36,6,30,26,25,1,1,46.15384615384615,21.367521367521366,24.786324786324787,0,0,30.76923076923077,5.128205128205128,25.64102564102564,22.22222222222222,21.367521367521366,0.8547008547008548,0.8547008547008548
E00008446,165,61,22,39,0,0,51,38,13,51,48,3,2,36.96969696969697,13.333333333333334,23.636363636363637,0,0,30.909090909090907,23.03030303030303,7.878787878787878,30.909090909090907,29.09090909090909,1.8181818181818181,1.2121212121212122
E00008448,145,60,31,29,0,0,19,9,10,66,65,1,0,41.37931034482759,21.379310344827587,20,0,0,13.10344827586207,6.206896551724138,6.896551724137931,45.51724137931035,44.827586206896555,0.6896551724137931,0
E00008451,116,15,10,5,0,0,85,72,13,16,16,0,0,12.931034482758621,8.620689655172415,4.310344827586207,0,0,73.27586206896551,62.06896551724138,11.206896551724139,13.793103448275861,13.793103448275861,0,0
E00008452,82,27,12,15,0,0,46,41,5,9,8,1,0,32.926829268292686,14.634146341463413,18.29268292682927,0,0,56.09756097560976,50,6.097560975609756,10.975609756097562,9.75609756097561,1.2195121951219512,0
E00008453,135,12,7,5,0,0,106,104,2,17,15,2,0,8.88888888888889,5.185185185185185,3.7037037037037033,0,0,78.51851851851852,77.03703703703704,1.4814814814814816,12.592592592592592,11.11111111111111,1.4814814814814816,0
E00008454,151,56,37,19,0,0,22,13,9,73,67,6,0,37.086092715231786,24.503311258278146,12.582781456953644,0,0,14.56953642384106,8.609271523178808,5.960264900662252,48.34437086092716,44.370860927152314,3.9735099337748347,0
E00008456,95,18,11,7,1,1,64,61,3,12,12,0,0,18.947368421052634,11.578947368421053,7.368421052631578,1.0526315789473684,1.0526315789473684,67.36842105263158,64.21052631578948,3.1578947368421053,12.631578947368421,12.631578947368421,0,0
E00008457,133,57,15,42,0,0,37,29,8,39,34,5,0,42.857142857142854,11.278195488721805,31.57894736842105,0,0,27.819548872180448,21.804511278195488,6.015037593984962,29.32330827067669,25.563909774436087,3.7593984962406015,0
E00008458,119,14,1,13,1,1,54,7,47,50,37,13,0,11.76470588235294,0.8403361344537815,10.92436974789916,0.8403361344537815,0.8403361344537815,45.378151260504204,5.88235294117647,39.49579831932773,42.016806722689076,31.092436974789916,10.92436974789916,0
E00008459,97,23,4,19,0,0,9,4,5,65,34,31,0,23.711340206185564,4.123711340206185,19.587628865979383,0,0,9.278350515463918,4.123711340206185,5.154639175257731,67.0103092783505,35.051546391752574,31.958762886597935,0
E00008460,120,29,11,18,1,1,38,28,10,52,49,3,0,24.166666666666668,9.166666666666666,15,0.8333333333333334,0.8333333333333334,31.666666666666664,23.333333333333332,8.333333333333332,43.333333333333336,40.833333333333336,2.5,0
E00008461,196,86,0,86,3,3,83,48,35,24,23,1,0,43.87755102040816,0,43.87755102040816,1.530612244897959,1.530612244897959,42.3469387755102,24.489795918367346,17.857142857142858,12.244897959183673,11.73469387755102,0.5102040816326531,0
E00008463,218,69,2,67,33,33,108,19,89,8,8,0,0,31.65137614678899,0.9174311926605505,30.73394495412844,15.137614678899084,15.137614678899084,49.54128440366973,8.715596330275229,40.825688073394495,3.669724770642202,3.669724770642202,0,0
E00008464,165,50,26,24,0,0,38,14,24,77,70,7,0,30.303030303030305,15.757575757575756,14.545454545454545,0,0,23.03030303030303,8.484848484848486,14.545454545454545,46.666666666666664,42.42424242424242,4.242424242424243,0
E00008465,170,44,18,26,0,0,25,15,10,101,100,1,0,25.882352941176475,10.588235294117647,15.294117647058824,0,0,14.705882352941178,8.823529411764707,5.88235294117647,59.411764705882355,58.82352941176471,0.5882352941176471,0
E00008466,223,19,5,14,18,18,162,74,88,24,22,2,0,8.520179372197308,2.242152466367713,6.278026905829597,8.071748878923767,8.071748878923767,72.6457399103139,33.18385650224215,39.46188340807175,10.762331838565023,9.865470852017937,0.8968609865470852,0
E00008467,143,29,6,23,5,5,93,84,9,15,15,0,1,20.27972027972028,4.195804195804196,16.083916083916083,3.4965034965034967,3.4965034965034967,65.03496503496503,58.74125874125874,6.293706293706294,10.48951048951049,10.48951048951049,0,0.6993006993006993
E00008468,113,20,12,8,0,0,54,25,29,39,33,6,0,17.699115044247787,10.619469026548673,7.079646017699115,0,0,47.78761061946903,22.123893805309734,25.663716814159294,34.51327433628318,29.20353982300885,5.3097345132743365,0
E00008469,128,56,26,30,0,0,36,7,29,36,30,6,0,43.75,20.3125,23.4375,0,0,28.125,5.46875,22.65625,28.125,23.4375,4.6875,0
E00008470,112,16,9,7,1,1,85,82,3,10,9,1,0,14.285714285714285,8.035714285714286,6.25,0.8928571428571428,0.8928571428571428,75.89285714285714,73.21428571428571,2.6785714285714284,8.928571428571429,8.035714285714286,0.8928571428571428,0
E00008471,84,10,5,5,0,0,32,21,11,42,39,3,0,11.904761904761903,5.952380952380952,5.952380952380952,0,0,38.095238095238095,25,13.095238095238097,50,46.42857142857143,3.571428571428571,0
E00008472,159,24,10,14,7,7,71,53,18,56,31,25,1,15.09433962264151,6.289308176100629,8.80503144654088,4.40251572327044,4.40251572327044,44.65408805031446,33.33333333333333,11.320754716981133,35.22012578616352,19.49685534591195,15.723270440251572,0.628930817610063
E00008473,161,24,4,20,0,0,118,109,9,19,19,0,0,14.906832298136646,2.484472049689441,12.422360248447205,0,0,73.29192546583852,67.70186335403726,5.590062111801243,11.801242236024844,11.801242236024844,0,0
E00008474,123,15,4,11,0,0,95,92,3,13,12,1,0,12.195121951219512,3.2520325203252036,8.94308943089431,0,0,77.23577235772358,74.79674796747967,2.4390243902439024,10.569105691056912,9.75609756097561,0.8130081300813009,0
E00008475,101,10,3,7,0,0,78,75,3,13,11,2,0,9.900990099009901,2.9702970297029703,6.9306930693069315,0,0,77.22772277227723,74.25742574257426,2.9702970297029703,12.871287128712872,10.891089108910892,1.9801980198019802,0
E00008476,148,16,0,16,1,1,110,110,0,20,18,2,1,10.81081081081081,0,10.81081081081081,0.6756756756756757,0.6756756756756757,74.32432432432432,74.32432432432432,0,13.513513513513514,12.162162162162163,1.3513513513513513,0.6756756756756757
E00008477,116,24,4,20,0,0,77,70,7,14,12,2,1,20.689655172413794,3.4482758620689653,17.24137931034483,0,0,66.37931034482759,60.3448275862069,6.0344827586206895,12.068965517241379,10.344827586206897,1.7241379310344827,0.8620689655172413
E00008478,134,89,44,45,0,0,19,4,15,26,23,3,0,66.4179104477612,32.83582089552239,33.582089552238806,0,0,14.17910447761194,2.9850746268656714,11.194029850746269,19.402985074626866,17.16417910447761,2.2388059701492535,0
E00008479,173,21,4,17,1,1,129,128,1,21,20,1,1,12.138728323699421,2.312138728323699,9.826589595375722,0.5780346820809248,0.5780346820809248,74.56647398843931,73.98843930635837,0.5780346820809248,12.138728323699421,11.560693641618498,0.5780346820809248,0.5780346820809248
E00008480,140,31,9,22,1,1,70,57,13,38,31,7,0,22.142857142857142,6.428571428571428,15.714285714285714,0.7142857142857143,0.7142857142857143,50,40.714285714285715,9.285714285714286,27.142857142857142,22.142857142857142,5,0
E00008481,104,14,4,10,1,1,79,71,8,10,6,4,0,13.461538461538462,3.8461538461538463,9.615384615384617,0.9615384615384616,0.9615384615384616,75.96153846153845,68.26923076923077,7.6923076923076925,9.615384615384617,5.769230769230769,3.8461538461538463,0
E00008482,117,19,7,12,1,1,67,59,8,30,27,3,0,16.23931623931624,5.982905982905983,10.256410256410255,0.8547008547008548,0.8547008547008548,57.26495726495726,50.427350427350426,6.837606837606838,25.64102564102564,23.076923076923077,2.564102564102564,0
E00008483,115,39,13,26,1,1,57,52,5,18,18,0,0,33.91304347826087,11.304347826086957,22.608695652173914,0.8695652173913043,0.8695652173913043,49.56521739130435,45.21739130434783,4.3478260869565215,15.65217391304348,15.65217391304348,0,0
E00008484,115,44,17,27,2,2,33,26,7,36,33,3,0,38.26086956521739,14.782608695652174,23.47826086956522,1.7391304347826086,1.7391304347826086,28.695652173913043,22.608695652173914,6.086956521739131,31.30434782608696,28.695652173913043,2.608695652173913,0
E00008485,165,25,9,16,0,0,101,100,1,39,36,3,0,15.151515151515152,5.454545454545454,9.696969696969697,0,0,61.212121212121204,60.60606060606061,0.6060606060606061,23.636363636363637,21.818181818181817,1.8181818181818181,0
E00008486,130,61,21,40,1,1,27,17,10,41,39,2,0,46.92307692307692,16.153846153846153,30.76923076923077,0.7692307692307693,0.7692307692307693,20.76923076923077,13.076923076923078,7.6923076923076925,31.538461538461537,30,1.5384615384615385,0
E00008487,106,24,8,16,0,0,70,68,2,12,12,0,0,22.641509433962266,7.547169811320755,15.09433962264151,0,0,66.0377358490566,64.15094339622641,1.8867924528301887,11.320754716981133,11.320754716981133,0,0
E00008488,99,13,3,10,0,0,72,71,1,14,13,1,0,13.131313131313133,3.0303030303030303,10.1010101010101,0,0,72.72727272727273,71.71717171717171,1.0101010101010102,14.14141414141414,13.131313131313133,1.0101010101010102,0
E00008489,181,49,9,40,0,0,74,63,11,57,55,2,1,27.071823204419886,4.972375690607735,22.099447513812155,0,0,40.88397790055249,34.806629834254146,6.077348066298343,31.491712707182316,30.386740331491712,1.1049723756906076,0.5524861878453038
E00008490,70,17,5,12,1,1,6,3,3,46,12,34,0,24.285714285714285,7.142857142857142,17.142857142857142,1.4285714285714286,1.4285714285714286,8.571428571428571,4.285714285714286,4.285714285714286,65.71428571428571,17.142857142857142,48.57142857142857,0
E00008491,105,15,9,6,0,0,84,8,76,5,3,2,1,14.285714285714285,8.571428571428571,5.714285714285714,0,0,80,7.6190476190476195,72.38095238095238,4.761904761904762,2.857142857142857,1.9047619047619049,0.9523809523809524
E00008492,114,20,4,16,0,0,81,76,5,12,11,1,1,17.543859649122805,3.508771929824561,14.035087719298245,0,0,71.05263157894737,66.66666666666666,4.385964912280701,10.526315789473683,9.649122807017543,0.8771929824561403,0.8771929824561403
E00008493,112,3,3,0,1,1,97,38,59,11,11,0,0,2.6785714285714284,2.6785714285714284,0,0.8928571428571428,0.8928571428571428,86.60714285714286,33.92857142857143,52.67857142857143,9.821428571428571,9.821428571428571,0,0
E00008494,126,37,10,27,0,0,77,70,7,12,10,2,0,29.365079365079367,7.936507936507936,21.428571428571427,0,0,61.111111111111114,55.55555555555556,5.555555555555555,9.523809523809524,7.936507936507936,1.5873015873015872,0
E00008495,122,75,20,55,0,0,12,4,8,35,33,2,0,61.47540983606557,16.39344262295082,45.08196721311475,0,0,9.836065573770492,3.278688524590164,6.557377049180328,28.688524590163933,27.049180327868854,1.639344262295082,0
E00008497,82,25,11,14,0,0,44,40,4,13,12,1,0,30.48780487804878,13.414634146341465,17.073170731707318,0,0,53.65853658536586,48.78048780487805,4.878048780487805,15.853658536585366,14.634146341463413,1.2195121951219512,0
E00008498,106,35,9,26,0,0,5,3,2,66,62,4,0,33.0188679245283,8.49056603773585,24.528301886792452,0,0,4.716981132075472,2.8301886792452833,1.8867924528301887,62.264150943396224,58.490566037735846,3.7735849056603774,0
E00008499,111,22,4,18,0,0,70,65,5,19,16,3,0,19.81981981981982,3.6036036036036037,16.216216216216218,0,0,63.06306306306306,58.55855855855856,4.504504504504505,17.117117117117118,14.414414414414415,2.7027027027027026,0
E00008500,120,34,13,21,1,1,4,1,3,81,78,3,0,28.333333333333332,10.833333333333334,17.5,0.8333333333333334,0.8333333333333334,3.3333333333333335,0.8333333333333334,2.5,67.5,65,2.5,0
E00008501,146,48,12,36,0,0,6,3,3,92,92,0,0,32.87671232876712,8.21917808219178,24.65753424657534,0,0,4.10958904109589,2.054794520547945,2.054794520547945,63.013698630136986,63.013698630136986,0,0
E00008502,112,19,5,14,0,0,71,54,17,22,22,0,0,16.964285714285715,4.464285714285714,12.5,0,0,63.39285714285714,48.214285714285715,15.178571428571427,19.642857142857142,19.642857142857142,0,0
E00008503,115,30,7,23,1,1,60,16,44,24,23,1,0,26.08695652173913,6.086956521739131,20,0.8695652173913043,0.8695652173913043,52.17391304347826,13.91304347826087,38.26086956521739,20.869565217391305,20,0.8695652173913043,0
E00008505,142,12,4,8,1,1,105,105,0,24,24,0,0,8.450704225352112,2.8169014084507045,5.633802816901409,0.7042253521126761,0.7042253521126761,73.94366197183099,73.94366197183099,0,16.901408450704224,16.901408450704224,0,0
E00008507,138,17,5,12,1,1,91,86,5,26,23,3,3,12.318840579710146,3.6231884057971016,8.695652173913043,0.7246376811594203,0.7246376811594203,65.94202898550725,62.31884057971014,3.6231884057971016,18.84057971014493,16.666666666666664,2.1739130434782608,2.1739130434782608
E00008508,134,25,4,21,0,0,86,82,4,22,20,2,1,18.65671641791045,2.9850746268656714,15.671641791044777,0,0,64.17910447761194,61.19402985074627,2.9850746268656714,16.417910447761194,14.925373134328357,1.4925373134328357,0.7462686567164178
E00008509,133,25,15,10,1,1,74,63,11,33,30,3,0,18.796992481203006,11.278195488721805,7.518796992481203,0.7518796992481203,0.7518796992481203,55.639097744360896,47.368421052631575,8.270676691729323,24.81203007518797,22.55639097744361,2.2556390977443606,0
E00008510,91,11,3,8,0,0,39,33,6,41,39,2,0,12.087912087912088,3.296703296703297,8.791208791208792,0,0,42.857142857142854,36.26373626373626,6.593406593406594,45.05494505494506,42.857142857142854,2.197802197802198,0
E00008513,146,16,8,8,0,0,111,97,14,18,18,0,1,10.95890410958904,5.47945205479452,5.47945205479452,0,0,76.02739726027397,66.43835616438356,9.58904109589041,12.32876712328767,12.32876712328767,0,0.684931506849315
E00008514,132,4,2,2,0,0,111,106,5,15,15,0,2,3.0303030303030303,1.5151515151515151,1.5151515151515151,0,0,84.0909090909091,80.3030303030303,3.787878787878788,11.363636363636363,11.363636363636363,0,1.5151515151515151
E00008516,123,23,8,15,1,1,76,75,1,22,18,4,1,18.69918699186992,6.504065040650407,12.195121951219512,0.8130081300813009,0.8130081300813009,61.78861788617886,60.97560975609756,0.8130081300813009,17.88617886178862,14.634146341463413,3.2520325203252036,0.8130081300813009
E00008517,102,14,4,10,0,0,77,74,3,11,11,0,0,13.725490196078432,3.9215686274509802,9.803921568627452,0,0,75.49019607843137,72.54901960784314,2.941176470588235,10.784313725490197,10.784313725490197,0,0
E00008518,132,34,14,20,0,0,67,47,20,28,26,2,3,25.757575757575758,10.606060606060606,15.151515151515152,0,0,50.75757575757576,35.60606060606061,15.151515151515152,21.21212121212121,19.696969696969695,1.5151515151515151,2.272727272727273
E00008519,118,33,8,25,0,0,73,31,42,12,11,1,0,27.966101694915253,6.779661016949152,21.1864406779661,0,0,61.86440677966102,26.27118644067797,35.59322033898305,10.16949152542373,9.322033898305085,0.847457627118644,0
E00008520,117,23,11,12,1,1,73,19,54,18,17,1,2,19.65811965811966,9.401709401709402,10.256410256410255,0.8547008547008548,0.8547008547008548,62.39316239316239,16.23931623931624,46.15384615384615,15.384615384615385,14.529914529914532,0.8547008547008548,1.7094017094017095
E00008521,47,10,5,5,3,3,11,8,3,23,21,2,0,21.27659574468085,10.638297872340425,10.638297872340425,6.382978723404255,6.382978723404255,23.404255319148938,17.02127659574468,6.382978723404255,48.93617021276596,44.680851063829785,4.25531914893617,0
E00008522,129,32,10,22,0,0,74,73,1,23,18,5,0,24.8062015503876,7.751937984496124,17.05426356589147,0,0,57.36434108527132,56.58914728682171,0.7751937984496124,17.829457364341085,13.953488372093023,3.875968992248062,0
E00008524,127,14,3,11,1,1,102,78,24,10,10,0,0,11.023622047244094,2.3622047244094486,8.661417322834646,0.7874015748031495,0.7874015748031495,80.31496062992126,61.417322834645674,18.89763779527559,7.874015748031496,7.874015748031496,0,0
E00008525,142,11,7,4,0,0,109,106,3,19,17,2,3,7.746478873239436,4.929577464788732,2.8169014084507045,0,0,76.76056338028168,74.64788732394366,2.112676056338028,13.380281690140844,11.971830985915492,1.4084507042253522,2.112676056338028
E00008527,128,25,5,20,0,0,70,66,4,33,23,10,0,19.53125,3.90625,15.625,0,0,54.6875,51.5625,3.125,25.78125,17.96875,7.8125,0
E00008528,144,41,19,22,0,0,85,76,9,17,17,0,1,28.47222222222222,13.194444444444445,15.277777777777779,0,0,59.02777777777778,52.77777777777778,6.25,11.805555555555555,11.805555555555555,0,0.6944444444444444
E00008529,106,42,15,27,0,0,43,35,8,21,18,3,0,39.62264150943396,14.150943396226415,25.471698113207548,0,0,40.56603773584906,33.0188679245283,7.547169811320755,19.81132075471698,16.9811320754717,2.8301886792452833,0
E00008530,125,15,6,9,0,0,92,91,1,14,14,0,4,12,4.8,7.199999999999999,0,0,73.6,72.8,0.8,11.200000000000001,11.200000000000001,0,3.2
E00008531,104,33,8,25,2,2,35,30,5,34,31,3,0,31.73076923076923,7.6923076923076925,24.03846153846154,1.9230769230769231,1.9230769230769231,33.65384615384615,28.846153846153843,4.807692307692308,32.69230769230769,29.807692307692307,2.8846153846153846,0
E00008532,102,4,1,3,3,3,78,24,54,15,14,1,2,3.9215686274509802,0.9803921568627451,2.941176470588235,2.941176470588235,2.941176470588235,76.47058823529412,23.52941176470588,52.94117647058824,14.705882352941178,13.725490196078432,0.9803921568627451,1.9607843137254901
E00008533,187,36,11,25,25,25,44,19,25,82,79,3,0,19.25133689839572,5.88235294117647,13.368983957219251,13.368983957219251,13.368983957219251,23.52941176470588,10.16042780748663,13.368983957219251,43.85026737967914,42.24598930481284,1.6042780748663104,0
E00008534,107,79,35,44,0,0,6,5,1,22,21,1,0,73.83177570093457,32.71028037383177,41.1214953271028,0,0,5.607476635514018,4.672897196261682,0.9345794392523363,20.5607476635514,19.626168224299064,0.9345794392523363,0
E00008535,95,57,31,26,1,1,22,19,3,15,13,2,0,60,32.631578947368425,27.368421052631582,1.0526315789473684,1.0526315789473684,23.157894736842106,20,3.1578947368421053,15.789473684210526,13.684210526315791,2.1052631578947367,0
E00008536,135,79,39,40,0,0,39,13,26,17,16,1,0,58.51851851851851,28.888888888888886,29.629629629629626,0,0,28.888888888888886,9.62962962962963,19.25925925925926,12.592592592592592,11.851851851851853,0.7407407407407408,0
E00165792,115,103,47,56,0,0,4,1,3,8,7,1,0,89.56521739130436,40.869565217391305,48.69565217391305,0,0,3.4782608695652173,0.8695652173913043,2.608695652173913,6.956521739130435,6.086956521739131,0.8695652173913043,0
E00176485,132,16,2,14,13,13,78,10,68,25,24,1,0,12.121212121212121,1.5151515151515151,10.606060606060606,9.848484848484848,9.848484848484848,59.09090909090909,7.575757575757576,51.515151515151516,18.939393939393938,18.181818181818183,0.7575757575757576,0
E00176486,88,34,1,33,1,1,8,5,3,45,44,1,0,38.63636363636363,1.1363636363636365,37.5,1.1363636363636365,1.1363636363636365,9.090909090909092,5.681818181818182,3.4090909090909087,51.13636363636363,50,1.1363636363636365,0
E00176487,97,13,2,11,1,1,38,5,33,45,40,5,0,13.402061855670103,2.0618556701030926,11.34020618556701,1.0309278350515463,1.0309278350515463,39.175257731958766,5.154639175257731,34.02061855670103,46.391752577319586,41.23711340206185,5.154639175257731,0
E00176488,149,53,10,43,6,6,8,2,6,82,80,2,0,35.57046979865772,6.7114093959731544,28.859060402684566,4.026845637583892,4.026845637583892,5.369127516778524,1.342281879194631,4.026845637583892,55.033557046979865,53.691275167785236,1.342281879194631,0
E00176489,126,32,7,25,14,14,32,3,29,48,45,3,0,25.396825396825395,5.555555555555555,19.841269841269842,11.11111111111111,11.11111111111111,25.396825396825395,2.380952380952381,23.015873015873016,38.095238095238095,35.714285714285715,2.380952380952381,0
E00176491,88,12,0,12,2,2,60,7,53,14,11,3,0,13.636363636363635,0,13.636363636363635,2.272727272727273,2.272727272727273,68.18181818181817,7.954545454545454,60.22727272727273,15.909090909090908,12.5,3.4090909090909087,0
E00176494,72,21,6,15,0,0,40,16,24,11,11,0,0,29.166666666666668,8.333333333333332,20.833333333333336,0,0,55.55555555555556,22.22222222222222,33.33333333333333,15.277777777777779,15.277777777777779,0,0
E00176495,81,24,5,19,1,1,36,5,31,20,19,1,0,29.629629629629626,6.172839506172839,23.456790123456788,1.2345679012345678,1.2345679012345678,44.44444444444444,6.172839506172839,38.2716049382716,24.691358024691358,23.456790123456788,1.2345679012345678,0
E00176496,187,103,58,45,1,1,37,32,5,46,43,3,0,55.080213903743314,31.016042780748666,24.06417112299465,0.53475935828877,0.53475935828877,19.786096256684495,17.11229946524064,2.6737967914438503,24.598930481283425,22.994652406417114,1.6042780748663104,0
E00176497,62,25,8,17,1,1,7,1,6,29,26,3,0,40.32258064516129,12.903225806451612,27.419354838709676,1.6129032258064515,1.6129032258064515,11.29032258064516,1.6129032258064515,9.67741935483871,46.774193548387096,41.935483870967744,4.838709677419355,0
E00176498,207,16,4,12,1,1,174,124,50,16,16,0,0,7.729468599033816,1.932367149758454,5.797101449275362,0.4830917874396135,0.4830917874396135,84.05797101449275,59.90338164251207,24.154589371980677,7.729468599033816,7.729468599033816,0,0
E00176500,85,31,15,16,1,1,4,2,2,49,48,1,0,36.470588235294116,17.647058823529413,18.823529411764707,1.1764705882352942,1.1764705882352942,4.705882352941177,2.3529411764705883,2.3529411764705883,57.647058823529406,56.470588235294116,1.1764705882352942,0
E00176502,93,19,9,10,0,0,58,49,9,16,13,3,0,20.43010752688172,9.67741935483871,10.75268817204301,0,0,62.365591397849464,52.68817204301075,9.67741935483871,17.20430107526882,13.978494623655912,3.225806451612903,0
E00176503,122,43,10,33,2,2,7,4,3,70,69,1,0,35.24590163934426,8.19672131147541,27.049180327868854,1.639344262295082,1.639344262295082,5.737704918032787,3.278688524590164,2.459016393442623,57.377049180327866,56.557377049180324,0.819672131147541,0
E00176504,104,46,11,35,0,0,2,0,2,56,54,2,0,44.230769230769226,10.576923076923077,33.65384615384615,0,0,1.9230769230769231,0,1.9230769230769231,53.84615384615385,51.92307692307693,1.9230769230769231,0
E00176505,134,18,5,13,9,9,88,53,35,19,18,1,0,13.432835820895523,3.731343283582089,9.701492537313433,6.7164179104477615,6.7164179104477615,65.67164179104478,39.55223880597015,26.119402985074625,14.17910447761194,13.432835820895523,0.7462686567164178,0
E00176507,142,28,6,22,2,2,91,4,87,21,19,2,0,19.718309859154928,4.225352112676056,15.492957746478872,1.4084507042253522,1.4084507042253522,64.08450704225352,2.8169014084507045,61.267605633802816,14.788732394366196,13.380281690140844,1.4084507042253522,0
E00176511,123,50,10,40,0,0,4,3,1,69,68,1,0,40.65040650406504,8.130081300813007,32.52032520325203,0,0,3.2520325203252036,2.4390243902439024,0.8130081300813009,56.09756097560976,55.28455284552846,0.8130081300813009,0
E00176512,101,26,3,23,1,1,2,2,0,72,70,2,0,25.742574257425744,2.9702970297029703,22.772277227722775,0.9900990099009901,0.9900990099009901,1.9801980198019802,1.9801980198019802,0,71.28712871287128,69.3069306930693,1.9801980198019802,0
E00176514,206,61,11,50,26,26,25,0,25,94,91,3,0,29.61165048543689,5.339805825242718,24.271844660194176,12.62135922330097,12.62135922330097,12.135922330097088,0,12.135922330097088,45.63106796116505,44.1747572815534,1.4563106796116505,0
E00176517,175,78,15,63,0,0,8,1,7,89,86,3,0,44.57142857142857,8.571428571428571,36,0,0,4.571428571428571,0.5714285714285714,4,50.857142857142854,49.142857142857146,1.7142857142857144,0
E00176519,110,33,10,23,8,8,22,1,21,47,46,1,0,30,9.090909090909092,20.909090909090907,7.2727272727272725,7.2727272727272725,20,0.9090909090909091,19.090909090909093,42.72727272727273,41.81818181818181,0.9090909090909091,0
E00176520,112,65,17,48,5,5,0,0,0,42,35,7,0,58.03571428571429,15.178571428571427,42.857142857142854,4.464285714285714,4.464285714285714,0,0,0,37.5,31.25,6.25,0
E00176521,292,33,7,26,131,131,107,0,107,21,19,2,0,11.301369863013697,2.3972602739726026,8.904109589041095,44.86301369863014,44.86301369863014,36.64383561643836,0,36.64383561643836,7.191780821917808,6.506849315068493,0.684931506849315,0
E00176522,107,24,6,18,0,0,37,4,33,46,46,0,0,22.429906542056074,5.607476635514018,16.822429906542055,0,0,34.57943925233645,3.7383177570093453,30.8411214953271,42.99065420560748,42.99065420560748,0,0
E00176523,98,27,9,18,0,0,18,10,8,53,50,3,0,27.55102040816326,9.183673469387756,18.367346938775512,0,0,18.367346938775512,10.204081632653061,8.16326530612245,54.08163265306123,51.02040816326531,3.061224489795918,0
E00176524,163,50,12,38,5,5,15,0,15,93,89,4,0,30.67484662576687,7.361963190184049,23.31288343558282,3.067484662576687,3.067484662576687,9.202453987730062,0,9.202453987730062,57.05521472392638,54.601226993865026,2.4539877300613497,0
E00176525,250,77,12,65,20,20,18,5,13,135,130,5,0,30.8,4.8,26,8,8,7.199999999999999,2,5.2,54,52,2,0
E00176526,98,30,3,27,10,10,8,5,3,49,48,1,1,30.612244897959183,3.061224489795918,27.55102040816326,10.204081632653061,10.204081632653061,8.16326530612245,5.1020408163265305,3.061224489795918,50,48.97959183673469,1.0204081632653061,1.0204081632653061
E00176527,78,24,4,20,0,0,26,8,18,28,26,2,0,30.76923076923077,5.128205128205128,25.64102564102564,0,0,33.33333333333333,10.256410256410255,23.076923076923077,35.8974358974359,33.33333333333333,2.564102564102564,0
E00176528,118,48,7,41,0,0,5,0,5,65,59,6,0,40.67796610169492,5.932203389830509,34.74576271186441,0,0,4.23728813559322,0,4.23728813559322,55.08474576271186,50,5.084745762711865,0
E00176529,154,31,8,23,11,11,60,6,54,52,49,3,0,20.12987012987013,5.194805194805195,14.935064935064934,7.142857142857142,7.142857142857142,38.961038961038966,3.896103896103896,35.064935064935064,33.76623376623377,31.818181818181817,1.948051948051948,0
E00176530,108,19,1,18,15,15,41,1,40,33,33,0,0,17.59259259259259,0.9259259259259258,16.666666666666664,13.88888888888889,13.88888888888889,37.96296296296296,0.9259259259259258,37.03703703703704,30.555555555555557,30.555555555555557,0,0
E00176531,122,54,15,39,8,8,9,1,8,51,48,3,0,44.26229508196721,12.295081967213115,31.967213114754102,6.557377049180328,6.557377049180328,7.377049180327869,0.819672131147541,6.557377049180328,41.80327868852459,39.34426229508197,2.459016393442623,0
E00176532,157,34,11,23,7,7,35,1,34,81,76,5,0,21.656050955414013,7.006369426751593,14.64968152866242,4.45859872611465,4.45859872611465,22.29299363057325,0.6369426751592357,21.656050955414013,51.59235668789809,48.40764331210191,3.1847133757961785,0
E00176533,158,36,16,20,1,1,39,13,26,81,74,7,1,22.78481012658228,10.126582278481013,12.658227848101266,0.6329113924050633,0.6329113924050633,24.68354430379747,8.227848101265822,16.455696202531644,51.26582278481012,46.835443037974684,4.430379746835443,0.6329113924050633
E00176534,127,29,9,20,0,0,63,59,4,35,35,0,0,22.83464566929134,7.086614173228346,15.748031496062993,0,0,49.60629921259843,46.45669291338583,3.149606299212598,27.559055118110237,27.559055118110237,0,0
E00176535,172,47,13,34,27,27,48,23,25,50,42,8,0,27.325581395348834,7.55813953488372,19.767441860465116,15.69767441860465,15.69767441860465,27.906976744186046,13.372093023255813,14.534883720930234,29.069767441860467,24.418604651162788,4.651162790697675,0
E00176536,130,34,8,26,1,1,28,6,22,65,61,4,2,26.153846153846157,6.153846153846154,20,0.7692307692307693,0.7692307692307693,21.53846153846154,4.615384615384616,16.923076923076923,50,46.92307692307692,3.076923076923077,1.5384615384615385
E00176537,107,34,7,27,0,0,48,4,44,25,22,3,0,31.775700934579437,6.5420560747663545,25.233644859813083,0,0,44.85981308411215,3.7383177570093453,41.1214953271028,23.364485981308412,20.5607476635514,2.803738317757009,0
E00176539,280,81,12,69,25,25,20,2,18,154,148,6,0,28.92857142857143,4.285714285714286,24.642857142857146,8.928571428571429,8.928571428571429,7.142857142857142,0.7142857142857143,6.428571428571428,55.00000000000001,52.85714285714286,2.142857142857143,0
E00176540,105,21,7,14,6,6,61,58,3,17,17,0,0,20,6.666666666666667,13.333333333333334,5.714285714285714,5.714285714285714,58.0952380952381,55.23809523809524,2.857142857142857,16.19047619047619,16.19047619047619,0,0
E00176541,60,26,9,17,2,2,13,4,9,19,17,2,0,43.333333333333336,15,28.333333333333332,3.3333333333333335,3.3333333333333335,21.666666666666668,6.666666666666667,15,31.666666666666664,28.333333333333332,3.3333333333333335,0
E00176542,105,61,11,50,1,1,6,2,4,37,35,2,0,58.0952380952381,10.476190476190476,47.61904761904761,0.9523809523809524,0.9523809523809524,5.714285714285714,1.9047619047619049,3.8095238095238098,35.23809523809524,33.33333333333333,1.9047619047619049,0
E00176543,96,50,7,43,1,1,25,2,23,20,19,1,0,52.083333333333336,7.291666666666667,44.79166666666667,1.0416666666666665,1.0416666666666665,26.041666666666668,2.083333333333333,23.958333333333336,20.833333333333336,19.791666666666664,1.0416666666666665,0
E00176544,92,30,6,24,11,11,8,1,7,43,40,3,0,32.608695652173914,6.521739130434782,26.08695652173913,11.956521739130435,11.956521739130435,8.695652173913043,1.0869565217391304,7.608695652173914,46.73913043478261,43.47826086956522,3.260869565217391,0
E00176545,107,32,5,27,0,0,45,4,41,30,30,0,0,29.906542056074763,4.672897196261682,25.233644859813083,0,0,42.05607476635514,3.7383177570093453,38.31775700934579,28.037383177570092,28.037383177570092,0,0
E00176546,59,23,16,7,0,0,3,1,2,33,26,7,0,38.983050847457626,27.11864406779661,11.864406779661017,0,0,5.084745762711865,1.694915254237288,3.389830508474576,55.932203389830505,44.06779661016949,11.864406779661017,0
E00176547,98,36,9,27,2,2,7,4,3,53,53,0,0,36.734693877551024,9.183673469387756,27.55102040816326,2.0408163265306123,2.0408163265306123,7.142857142857142,4.081632653061225,3.061224489795918,54.08163265306123,54.08163265306123,0,0
E00176548,136,30,0,30,34,34,3,1,2,68,64,4,1,22.058823529411764,0,22.058823529411764,25,25,2.2058823529411766,0.7352941176470588,1.4705882352941175,50,47.05882352941176,2.941176470588235,0.7352941176470588
E00176549,79,25,7,18,2,2,7,6,1,43,35,8,2,31.645569620253166,8.860759493670885,22.78481012658228,2.5316455696202533,2.5316455696202533,8.860759493670885,7.59493670886076,1.2658227848101267,54.43037974683544,44.303797468354425,10.126582278481013,2.5316455696202533
E00176550,98,21,5,16,1,1,51,13,38,25,24,1,0,21.428571428571427,5.1020408163265305,16.3265306122449,1.0204081632653061,1.0204081632653061,52.04081632653062,13.26530612244898,38.775510204081634,25.510204081632654,24.489795918367346,1.0204081632653061,0
E00176551,113,19,9,10,0,0,83,80,3,10,9,1,1,16.8141592920354,7.964601769911504,8.849557522123893,0,0,73.45132743362832,70.79646017699115,2.6548672566371683,8.849557522123893,7.964601769911504,0.8849557522123894,0.8849557522123894
E00176552,168,69,18,51,1,1,20,10,10,78,75,3,0,41.07142857142857,10.714285714285714,30.357142857142854,0.5952380952380952,0.5952380952380952,11.904761904761903,5.952380952380952,5.952380952380952,46.42857142857143,44.642857142857146,1.7857142857142856,0
E00176553,105,22,5,17,7,7,34,4,30,42,40,2,0,20.952380952380953,4.761904761904762,16.19047619047619,6.666666666666667,6.666666666666667,32.38095238095238,3.8095238095238098,28.57142857142857,40,38.095238095238095,1.9047619047619049,0
E00176555,126,26,8,18,1,1,29,2,27,70,70,0,0,20.634920634920633,6.349206349206349,14.285714285714285,0.7936507936507936,0.7936507936507936,23.015873015873016,1.5873015873015872,21.428571428571427,55.55555555555556,55.55555555555556,0,0
E00176556,135,56,24,32,0,0,12,8,4,67,63,4,0,41.48148148148148,17.77777777777778,23.703703703703706,0,0,8.88888888888889,5.9259259259259265,2.9629629629629632,49.629629629629626,46.666666666666664,2.9629629629629632,0
E00176557,89,20,2,18,0,0,34,3,31,34,34,0,1,22.47191011235955,2.247191011235955,20.224719101123593,0,0,38.20224719101123,3.3707865168539324,34.831460674157306,38.20224719101123,38.20224719101123,0,1.1235955056179776
E00176558,119,27,4,23,0,0,27,2,25,65,62,3,0,22.689075630252102,3.361344537815126,19.327731092436977,0,0,22.689075630252102,1.680672268907563,21.008403361344538,54.621848739495796,52.10084033613446,2.5210084033613445,0
E00176559,113,25,3,22,8,8,24,5,19,56,55,1,0,22.123893805309734,2.6548672566371683,19.469026548672566,7.079646017699115,7.079646017699115,21.238938053097346,4.424778761061947,16.8141592920354,49.557522123893804,48.67256637168141,0.8849557522123894,0
E00176562,205,53,5,48,5,5,94,65,29,53,53,0,0,25.853658536585368,2.4390243902439024,23.414634146341466,2.4390243902439024,2.4390243902439024,45.85365853658537,31.70731707317073,14.146341463414632,25.853658536585368,25.853658536585368,0,0
E00176563,129,66,11,55,2,2,15,6,9,46,44,2,0,51.162790697674424,8.527131782945736,42.63565891472868,1.550387596899225,1.550387596899225,11.627906976744185,4.651162790697675,6.976744186046512,35.65891472868217,34.10852713178294,1.550387596899225,0
E00176564,109,21,3,18,1,1,55,3,52,32,27,5,0,19.26605504587156,2.7522935779816518,16.51376146788991,0.9174311926605505,0.9174311926605505,50.45871559633027,2.7522935779816518,47.706422018348626,29.357798165137616,24.770642201834864,4.587155963302752,0
E00176565,139,22,3,19,3,3,49,3,46,65,63,2,0,15.827338129496402,2.158273381294964,13.66906474820144,2.158273381294964,2.158273381294964,35.25179856115108,2.158273381294964,33.093525179856115,46.76258992805755,45.32374100719424,1.4388489208633095,0
E00176566,150,82,37,45,0,0,21,7,14,47,43,4,0,54.666666666666664,24.666666666666668,30,0,0,14.000000000000002,4.666666666666667,9.333333333333334,31.333333333333336,28.666666666666668,2.666666666666667,0
E00176567,82,22,7,15,2,2,3,1,2,55,51,4,0,26.82926829268293,8.536585365853659,18.29268292682927,2.4390243902439024,2.4390243902439024,3.6585365853658534,1.2195121951219512,2.4390243902439024,67.07317073170732,62.19512195121951,4.878048780487805,0
E00176569,51,11,2,9,2,2,4,2,2,34,26,8,0,21.568627450980394,3.9215686274509802,17.647058823529413,3.9215686274509802,3.9215686274509802,7.8431372549019605,3.9215686274509802,3.9215686274509802,66.66666666666666,50.98039215686274,15.686274509803921,0
E00176570,127,28,2,26,2,2,22,1,21,75,70,5,0,22.04724409448819,1.574803149606299,20.47244094488189,1.574803149606299,1.574803149606299,17.322834645669293,0.7874015748031495,16.535433070866144,59.055118110236215,55.118110236220474,3.937007874015748,0
E00176571,126,45,20,25,1,1,42,32,10,38,35,3,0,35.714285714285715,15.873015873015872,19.841269841269842,0.7936507936507936,0.7936507936507936,33.33333333333333,25.396825396825395,7.936507936507936,30.158730158730158,27.77777777777778,2.380952380952381,0
E00176572,74,11,2,9,0,0,43,11,32,20,20,0,0,14.864864864864865,2.7027027027027026,12.162162162162163,0,0,58.108108108108105,14.864864864864865,43.24324324324324,27.027027027027028,27.027027027027028,0,0
E00176573,97,16,6,10,3,3,15,3,12,63,61,2,0,16.49484536082474,6.185567010309279,10.309278350515463,3.0927835051546393,3.0927835051546393,15.463917525773196,3.0927835051546393,12.371134020618557,64.94845360824742,62.88659793814433,2.0618556701030926,0
E00176574,72,19,5,14,0,0,20,2,18,33,32,1,0,26.38888888888889,6.944444444444445,19.444444444444446,0,0,27.77777777777778,2.7777777777777777,25,45.83333333333333,44.44444444444444,1.3888888888888888,0
E00176575,95,43,6,37,23,23,5,4,1,24,22,2,0,45.26315789473684,6.315789473684211,38.94736842105263,24.210526315789473,24.210526315789473,5.263157894736842,4.2105263157894735,1.0526315789473684,25.263157894736842,23.157894736842106,2.1052631578947367,0
E00176576,117,31,5,26,0,0,56,3,53,30,27,3,0,26.495726495726498,4.273504273504273,22.22222222222222,0,0,47.863247863247864,2.564102564102564,45.2991452991453,25.64102564102564,23.076923076923077,2.564102564102564,0
E00176577,89,25,5,20,4,4,44,7,37,16,14,2,0,28.08988764044944,5.617977528089887,22.47191011235955,4.49438202247191,4.49438202247191,49.43820224719101,7.865168539325842,41.57303370786517,17.97752808988764,15.730337078651685,2.247191011235955,0
E00176578,137,51,9,42,1,1,20,7,13,65,65,0,0,37.22627737226277,6.569343065693431,30.656934306569344,0.7299270072992701,0.7299270072992701,14.5985401459854,5.109489051094891,9.48905109489051,47.44525547445255,47.44525547445255,0,0
E00176579,76,26,10,16,1,1,10,5,5,39,36,3,0,34.21052631578947,13.157894736842104,21.052631578947366,1.3157894736842104,1.3157894736842104,13.157894736842104,6.578947368421052,6.578947368421052,51.31578947368421,47.368421052631575,3.9473684210526314,0
E00176581,158,42,30,12,2,2,47,14,33,67,64,3,0,26.582278481012654,18.9873417721519,7.59493670886076,1.2658227848101267,1.2658227848101267,29.746835443037973,8.860759493670885,20.88607594936709,42.405063291139236,40.50632911392405,1.89873417721519,0
E00176582,140,24,2,22,14,14,21,3,18,81,77,4,0,17.142857142857142,1.4285714285714286,15.714285714285714,10,10,15,2.142857142857143,12.857142857142856,57.85714285714286,55.00000000000001,2.857142857142857,0
E00176583,94,40,5,35,0,0,3,1,2,51,50,1,0,42.5531914893617,5.319148936170213,37.234042553191486,0,0,3.1914893617021276,1.0638297872340425,2.127659574468085,54.25531914893617,53.191489361702125,1.0638297872340425,0
E00176584,120,36,7,29,3,3,3,2,1,78,71,7,0,30,5.833333333333333,24.166666666666668,2.5,2.5,2.5,1.6666666666666667,0.8333333333333334,65,59.166666666666664,5.833333333333333,0
E00176585,136,47,6,41,25,25,10,5,5,54,51,3,0,34.55882352941176,4.411764705882353,30.14705882352941,18.38235294117647,18.38235294117647,7.352941176470589,3.6764705882352944,3.6764705882352944,39.705882352941174,37.5,2.2058823529411766,0
E00176586,96,26,1,25,3,3,18,8,10,48,48,0,1,27.083333333333332,1.0416666666666665,26.041666666666668,3.125,3.125,18.75,8.333333333333332,10.416666666666668,50,50,0,1.0416666666666665
E00176587,129,55,6,49,4,4,14,5,9,56,53,3,0,42.63565891472868,4.651162790697675,37.98449612403101,3.10077519379845,3.10077519379845,10.852713178294573,3.875968992248062,6.976744186046512,43.41085271317829,41.08527131782946,2.3255813953488373,0
E00176588,54,14,6,8,2,2,24,11,13,14,13,1,0,25.925925925925924,11.11111111111111,14.814814814814813,3.7037037037037033,3.7037037037037033,44.44444444444444,20.37037037037037,24.074074074074073,25.925925925925924,24.074074074074073,1.8518518518518516,0
E00176589,74,2,2,0,0,0,68,3,65,4,4,0,0,2.7027027027027026,2.7027027027027026,0,0,0,91.8918918918919,4.054054054054054,87.83783783783784,5.405405405405405,5.405405405405405,0,0
E00176590,64,39,13,26,0,0,1,1,0,24,24,0,0,60.9375,20.3125,40.625,0,0,1.5625,1.5625,0,37.5,37.5,0,0
E00176591,124,69,18,51,12,12,8,2,6,35,33,2,0,55.64516129032258,14.516129032258066,41.12903225806452,9.67741935483871,9.67741935483871,6.451612903225806,1.6129032258064515,4.838709677419355,28.225806451612907,26.61290322580645,1.6129032258064515,0
E00176593,133,58,11,47,10,10,23,4,19,42,41,1,0,43.609022556390975,8.270676691729323,35.338345864661655,7.518796992481203,7.518796992481203,17.293233082706767,3.007518796992481,14.285714285714285,31.57894736842105,30.82706766917293,0.7518796992481203,0
E00176594,101,80,50,30,0,0,8,8,0,13,11,2,0,79.20792079207921,49.504950495049506,29.7029702970297,0,0,7.920792079207921,7.920792079207921,0,12.871287128712872,10.891089108910892,1.9801980198019802,0
E00176595,111,16,5,11,8,8,38,3,35,49,48,1,0,14.414414414414415,4.504504504504505,9.90990990990991,7.207207207207207,7.207207207207207,34.234234234234236,2.7027027027027026,31.53153153153153,44.14414414414414,43.24324324324324,0.9009009009009009,0
E00182058,99,18,4,14,21,21,32,3,29,28,27,1,0,18.181818181818183,4.040404040404041,14.14141414141414,21.21212121212121,21.21212121212121,32.323232323232325,3.0303030303030303,29.292929292929294,28.28282828282828,27.27272727272727,1.0101010101010102,0
E00182059,49,10,3,7,0,0,27,8,19,11,11,0,1,20.408163265306122,6.122448979591836,14.285714285714285,0,0,55.10204081632652,16.3265306122449,38.775510204081634,22.448979591836736,22.448979591836736,0,2.0408163265306123
E00182060,162,27,10,17,0,0,119,109,10,15,12,3,1,16.666666666666664,6.172839506172839,10.493827160493826,0,0,73.4567901234568,67.28395061728395,6.172839506172839,9.25925925925926,7.4074074074074066,1.8518518518518516,0.6172839506172839
E00182081,121,60,24,36,1,1,49,46,3,11,10,1,0,49.586776859504134,19.834710743801654,29.75206611570248,0.8264462809917356,0.8264462809917356,40.49586776859504,38.01652892561984,2.479338842975207,9.090909090909092,8.264462809917356,0.8264462809917356,0
E00182082,163,29,8,21,0,0,8,2,6,125,123,2,1,17.791411042944784,4.9079754601226995,12.883435582822086,0,0,4.9079754601226995,1.2269938650306749,3.6809815950920246,76.68711656441718,75.4601226993865,1.2269938650306749,0.6134969325153374
E00182083,223,113,40,73,0,0,48,20,28,62,57,5,0,50.672645739910315,17.937219730941703,32.73542600896861,0,0,21.524663677130047,8.968609865470851,12.556053811659194,27.802690582959645,25.56053811659193,2.242152466367713,0
E00182091,237,45,9,36,3,3,14,3,11,175,174,1,0,18.9873417721519,3.79746835443038,15.18987341772152,1.2658227848101267,1.2658227848101267,5.9071729957805905,1.2658227848101267,4.641350210970464,73.83966244725738,73.41772151898735,0.42194092827004215,0
E00182092,198,99,21,78,24,24,8,1,7,67,61,6,0,50,10.606060606060606,39.39393939393939,12.121212121212121,12.121212121212121,4.040404040404041,0.5050505050505051,3.535353535353535,33.83838383838384,30.808080808080806,3.0303030303030303,0
E00182097,65,28,5,23,2,2,6,1,5,29,29,0,0,43.07692307692308,7.6923076923076925,35.38461538461539,3.076923076923077,3.076923076923077,9.230769230769232,1.5384615384615385,7.6923076923076925,44.61538461538462,44.61538461538462,0,0
E00182101,226,33,9,24,1,1,92,34,58,98,42,56,2,14.601769911504425,3.982300884955752,10.619469026548673,0.4424778761061947,0.4424778761061947,40.707964601769916,15.04424778761062,25.663716814159294,43.36283185840708,18.58407079646018,24.778761061946902,0.8849557522123894
E00182107,112,17,4,13,15,15,24,11,13,56,56,0,0,15.178571428571427,3.571428571428571,11.607142857142858,13.392857142857142,13.392857142857142,21.428571428571427,9.821428571428571,11.607142857142858,50,50,0,0
E00182111,186,50,14,36,26,26,31,2,29,79,77,2,0,26.881720430107524,7.526881720430108,19.35483870967742,13.978494623655912,13.978494623655912,16.666666666666664,1.0752688172043012,15.591397849462366,42.473118279569896,41.39784946236559,1.0752688172043012,0
E00182112,119,38,14,24,0,0,8,0,8,73,72,1,0,31.932773109243694,11.76470588235294,20.168067226890756,0,0,6.722689075630252,0,6.722689075630252,61.34453781512605,60.50420168067227,0.8403361344537815,0
E00182120,133,46,11,35,4,4,18,1,17,65,64,1,0,34.58646616541353,8.270676691729323,26.31578947368421,3.007518796992481,3.007518796992481,13.533834586466165,0.7518796992481203,12.781954887218044,48.87218045112782,48.1203007518797,0.7518796992481203,0
E00182123,74,16,7,9,1,1,5,4,1,52,47,5,0,21.62162162162162,9.45945945945946,12.162162162162163,1.3513513513513513,1.3513513513513513,6.756756756756757,5.405405405405405,1.3513513513513513,70.27027027027027,63.51351351351351,6.756756756756757,0
E00182124,233,3,0,3,0,0,25,2,23,205,202,3,0,1.2875536480686696,0,1.2875536480686696,0,0,10.72961373390558,0.8583690987124464,9.871244635193133,87.98283261802575,86.69527896995707,1.2875536480686696,0
E00182128,249,66,25,41,1,1,4,2,2,178,175,3,0,26.506024096385545,10.040160642570282,16.46586345381526,0.4016064257028112,0.4016064257028112,1.6064257028112447,0.8032128514056224,0.8032128514056224,71.4859437751004,70.28112449799197,1.2048192771084338,0
E00182129,180,125,13,112,2,2,9,6,3,44,41,3,0,69.44444444444444,7.222222222222221,62.22222222222222,1.1111111111111112,1.1111111111111112,5,3.3333333333333335,1.6666666666666667,24.444444444444443,22.77777777777778,1.6666666666666667,0
E00182130,65,54,1,53,0,0,2,1,1,9,9,0,0,83.07692307692308,1.5384615384615385,81.53846153846153,0,0,3.076923076923077,1.5384615384615385,1.5384615384615385,13.846153846153847,13.846153846153847,0,0
E00182132,130,78,15,63,2,2,14,3,11,36,35,1,0,60,11.538461538461538,48.46153846153846,1.5384615384615385,1.5384615384615385,10.76923076923077,2.307692307692308,8.461538461538462,27.692307692307693,26.923076923076923,0.7692307692307693,0
E00182134,79,31,3,28,13,13,2,1,1,33,31,2,0,39.24050632911392,3.79746835443038,35.44303797468354,16.455696202531644,16.455696202531644,2.5316455696202533,1.2658227848101267,1.2658227848101267,41.77215189873418,39.24050632911392,2.5316455696202533,0
E00182137,114,23,7,16,0,0,56,9,47,35,15,20,0,20.175438596491226,6.140350877192982,14.035087719298245,0,0,49.122807017543856,7.894736842105263,41.228070175438596,30.701754385964914,13.157894736842104,17.543859649122805,0
E00182139,77,15,6,9,14,14,3,3,0,45,44,1,0,19.480519480519483,7.792207792207792,11.688311688311687,18.181818181818183,18.181818181818183,3.896103896103896,3.896103896103896,0,58.44155844155844,57.14285714285714,1.2987012987012987,0
E00182140,199,81,14,67,0,0,23,1,22,95,92,3,0,40.7035175879397,7.035175879396985,33.66834170854271,0,0,11.557788944723619,0.5025125628140703,11.055276381909549,47.73869346733669,46.231155778894475,1.507537688442211,0
E00182141,148,22,7,15,2,2,75,4,71,49,46,3,0,14.864864864864865,4.72972972972973,10.135135135135135,1.3513513513513513,1.3513513513513513,50.67567567567568,2.7027027027027026,47.97297297297297,33.108108108108105,31.08108108108108,2.027027027027027,0
E00182148,212,62,11,51,3,3,3,2,1,144,141,3,0,29.245283018867923,5.188679245283019,24.056603773584907,1.4150943396226416,1.4150943396226416,1.4150943396226416,0.9433962264150944,0.4716981132075472,67.9245283018868,66.50943396226415,1.4150943396226416,0
E00182150,116,74,15,59,0,0,1,1,0,41,38,3,0,63.793103448275865,12.931034482758621,50.86206896551724,0,0,0.8620689655172413,0.8620689655172413,0,35.3448275862069,32.758620689655174,2.586206896551724,0
E00182154,77,12,3,9,47,47,7,5,2,11,11,0,0,15.584415584415584,3.896103896103896,11.688311688311687,61.038961038961034,61.038961038961034,9.090909090909092,6.493506493506493,2.5974025974025974,14.285714285714285,14.285714285714285,0,0
E00182157,118,42,10,32,1,1,5,1,4,70,66,4,0,35.59322033898305,8.47457627118644,27.11864406779661,0.847457627118644,0.847457627118644,4.23728813559322,0.847457627118644,3.389830508474576,59.32203389830508,55.932203389830505,3.389830508474576,0
E00182158,87,40,5,35,0,0,8,4,4,39,39,0,0,45.97701149425287,5.747126436781609,40.229885057471265,0,0,9.195402298850574,4.597701149425287,4.597701149425287,44.827586206896555,44.827586206896555,0,0
E00182160,249,121,14,107,17,17,51,4,47,60,57,3,0,48.59437751004016,5.622489959839357,42.971887550200805,6.827309236947792,6.827309236947792,20.481927710843372,1.6064257028112447,18.87550200803213,24.096385542168676,22.89156626506024,1.2048192771084338,0
E00182161,120,47,22,25,2,2,33,30,3,38,36,2,0,39.166666666666664,18.333333333333332,20.833333333333336,1.6666666666666667,1.6666666666666667,27.500000000000004,25,2.5,31.666666666666664,30,1.6666666666666667,0
E00182162,67,31,8,23,2,2,6,4,2,28,27,1,0,46.26865671641791,11.940298507462686,34.32835820895522,2.9850746268656714,2.9850746268656714,8.955223880597014,5.970149253731343,2.9850746268656714,41.7910447761194,40.298507462686565,1.4925373134328357,0
E00182165,58,29,4,25,1,1,4,3,1,24,22,2,0,50,6.896551724137931,43.103448275862064,1.7241379310344827,1.7241379310344827,6.896551724137931,5.172413793103448,1.7241379310344827,41.37931034482759,37.93103448275862,3.4482758620689653,0
E00182167,61,23,4,19,7,7,6,2,4,25,25,0,0,37.704918032786885,6.557377049180328,31.147540983606557,11.475409836065573,11.475409836065573,9.836065573770492,3.278688524590164,6.557377049180328,40.98360655737705,40.98360655737705,0,0
E00182169,121,37,10,27,1,1,6,3,3,77,75,2,0,30.57851239669421,8.264462809917356,22.31404958677686,0.8264462809917356,0.8264462809917356,4.958677685950414,2.479338842975207,2.479338842975207,63.63636363636363,61.98347107438017,1.6528925619834711,0
E00182170,81,5,2,3,0,0,40,34,6,36,36,0,0,6.172839506172839,2.4691358024691357,3.7037037037037033,0,0,49.382716049382715,41.9753086419753,7.4074074074074066,44.44444444444444,44.44444444444444,0,0
E00182172,49,22,6,16,0,0,2,1,1,25,17,8,0,44.89795918367347,12.244897959183673,32.6530612244898,0,0,4.081632653061225,2.0408163265306123,2.0408163265306123,51.02040816326531,34.69387755102041,16.3265306122449,0
E00182173,127,63,23,40,2,2,8,2,6,54,53,1,0,49.60629921259843,18.11023622047244,31.496062992125985,1.574803149606299,1.574803149606299,6.299212598425196,1.574803149606299,4.724409448818897,42.51968503937008,41.732283464566926,0.7874015748031495,0
E00182178,167,69,25,44,0,0,0,0,0,98,92,6,0,41.31736526946108,14.97005988023952,26.34730538922156,0,0,0,0,0,58.68263473053892,55.08982035928144,3.592814371257485,0
E00182180,111,49,7,42,0,0,1,0,1,61,60,1,0,44.14414414414414,6.306306306306306,37.83783783783784,0,0,0.9009009009009009,0,0.9009009009009009,54.95495495495496,54.054054054054056,0.9009009009009009,0
E00182182,153,12,3,9,4,4,62,14,48,75,73,2,0,7.8431372549019605,1.9607843137254901,5.88235294117647,2.6143790849673203,2.6143790849673203,40.52287581699346,9.15032679738562,31.372549019607842,49.01960784313725,47.712418300653596,1.3071895424836601,0
E00182185,81,4,2,2,5,5,69,3,66,3,3,0,0,4.938271604938271,2.4691358024691357,2.4691358024691357,6.172839506172839,6.172839506172839,85.18518518518519,3.7037037037037033,81.48148148148148,3.7037037037037033,3.7037037037037033,0,0
E00182187,138,36,9,27,1,1,31,4,27,70,70,0,0,26.08695652173913,6.521739130434782,19.565217391304348,0.7246376811594203,0.7246376811594203,22.463768115942027,2.898550724637681,19.565217391304348,50.72463768115942,50.72463768115942,0,0
E00182188,228,43,15,28,0,0,16,4,12,169,163,6,0,18.859649122807017,6.578947368421052,12.280701754385964,0,0,7.017543859649122,1.7543859649122806,5.263157894736842,74.12280701754386,71.49122807017544,2.631578947368421,0
E00182189,66,11,0,11,24,24,9,3,6,22,19,3,0,16.666666666666664,0,16.666666666666664,36.36363636363637,36.36363636363637,13.636363636363635,4.545454545454546,9.090909090909092,33.33333333333333,28.78787878787879,4.545454545454546,0
E00182195,166,38,16,22,1,1,108,20,88,19,15,4,0,22.89156626506024,9.63855421686747,13.253012048192772,0.6024096385542169,0.6024096385542169,65.06024096385542,12.048192771084338,53.01204819277109,11.44578313253012,9.036144578313253,2.4096385542168677,0
E00182197,111,19,5,14,20,20,63,12,51,9,8,1,0,17.117117117117118,4.504504504504505,12.612612612612612,18.01801801801802,18.01801801801802,56.75675675675676,10.81081081081081,45.94594594594595,8.108108108108109,7.207207207207207,0.9009009009009009,0
E00182199,236,66,23,43,4,4,10,5,5,156,151,5,0,27.966101694915253,9.745762711864407,18.220338983050848,1.694915254237288,1.694915254237288,4.23728813559322,2.11864406779661,2.11864406779661,66.10169491525424,63.983050847457626,2.11864406779661,0
E00182201,151,34,7,27,17,17,66,2,64,34,29,5,0,22.516556291390728,4.635761589403973,17.880794701986755,11.258278145695364,11.258278145695364,43.70860927152318,1.3245033112582782,42.384105960264904,22.516556291390728,19.205298013245034,3.3112582781456954,0
E00182204,42,11,0,11,4,4,17,3,14,10,9,1,0,26.190476190476193,0,26.190476190476193,9.523809523809524,9.523809523809524,40.476190476190474,7.142857142857142,33.33333333333333,23.809523809523807,21.428571428571427,2.380952380952381,0
E00182205,54,30,23,7,6,6,11,5,6,7,0,7,0,55.55555555555556,42.592592592592595,12.962962962962962,11.11111111111111,11.11111111111111,20.37037037037037,9.25925925925926,11.11111111111111,12.962962962962962,0,12.962962962962962,0
E00182214,95,32,4,28,23,23,14,5,9,26,22,4,0,33.68421052631579,4.2105263157894735,29.47368421052631,24.210526315789473,24.210526315789473,14.736842105263156,5.263157894736842,9.473684210526317,27.368421052631582,23.157894736842106,4.2105263157894735,0
E00182215,94,39,20,19,7,7,11,2,9,37,34,3,0,41.48936170212766,21.27659574468085,20.212765957446805,7.446808510638298,7.446808510638298,11.702127659574469,2.127659574468085,9.574468085106384,39.361702127659576,36.17021276595745,3.1914893617021276,0
E00182216,102,15,6,9,2,2,66,62,4,19,19,0,0,14.705882352941178,5.88235294117647,8.823529411764707,1.9607843137254901,1.9607843137254901,64.70588235294117,60.78431372549019,3.9215686274509802,18.627450980392158,18.627450980392158,0,0
E00182218,64,13,4,9,22,22,21,4,17,8,8,0,0,20.3125,6.25,14.0625,34.375,34.375,32.8125,6.25,26.5625,12.5,12.5,0,0
E00182219,80,12,5,7,1,1,41,3,38,26,26,0,0,15,6.25,8.75,1.25,1.25,51.24999999999999,3.75,47.5,32.5,32.5,0,0
E00182222,131,14,0,14,1,1,84,6,78,32,29,3,0,10.687022900763358,0,10.687022900763358,0.7633587786259541,0.7633587786259541,64.12213740458014,4.580152671755725,59.541984732824424,24.427480916030532,22.137404580152673,2.2900763358778624,0
E00182223,81,5,1,4,2,2,44,8,36,30,30,0,0,6.172839506172839,1.2345679012345678,4.938271604938271,2.4691358024691357,2.4691358024691357,54.32098765432099,9.876543209876543,44.44444444444444,37.03703703703704,37.03703703703704,0,0
E00182224,125,48,24,24,0,0,38,35,3,39,39,0,0,38.4,19.2,19.2,0,0,30.4,28.000000000000004,2.4,31.2,31.2,0,0
E00182226,86,5,0,5,67,67,6,2,4,8,8,0,0,5.813953488372093,0,5.813953488372093,77.90697674418605,77.90697674418605,6.976744186046512,2.3255813953488373,4.651162790697675,9.30232558139535,9.30232558139535,0,0
E00182227,137,15,3,12,1,1,80,13,67,41,11,30,0,10.948905109489052,2.18978102189781,8.75912408759124,0.7299270072992701,0.7299270072992701,58.3941605839416,9.48905109489051,48.9051094890511,29.927007299270077,8.02919708029197,21.897810218978105,0
E00182228,166,101,29,72,0,0,3,2,1,62,55,7,0,60.8433734939759,17.46987951807229,43.373493975903614,0,0,1.8072289156626504,1.2048192771084338,0.6024096385542169,37.34939759036144,33.13253012048193,4.216867469879518,0
E00182233,227,48,17,31,0,0,8,5,3,171,167,4,0,21.145374449339208,7.488986784140969,13.656387665198238,0,0,3.524229074889868,2.2026431718061676,1.3215859030837005,75.33039647577093,73.568281938326,1.762114537444934,0
E00182234,45,14,3,11,1,1,16,14,2,14,12,2,0,31.11111111111111,6.666666666666667,24.444444444444443,2.2222222222222223,2.2222222222222223,35.55555555555556,31.11111111111111,4.444444444444445,31.11111111111111,26.666666666666668,4.444444444444445,0
E00182236,234,49,17,32,13,13,26,1,25,146,133,13,0,20.94017094017094,7.264957264957266,13.675213675213676,5.555555555555555,5.555555555555555,11.11111111111111,0.4273504273504274,10.683760683760683,62.39316239316239,56.837606837606835,5.555555555555555,0
E00182237,109,22,9,13,0,0,25,11,14,61,59,2,1,20.18348623853211,8.256880733944955,11.926605504587156,0,0,22.93577981651376,10.091743119266056,12.844036697247708,55.96330275229357,54.12844036697248,1.834862385321101,0.9174311926605505
E00182238,56,13,3,10,3,3,4,1,3,36,33,3,0,23.214285714285715,5.357142857142857,17.857142857142858,5.357142857142857,5.357142857142857,7.142857142857142,1.7857142857142856,5.357142857142857,64.28571428571429,58.92857142857143,5.357142857142857,0
E00182239,105,24,7,17,33,33,13,6,7,35,33,2,0,22.857142857142858,6.666666666666667,16.19047619047619,31.428571428571427,31.428571428571427,12.380952380952381,5.714285714285714,6.666666666666667,33.33333333333333,31.428571428571427,1.9047619047619049,0
E00182240,192,142,6,136,4,4,3,3,0,43,43,0,0,73.95833333333334,3.125,70.83333333333334,2.083333333333333,2.083333333333333,1.5625,1.5625,0,22.395833333333336,22.395833333333336,0,0
E00182241,115,24,8,16,4,4,10,5,5,77,75,2,0,20.869565217391305,6.956521739130435,13.91304347826087,3.4782608695652173,3.4782608695652173,8.695652173913043,4.3478260869565215,4.3478260869565215,66.95652173913044,65.21739130434783,1.7391304347826086,0
E00182244,181,57,13,44,0,0,38,3,35,86,83,3,0,31.491712707182316,7.18232044198895,24.30939226519337,0,0,20.994475138121548,1.6574585635359116,19.337016574585636,47.51381215469613,45.85635359116022,1.6574585635359116,0
E00182245,141,19,1,18,1,1,101,7,94,20,19,1,0,13.47517730496454,0.7092198581560284,12.76595744680851,0.7092198581560284,0.7092198581560284,71.63120567375887,4.964539007092199,66.66666666666666,14.184397163120568,13.47517730496454,0.7092198581560284,0
E00182248,129,96,0,96,7,7,4,4,0,22,21,1,0,74.4186046511628,0,74.4186046511628,5.426356589147287,5.426356589147287,3.10077519379845,3.10077519379845,0,17.05426356589147,16.27906976744186,0.7751937984496124,0
E00182250,187,4,1,3,25,25,143,4,139,14,13,1,1,2.13903743315508,0.53475935828877,1.6042780748663104,13.368983957219251,13.368983957219251,76.47058823529412,2.13903743315508,74.33155080213903,7.4866310160427805,6.951871657754011,0.53475935828877,0.53475935828877
E00182252,189,141,6,135,6,6,22,4,18,20,17,3,0,74.60317460317461,3.1746031746031744,71.42857142857143,3.1746031746031744,3.1746031746031744,11.64021164021164,2.1164021164021163,9.523809523809524,10.582010582010582,8.994708994708994,1.5873015873015872,0
E00182257,126,48,12,36,1,1,3,2,1,74,72,2,0,38.095238095238095,9.523809523809524,28.57142857142857,0.7936507936507936,0.7936507936507936,2.380952380952381,1.5873015873015872,0.7936507936507936,58.730158730158735,57.14285714285714,1.5873015873015872,0
E00182260,135,34,9,25,10,10,42,5,37,49,46,3,0,25.185185185185183,6.666666666666667,18.51851851851852,7.4074074074074066,7.4074074074074066,31.11111111111111,3.7037037037037033,27.40740740740741,36.2962962962963,34.074074074074076,2.2222222222222223,0
E00182261,116,17,5,12,0,0,79,64,15,20,20,0,0,14.655172413793101,4.310344827586207,10.344827586206897,0,0,68.10344827586206,55.172413793103445,12.931034482758621,17.24137931034483,17.24137931034483,0,0
E00182263,48,11,7,4,0,0,18,4,14,19,19,0,0,22.916666666666664,14.583333333333334,8.333333333333332,0,0,37.5,8.333333333333332,29.166666666666668,39.58333333333333,39.58333333333333,0,0
E00182268,181,55,16,39,52,52,2,1,1,72,69,3,0,30.386740331491712,8.83977900552486,21.54696132596685,28.7292817679558,28.7292817679558,1.1049723756906076,0.5524861878453038,0.5524861878453038,39.77900552486188,38.12154696132597,1.6574585635359116,0
E00182269,153,10,4,6,14,14,114,5,109,15,15,0,0,6.535947712418301,2.6143790849673203,3.9215686274509802,9.15032679738562,9.15032679738562,74.50980392156863,3.2679738562091507,71.24183006535948,9.803921568627452,9.803921568627452,0,0
E00182275,122,37,8,29,8,8,23,12,11,54,51,3,0,30.327868852459016,6.557377049180328,23.770491803278688,6.557377049180328,6.557377049180328,18.852459016393443,9.836065573770492,9.01639344262295,44.26229508196721,41.80327868852459,2.459016393442623,0
E00182276,131,36,14,22,2,2,24,4,20,69,66,3,0,27.480916030534353,10.687022900763358,16.793893129770993,1.5267175572519083,1.5267175572519083,18.3206106870229,3.0534351145038165,15.267175572519085,52.67175572519084,50.38167938931297,2.2900763358778624,0
E00182277,109,50,3,47,10,10,11,9,2,38,36,2,0,45.87155963302752,2.7522935779816518,43.11926605504588,9.174311926605505,9.174311926605505,10.091743119266056,8.256880733944955,1.834862385321101,34.862385321100916,33.02752293577982,1.834862385321101,0
E00182281,153,41,6,35,0,0,5,3,2,107,105,2,0,26.797385620915033,3.9215686274509802,22.875816993464053,0,0,3.2679738562091507,1.9607843137254901,1.3071895424836601,69.93464052287581,68.62745098039215,1.3071895424836601,0
E00182284,112,88,4,84,0,0,12,5,7,12,12,0,0,78.57142857142857,3.571428571428571,75,0,0,10.714285714285714,4.464285714285714,6.25,10.714285714285714,10.714285714285714,0,0
E00182287,156,40,5,35,18,18,68,5,63,30,28,2,0,25.64102564102564,3.205128205128205,22.435897435897438,11.538461538461538,11.538461538461538,43.58974358974359,3.205128205128205,40.38461538461539,19.230769230769234,17.94871794871795,1.282051282051282,0
E00182288,167,12,6,6,8,8,136,17,119,10,8,2,1,7.18562874251497,3.592814371257485,3.592814371257485,4.790419161676647,4.790419161676647,81.437125748502993,10.179640718562874,71.25748502994011,5.9880239520958085,4.790419161676647,1.1976047904191618,0.5988023952095809
E00182289,210,32,12,20,0,0,18,2,16,160,157,3,0,15.238095238095239,5.714285714285714,9.523809523809524,0,0,8.571428571428571,0.9523809523809524,7.6190476190476195,76.19047619047619,74.76190476190476,1.4285714285714286,0
E00182294,68,24,3,21,12,12,6,6,0,25,22,3,1,35.294117647058826,4.411764705882353,30.88235294117647,17.647058823529413,17.647058823529413,8.823529411764707,8.823529411764707,0,36.76470588235294,32.35294117647059,4.411764705882353,1.4705882352941175
E00182295,188,45,6,39,16,16,59,4,55,68,62,6,0,23.93617021276596,3.1914893617021276,20.74468085106383,8.51063829787234,8.51063829787234,31.382978723404253,2.127659574468085,29.25531914893617,36.17021276595745,32.97872340425532,3.1914893617021276,0
E00182296,98,7,1,6,33,33,47,8,39,11,11,0,0,7.142857142857142,1.0204081632653061,6.122448979591836,33.6734693877551,33.6734693877551,47.95918367346938,8.16326530612245,39.795918367346935,11.224489795918368,11.224489795918368,0,0
E00182297,125,39,18,21,1,1,16,5,11,69,65,4,0,31.2,14.399999999999999,16.8,0.8,0.8,12.8,4,8.799999999999999,55.2,52,3.2,0
E00182300,197,33,3,30,6,6,43,6,37,115,110,5,0,16.751269035532996,1.5228426395939088,15.228426395939088,3.0456852791878175,3.0456852791878175,21.82741116751269,3.0456852791878175,18.781725888324875,58.37563451776649,55.83756345177665,2.5380710659898478,0
E00182302,199,49,13,36,0,0,38,1,37,112,106,6,0,24.623115577889447,6.532663316582915,18.090452261306535,0,0,19.09547738693467,0.5025125628140703,18.592964824120603,56.28140703517588,53.266331658291456,3.015075376884422,0
E00182303,188,10,2,8,22,22,123,11,112,33,33,0,0,5.319148936170213,1.0638297872340425,4.25531914893617,11.702127659574469,11.702127659574469,65.42553191489363,5.851063829787234,59.57446808510638,17.5531914893617,17.5531914893617,0,0
E00182304,229,88,31,57,12,12,33,17,16,96,91,5,0,38.427947598253276,13.537117903930133,24.890829694323145,5.240174672489083,5.240174672489083,14.41048034934498,7.423580786026202,6.986899563318777,41.92139737991266,39.737991266375545,2.1834061135371177,0
E00182305,101,61,1,60,11,11,19,9,10,10,8,2,0,60.396039603960396,0.9900990099009901,59.4059405940594,10.891089108910892,10.891089108910892,18.81188118811881,8.91089108910891,9.900990099009901,9.900990099009901,7.920792079207921,1.9801980198019802,0
E00182309,66,35,6,29,0,0,9,3,6,22,19,3,0,53.03030303030303,9.090909090909092,43.93939393939394,0,0,13.636363636363635,4.545454545454546,9.090909090909092,33.33333333333333,28.78787878787879,4.545454545454546,0
E00182311,217,35,11,24,36,36,75,3,72,71,70,1,0,16.129032258064516,5.0691244239631335,11.059907834101383,16.589861751152075,16.589861751152075,34.56221198156682,1.3824884792626728,33.17972350230415,32.71889400921659,32.25806451612903,0.4608294930875576,0
E00182316,241,47,10,37,0,0,16,2,14,178,171,7,0,19.502074688796682,4.149377593360995,15.352697095435685,0,0,6.639004149377594,0.8298755186721992,5.809128630705394,73.85892116182573,70.95435684647303,2.904564315352697,0
E00182322,164,37,11,26,20,20,42,9,33,65,64,1,0,22.5609756097561,6.707317073170732,15.853658536585366,12.195121951219512,12.195121951219512,25.609756097560975,5.487804878048781,20.121951219512198,39.63414634146341,39.02439024390244,0.6097560975609756,0
E00182323,92,65,5,60,5,5,6,1,5,15,14,1,1,70.65217391304348,5.434782608695652,65.21739130434783,5.434782608695652,5.434782608695652,6.521739130434782,1.0869565217391304,5.434782608695652,16.304347826086957,15.217391304347828,1.0869565217391304,1.0869565217391304
E00182328,100,27,5,22,1,1,5,1,4,67,62,5,0,27,5,22,1,1,5,1,4,67,62,5,0
E00182331,139,6,3,3,0,0,124,17,107,7,7,0,2,4.316546762589928,2.158273381294964,2.158273381294964,0,0,89.20863309352518,12.23021582733813,76.97841726618705,5.0359712230215825,5.0359712230215825,0,1.4388489208633095
E00182333,191,143,23,120,1,1,8,4,4,39,38,1,0,74.86910994764398,12.041884816753926,62.82722513089005,0.5235602094240838,0.5235602094240838,4.18848167539267,2.094240837696335,2.094240837696335,20.418848167539267,19.895287958115183,0.5235602094240838,0
E00182334,190,42,7,35,17,17,12,0,12,119,118,1,0,22.105263157894736,3.684210526315789,18.421052631578945,8.947368421052632,8.947368421052632,6.315789473684211,0,6.315789473684211,62.63157894736842,62.10526315789474,0.5263157894736842,0
E00182335,98,20,4,16,21,21,42,7,35,15,14,1,0,20.408163265306122,4.081632653061225,16.3265306122449,21.428571428571427,21.428571428571427,42.857142857142854,7.142857142857142,35.714285714285715,15.306122448979592,14.285714285714285,1.0204081632653061,0
E00182338,152,112,4,108,4,4,13,3,10,23,18,5,0,73.68421052631578,2.631578947368421,71.05263157894737,2.631578947368421,2.631578947368421,8.552631578947368,1.9736842105263157,6.578947368421052,15.131578947368421,11.842105263157894,3.289473684210526,0
E00182345,39,23,7,16,0,0,3,2,1,13,12,1,0,58.97435897435898,17.94871794871795,41.02564102564102,0,0,7.6923076923076925,5.128205128205128,2.564102564102564,33.33333333333333,30.76923076923077,2.564102564102564,0
E00182346,89,24,4,20,0,0,3,0,3,62,58,4,0,26.96629213483146,4.49438202247191,22.47191011235955,0,0,3.3707865168539324,0,3.3707865168539324,69.66292134831461,65.1685393258427,4.49438202247191,0
E00182349,142,8,1,7,9,9,37,3,34,88,87,1,0,5.633802816901409,0.7042253521126761,4.929577464788732,6.338028169014084,6.338028169014084,26.056338028169012,2.112676056338028,23.943661971830984,61.97183098591549,61.267605633802816,0.7042253521126761,0
E00182353,220,23,7,16,0,0,8,2,6,189,185,4,0,10.454545454545453,3.1818181818181817,7.2727272727272725,0,0,3.6363636363636362,0.9090909090909091,2.727272727272727,85.9090909090909,84.0909090909091,1.8181818181818181,0
E00182354,127,3,1,2,1,1,114,7,107,9,9,0,0,2.3622047244094486,0.7874015748031495,1.574803149606299,0.7874015748031495,0.7874015748031495,89.76377952755905,5.511811023622047,84.25196850393701,7.086614173228346,7.086614173228346,0,0
E00182355,139,4,2,2,2,2,110,7,103,22,19,3,1,2.877697841726619,1.4388489208633095,1.4388489208633095,1.4388489208633095,1.4388489208633095,79.13669064748201,5.0359712230215825,74.10071942446042,15.827338129496402,13.66906474820144,2.158273381294964,0.7194244604316548
E00182357,58,4,2,2,19,19,27,7,20,8,7,1,0,6.896551724137931,3.4482758620689653,3.4482758620689653,32.758620689655174,32.758620689655174,46.55172413793103,12.068965517241379,34.48275862068966,13.793103448275861,12.068965517241379,1.7241379310344827,0
E00182358,202,52,5,47,47,47,52,5,47,51,50,1,0,25.742574257425744,2.4752475247524752,23.26732673267327,23.26732673267327,23.26732673267327,25.742574257425744,2.4752475247524752,23.26732673267327,25.247524752475247,24.752475247524753,0.49504950495049505,0
E00182359,127,55,13,42,1,1,48,26,22,23,21,2,0,43.30708661417323,10.236220472440944,33.07086614173229,0.7874015748031495,0.7874015748031495,37.79527559055118,20.47244094488189,17.322834645669293,18.11023622047244,16.535433070866144,1.574803149606299,0
E00182360,45,8,0,8,1,1,13,8,5,23,21,2,0,17.77777777777778,0,17.77777777777778,2.2222222222222223,2.2222222222222223,28.888888888888886,17.77777777777778,11.11111111111111,51.11111111111111,46.666666666666664,4.444444444444445,0
E00182362,129,47,14,33,3,3,22,14,8,57,54,3,0,36.434108527131784,10.852713178294573,25.581395348837212,2.3255813953488373,2.3255813953488373,17.05426356589147,10.852713178294573,6.2015503875969,44.18604651162791,41.86046511627907,2.3255813953488373,0
E00182363,94,10,3,7,0,0,66,4,62,18,17,1,0,10.638297872340425,3.1914893617021276,7.446808510638298,0,0,70.2127659574468,4.25531914893617,65.95744680851064,19.148936170212767,18.085106382978726,1.0638297872340425,0
E00182364,107,21,9,12,11,11,62,57,5,12,12,0,1,19.626168224299064,8.411214953271028,11.214953271028037,10.2803738317757,10.2803738317757,57.943925233644855,53.271028037383175,4.672897196261682,11.214953271028037,11.214953271028037,0,0.9345794392523363
E00182368,234,32,12,20,75,75,84,6,78,43,43,0,0,13.675213675213676,5.128205128205128,8.547008547008547,32.05128205128205,32.05128205128205,35.8974358974359,2.564102564102564,33.33333333333333,18.37606837606838,18.37606837606838,0,0
E00182374,245,124,41,83,9,9,1,1,0,110,107,3,1,50.61224489795918,16.73469387755102,33.87755102040816,3.6734693877551026,3.6734693877551026,0.40816326530612246,0.40816326530612246,0,44.89795918367347,43.673469387755105,1.2244897959183674,0.40816326530612246
E00182375,96,33,2,31,1,1,2,1,1,60,57,3,0,34.375,2.083333333333333,32.29166666666667,1.0416666666666665,1.0416666666666665,2.083333333333333,1.0416666666666665,1.0416666666666665,62.5,59.375,3.125,0
E00182376,116,46,0,46,3,3,11,9,2,56,56,0,0,39.6551724137931,0,39.6551724137931,2.586206896551724,2.586206896551724,9.482758620689655,7.758620689655173,1.7241379310344827,48.275862068965516,48.275862068965516,0,0
E00182377,97,76,7,69,4,4,4,1,3,13,13,0,0,78.35051546391753,7.216494845360824,71.1340206185567,4.123711340206185,4.123711340206185,4.123711340206185,1.0309278350515463,3.0927835051546393,13.402061855670103,13.402061855670103,0,0
E00182379,113,70,33,37,0,0,32,28,4,11,10,1,0,61.94690265486725,29.20353982300885,32.743362831858406,0,0,28.31858407079646,24.778761061946902,3.5398230088495577,9.734513274336283,8.849557522123893,0.8849557522123894,0
E00182384,167,64,17,47,10,10,37,2,35,56,50,6,0,38.32335329341318,10.179640718562874,28.143712574850298,5.9880239520958085,5.9880239520958085,22.15568862275449,1.1976047904191618,20.958083832335326,33.532934131736525,29.94011976047904,3.592814371257485,0
E00182386,73,12,2,10,46,46,2,2,0,13,13,0,0,16.43835616438356,2.73972602739726,13.698630136986301,63.013698630136986,63.013698630136986,2.73972602739726,2.73972602739726,0,17.80821917808219,17.80821917808219,0,0
E00182388,189,33,10,23,25,25,95,11,84,36,36,0,0,17.46031746031746,5.291005291005291,12.16931216931217,13.227513227513226,13.227513227513226,50.264550264550266,5.82010582010582,44.44444444444444,19.047619047619047,19.047619047619047,0,0
E00182398,88,57,28,29,6,6,1,1,0,24,23,1,0,64.77272727272727,31.818181818181817,32.95454545454545,6.8181818181818175,6.8181818181818175,1.1363636363636365,1.1363636363636365,0,27.27272727272727,26.136363636363637,1.1363636363636365,0
