OA,ts0080001,ts0080002,ts0080003,ts0080002_PCT,ts0080003_PCT
E00162382,276,134,142,48.55072463768116,51.449275362318836
E00162383,362,193,169,53.31491712707182,46.68508287292818
E00162384,277,129,148,46.57039711191336,53.42960288808665
E00162385,261,140,121,53.63984674329502,46.36015325670498
E00162386,285,147,138,51.578947368421055,48.421052631578945
E00162387,180,88,92,48.888888888888886,51.11111111111111
E00162388,226,110,116,48.67256637168141,51.32743362831859
E00162536,190,98,92,51.578947368421055,48.421052631578945
E00162537,471,235,236,49.89384288747346,50.10615711252654
E00162538,379,197,182,51.97889182058047,48.02110817941953
E00162539,531,265,266,49.90583804143126,50.09416195856874
E00162540,187,95,92,50.80213903743316,49.19786096256685
E00162564,340,184,156,54.11764705882353,45.88235294117647
E00162565,313,155,158,49.52076677316294,50.47923322683706
E00162566,399,197,202,49.373433583959894,50.6265664160401
E00162567,377,226,151,59.94694960212201,40.05305039787798
E00162571,413,203,210,49.152542372881356,50.847457627118644
E00162568,330,165,165,50,50
E00162569,365,186,179,50.95890410958904,49.04109589041096
E00162570,264,147,117,55.68181818181818,44.31818181818182
E00162572,287,143,144,49.825783972125436,50.174216027874564
E00162573,294,165,129,56.12244897959183,43.87755102040816
E00162629,262,133,129,50.76335877862596,49.23664122137404
E00162630,320,167,153,52.1875,47.8125
E00162631,277,141,136,50.90252707581227,49.09747292418773
E00162632,353,182,171,51.55807365439094,48.44192634560906
E00162633,149,80,69,53.691275167785236,46.308724832214764
E00162634,199,99,100,49.74874371859296,50.25125628140703
E00162498,304,169,135,55.5921052631579,44.40789473684211
E00162500,327,158,169,48.318042813455655,51.681957186544345
E00162504,323,159,164,49.22600619195047,50.77399380804953
E00162508,326,173,153,53.06748466257669,46.93251533742331
E00162509,318,173,145,54.40251572327044,45.59748427672956
E00162510,439,248,191,56.49202733485193,43.50797266514807
E00184266,327,175,152,53.51681957186545,46.48318042813456
E00184300,407,219,188,53.8083538083538,46.19164619164619
E00162499,292,149,143,51.02739726027398,48.97260273972603
E00162501,223,120,103,53.81165919282511,46.18834080717489
E00162502,238,124,114,52.10084033613446,47.89915966386555
E00162503,287,150,137,52.264808362369344,47.73519163763066
E00162505,268,139,129,51.865671641791046,48.134328358208954
E00162506,176,88,88,50,50
E00162511,318,173,145,54.40251572327044,45.59748427672956
E00162513,228,133,95,58.333333333333336,41.66666666666667
E00162514,248,130,118,52.41935483870967,47.58064516129033
E00162515,304,143,161,47.03947368421053,52.960526315789465
E00162512,311,161,150,51.76848874598071,48.231511254019296
E00162516,296,156,140,52.702702702702695,47.2972972972973
E00162517,300,161,139,53.666666666666664,46.33333333333333
E00162521,301,152,149,50.498338870431894,49.501661129568106
E00162518,203,108,95,53.20197044334976,46.79802955665024
E00162520,327,171,156,52.293577981651374,47.706422018348626
E00166380,215,122,93,56.74418604651162,43.25581395348837
E00166381,1133,519,614,45.80759046778464,54.19240953221536
E00184194,318,166,152,52.20125786163522,47.79874213836478
E00184275,372,196,176,52.68817204301075,47.31182795698925
E00162523,271,141,130,52.02952029520295,47.97047970479705
E00162524,300,152,148,50.66666666666667,49.333333333333336
E00162525,263,135,128,51.33079847908745,48.669201520912544
E00162526,258,130,128,50.3875968992248,49.6124031007752
E00162527,251,126,125,50.199203187250994,49.800796812749006
E00162528,246,126,120,51.21951219512195,48.78048780487805
E00162543,308,158,150,51.298701298701296,48.701298701298704
E00162547,514,269,245,52.33463035019456,47.66536964980545
E00162548,293,158,135,53.92491467576792,46.075085324232084
E00162550,260,133,127,51.153846153846146,48.84615384615385
E00162551,262,137,125,52.29007633587786,47.70992366412214
E00162552,313,161,152,51.43769968051119,48.56230031948881
E00162541,239,136,103,56.903765690376574,43.09623430962343
E00162542,512,253,259,49.4140625,50.5859375
E00162544,272,150,122,55.14705882352941,44.85294117647059
E00162545,318,167,151,52.51572327044025,47.48427672955975
E00162546,260,133,127,51.153846153846146,48.84615384615385
E00162549,246,129,117,52.4390243902439,47.5609756097561
E00162553,263,136,127,51.71102661596958,48.28897338403042
E00162554,182,90,92,49.45054945054945,50.54945054945055
E00162555,327,171,156,52.293577981651374,47.706422018348626
E00162556,309,157,152,50.80906148867314,49.19093851132686
E00162557,309,161,148,52.103559870550164,47.896440129449836
E00162558,316,157,159,49.68354430379747,50.31645569620253
E00162440,359,189,170,52.64623955431755,47.353760445682454
E00162441,231,109,122,47.18614718614719,52.81385281385281
E00162444,313,171,142,54.632587859424916,45.367412140575084
E00162445,324,168,156,51.85185185185185,48.148148148148145
E00162446,219,121,98,55.25114155251142,44.74885844748858
E00166372,265,126,139,47.54716981132076,52.45283018867924
E00166373,224,114,110,50.89285714285714,49.107142857142854
E00162447,311,150,161,48.231511254019296,51.76848874598071
E00162448,330,169,161,51.21212121212121,48.78787878787879
E00162449,269,137,132,50.92936802973978,49.07063197026022
E00162450,313,153,160,48.881789137380196,51.118210862619804
E00162453,291,150,141,51.546391752577314,48.45360824742268
E00162439,430,221,209,51.3953488372093,48.604651162790695
E00162442,404,203,201,50.24752475247525,49.75247524752475
E00162443,279,143,136,51.25448028673835,48.74551971326165
E00162451,298,148,150,49.664429530201346,50.33557046979866
E00162452,310,161,149,51.935483870967744,48.064516129032256
E00162454,338,174,164,51.4792899408284,48.5207100591716
E00166342,258,129,129,50,50
E00166359,372,180,192,48.38709677419355,51.61290322580645
E00166363,321,160,161,49.84423676012461,50.155763239875384
E00166364,318,171,147,53.77358490566038,46.22641509433962
E00162579,272,141,131,51.83823529411765,48.161764705882355
E00162580,431,223,208,51.74013921113689,48.25986078886311
E00166343,273,140,133,51.28205128205128,48.717948717948715
E00166348,299,160,139,53.51170568561873,46.48829431438127
E00162575,279,141,138,50.53763440860215,49.46236559139785
E00162578,300,157,143,52.33333333333333,47.66666666666667
E00166357,264,133,131,50.378787878787875,49.621212121212125
E00166463,301,159,142,52.823920265780735,47.176079734219265
E00166360,283,142,141,50.17667844522968,49.82332155477032
E00166362,238,121,117,50.84033613445378,49.159663865546214
E00166365,291,146,145,50.171821305841924,49.828178694158076
E00184184,235,126,109,53.61702127659574,46.38297872340426
E00184185,176,95,81,53.97727272727273,46.02272727272727
E00184211,598,317,281,53.01003344481605,46.98996655518395
E00162456,335,175,160,52.23880597014925,47.76119402985074
E00162458,238,112,126,47.05882352941176,52.94117647058824
E00162460,300,165,135,55.00000000000001,45
E00162461,332,168,164,50.602409638554214,49.39759036144578
E00162462,278,134,144,48.201438848920866,51.798561151079134
E00162455,365,208,157,56.986301369863014,43.013698630136986
E00162457,238,112,126,47.05882352941176,52.94117647058824
E00162459,178,94,84,52.80898876404494,47.19101123595505
E00162463,209,103,106,49.282296650717704,50.717703349282296
E00162464,324,166,158,51.23456790123457,48.76543209876543
E00162465,233,118,115,50.64377682403433,49.35622317596567
E00162466,209,120,89,57.41626794258373,42.58373205741627
E00162471,297,165,132,55.55555555555556,44.44444444444444
E00162474,272,142,130,52.20588235294118,47.794117647058826
E00162475,303,155,148,51.15511551155115,48.84488448844885
E00162476,287,148,139,51.56794425087108,48.43205574912892
E00162477,330,162,168,49.09090909090909,50.90909090909091
E00162467,198,98,100,49.494949494949495,50.505050505050505
E00162468,270,135,135,50,50
E00162469,240,119,121,49.583333333333336,50.416666666666664
E00162470,363,192,171,52.892561983471076,47.107438016528924
E00162472,284,145,139,51.056338028169016,48.943661971830984
E00162473,277,138,139,49.81949458483754,50.18050541516246
E00162410,371,200,171,53.908355795148246,46.091644204851754
E00162413,238,122,116,51.26050420168067,48.739495798319325
E00162414,317,158,159,49.8422712933754,50.1577287066246
E00162415,393,190,203,48.346055979643765,51.653944020356235
E00162416,347,178,169,51.29682997118156,48.70317002881844
E00162409,382,187,195,48.952879581151834,51.047120418848166
E00162411,304,147,157,48.35526315789473,51.64473684210527
E00162412,205,96,109,46.82926829268293,53.170731707317074
E00162417,236,124,112,52.54237288135594,47.45762711864407
E00162418,137,65,72,47.44525547445255,52.55474452554745
E00162419,283,141,142,49.82332155477032,50.17667844522968
E00162427,179,89,90,49.72067039106145,50.27932960893855
E00162428,160,81,79,50.625,49.375
E00162430,176,84,92,47.72727272727273,52.27272727272727
E00162431,307,166,141,54.071661237785015,45.928338762214985
E00162432,279,138,141,49.46236559139785,50.53763440860215
E00166371,279,135,144,48.38709677419355,51.61290322580645
E00166460,137,62,75,45.25547445255474,54.74452554744526
E00184186,519,45,474,8.670520231213873,91.32947976878613
E00184258,117,59,58,50.427350427350426,49.572649572649574
E00162559,350,186,164,53.142857142857146,46.85714285714286
E00162560,319,169,150,52.97805642633229,47.02194357366771
E00162561,333,179,154,53.753753753753756,46.246246246246244
E00162562,298,161,137,54.0268456375839,45.97315436241611
E00162563,244,126,118,51.63934426229508,48.36065573770492
E00162582,386,196,190,50.77720207253886,49.22279792746114
E00162583,294,154,140,52.38095238095239,47.61904761904761
E00162584,273,148,125,54.21245421245421,45.78754578754579
E00162585,246,132,114,53.65853658536586,46.34146341463415
E00162586,315,148,167,46.98412698412698,53.01587301587302
E00162396,160,87,73,54.37499999999999,45.625
E00162397,304,160,144,52.63157894736842,47.368421052631575
E00162398,266,133,133,50,50
E00162399,169,93,76,55.02958579881657,44.97041420118343
E00162400,339,173,166,51.03244837758112,48.96755162241888
E00162401,285,144,141,50.526315789473685,49.473684210526315
E00162402,269,137,132,50.92936802973978,49.07063197026022
E00162420,328,175,153,53.35365853658537,46.646341463414636
E00162421,366,192,174,52.459016393442624,47.540983606557376
E00162422,302,157,145,51.98675496688742,48.01324503311258
E00162423,245,125,120,51.02040816326531,48.97959183673469
E00162424,435,216,219,49.6551724137931,50.3448275862069
E00162425,255,125,130,49.01960784313725,50.98039215686274
E00162433,350,187,163,53.42857142857142,46.57142857142857
E00162434,285,146,139,51.2280701754386,48.771929824561404
E00162435,274,132,142,48.175182481751825,51.82481751824818
E00162436,512,252,260,49.21875,50.78125
E00162437,209,100,109,47.84688995215311,52.15311004784689
E00162587,434,212,222,48.8479262672811,51.1520737327189
E00162588,160,89,71,55.625,44.375
E00162589,380,186,194,48.94736842105264,51.05263157894737
E00162590,148,76,72,51.35135135135135,48.64864864864865
E00162591,249,122,127,48.99598393574297,51.00401606425703
E00162592,376,189,187,50.26595744680851,49.734042553191486
E00162593,219,116,103,52.96803652968036,47.03196347031963
E00162478,421,220,201,52.25653206650831,47.74346793349169
E00162479,290,144,146,49.6551724137931,50.3448275862069
E00162480,378,198,180,52.38095238095239,47.61904761904761
E00162486,201,110,91,54.72636815920397,45.27363184079602
E00162487,223,115,108,51.569506726457405,48.4304932735426
E00162481,236,111,125,47.03389830508475,52.96610169491526
E00162482,382,196,186,51.30890052356021,48.69109947643979
E00162483,338,187,151,55.325443786982255,44.67455621301775
E00162484,298,163,135,54.69798657718121,45.302013422818796
E00166392,408,216,192,52.94117647058824,47.05882352941176
E00166396,203,111,92,54.679802955665025,45.320197044334975
E00162622,325,163,162,50.153846153846146,49.84615384615385
E00162623,255,122,133,47.84313725490196,52.156862745098046
E00162624,176,92,84,52.27272727272727,47.72727272727273
E00162625,255,131,124,51.37254901960784,48.627450980392155
E00162626,344,188,156,54.65116279069767,45.348837209302324
E00162627,193,92,101,47.66839378238342,52.331606217616574
E00162628,389,196,193,50.38560411311054,49.61439588688946
E00162403,362,197,165,54.41988950276243,45.58011049723757
E00162407,311,162,149,52.09003215434084,47.90996784565916
E00162408,153,81,72,52.94117647058824,47.05882352941176
E00184190,469,249,220,53.09168443496801,46.908315565031984
E00162404,215,96,119,44.651162790697676,55.348837209302324
E00184174,478,251,227,52.51046025104602,47.48953974895397
E00184269,272,140,132,51.470588235294116,48.529411764705884
E00184306,186,97,89,52.1505376344086,47.8494623655914
E00184321,124,66,58,53.2258064516129,46.774193548387096
E00184333,351,182,169,51.85185185185185,48.148148148148145
E00162389,271,139,132,51.291512915129154,48.708487084870846
E00162390,319,157,162,49.21630094043887,50.78369905956113
E00162391,150,82,68,54.666666666666664,45.33333333333333
E00162392,414,202,212,48.792270531400966,51.20772946859904
E00162393,121,60,61,49.586776859504134,50.413223140495866
E00162394,461,226,235,49.0238611713666,50.97613882863341
E00162395,164,85,79,51.829268292682926,48.170731707317074
E00162529,261,141,120,54.02298850574713,45.97701149425287
E00162530,232,119,113,51.293103448275865,48.706896551724135
E00162531,223,117,106,52.46636771300448,47.53363228699551
E00162532,298,155,143,52.013422818791945,47.98657718120805
E00162533,255,121,134,47.45098039215686,52.54901960784314
E00162534,239,120,119,50.2092050209205,49.7907949790795
E00162535,275,140,135,50.90909090909091,49.09090909090909
E00162614,157,80,77,50.955414012738856,49.044585987261144
E00162615,375,193,182,51.46666666666667,48.53333333333333
E00162616,157,79,78,50.318471337579616,49.681528662420384
E00162617,423,170,253,40.189125295508276,59.810874704491724
E00162618,291,143,148,49.140893470790374,50.85910652920962
E00162619,224,112,112,50,50
E00162620,230,118,112,51.30434782608696,48.69565217391305
E00162621,126,56,70,44.44444444444444,55.55555555555556
E00162635,354,189,165,53.38983050847458,46.61016949152542
E00162636,353,173,180,49.008498583569406,50.991501416430594
E00162637,374,190,184,50.80213903743316,49.19786096256685
E00162638,345,195,150,56.52173913043478,43.47826086956522
E00162642,353,170,183,48.1586402266289,51.84135977337111
E00162868,353,172,181,48.725212464589234,51.27478753541076
E00162870,326,171,155,52.45398773006135,47.54601226993865
E00162874,273,144,129,52.74725274725275,47.25274725274725
E00162878,222,101,121,45.4954954954955,54.5045045045045
E00162879,308,165,143,53.57142857142857,46.42857142857143
E00162880,421,218,203,51.78147268408551,48.218527315914486
E00162871,289,143,146,49.48096885813148,50.51903114186851
E00162873,292,149,143,51.02739726027398,48.97260273972603
E00162875,341,173,168,50.733137829912025,49.266862170087975
E00162882,554,280,274,50.54151624548736,49.458483754512635
E00162883,229,124,105,54.14847161572053,45.851528384279476
E00162869,325,158,167,48.61538461538461,51.38461538461539
E00162872,267,142,125,53.18352059925093,46.81647940074906
E00162876,250,141,109,56.39999999999999,43.6
E00162877,205,104,101,50.73170731707317,49.26829268292683
E00162881,381,199,182,52.23097112860893,47.76902887139108
E00162639,309,163,146,52.75080906148867,47.249190938511326
E00162640,447,221,226,49.44071588366891,50.55928411633109
E00162641,356,189,167,53.08988764044944,46.91011235955056
E00162647,275,132,143,48,52
E00162648,337,164,173,48.6646884272997,51.33531157270029
E00162932,353,183,170,51.84135977337111,48.1586402266289
E00162934,246,144,102,58.536585365853654,41.46341463414634
E00162939,271,138,133,50.92250922509225,49.07749077490775
E00162942,344,173,171,50.2906976744186,49.7093023255814
E00162944,441,215,226,48.75283446712018,51.247165532879826
E00162929,186,91,95,48.924731182795696,51.075268817204304
E00162938,354,174,180,49.152542372881356,50.847457627118644
E00162940,423,213,210,50.35460992907801,49.645390070921984
E00162941,483,250,233,51.75983436853002,48.24016563146998
E00166452,474,225,249,47.46835443037975,52.53164556962025
E00166453,615,322,293,52.357723577235774,47.642276422764226
E00166457,136,65,71,47.794117647058826,52.20588235294118
E00162930,318,163,155,51.257861635220124,48.742138364779876
E00162931,281,137,144,48.754448398576514,51.245551601423486
E00162933,341,175,166,51.31964809384164,48.68035190615836
E00162935,277,136,141,49.09747292418773,50.90252707581227
E00162936,287,158,129,55.052264808362374,44.94773519163763
E00162943,325,174,151,53.53846153846153,46.46153846153846
E00162967,296,162,134,54.729729729729726,45.27027027027027
E00162971,345,166,179,48.11594202898551,51.8840579710145
E00162972,280,150,130,53.57142857142857,46.42857142857143
E00162974,317,157,160,49.52681388012618,50.473186119873816
E00162978,349,168,181,48.13753581661891,51.862464183381086
E00162973,467,246,221,52.67665952890792,47.32334047109208
E00162975,299,141,158,47.15719063545151,52.84280936454849
E00162976,255,131,124,51.37254901960784,48.627450980392155
E00162977,356,175,181,49.157303370786515,50.84269662921348
E00163001,334,169,165,50.59880239520959,49.40119760479042
E00163002,363,186,177,51.2396694214876,48.760330578512395
E00163003,403,200,203,49.62779156327544,50.37220843672456
E00163005,284,136,148,47.88732394366197,52.112676056338024
E00162966,270,139,131,51.48148148148148,48.51851851851852
E00162968,374,187,187,50,50
E00162970,349,172,177,49.28366762177651,50.71633237822349
E00184287,405,203,202,50.123456790123456,49.876543209876544
E00184329,223,109,114,48.87892376681614,51.12107623318386
E00184171,495,258,237,52.121212121212125,47.878787878787875
E00184173,372,190,182,51.075268817204304,48.924731182795696
E00184226,189,91,98,48.148148148148145,51.85185185185185
E00184229,285,135,150,47.368421052631575,52.63157894736842
E00184240,555,278,277,50.09009009009009,49.90990990990991
E00184318,375,194,181,51.733333333333334,48.266666666666666
E00162643,394,194,200,49.23857868020304,50.76142131979695
E00162644,308,165,143,53.57142857142857,46.42857142857143
E00162645,255,126,129,49.411764705882355,50.588235294117645
E00162646,464,236,228,50.86206896551724,49.137931034482754
E00162678,276,136,140,49.275362318840585,50.72463768115942
E00162679,487,241,246,49.48665297741273,50.513347022587276
E00162680,148,74,74,50,50
E00162681,168,81,87,48.214285714285715,51.78571428571429
E00162685,372,196,176,52.68817204301075,47.31182795698925
E00162672,411,200,211,48.661800486618006,51.338199513382
E00162673,433,214,219,49.42263279445728,50.57736720554272
E00162674,184,97,87,52.71739130434783,47.28260869565217
E00162675,303,148,155,48.84488448844885,51.15511551155115
E00162677,316,166,150,52.53164556962025,47.46835443037975
E00162676,442,228,214,51.58371040723983,48.41628959276018
E00162682,280,136,144,48.57142857142857,51.42857142857142
E00162683,577,297,280,51.47313691507799,48.52686308492201
E00162684,286,140,146,48.95104895104895,51.048951048951054
E00162983,337,178,159,52.818991097922854,47.18100890207715
E00162984,336,166,170,49.404761904761905,50.595238095238095
E00162993,303,154,149,50.82508250825083,49.17491749174918
E00162997,388,207,181,53.350515463917525,46.649484536082475
E00162998,115,61,54,53.04347826086957,46.95652173913044
E00162980,289,154,135,53.28719723183391,46.71280276816609
E00162985,208,100,108,48.07692307692308,51.92307692307693
E00162994,340,178,162,52.352941176470594,47.647058823529406
E00162995,192,93,99,48.4375,51.5625
E00162996,364,189,175,51.92307692307693,48.07692307692308
E00162986,386,195,191,50.51813471502591,49.48186528497409
E00162987,273,131,142,47.985347985347985,52.01465201465202
E00162988,294,174,120,59.183673469387756,40.816326530612244
E00162989,304,150,154,49.34210526315789,50.6578947368421
E00184228,244,125,119,51.229508196721305,48.77049180327869
E00184248,401,202,199,50.374064837905244,49.62593516209476
E00162979,368,181,187,49.184782608695656,50.815217391304344
E00162981,291,150,141,51.546391752577314,48.45360824742268
E00162982,405,199,206,49.135802469135804,50.864197530864196
E00162990,321,161,160,50.155763239875384,49.84423676012461
E00162991,130,63,67,48.46153846153846,51.53846153846153
E00163007,386,208,178,53.8860103626943,46.1139896373057
E00163009,428,230,198,53.73831775700935,46.26168224299065
E00163012,371,195,176,52.56064690026954,47.43935309973046
E00163018,294,142,152,48.29931972789115,51.70068027210885
E00184278,118,60,58,50.847457627118644,49.152542372881356
E00184281,555,277,278,49.90990990990991,50.09009009009009
E00163008,278,143,135,51.438848920863315,48.561151079136685
E00163011,583,304,279,52.14408233276158,47.85591766723842
E00163017,202,99,103,49.00990099009901,50.99009900990099
E00163019,313,163,150,52.07667731629393,47.92332268370607
E00163021,257,126,131,49.0272373540856,50.97276264591439
E00163022,310,151,159,48.70967741935484,51.29032258064517
E00163033,247,128,119,51.821862348178136,48.178137651821864
E00163035,230,133,97,57.826086956521735,42.173913043478265
E00163041,304,162,142,53.289473684210535,46.71052631578947
E00163043,277,132,145,47.65342960288809,52.34657039711191
E00163044,304,167,137,54.93421052631579,45.06578947368421
E00184201,221,108,113,48.86877828054298,51.13122171945701
E00184224,369,180,189,48.78048780487805,51.21951219512195
E00184262,251,124,127,49.40239043824701,50.59760956175299
E00163023,229,110,119,48.03493449781659,51.96506550218341
E00163024,294,143,151,48.63945578231292,51.36054421768708
E00163025,321,160,161,49.84423676012461,50.155763239875384
E00163026,243,118,125,48.559670781893004,51.440329218106996
E00163038,281,129,152,45.90747330960854,54.092526690391466
E00162913,309,159,150,51.45631067961165,48.54368932038835
E00162923,268,138,130,51.49253731343284,48.507462686567166
E00162924,266,127,139,47.744360902255636,52.255639097744364
E00162928,207,107,100,51.690821256038646,48.309178743961354
E00162922,379,186,193,49.07651715039577,50.92348284960422
E00162926,290,138,152,47.58620689655172,52.41379310344828
E00166439,232,114,118,49.137931034482754,50.86206896551724
E00166440,205,98,107,47.80487804878049,52.19512195121951
E00184192,2176,316,1860,14.522058823529413,85.47794117647058
E00184273,233,116,117,49.78540772532189,50.21459227467812
E00162999,278,142,136,51.07913669064749,48.92086330935252
E00163000,310,156,154,50.32258064516129,49.67741935483871
E00163004,264,131,133,49.621212121212125,50.378787878787875
E00163006,531,279,252,52.54237288135594,47.45762711864407
E00163013,296,141,155,47.63513513513514,52.36486486486487
E00163014,292,146,146,50,50
E00163015,244,130,114,53.278688524590166,46.72131147540984
E00163016,311,159,152,51.12540192926045,48.87459807073955
E00163020,241,118,123,48.96265560165975,51.037344398340245
E00163034,281,145,136,51.60142348754449,48.39857651245551
E00163040,475,252,223,53.05263157894737,46.94736842105263
E00163042,486,250,236,51.440329218106996,48.559670781893004
E00184163,110,58,52,52.72727272727272,47.27272727272727
E00184250,167,83,84,49.700598802395206,50.29940119760479
E00184294,592,303,289,51.182432432432435,48.817567567567565
E00184297,363,209,154,57.57575757575758,42.42424242424242
E00184312,334,168,166,50.29940119760479,49.700598802395206
E00163027,350,175,175,50,50
E00163028,345,182,163,52.7536231884058,47.2463768115942
E00163029,290,146,144,50.3448275862069,49.6551724137931
E00163030,230,110,120,47.82608695652174,52.17391304347826
E00163031,350,186,164,53.142857142857146,46.85714285714286
E00163036,147,68,79,46.25850340136054,53.74149659863946
E00162915,246,125,121,50.81300813008131,49.1869918699187
E00162916,274,138,136,50.36496350364964,49.63503649635037
E00162917,272,134,138,49.26470588235294,50.73529411764706
E00162918,350,176,174,50.28571428571429,49.714285714285715
E00162919,308,148,160,48.05194805194805,51.94805194805194
E00162920,260,136,124,52.307692307692314,47.69230769230769
E00162921,264,136,128,51.515151515151516,48.484848484848484
E00162927,169,88,81,52.071005917159766,47.928994082840234
E00162892,295,151,144,51.186440677966104,48.8135593220339
E00162893,507,252,255,49.70414201183432,50.29585798816568
E00162894,322,164,158,50.931677018633536,49.06832298136646
E00162895,608,318,290,52.30263157894737,47.69736842105263
E00162896,329,171,158,51.97568389057751,48.02431610942249
E00162897,334,167,167,50,50
E00162898,323,160,163,49.53560371517028,50.464396284829725
E00162899,162,82,80,50.617283950617285,49.382716049382715
E00162900,195,101,94,51.7948717948718,48.205128205128204
E00162901,355,191,164,53.80281690140845,46.19718309859155
E00162902,367,183,184,49.863760217983646,50.13623978201635
E00162903,472,233,239,49.36440677966102,50.63559322033898
E00162904,333,175,158,52.552552552552555,47.44744744744745
E00162946,283,139,144,49.11660777385159,50.8833922261484
E00162948,282,142,140,50.35460992907801,49.645390070921984
E00162949,428,219,209,51.16822429906542,48.831775700934585
E00162950,372,198,174,53.2258064516129,46.774193548387096
E00162945,357,186,171,52.10084033613446,47.89915966386555
E00162947,251,128,123,50.99601593625498,49.00398406374502
E00162951,383,136,247,35.50913838120104,64.49086161879896
E00162952,322,155,167,48.13664596273292,51.86335403726709
E00162740,368,189,179,51.358695652173914,48.641304347826086
E00162741,429,218,211,50.815850815850816,49.184149184149184
E00162747,233,113,120,48.497854077253216,51.50214592274678
E00162748,348,176,172,50.57471264367817,49.42528735632184
E00162749,360,187,173,51.94444444444445,48.05555555555556
E00162750,372,190,182,51.075268817204304,48.924731182795696
E00162751,281,139,142,49.46619217081851,50.5338078291815
E00162763,348,186,162,53.44827586206896,46.55172413793103
E00162764,385,184,201,47.79220779220779,52.2077922077922
E00162765,338,178,160,52.662721893491124,47.337278106508876
E00162766,470,254,216,54.04255319148936,45.95744680851064
E00162776,373,201,172,53.88739946380697,46.11260053619303
E00162777,278,137,141,49.280575539568346,50.719424460431654
E00162779,297,150,147,50.505050505050505,49.494949494949495
E00162781,403,207,196,51.36476426799007,48.635235732009924
E00162778,276,144,132,52.17391304347826,47.82608695652174
E00162780,284,143,141,50.352112676056336,49.647887323943664
E00162782,488,257,231,52.66393442622951,47.33606557377049
E00162783,229,113,116,49.34497816593886,50.65502183406113
E00162784,278,136,142,48.92086330935252,51.07913669064749
E00162801,485,237,248,48.865979381443296,51.1340206185567
E00162803,373,187,186,50.134048257372655,49.865951742627345
E00162804,441,229,212,51.92743764172335,48.07256235827664
E00162806,353,162,191,45.892351274787536,54.107648725212464
E00162800,320,169,151,52.81249999999999,47.1875
E00162802,316,154,162,48.734177215189874,51.26582278481012
E00162805,325,161,164,49.53846153846154,50.46153846153846
E00162807,253,128,125,50.59288537549407,49.40711462450593
E00162742,319,160,159,50.15673981191222,49.843260188087775
E00162743,344,170,174,49.41860465116279,50.58139534883721
E00162744,313,160,153,51.118210862619804,48.881789137380196
E00162745,374,178,196,47.593582887700535,52.406417112299465
E00162736,312,148,164,47.43589743589743,52.56410256410257
E00162737,276,139,137,50.36231884057971,49.63768115942029
E00162738,226,112,114,49.557522123893804,50.442477876106196
E00162739,296,143,153,48.310810810810814,51.689189189189186
E00162746,252,133,119,52.77777777777778,47.22222222222222
E00162756,305,152,153,49.8360655737705,50.1639344262295
E00162757,374,185,189,49.465240641711226,50.534759358288774
E00162759,279,138,141,49.46236559139785,50.53763440860215
E00166444,223,109,114,48.87892376681614,51.12107623318386
E00166445,338,177,161,52.366863905325445,47.633136094674555
E00166446,225,111,114,49.333333333333336,50.66666666666667
E00162752,317,151,166,47.634069400630914,52.36593059936908
E00162753,305,159,146,52.131147540983605,47.868852459016395
E00162754,349,174,175,49.8567335243553,50.1432664756447
E00162758,297,150,147,50.505050505050505,49.494949494949495
E00162825,270,134,136,49.629629629629626,50.37037037037037
E00162826,573,301,272,52.5305410122164,47.4694589877836
E00162827,250,119,131,47.599999999999994,52.400000000000006
E00162828,271,141,130,52.02952029520295,47.97047970479705
E00162829,272,140,132,51.470588235294116,48.529411764705884
E00162830,279,153,126,54.83870967741935,45.16129032258064
E00162831,325,174,151,53.53846153846153,46.46153846153846
E00162832,315,173,142,54.920634920634924,45.07936507936508
E00162833,325,166,159,51.07692307692307,48.92307692307693
E00162834,302,154,148,50.993377483443716,49.00662251655629
E00162838,348,170,178,48.85057471264368,51.14942528735632
E00162840,300,145,155,48.333333333333336,51.66666666666667
E00162842,294,138,156,46.93877551020408,53.06122448979592
E00162760,527,275,252,52.18216318785579,47.81783681214421
E00162761,286,150,136,52.44755244755245,47.55244755244755
E00162762,280,137,143,48.92857142857142,51.07142857142857
E00162767,264,133,131,50.378787878787875,49.621212121212125
E00162768,337,157,180,46.58753709198813,53.41246290801187
E00162769,207,96,111,46.3768115942029,53.62318840579711
E00162773,338,141,197,41.71597633136095,58.28402366863905
E00166352,210,110,100,52.38095238095239,47.61904761904761
E00166435,227,113,114,49.77973568281938,50.22026431718062
E00166438,219,115,104,52.51141552511416,47.48858447488584
E00162770,316,157,159,49.68354430379747,50.31645569620253
E00162771,238,123,115,51.68067226890757,48.319327731092436
E00162775,358,167,191,46.64804469273743,53.351955307262564
E00184249,312,159,153,50.96153846153846,49.03846153846153
E00184324,316,165,151,52.21518987341772,47.78481012658228
E00162788,219,100,119,45.662100456621005,54.337899543378995
E00162789,329,165,164,50.15197568389058,49.848024316109424
E00162790,359,178,181,49.58217270194986,50.41782729805014
E00184165,290,134,156,46.206896551724135,53.79310344827586
E00184183,217,111,106,51.1520737327189,48.8479262672811
E00162793,306,155,151,50.65359477124183,49.34640522875817
E00162794,271,152,119,56.08856088560885,43.91143911439114
E00162795,295,160,135,54.23728813559322,45.76271186440678
E00162796,263,139,124,52.851711026615966,47.14828897338403
E00162797,255,133,122,52.156862745098046,47.84313725490196
E00162798,279,145,134,51.971326164874554,48.028673835125446
E00166434,141,63,78,44.680851063829785,55.319148936170215
E00166436,447,221,226,49.44071588366891,50.55928411633109
E00166437,254,119,135,46.8503937007874,53.14960629921261
E00162835,234,124,110,52.991452991452995,47.008547008547005
E00162836,225,121,104,53.77777777777778,46.22222222222222
E00162837,235,124,111,52.76595744680851,47.23404255319149
E00162839,313,156,157,49.84025559105431,50.159744408945684
E00162841,228,118,110,51.75438596491229,48.24561403508772
E00162731,397,199,198,50.12594458438288,49.87405541561713
E00162734,229,111,118,48.47161572052402,51.52838427947598
E00162735,406,218,188,53.69458128078818,46.30541871921182
E00184193,135,70,65,51.85185185185185,48.148148148148145
E00184198,454,235,219,51.76211453744494,48.23788546255506
E00184223,129,65,64,50.3875968992248,49.6124031007752
E00184254,330,165,165,50,50
E00184314,502,265,237,52.788844621513945,47.211155378486055
E00162888,107,53,54,49.532710280373834,50.467289719626166
E00162889,259,125,134,48.26254826254826,51.737451737451735
E00162890,376,194,182,51.59574468085106,48.40425531914894
E00162891,373,186,187,49.865951742627345,50.134048257372655
E00162884,338,168,170,49.70414201183432,50.29585798816568
E00162886,266,136,130,51.127819548872175,48.87218045112782
E00162887,312,164,148,52.56410256410257,47.43589743589743
E00184166,478,241,237,50.418410041841,49.58158995815899
E00184257,154,73,81,47.4025974025974,52.5974025974026
E00162663,111,60,51,54.054054054054056,45.94594594594595
E00162665,213,106,107,49.76525821596244,50.23474178403756
E00162666,334,171,163,51.19760479041916,48.80239520958084
E00162668,232,109,123,46.98275862068966,53.01724137931034
E00162669,196,88,108,44.89795918367347,55.10204081632652
E00162670,354,186,168,52.54237288135594,47.45762711864407
E00162664,309,156,153,50.48543689320388,49.51456310679612
E00162667,245,128,117,52.244897959183675,47.755102040816325
E00184188,373,182,191,48.793565683646115,51.206434316353885
E00184199,393,192,201,48.854961832061065,51.14503816793893
E00184305,183,123,60,67.21311475409836,32.78688524590164
E00162785,333,172,161,51.651651651651655,48.348348348348345
E00162786,330,172,158,52.121212121212125,47.878787878787875
E00162791,341,170,171,49.853372434017594,50.146627565982406
E00162792,322,158,164,49.06832298136646,50.931677018633536
E00162810,431,223,208,51.74013921113689,48.25986078886311
E00162811,337,182,155,54.00593471810089,45.99406528189911
E00162821,241,132,109,54.77178423236515,45.22821576763486
E00162823,308,155,153,50.324675324675326,49.67532467532468
E00162809,218,114,104,52.293577981651374,47.706422018348626
E00162816,270,125,145,46.2962962962963,53.70370370370371
E00162818,245,119,126,48.57142857142857,51.42857142857142
E00162820,256,121,135,47.265625,52.734375
E00162822,248,119,129,47.983870967741936,52.016129032258064
E00162813,333,178,155,53.453453453453456,46.546546546546544
E00162815,253,121,132,47.82608695652174,52.17391304347826
E00162817,322,168,154,52.17391304347826,47.82608695652174
E00162824,339,163,176,48.08259587020649,51.91740412979351
E00162808,306,157,149,51.307189542483655,48.69281045751634
E00162814,386,196,190,50.77720207253886,49.22279792746114
E00162819,258,120,138,46.51162790697674,53.48837209302325
E00166349,162,76,86,46.913580246913575,53.086419753086425
E00166350,107,65,42,60.747663551401864,39.25233644859813
E00166351,362,193,169,53.31491712707182,46.68508287292818
E00162686,417,199,218,47.721822541966425,52.27817745803357
E00162688,437,213,224,48.74141876430206,51.25858123569794
E00162689,374,201,173,53.7433155080214,46.25668449197861
E00184168,591,302,289,51.09983079526227,48.90016920473773
E00184195,120,59,61,49.166666666666664,50.83333333333333
E00184225,211,104,107,49.28909952606635,50.71090047393365
E00184237,423,231,192,54.60992907801418,45.39007092198582
E00162690,253,135,118,53.359683794466406,46.6403162055336
E00162691,562,294,268,52.313167259786475,47.686832740213525
E00162692,362,183,179,50.552486187845304,49.447513812154696
E00162693,282,151,131,53.54609929078015,46.45390070921986
E00162694,291,149,142,51.20274914089347,48.797250859106526
E00162695,270,132,138,48.888888888888886,51.11111111111111
E00162696,294,146,148,49.65986394557823,50.34013605442177
E00162697,248,123,125,49.596774193548384,50.403225806451616
E00166361,259,120,139,46.33204633204633,53.66795366795367
E00166368,291,132,159,45.36082474226804,54.63917525773196
E00166369,321,161,160,50.155763239875384,49.84423676012461
E00162699,584,440,144,75.34246575342466,24.65753424657534
E00162701,232,119,113,51.293103448275865,48.706896551724135
E00162704,507,270,237,53.25443786982249,46.74556213017752
E00162705,479,259,220,54.07098121085595,45.92901878914405
E00166344,397,207,190,52.141057934508815,47.858942065491185
E00166345,281,138,143,49.11032028469751,50.88967971530249
E00166346,268,139,129,51.865671641791046,48.134328358208954
E00166347,291,157,134,53.95189003436426,46.04810996563574
E00166358,298,148,150,49.664429530201346,50.33557046979866
E00166367,339,159,180,46.902654867256636,53.09734513274337
E00162706,337,176,161,52.22551928783383,47.774480712166174
E00166355,333,176,157,52.85285285285285,47.147147147147145
E00166356,271,130,141,47.97047970479705,52.02952029520295
E00166366,257,135,122,52.52918287937744,47.47081712062256
E00166370,237,126,111,53.16455696202531,46.835443037974684
E00162716,292,162,130,55.47945205479452,44.52054794520548
E00162717,227,126,101,55.50660792951542,44.49339207048458
E00162718,332,166,166,50,50
E00162719,275,139,136,50.54545454545455,49.45454545454545
E00162723,267,130,137,48.68913857677903,51.31086142322098
E00162715,216,107,109,49.53703703703704,50.46296296296296
E00162721,296,150,146,50.67567567567568,49.32432432432432
E00184178,527,262,265,49.71537001897533,50.284629981024665
E00184200,299,147,152,49.163879598662206,50.836120401337794
E00184209,146,76,70,52.054794520547944,47.94520547945205
E00184307,359,189,170,52.64623955431755,47.353760445682454
E00162724,306,150,156,49.01960784313725,50.98039215686274
E00162725,264,133,131,50.378787878787875,49.621212121212125
E00162726,260,134,126,51.53846153846153,48.46153846153846
E00162727,449,239,210,53.229398663697104,46.770601336302896
E00162728,351,181,170,51.566951566951566,48.433048433048434
E00162729,347,173,174,49.85590778097983,50.14409221902017
E00162730,285,147,138,51.578947368421055,48.421052631578945
E00162709,284,158,126,55.633802816901415,44.36619718309859
E00162710,264,139,125,52.65151515151515,47.34848484848485
E00162711,192,104,88,54.166666666666664,45.83333333333333
E00162713,237,117,120,49.36708860759494,50.63291139240506
E00184241,241,137,104,56.84647302904564,43.15352697095436
E00162708,311,154,157,49.51768488745981,50.482315112540185
E00162712,281,152,129,54.092526690391466,45.90747330960854
E00162714,226,117,109,51.76991150442478,48.23008849557522
E00184212,423,205,218,48.46335697399527,51.536643026004725
E00162649,267,137,130,51.31086142322098,48.68913857677903
E00162650,276,145,131,52.53623188405797,47.46376811594203
E00162652,298,153,145,51.34228187919463,48.65771812080537
E00162653,273,129,144,47.25274725274725,52.74725274725275
E00162660,302,158,144,52.317880794701985,47.682119205298015
E00162654,311,153,158,49.19614147909968,50.80385852090033
E00162655,367,182,185,49.59128065395095,50.40871934604905
E00162661,328,169,159,51.52439024390244,48.47560975609756
E00166353,297,152,145,51.178451178451176,48.821548821548824
E00166354,227,111,116,48.89867841409692,51.10132158590308
E00184182,428,205,223,47.89719626168225,52.10280373831776
E00184222,306,150,156,49.01960784313725,50.98039215686274
E00184238,213,107,106,50.23474178403756,49.76525821596244
E00162651,339,187,152,55.16224188790561,44.83775811209439
E00162656,441,228,213,51.70068027210885,48.29931972789115
E00162657,271,137,134,50.55350553505535,49.44649446494465
E00162658,367,194,173,52.86103542234333,47.13896457765668
E00162659,351,175,176,49.85754985754986,50.142450142450144
E00162844,305,155,150,50.81967213114754,49.18032786885246
E00162848,332,174,158,52.40963855421686,47.59036144578313
E00162849,317,165,152,52.05047318611987,47.94952681388013
E00162850,336,170,166,50.595238095238095,49.404761904761905
E00162843,356,183,173,51.40449438202247,48.59550561797753
E00162846,277,138,139,49.81949458483754,50.18050541516246
E00162847,286,142,144,49.65034965034965,50.349650349650354
E00184151,492,194,298,39.43089430894309,60.56910569105691
E00162851,302,155,147,51.324503311258276,48.675496688741724
E00162856,231,125,106,54.112554112554115,45.887445887445885
E00162858,308,168,140,54.54545454545454,45.45454545454545
E00162859,268,138,130,51.49253731343284,48.507462686567166
E00162863,312,172,140,55.12820512820513,44.871794871794876
E00184145,320,159,161,49.6875,50.31250000000001
E00184146,171,80,91,46.783625730994146,53.216374269005854
E00162853,189,100,89,52.910052910052904,47.08994708994709
E00162854,255,130,125,50.98039215686274,49.01960784313725
E00162855,272,137,135,50.36764705882353,49.63235294117647
E00162857,375,192,183,51.2,48.8
E00162866,207,101,106,48.792270531400966,51.20772946859904
E00162867,270,155,115,57.407407407407405,42.592592592592595
E00162860,314,170,144,54.14012738853503,45.85987261146497
E00162861,294,151,143,51.36054421768708,48.63945578231292
E00162862,343,182,161,53.06122448979592,46.93877551020408
E00162864,276,144,132,52.17391304347826,47.82608695652174
E00162865,582,299,283,51.37457044673539,48.6254295532646
E00162906,431,229,202,53.1322505800464,46.8677494199536
E00162907,435,191,244,43.9080459770115,56.09195402298851
E00162908,497,252,245,50.70422535211267,49.29577464788733
E00162909,400,206,194,51.5,48.5
E00162905,239,123,116,51.46443514644351,48.53556485355649
E00162910,342,175,167,51.16959064327485,48.83040935672515
E00162911,301,159,142,52.823920265780735,47.176079734219265
E00162912,457,223,234,48.796498905908095,51.203501094091905
E00162955,268,147,121,54.850746268656714,45.149253731343286
E00162957,325,162,163,49.84615384615385,50.153846153846146
E00162958,315,170,145,53.96825396825397,46.03174603174603
E00162959,209,106,103,50.717703349282296,49.282296650717704
E00162962,292,147,145,50.34246575342466,49.65753424657534
E00162963,317,164,153,51.73501577287066,48.26498422712934
E00162964,254,141,113,55.51181102362205,44.48818897637795
E00162965,366,186,180,50.81967213114754,49.18032786885246
E00162953,441,227,214,51.47392290249433,48.52607709750567
E00162956,267,140,127,52.43445692883895,47.565543071161045
E00162960,308,163,145,52.922077922077925,47.07792207792208
E00162961,272,139,133,51.10294117647059,48.89705882352941
E00166441,333,176,157,52.85285285285285,47.147147147147145
E00166442,288,158,130,54.861111111111114,45.13888888888889
E00166443,348,184,164,52.87356321839081,47.12643678160919
E00166448,248,128,120,51.61290322580645,48.38709677419355
E00166449,289,166,123,57.43944636678201,42.56055363321799
E00163132,622,196,426,31.511254019292608,68.48874598070739
E00163136,334,165,169,49.40119760479042,50.59880239520959
E00163137,353,179,174,50.70821529745042,49.29178470254957
E00184177,616,315,301,51.13636363636363,48.86363636363637
E00184179,615,219,396,35.609756097560975,64.39024390243902
E00184196,244,123,121,50.409836065573764,49.59016393442623
E00163354,349,195,154,55.873925501432666,44.126074498567334
E00163356,344,177,167,51.45348837209303,48.54651162790697
E00163358,402,201,201,50,50
E00163359,301,158,143,52.49169435215947,47.50830564784053
E00163364,220,113,107,51.36363636363637,48.63636363636364
E00163142,131,66,65,50.38167938931297,49.61832061068702
E00163353,327,160,167,48.92966360856269,51.07033639143731
E00163355,328,176,152,53.65853658536586,46.34146341463415
E00163357,161,74,87,45.962732919254655,54.037267080745345
E00163363,331,168,163,50.755287009063444,49.244712990936556
E00166430,173,85,88,49.13294797687861,50.86705202312138
E00166431,315,115,200,36.507936507936506,63.49206349206349
E00184156,538,264,274,49.07063197026022,50.92936802973978
E00163179,513,186,327,36.25730994152047,63.74269005847953
E00166419,267,115,152,43.07116104868914,56.92883895131086
E00184261,607,113,494,18.616144975288304,81.38385502471169
E00184319,534,265,269,49.62546816479401,50.37453183520599
E00163185,487,240,247,49.28131416837782,50.71868583162218
E00166420,224,117,107,52.23214285714286,47.767857142857146
E00166421,201,96,105,47.76119402985074,52.23880597014925
E00184169,153,75,78,49.01960784313725,50.98039215686274
E00184216,281,129,152,45.90747330960854,54.092526690391466
E00163130,302,147,155,48.675496688741724,51.324503311258276
E00163133,272,138,134,50.73529411764706,49.26470588235294
E00163135,294,148,146,50.34013605442177,49.65986394557823
E00163138,286,143,143,50,50
E00184239,382,187,195,48.952879581151834,51.047120418848166
E00184325,580,285,295,49.137931034482754,50.86206896551724
E00163181,285,142,143,49.824561403508774,50.175438596491226
E00163183,282,142,140,50.35460992907801,49.645390070921984
E00163184,299,147,152,49.163879598662206,50.836120401337794
E00163191,270,132,138,48.888888888888886,51.11111111111111
E00163196,299,149,150,49.83277591973244,50.16722408026756
E00163177,267,133,134,49.812734082397,50.187265917603
E00163180,221,120,101,54.29864253393665,45.70135746606335
E00163188,312,156,156,50,50
E00163193,288,150,138,52.083333333333336,47.91666666666667
E00163194,263,132,131,50.19011406844106,49.80988593155893
E00163187,283,143,140,50.53003533568905,49.46996466431096
E00163190,291,153,138,52.57731958762887,47.42268041237113
E00163192,412,209,203,50.728155339805824,49.271844660194176
E00163195,293,144,149,49.14675767918089,50.85324232081911
E00184204,283,134,149,47.349823321554766,52.65017667844523
E00184295,353,174,179,49.29178470254957,50.70821529745042
E00184331,482,237,245,49.1701244813278,50.829875518672196
E00163071,142,72,70,50.70422535211267,49.29577464788733
E00163073,158,81,77,51.26582278481012,48.734177215189874
E00163074,312,151,161,48.3974358974359,51.60256410256411
E00163076,259,138,121,53.28185328185329,46.71814671814672
E00163077,180,88,92,48.888888888888886,51.11111111111111
E00163079,261,135,126,51.724137931034484,48.275862068965516
E00163075,287,163,124,56.79442508710801,43.20557491289199
E00163078,337,174,163,51.632047477744806,48.367952522255194
E00163080,338,172,166,50.887573964497044,49.112426035502956
E00163081,274,152,122,55.47445255474452,44.52554744525548
E00163064,265,130,135,49.056603773584904,50.943396226415096
E00163068,309,159,150,51.45631067961165,48.54368932038835
E00163069,241,122,119,50.62240663900415,49.37759336099585
E00166390,266,116,150,43.609022556390975,56.390977443609025
E00184256,565,290,275,51.32743362831859,48.67256637168141
E00184271,221,112,109,50.678733031674206,49.321266968325794
E00184296,236,116,120,49.152542372881356,50.847457627118644
E00184316,291,151,140,51.890034364261176,48.10996563573883
E00163065,490,253,237,51.63265306122449,48.36734693877551
E00163067,263,127,136,48.28897338403042,51.71102661596958
E00163082,258,128,130,49.6124031007752,50.3875968992248
E00163085,279,152,127,54.48028673835126,45.51971326164875
E00163087,324,155,169,47.839506172839506,52.160493827160494
E00163088,319,182,137,57.05329153605015,42.94670846394985
E00163089,336,174,162,51.78571428571429,48.214285714285715
E00163090,264,127,137,48.10606060606061,51.89393939393939
E00163091,168,89,79,52.976190476190474,47.023809523809526
E00163092,444,225,219,50.67567567567568,49.32432432432432
E00163093,244,128,116,52.459016393442624,47.540983606557376
E00163094,296,152,144,51.35135135135135,48.64864864864865
E00163066,244,121,123,49.59016393442623,50.409836065573764
E00163083,265,126,139,47.54716981132076,52.45283018867924
E00163084,297,147,150,49.494949494949495,50.505050505050505
E00163086,235,115,120,48.93617021276596,51.06382978723404
E00166391,512,240,272,46.875,53.125
E00166388,303,149,154,49.17491749174918,50.82508250825083
E00166393,324,159,165,49.074074074074076,50.92592592592593
E00166395,327,176,151,53.822629969418955,46.17737003058104
E00184272,172,93,79,54.06976744186046,45.93023255813954
E00184285,185,97,88,52.43243243243243,47.56756756756757
E00184162,596,296,300,49.664429530201346,50.33557046979866
E00184202,625,333,292,53.28000000000001,46.72
E00184265,113,60,53,53.09734513274337,46.902654867256636
E00184309,170,80,90,47.05882352941176,52.94117647058824
E00163276,392,215,177,54.8469387755102,45.1530612244898
E00163277,344,180,164,52.32558139534884,47.674418604651166
E00163278,356,185,171,51.96629213483146,48.03370786516854
E00163279,347,171,176,49.279538904899134,50.720461095100866
E00163280,105,59,46,56.19047619047619,43.80952380952381
E00163281,254,129,125,50.78740157480315,49.21259842519685
E00163282,233,123,110,52.78969957081545,47.21030042918455
E00163381,222,111,111,50,50
E00163385,302,142,160,47.019867549668874,52.980132450331126
E00163387,323,165,158,51.08359133126935,48.91640866873065
E00163388,264,129,135,48.86363636363637,51.13636363636363
E00163389,300,152,148,50.66666666666667,49.333333333333336
E00163396,121,60,61,49.586776859504134,50.413223140495866
E00163382,275,151,124,54.90909090909091,45.09090909090909
E00163383,208,103,105,49.519230769230774,50.480769230769226
E00163384,290,152,138,52.41379310344828,47.58620689655172
E00163386,242,123,119,50.82644628099173,49.17355371900827
E00163391,359,182,177,50.69637883008357,49.30362116991643
E00163390,293,154,139,52.55972696245734,47.44027303754266
E00163392,350,175,175,50,50
E00163393,319,172,147,53.91849529780565,46.08150470219436
E00163394,293,136,157,46.41638225255973,53.58361774744027
E00163395,200,103,97,51.5,48.5
E00163255,325,169,156,52,48
E00163256,335,170,165,50.74626865671642,49.25373134328358
E00163258,311,148,163,47.58842443729904,52.41157556270096
E00163260,322,169,153,52.484472049689444,47.51552795031056
E00163261,321,167,154,52.024922118380054,47.97507788161994
E00163262,157,79,78,50.318471337579616,49.681528662420384
E00184153,363,195,168,53.71900826446281,46.28099173553719
E00163399,360,190,170,52.77777777777778,47.22222222222222
E00163401,285,150,135,52.63157894736842,47.368421052631575
E00163403,299,136,163,45.48494983277592,54.515050167224075
E00163404,373,195,178,52.27882037533512,47.72117962466488
E00163411,348,177,171,50.86206896551724,49.137931034482754
E00163397,313,162,151,51.75718849840255,48.242811501597444
E00163398,328,165,163,50.30487804878049,49.69512195121951
E00163402,278,147,131,52.87769784172662,47.122302158273385
E00163409,195,110,85,56.41025641025641,43.58974358974359
E00163410,320,160,160,50,50
E00163400,303,165,138,54.45544554455446,45.54455445544555
E00163405,430,216,214,50.23255813953489,49.76744186046512
E00163406,241,119,122,49.37759336099585,50.62240663900415
E00163407,247,131,116,53.036437246963565,46.963562753036435
E00163408,290,158,132,54.48275862068965,45.51724137931035
E00163115,287,148,139,51.56794425087108,48.43205574912892
E00163121,310,154,156,49.67741935483871,50.32258064516129
E00163127,589,302,287,51.273344651952456,48.72665534804754
E00184164,184,112,72,60.86956521739131,39.130434782608695
E00184263,186,90,96,48.38709677419355,51.61290322580645
E00184264,594,309,285,52.02020202020202,47.97979797979798
E00184299,327,166,161,50.764525993883794,49.235474006116206
E00184317,337,182,155,54.00593471810089,45.99406528189911
E00163122,312,163,149,52.243589743589745,47.756410256410255
E00163123,294,167,127,56.80272108843537,43.197278911564624
E00163124,329,178,151,54.1033434650456,45.8966565349544
E00163125,389,190,199,48.84318766066838,51.156812339331616
E00163116,256,119,137,46.484375,53.515625
E00163117,227,118,109,51.98237885462555,48.01762114537445
E00163118,222,118,104,53.153153153153156,46.846846846846844
E00163119,263,133,130,50.57034220532319,49.42965779467681
E00163120,257,128,129,49.80544747081712,50.19455252918288
E00163300,331,162,169,48.94259818731118,51.057401812688816
E00163302,337,177,160,52.52225519287834,47.47774480712167
E00163312,242,131,111,54.132231404958674,45.867768595041326
E00163316,284,144,140,50.70422535211267,49.29577464788733
E00163318,313,166,147,53.03514376996805,46.96485623003195
E00163105,268,134,134,50,50
E00163106,287,148,139,51.56794425087108,48.43205574912892
E00163107,327,175,152,53.51681957186545,46.48318042813456
E00163108,318,161,157,50.62893081761006,49.37106918238994
E00184236,291,156,135,53.608247422680414,46.391752577319586
E00184253,558,289,269,51.792114695340494,48.2078853046595
E00184274,159,73,86,45.911949685534594,54.088050314465406
E00184310,479,243,236,50.73068893528184,49.26931106471816
E00163097,251,124,127,49.40239043824701,50.59760956175299
E00163102,324,164,160,50.617283950617285,49.382716049382715
E00163111,352,178,174,50.56818181818182,49.43181818181818
E00163112,318,159,159,50,50
E00163114,329,172,157,52.27963525835866,47.72036474164133
E00163096,255,129,126,50.588235294117645,49.411764705882355
E00163100,319,166,153,52.03761755485894,47.96238244514107
E00163101,269,149,120,55.39033457249071,44.60966542750929
E00163109,258,125,133,48.44961240310077,51.55038759689923
E00163110,312,156,156,50,50
E00163095,277,132,145,47.65342960288809,52.34657039711191
E00163098,289,150,139,51.903114186851205,48.09688581314879
E00163099,285,154,131,54.03508771929825,45.96491228070175
E00163113,378,201,177,53.17460317460318,46.82539682539682
E00184218,466,230,236,49.35622317596567,50.64377682403433
E00184259,253,122,131,48.22134387351779,51.77865612648221
E00163308,295,151,144,51.186440677966104,48.8135593220339
E00163309,327,165,162,50.45871559633027,49.54128440366973
E00163311,400,202,198,50.5,49.5
E00163313,339,166,173,48.96755162241888,51.03244837758112
E00163314,223,121,102,54.26008968609865,45.73991031390135
E00163301,370,201,169,54.32432432432432,45.67567567567568
E00163310,349,199,150,57.02005730659025,42.97994269340974
E00163315,198,111,87,56.060606060606055,43.93939393939394
E00163317,271,142,129,52.398523985239855,47.601476014760145
E00163319,244,124,120,50.81967213114754,49.18032786885246
E00163303,355,197,158,55.49295774647888,44.50704225352113
E00163304,334,170,164,50.898203592814376,49.101796407185624
E00163305,287,155,132,54.00696864111498,45.99303135888502
E00163306,230,132,98,57.391304347826086,42.608695652173914
E00163307,270,138,132,51.11111111111111,48.888888888888886
E00163339,284,143,141,50.352112676056336,49.647887323943664
E00163342,308,168,140,54.54545454545454,45.45454545454545
E00163344,229,112,117,48.90829694323144,51.09170305676856
E00163345,269,140,129,52.04460966542751,47.95539033457249
E00163347,309,149,160,48.22006472491909,51.7799352750809
E00163143,261,145,116,55.55555555555556,44.44444444444444
E00163144,217,112,105,51.61290322580645,48.38709677419355
E00163145,239,126,113,52.719665271966534,47.28033472803347
E00163146,362,184,178,50.82872928176796,49.171270718232044
E00163147,418,217,201,51.91387559808612,48.08612440191388
E00163148,237,124,113,52.320675105485236,47.67932489451477
E00163149,217,106,111,48.8479262672811,51.1520737327189
E00163222,138,67,71,48.55072463768116,51.449275362318836
E00163223,185,93,92,50.27027027027027,49.72972972972973
E00163224,297,147,150,49.494949494949495,50.505050505050505
E00163226,420,213,207,50.71428571428571,49.28571428571429
E00163228,139,65,74,46.76258992805755,53.23741007194245
E00163229,264,135,129,51.13636363636363,48.86363636363637
E00166465,401,207,194,51.6209476309227,48.37905236907731
E00184152,437,216,221,49.4279176201373,50.57208237986271
E00163352,137,69,68,50.36496350364964,49.63503649635037
E00163360,259,130,129,50.19305019305019,49.80694980694981
E00163361,263,137,126,52.09125475285171,47.90874524714829
E00163362,242,124,118,51.2396694214876,48.760330578512395
E00163365,417,228,189,54.67625899280576,45.32374100719424
E00163414,337,183,154,54.3026706231454,45.6973293768546
E00163416,235,116,119,49.361702127659576,50.638297872340424
E00163420,257,136,121,52.918287937743195,47.081712062256805
E00163424,235,131,104,55.74468085106383,44.25531914893617
E00163426,258,130,128,50.3875968992248,49.6124031007752
E00163418,269,142,127,52.78810408921933,47.21189591078067
E00163422,212,118,94,55.660377358490564,44.339622641509436
E00163423,289,158,131,54.67128027681662,45.32871972318339
E00163425,179,86,93,48.04469273743017,51.955307262569825
E00184187,141,77,64,54.60992907801418,45.39007092198582
E00184210,138,79,59,57.2463768115942,42.7536231884058
E00184267,519,260,259,50.09633911368015,49.90366088631985
E00184332,368,181,187,49.184782608695656,50.815217391304344
E00163412,141,69,72,48.93617021276596,51.06382978723404
E00163413,392,210,182,53.57142857142857,46.42857142857143
E00163415,264,138,126,52.27272727272727,47.72727272727273
E00163417,379,199,180,52.5065963060686,47.4934036939314
E00163421,225,126,99,56.00000000000001,44
E00163207,348,167,181,47.98850574712644,52.01149425287356
E00163209,299,156,143,52.17391304347826,47.82608695652174
E00163210,246,112,134,45.52845528455284,54.47154471544715
E00163213,325,157,168,48.30769230769231,51.69230769230769
E00163215,253,139,114,54.9407114624506,45.059288537549406
E00163211,285,146,139,51.2280701754386,48.771929824561404
E00163214,239,109,130,45.60669456066946,54.39330543933054
E00163216,207,104,103,50.24154589371981,49.75845410628019
E00163217,303,147,156,48.51485148514851,51.48514851485149
E00163218,285,138,147,48.421052631578945,51.578947368421055
E00163204,278,147,131,52.87769784172662,47.122302158273385
E00163205,299,153,146,51.17056856187291,48.82943143812709
E00163206,342,170,172,49.707602339181285,50.29239766081871
E00163208,249,116,133,46.58634538152611,53.41365461847389
E00163212,352,186,166,52.84090909090909,47.159090909090914
E00163219,251,129,122,51.39442231075697,48.60557768924303
E00163340,290,131,159,45.17241379310345,54.82758620689655
E00163343,304,157,147,51.64473684210527,48.35526315789473
E00163346,253,119,134,47.03557312252965,52.96442687747036
E00163348,251,129,122,51.39442231075697,48.60557768924303
E00163349,234,125,109,53.41880341880342,46.58119658119658
E00163350,275,141,134,51.272727272727266,48.72727272727273
E00163351,221,120,101,54.29864253393665,45.70135746606335
E00166382,150,78,72,52,48
E00166386,199,92,107,46.231155778894475,53.768844221105525
E00166387,168,83,85,49.404761904761905,50.595238095238095
E00163284,237,126,111,53.16455696202531,46.835443037974684
E00163290,299,164,135,54.84949832775919,45.1505016722408
E00163292,175,107,68,61.142857142857146,38.857142857142854
E00163295,330,157,173,47.57575757575758,52.42424242424243
E00163296,314,168,146,53.503184713375795,46.496815286624205
E00163297,246,140,106,56.91056910569105,43.08943089430895
E00163299,291,159,132,54.63917525773196,45.36082474226804
E00163283,209,99,110,47.368421052631575,52.63157894736842
E00163285,269,134,135,49.814126394052046,50.18587360594795
E00163286,231,110,121,47.61904761904761,52.38095238095239
E00163293,340,168,172,49.411764705882355,50.588235294117645
E00163298,246,133,113,54.0650406504065,45.9349593495935
E00163287,271,135,136,49.815498154981555,50.184501845018445
E00163288,266,136,130,51.127819548872175,48.87218045112782
E00163289,274,152,122,55.47445255474452,44.52554744525548
E00163291,235,132,103,56.17021276595745,43.829787234042556
E00163294,278,148,130,53.23741007194245,46.76258992805755
E00163320,357,207,150,57.98319327731093,42.016806722689076
E00163323,293,145,148,49.48805460750853,50.51194539249146
E00163324,247,129,118,52.226720647773284,47.77327935222672
E00163328,221,110,111,49.7737556561086,50.2262443438914
E00163331,236,112,124,47.45762711864407,52.54237288135594
E00163338,295,159,136,53.898305084745765,46.101694915254235
E00163197,452,262,190,57.9646017699115,42.0353982300885
E00163198,240,129,111,53.75,46.25
E00163199,217,108,109,49.76958525345622,50.23041474654379
E00163200,200,96,104,48,52
E00163201,492,252,240,51.21951219512195,48.78048780487805
E00163202,320,177,143,55.3125,44.6875
E00163203,240,122,118,50.83333333333333,49.166666666666664
E00163268,193,109,84,56.476683937823836,43.523316062176164
E00163269,246,125,121,50.81300813008131,49.1869918699187
E00163270,332,177,155,53.31325301204819,46.68674698795181
E00163272,276,143,133,51.81159420289855,48.188405797101446
E00163273,309,178,131,57.60517799352751,42.394822006472495
E00163274,211,108,103,51.18483412322274,48.81516587677725
E00163275,225,123,102,54.666666666666664,45.33333333333333
E00184191,458,237,221,51.7467248908297,48.25327510917031
E00184220,274,140,134,51.09489051094891,48.9051094890511
E00184235,515,269,246,52.23300970873787,47.76699029126213
E00184252,120,67,53,55.833333333333336,44.166666666666664
E00163266,396,201,195,50.75757575757576,49.24242424242424
E00184170,586,314,272,53.58361774744027,46.41638225255973
E00184189,174,90,84,51.724137931034484,48.275862068965516
E00184245,400,202,198,50.5,49.5
E00166385,380,195,185,51.31578947368421,48.68421052631579
E00184167,468,230,238,49.14529914529914,50.85470085470085
E00184311,417,215,202,51.55875299760192,48.44124700239808
E00184313,219,113,106,51.598173515981735,48.401826484018265
E00163263,259,126,133,48.64864864864865,51.35135135135135
E00163265,326,173,153,53.06748466257669,46.93251533742331
E00163267,140,67,73,47.85714285714286,52.142857142857146
E00163271,409,218,191,53.30073349633252,46.69926650366748
E00163245,245,122,123,49.795918367346935,50.204081632653065
E00163246,247,129,118,52.226720647773284,47.77327935222672
E00163247,238,127,111,53.36134453781513,46.63865546218487
E00163248,195,91,104,46.666666666666664,53.333333333333336
E00163253,290,141,149,48.62068965517241,51.37931034482759
E00163254,277,148,129,53.42960288808665,46.57039711191336
E00163242,318,164,154,51.57232704402516,48.42767295597484
E00163243,235,129,106,54.8936170212766,45.1063829787234
E00163244,245,123,122,50.204081632653065,49.795918367346935
E00163249,206,110,96,53.398058252427184,46.601941747572816
E00163250,231,118,113,51.082251082251084,48.917748917748916
E00163251,277,143,134,51.624548736462096,48.375451263537904
E00163252,285,147,138,51.578947368421055,48.421052631578945
E00163322,327,160,167,48.92966360856269,51.07033639143731
E00163330,211,125,86,59.241706161137444,40.758293838862556
E00163332,237,110,127,46.41350210970464,53.58649789029536
E00163333,271,148,123,54.61254612546126,45.38745387453875
E00163334,147,89,58,60.544217687074834,39.455782312925166
E00163335,211,122,89,57.81990521327014,42.18009478672986
E00163336,342,167,175,48.83040935672515,51.16959064327485
E00163233,303,168,135,55.44554455445545,44.554455445544555
E00163234,292,148,144,50.68493150684932,49.31506849315068
E00163235,297,149,148,50.16835016835017,49.831649831649834
E00163238,408,227,181,55.63725490196079,44.36274509803921
E00163232,283,149,134,52.65017667844523,47.349823321554766
E00163236,327,168,159,51.37614678899083,48.62385321100918
E00163240,303,156,147,51.48514851485149,48.51485148514851
E00163241,299,166,133,55.51839464882943,44.481605351170565
E00163230,255,135,120,52.94117647058824,47.05882352941176
E00163231,324,157,167,48.45679012345679,51.54320987654321
E00163239,274,138,136,50.36496350364964,49.63503649635037
E00184260,295,150,145,50.847457627118644,49.152542372881356
E00184270,462,239,223,51.73160173160173,48.268398268398265
E00184334,108,48,60,44.44444444444444,55.55555555555556
E00163321,274,124,150,45.25547445255474,54.74452554744526
E00163325,387,192,195,49.6124031007752,50.3875968992248
E00163326,240,125,115,52.083333333333336,47.91666666666667
E00163327,424,234,190,55.188679245283026,44.81132075471698
E00163329,259,138,121,53.28185328185329,46.71814671814672
E00163337,233,110,123,47.21030042918455,52.78969957081545
E00163045,381,204,177,53.54330708661418,46.45669291338583
E00163047,323,159,164,49.22600619195047,50.77399380804953
E00163048,347,187,160,53.89048991354467,46.10951008645533
E00163049,311,167,144,53.69774919614147,46.30225080385852
E00163051,281,143,138,50.88967971530249,49.11032028469751
E00163046,329,179,150,54.40729483282675,45.59270516717325
E00163050,313,162,151,51.75718849840255,48.242811501597444
E00163052,316,164,152,51.89873417721519,48.10126582278481
E00163053,242,123,119,50.82644628099173,49.17355371900827
E00163060,333,180,153,54.054054054054056,45.94594594594595
E00163061,422,216,206,51.18483412322274,48.81516587677725
E00163062,362,180,182,49.72375690607735,50.27624309392266
E00163063,432,221,211,51.157407407407405,48.842592592592595
E00163427,340,162,178,47.647058823529406,52.352941176470594
E00163428,282,143,139,50.70921985815603,49.29078014184397
E00163429,239,121,118,50.627615062761514,49.37238493723849
E00163430,250,129,121,51.6,48.4
E00163433,481,236,245,49.064449064449065,50.935550935550935
E00163434,351,175,176,49.85754985754986,50.142450142450144
E00163431,240,125,115,52.083333333333336,47.91666666666667
E00163432,258,133,125,51.55038759689923,48.44961240310077
E00163435,249,135,114,54.21686746987952,45.78313253012048
E00163436,367,175,192,47.68392370572207,52.31607629427793
E00163437,298,157,141,52.68456375838926,47.31543624161073
E00163438,298,153,145,51.34228187919463,48.65771812080537
E00163150,426,209,217,49.06103286384976,50.93896713615024
E00163151,259,134,125,51.737451737451735,48.26254826254826
E00163152,154,72,82,46.75324675324675,53.246753246753244
E00163153,244,110,134,45.08196721311475,54.91803278688525
E00163154,268,135,133,50.373134328358205,49.62686567164179
E00163155,254,134,120,52.75590551181102,47.24409448818898
E00163156,292,145,147,49.65753424657534,50.34246575342466
E00163157,112,56,56,50,50
E00163366,116,61,55,52.58620689655172,47.41379310344828
E00163374,283,163,120,57.59717314487632,42.40282685512368
E00163376,376,199,177,52.92553191489362,47.07446808510639
E00163379,255,134,121,52.54901960784314,47.45098039215686
E00163380,324,173,151,53.39506172839506,46.60493827160494
E00163372,449,232,217,51.67037861915368,48.329621380846326
E00163373,382,189,193,49.47643979057592,50.523560209424076
E00163375,261,134,127,51.34099616858238,48.65900383141762
E00163377,262,141,121,53.81679389312977,46.18320610687023
E00163378,309,166,143,53.72168284789643,46.27831715210356
E00163367,216,113,103,52.31481481481482,47.68518518518518
E00163368,245,120,125,48.97959183673469,51.02040816326531
E00163369,255,134,121,52.54901960784314,47.45098039215686
E00163370,243,116,127,47.73662551440329,52.2633744855967
E00163371,178,90,88,50.56179775280899,49.43820224719101
E00163054,363,177,186,48.760330578512395,51.2396694214876
E00163055,265,131,134,49.43396226415094,50.56603773584906
E00163056,356,178,178,50,50
E00163057,229,116,113,50.65502183406113,49.34497816593886
E00163058,302,157,145,51.98675496688742,48.01324503311258
E00163059,345,168,177,48.69565217391305,51.30434782608696
E00163169,332,171,161,51.50602409638554,48.493975903614455
E00163170,300,136,164,45.33333333333333,54.666666666666664
E00163172,286,150,136,52.44755244755245,47.55244755244755
E00163175,304,158,146,51.973684210526315,48.026315789473685
E00163176,240,121,119,50.416666666666664,49.583333333333336
E00163158,278,143,135,51.438848920863315,48.561151079136685
E00163163,277,148,129,53.42960288808665,46.57039711191336
E00163164,281,151,130,53.736654804270465,46.263345195729535
E00163165,297,150,147,50.505050505050505,49.494949494949495
E00163166,292,150,142,51.369863013698634,48.63013698630137
E00163168,345,176,169,51.01449275362319,48.98550724637681
E00163171,354,194,160,54.80225988700565,45.19774011299435
E00163173,302,155,147,51.324503311258276,48.675496688741724
E00163174,319,173,146,54.2319749216301,45.76802507836991
E00163159,307,156,151,50.814332247557005,49.185667752442995
E00163160,551,299,252,54.264972776769504,45.73502722323049
E00163161,366,186,180,50.81967213114754,49.18032786885246
E00163162,347,180,167,51.873198847262245,48.126801152737755
E00163167,304,151,153,49.67105263157895,50.32894736842105
E00163534,243,129,114,53.086419753086425,46.913580246913575
E00163536,264,136,128,51.515151515151516,48.484848484848484
E00163540,439,228,211,51.93621867881549,48.063781321184514
E00163542,544,269,275,49.44852941176471,50.55147058823529
E00184279,113,57,56,50.442477876106196,49.557522123893804
E00184302,358,199,159,55.58659217877096,44.41340782122905
E00184304,266,141,125,53.00751879699248,46.99248120300752
E00163531,328,168,160,51.21951219512195,48.78048780487805
E00163532,323,159,164,49.22600619195047,50.77399380804953
E00163533,299,152,147,50.836120401337794,49.163879598662206
E00163535,378,194,184,51.32275132275132,48.67724867724868
E00163537,285,153,132,53.68421052631579,46.31578947368421
E00163539,372,175,197,47.043010752688176,52.956989247311824
E00163541,280,144,136,51.42857142857142,48.57142857142857
E00163545,346,180,166,52.02312138728323,47.97687861271676
E00163547,269,152,117,56.50557620817844,43.49442379182156
E00163587,293,130,163,44.36860068259386,55.631399317406135
E00163588,268,129,139,48.134328358208954,51.865671641791046
E00163593,268,137,131,51.11940298507462,48.88059701492538
E00163594,278,129,149,46.402877697841724,53.597122302158276
E00163595,297,144,153,48.484848484848484,51.515151515151516
E00163589,248,127,121,51.20967741935484,48.79032258064516
E00163590,214,123,91,57.476635514018696,42.523364485981304
E00163591,278,137,141,49.280575539568346,50.719424460431654
E00163592,561,293,268,52.22816399286988,47.771836007130126
E00163439,259,145,114,55.98455598455598,44.01544401544402
E00163440,238,127,111,53.36134453781513,46.63865546218487
E00163441,400,211,189,52.75,47.25
E00163442,395,207,188,52.40506329113924,47.59493670886076
E00163443,287,147,140,51.21951219512195,48.78048780487805
E00163444,283,148,135,52.29681978798587,47.70318021201413
E00163446,272,141,131,51.83823529411765,48.161764705882355
E00184172,455,247,208,54.285714285714285,45.714285714285715
E00184283,260,127,133,48.84615384615385,51.153846153846146
E00163507,299,155,144,51.83946488294314,48.16053511705686
E00163508,338,161,177,47.633136094674555,52.366863905325445
E00163509,236,118,118,50,50
E00163511,353,182,171,51.55807365439094,48.44192634560906
E00163571,519,262,257,50.481695568400774,49.51830443159923
E00163573,277,149,128,53.79061371841155,46.20938628158845
E00163574,200,97,103,48.5,51.5
E00163576,262,128,134,48.854961832061065,51.14503816793893
E00163577,267,135,132,50.56179775280899,49.43820224719101
E00163586,314,167,147,53.18471337579618,46.81528662420382
E00163578,280,140,140,50,50
E00163579,304,151,153,49.67105263157895,50.32894736842105
E00163580,301,155,146,51.49501661129568,48.50498338870432
E00163581,320,161,159,50.31250000000001,49.6875
E00166454,330,174,156,52.72727272727272,47.27272727272727
E00166456,365,184,181,50.41095890410959,49.589041095890416
E00163582,332,168,164,50.602409638554214,49.39759036144578
E00163584,158,83,75,52.53164556962025,47.46835443037975
E00184289,373,185,188,49.597855227882036,50.402144772117964
E00184293,363,180,183,49.586776859504134,50.413223140495866
E00184328,238,127,111,53.36134453781513,46.63865546218487
E00184176,189,109,80,57.67195767195767,42.32804232804233
E00184205,298,155,143,52.013422818791945,47.98657718120805
E00184221,526,277,249,52.661596958174904,47.338403041825096
E00184291,449,223,226,49.665924276169264,50.33407572383074
E00163570,279,134,145,48.028673835125446,51.971326164874554
E00166455,368,187,181,50.815217391304344,49.184782608695656
E00166461,302,146,156,48.34437086092716,51.65562913907284
E00184284,379,184,195,48.54881266490765,51.45118733509235
E00184288,369,182,187,49.32249322493225,50.67750677506775
E00163544,257,116,141,45.13618677042802,54.86381322957199
E00163546,302,151,151,50,50
E00163548,269,159,110,59.10780669144982,40.89219330855018
E00163549,548,289,259,52.737226277372265,47.262773722627735
E00184215,274,144,130,52.55474452554745,47.44525547445255
E00184301,263,128,135,48.669201520912544,51.33079847908745
E00163553,499,266,233,53.3066132264529,46.6933867735471
E00163555,313,169,144,53.99361022364217,46.00638977635783
E00163557,266,137,129,51.50375939849624,48.49624060150376
E00163559,301,156,145,51.82724252491694,48.17275747508305
E00163560,277,151,126,54.51263537906137,45.48736462093863
E00163554,303,151,152,49.834983498349835,50.165016501650165
E00163556,189,99,90,52.38095238095239,47.61904761904761
E00163562,237,122,115,51.47679324894515,48.52320675105485
E00163563,249,129,120,51.80722891566265,48.19277108433735
E00163566,448,222,226,49.55357142857143,50.44642857142857
E00163550,270,133,137,49.25925925925926,50.74074074074074
E00163551,247,124,123,50.20242914979757,49.797570850202426
E00163552,171,97,74,56.72514619883041,43.27485380116959
E00163558,289,151,138,52.24913494809689,47.75086505190311
E00163561,115,59,56,51.30434782608696,48.69565217391305
E00163565,289,136,153,47.05882352941176,52.94117647058824
E00163564,302,159,143,52.64900662251656,47.35099337748344
E00163567,303,152,151,50.165016501650165,49.834983498349835
E00163568,290,149,141,51.37931034482759,48.62068965517241
E00163569,328,158,170,48.170731707317074,51.829268292682926
E00163510,298,156,142,52.348993288590606,47.651006711409394
E00163512,289,149,140,51.55709342560554,48.44290657439446
E00163513,467,229,238,49.03640256959314,50.96359743040685
E00163514,300,152,148,50.66666666666667,49.333333333333336
E00163517,454,228,226,50.22026431718062,49.77973568281938
E00163518,501,237,264,47.30538922155689,52.69461077844312
E00163525,288,151,137,52.43055555555556,47.56944444444444
E00163526,279,145,134,51.971326164874554,48.028673835125446
E00163530,340,162,178,47.647058823529406,52.352941176470594
E00163515,310,143,167,46.12903225806452,53.87096774193548
E00163516,283,140,143,49.46996466431096,50.53003533568905
E00163524,213,118,95,55.39906103286385,44.60093896713615
E00163527,258,129,129,50,50
E00163528,294,145,149,49.31972789115646,50.68027210884354
E00163529,245,132,113,53.87755102040816,46.12244897959184
E00163519,274,151,123,55.1094890510949,44.89051094890511
E00163520,264,136,128,51.515151515151516,48.484848484848484
E00163521,127,69,58,54.330708661417326,45.66929133858268
E00163522,215,111,104,51.627906976744185,48.372093023255815
E00163523,248,129,119,52.016129032258064,47.983870967741936
E00163448,375,211,164,56.266666666666666,43.733333333333334
E00163449,343,175,168,51.02040816326531,48.97959183673469
E00163450,366,198,168,54.09836065573771,45.90163934426229
E00163455,401,213,188,53.11720698254364,46.88279301745636
E00163461,252,130,122,51.587301587301596,48.41269841269841
E00163447,240,116,124,48.333333333333336,51.66666666666667
E00163451,293,150,143,51.19453924914675,48.80546075085324
E00163453,336,182,154,54.166666666666664,45.83333333333333
E00163454,344,178,166,51.74418604651163,48.25581395348838
E00163456,354,184,170,51.9774011299435,48.0225988700565
E00163452,298,167,131,56.04026845637584,43.95973154362416
E00163457,245,125,120,51.02040816326531,48.97959183673469
E00163458,314,175,139,55.73248407643312,44.26751592356688
E00163459,321,171,150,53.271028037383175,46.728971962616825
E00163460,326,171,155,52.45398773006135,47.54601226993865
E00163469,254,133,121,52.362204724409445,47.63779527559055
E00163470,334,182,152,54.49101796407185,45.50898203592814
E00163472,314,160,154,50.955414012738856,49.044585987261144
E00163474,253,126,127,49.80237154150198,50.19762845849802
E00163475,248,129,119,52.016129032258064,47.983870967741936
E00163476,287,148,139,51.56794425087108,48.43205574912892
E00163462,276,142,134,51.449275362318836,48.55072463768116
E00163471,414,222,192,53.62318840579711,46.3768115942029
E00163473,302,166,136,54.966887417218544,45.033112582781456
E00163477,241,124,117,51.45228215767634,48.54771784232365
E00163478,347,179,168,51.5850144092219,48.414985590778095
E00163466,161,93,68,57.7639751552795,42.2360248447205
E00184232,174,92,82,52.87356321839081,47.12643678160919
E00184242,243,125,118,51.440329218106996,48.559670781893004
E00184276,244,130,114,53.278688524590166,46.72131147540984
E00184308,321,168,153,52.336448598130836,47.66355140186916
E00163464,192,98,94,51.041666666666664,48.95833333333333
E00163465,288,157,131,54.513888888888886,45.48611111111111
E00163467,305,160,145,52.459016393442624,47.540983606557376
E00163468,273,148,125,54.21245421245421,45.78754578754579
E00184231,126,69,57,54.761904761904766,45.23809523809524
E00163614,288,150,138,52.083333333333336,47.91666666666667
E00163615,541,273,268,50.46210720887245,49.53789279112754
E00163620,227,113,114,49.77973568281938,50.22026431718062
E00163621,178,93,85,52.24719101123596,47.752808988764045
E00163622,196,95,101,48.46938775510204,51.53061224489795
E00163623,333,161,172,48.348348348348345,51.651651651651655
E00163606,291,156,135,53.608247422680414,46.391752577319586
E00163610,317,161,156,50.78864353312302,49.21135646687697
E00163619,363,179,184,49.311294765840216,50.688705234159784
E00166334,312,162,150,51.92307692307693,48.07692307692308
E00166335,197,112,85,56.852791878172596,43.14720812182741
E00166336,201,99,102,49.25373134328358,50.74626865671642
E00166337,328,161,167,49.08536585365854,50.91463414634146
E00166404,218,114,104,52.293577981651374,47.706422018348626
E00166405,294,146,148,49.65986394557823,50.34013605442177
E00166411,333,169,164,50.750750750750754,49.249249249249246
E00163607,366,183,183,50,50
E00163609,239,118,121,49.37238493723849,50.627615062761514
E00163611,325,165,160,50.76923076923077,49.23076923076923
E00163612,306,161,145,52.614379084967325,47.385620915032675
E00163613,283,144,139,50.8833922261484,49.11660777385159
E00163608,466,231,235,49.57081545064378,50.42918454935622
E00163616,301,157,144,52.159468438538205,47.840531561461795
E00163618,360,176,184,48.888888888888886,51.11111111111111
E00184243,182,98,84,53.84615384615385,46.15384615384615
E00184280,204,110,94,53.92156862745098,46.07843137254902
E00184286,402,201,201,50,50
E00163650,362,168,194,46.408839779005525,53.591160220994475
E00163652,272,138,134,50.73529411764706,49.26470588235294
E00163654,309,166,143,53.72168284789643,46.27831715210356
E00163655,305,140,165,45.90163934426229,54.09836065573771
E00163656,342,175,167,51.16959064327485,48.83040935672515
E00163649,287,148,139,51.56794425087108,48.43205574912892
E00163657,373,185,188,49.597855227882036,50.402144772117964
E00163658,304,157,147,51.64473684210527,48.35526315789473
E00163659,349,172,177,49.28366762177651,50.71633237822349
E00163660,316,171,145,54.11392405063291,45.88607594936709
E00163662,227,114,113,50.22026431718062,49.77973568281938
E00163663,291,152,139,52.23367697594502,47.766323024054984
E00163661,301,165,136,54.81727574750831,45.182724252491695
E00163664,324,169,155,52.160493827160494,47.839506172839506
E00163665,372,194,178,52.1505376344086,47.8494623655914
E00166377,258,123,135,47.674418604651166,52.32558139534884
E00166378,272,120,152,44.11764705882353,55.88235294117647
E00184207,406,224,182,55.172413793103445,44.827586206896555
E00184335,141,67,74,47.5177304964539,52.4822695035461
E00163651,445,223,222,50.112359550561806,49.8876404494382
E00166375,293,137,156,46.75767918088737,53.242320819112635
E00166376,312,144,168,46.15384615384615,53.84615384615385
E00163728,289,144,145,49.82698961937716,50.17301038062284
E00163734,261,136,125,52.10727969348659,47.89272030651341
E00163743,255,142,113,55.68627450980392,44.31372549019608
E00184144,108,61,47,56.481481481481474,43.51851851851852
E00184154,591,318,273,53.80710659898477,46.192893401015226
E00184155,311,156,155,50.160771704180064,49.839228295819936
E00163724,273,162,111,59.34065934065934,40.65934065934066
E00163727,283,133,150,46.996466431095406,53.003533568904594
E00163731,306,151,155,49.34640522875817,50.65359477124183
E00163733,239,119,120,49.7907949790795,50.2092050209205
E00163736,269,130,139,48.3271375464684,51.6728624535316
E00163737,282,145,137,51.41843971631206,48.58156028368794
E00163738,328,166,162,50.609756097560975,49.390243902439025
E00163739,303,150,153,49.504950495049506,50.495049504950494
E00163740,311,161,150,51.76848874598071,48.231511254019296
E00163741,236,135,101,57.20338983050848,42.79661016949153
E00184180,398,202,196,50.753768844221106,49.246231155778894
E00184298,193,97,96,50.259067357512954,49.740932642487046
E00184320,587,285,302,48.55195911413969,51.4480408858603
E00184323,114,58,56,50.877192982456144,49.122807017543856
E00163723,293,153,140,52.218430034129696,47.781569965870304
E00163742,278,145,133,52.15827338129496,47.84172661870504
E00166406,406,197,209,48.52216748768473,51.47783251231527
E00166412,339,164,175,48.37758112094395,51.62241887905604
E00163729,481,224,257,46.56964656964657,53.43035343035343
E00166403,402,208,194,51.741293532338304,48.258706467661696
E00166413,205,106,99,51.707317073170735,48.292682926829265
E00166415,318,163,155,51.257861635220124,48.742138364779876
E00166338,208,101,107,48.55769230769231,51.442307692307686
E00184208,233,123,110,52.78969957081545,47.21030042918455
E00184234,199,105,94,52.76381909547738,47.23618090452261
E00184246,265,135,130,50.943396226415096,49.056603773584904
E00184268,589,313,276,53.140916808149406,46.859083191850594
E00163707,371,185,186,49.865229110512125,50.13477088948787
E00163709,447,231,216,51.67785234899329,48.322147651006716
E00163720,294,138,156,46.93877551020408,53.06122448979592
E00163721,417,214,203,51.3189448441247,48.6810551558753
E00163722,421,230,191,54.63182897862233,45.36817102137768
E00163708,290,155,135,53.44827586206896,46.55172413793103
E00163710,337,161,176,47.774480712166174,52.22551928783383
E00163711,264,139,125,52.65151515151515,47.34848484848485
E00163712,307,160,147,52.11726384364821,47.88273615635179
E00163713,360,189,171,52.5,47.5
E00163714,303,149,154,49.17491749174918,50.82508250825083
E00163715,393,208,185,52.926208651399484,47.07379134860051
E00163716,289,147,142,50.86505190311419,49.13494809688581
E00163717,290,151,139,52.06896551724138,47.93103448275862
E00163718,290,161,129,55.51724137931034,44.48275862068966
E00163719,356,181,175,50.84269662921348,49.157303370786515
E00163698,407,204,203,50.122850122850124,49.877149877149876
E00163701,296,152,144,51.35135135135135,48.64864864864865
E00163702,207,107,100,51.690821256038646,48.309178743961354
E00163703,272,138,134,50.73529411764706,49.26470588235294
E00163704,262,132,130,50.38167938931297,49.61832061068702
E00163686,322,156,166,48.4472049689441,51.5527950310559
E00163687,283,149,134,52.65017667844523,47.349823321554766
E00163689,324,148,176,45.67901234567901,54.32098765432099
E00163691,285,145,140,50.877192982456144,49.122807017543856
E00184217,247,136,111,55.06072874493927,44.93927125506073
E00184251,319,154,165,48.275862068965516,51.724137931034484
E00184290,317,163,154,51.419558359621455,48.580441640378545
E00184327,385,192,193,49.87012987012987,50.12987012987013
E00163692,295,150,145,50.847457627118644,49.152542372881356
E00163693,385,184,201,47.79220779220779,52.2077922077922
E00163695,276,146,130,52.89855072463768,47.10144927536232
E00163705,227,110,117,48.458149779735685,51.541850220264315
E00163706,327,155,172,47.40061162079511,52.59938837920489
E00166374,269,130,139,48.3271375464684,51.6728624535316
E00166379,350,178,172,50.857142857142854,49.142857142857146
E00166459,276,148,128,53.62318840579711,46.3768115942029
E00163694,472,253,219,53.60169491525424,46.39830508474576
E00163696,335,174,161,51.94029850746269,48.059701492537314
E00163697,345,173,172,50.14492753623189,49.85507246376812
E00163699,350,175,175,50,50
E00163700,283,147,136,51.9434628975265,48.0565371024735
E00163678,318,167,151,52.51572327044025,47.48427672955975
E00163679,303,163,140,53.79537953795379,46.2046204620462
E00163680,304,158,146,51.973684210526315,48.026315789473685
E00163681,235,117,118,49.787234042553195,50.212765957446805
E00163682,308,156,152,50.649350649350644,49.35064935064935
E00163668,283,131,152,46.28975265017668,53.71024734982333
E00163669,350,172,178,49.142857142857146,50.857142857142854
E00163683,257,125,132,48.63813229571984,51.36186770428015
E00163684,260,140,120,53.84615384615385,46.15384615384615
E00163685,293,136,157,46.41638225255973,53.58361774744027
E00163670,266,146,120,54.88721804511278,45.11278195488722
E00163671,295,148,147,50.16949152542372,49.83050847457628
E00163672,305,161,144,52.78688524590164,47.21311475409836
E00163673,289,159,130,55.017301038062286,44.982698961937714
E00163675,303,155,148,51.15511551155115,48.84488448844885
E00163667,440,232,208,52.72727272727272,47.27272727272727
E00163674,250,118,132,47.199999999999996,52.800000000000004
E00163676,236,105,131,44.49152542372881,55.50847457627118
E00163677,249,131,118,52.610441767068274,47.389558232931726
E00163491,400,198,202,49.5,50.5
E00163492,266,139,127,52.255639097744364,47.744360902255636
E00163493,295,151,144,51.186440677966104,48.8135593220339
E00163494,296,157,139,53.04054054054054,46.95945945945946
E00163495,203,94,109,46.30541871921182,53.69458128078818
E00163635,348,174,174,50,50
E00163636,261,132,129,50.57471264367817,49.42528735632184
E00163637,309,160,149,51.7799352750809,48.22006472491909
E00163638,309,152,157,49.19093851132686,50.80906148867314
E00163639,502,244,258,48.60557768924303,51.39442231075697
E00163640,392,196,196,50,50
E00163641,336,175,161,52.083333333333336,47.91666666666667
E00163642,278,147,131,52.87769784172662,47.122302158273385
E00163643,191,98,93,51.30890052356021,48.69109947643979
E00163644,434,222,212,51.1520737327189,48.8479262672811
E00163645,297,170,127,57.23905723905723,42.76094276094276
E00163647,305,149,156,48.85245901639344,51.147540983606554
E00166339,293,158,135,53.92491467576792,46.075085324232084
E00166340,212,107,105,50.47169811320755,49.528301886792455
E00166417,240,125,115,52.083333333333336,47.91666666666667
E00184213,231,132,99,57.14285714285714,42.857142857142854
E00184277,619,322,297,52.019386106623585,47.980613893376415
E00163485,249,134,115,53.81526104417671,46.1847389558233
E00163488,323,167,156,51.702786377708975,48.297213622291025
E00163496,296,153,143,51.689189189189186,48.310810810810814
E00166464,410,210,200,51.21951219512195,48.78048780487805
E00163484,328,166,162,50.609756097560975,49.390243902439025
E00163487,258,128,130,49.6124031007752,50.3875968992248
E00163490,390,211,179,54.1025641025641,45.8974358974359
E00163497,286,150,136,52.44755244755245,47.55244755244755
E00163498,274,141,133,51.45985401459854,48.54014598540146
E00163499,267,140,127,52.43445692883895,47.565543071161045
E00163502,133,67,66,50.37593984962406,49.62406015037594
E00163504,243,136,107,55.96707818930041,44.03292181069959
E00163505,235,124,111,52.76595744680851,47.23404255319149
E00163500,287,149,138,51.91637630662021,48.08362369337979
E00163501,343,174,169,50.72886297376093,49.27113702623907
E00163503,225,104,121,46.22222222222222,53.77777777777778
E00163506,481,250,231,51.975051975051976,48.024948024948024
E00163826,221,104,117,47.05882352941176,52.94117647058824
E00163827,330,163,167,49.3939393939394,50.60606060606061
E00163828,200,110,90,55.00000000000001,45
E00163831,492,260,232,52.84552845528455,47.15447154471545
E00163833,288,150,138,52.083333333333336,47.91666666666667
E00163840,440,220,220,50,50
E00163744,341,181,160,53.0791788856305,46.9208211143695
E00163758,311,173,138,55.62700964630225,44.37299035369775
E00163761,543,197,346,36.279926335174956,63.72007366482505
E00163770,335,163,172,48.656716417910445,51.34328358208955
E00163764,291,149,142,51.20274914089347,48.797250859106526
E00163765,249,138,111,55.42168674698795,44.57831325301205
E00163766,309,156,153,50.48543689320388,49.51456310679612
E00163767,270,142,128,52.59259259259259,47.40740740740741
E00163769,335,169,166,50.44776119402985,49.55223880597015
E00163748,462,207,255,44.8051948051948,55.1948051948052
E00163749,261,131,130,50.191570881226056,49.808429118773944
E00163751,225,115,110,51.11111111111111,48.888888888888886
E00163754,357,186,171,52.10084033613446,47.89915966386555
E00163745,340,163,177,47.94117647058824,52.05882352941177
E00163750,203,128,75,63.05418719211823,36.94581280788177
E00163752,262,136,126,51.908396946564885,48.091603053435115
E00163753,348,173,175,49.712643678160916,50.287356321839084
E00163760,141,76,65,53.90070921985816,46.09929078014184
E00163788,217,117,100,53.91705069124424,46.08294930875576
E00163789,342,170,172,49.707602339181285,50.29239766081871
E00163791,470,256,214,54.46808510638298,45.53191489361702
E00163794,279,148,131,53.04659498207885,46.95340501792115
E00184175,252,131,121,51.98412698412699,48.01587301587302
E00184255,312,156,156,50,50
E00184322,512,263,249,51.3671875,48.6328125
E00163773,336,149,187,44.345238095238095,55.654761904761905
E00163796,321,155,166,48.28660436137071,51.71339563862928
E00163797,376,198,178,52.659574468085104,47.340425531914896
E00163798,270,151,119,55.925925925925924,44.074074074074076
E00163775,318,166,152,52.20125786163522,47.79874213836478
E00163778,285,132,153,46.31578947368421,53.68421052631579
E00163779,253,131,122,51.77865612648221,48.22134387351779
E00163799,260,141,119,54.230769230769226,45.76923076923077
E00163800,322,165,157,51.24223602484472,48.75776397515528
E00163777,297,144,153,48.484848484848484,51.515151515151516
E00163781,301,154,147,51.162790697674424,48.837209302325576
E00163782,240,129,111,53.75,46.25
E00163784,247,126,121,51.012145748987855,48.987854251012145
E00163785,259,130,129,50.19305019305019,49.80694980694981
E00163755,276,128,148,46.3768115942029,53.62318840579711
E00163756,283,155,128,54.77031802120141,45.22968197879859
E00163757,270,131,139,48.51851851851852,51.48148148148148
E00163759,287,130,157,45.29616724738676,54.70383275261324
E00163763,313,164,149,52.39616613418531,47.6038338658147
E00163768,267,131,136,49.063670411985015,50.936329588014985
E00163746,248,128,120,51.61290322580645,48.38709677419355
E00163747,259,128,131,49.42084942084942,50.57915057915058
E00163762,259,136,123,52.509652509652504,47.49034749034749
E00163771,472,267,205,56.567796610169495,43.43220338983051
E00163772,262,127,135,48.473282442748086,51.526717557251914
E00163787,322,167,155,51.86335403726709,48.13664596273292
E00163790,251,123,128,49.00398406374502,50.99601593625498
E00163792,302,170,132,56.29139072847682,43.70860927152318
E00163793,299,147,152,49.163879598662206,50.836120401337794
E00163795,257,139,118,54.08560311284047,45.91439688715953
E00163774,332,177,155,53.31325301204819,46.68674698795181
E00163776,241,136,105,56.43153526970954,43.56846473029046
E00163780,222,114,108,51.35135135135135,48.64864864864865
E00163786,327,159,168,48.62385321100918,51.37614678899083
E00163801,372,186,186,50,50
E00163480,340,169,171,49.705882352941174,50.294117647058826
E00163481,336,170,166,50.595238095238095,49.404761904761905
E00163482,357,176,181,49.299719887955185,50.700280112044815
E00163483,363,191,172,52.61707988980716,47.38292011019284
E00163597,293,151,142,51.5358361774744,48.4641638225256
E00163598,307,157,150,51.14006514657981,48.85993485342019
E00163599,127,65,62,51.181102362204726,48.818897637795274
E00163600,422,216,206,51.18483412322274,48.81516587677725
E00163605,158,80,78,50.63291139240506,49.36708860759494
E00163596,241,121,120,50.20746887966805,49.79253112033195
E00163601,283,158,125,55.830388692579504,44.16961130742049
E00163602,233,117,116,50.21459227467812,49.78540772532189
E00163603,276,143,133,51.81159420289855,48.188405797101446
E00163604,182,93,89,51.098901098901095,48.9010989010989
E00163627,347,181,166,52.1613832853026,47.83861671469741
E00163628,308,154,154,50,50
E00163630,354,194,160,54.80225988700565,45.19774011299435
E00163631,313,165,148,52.715654952076676,47.284345047923324
E00163626,145,62,83,42.758620689655174,57.24137931034483
E00163629,270,139,131,51.48148148148148,48.51851851851852
E00163632,120,59,61,49.166666666666664,50.83333333333333
E00163633,413,210,203,50.847457627118644,49.152542372881356
E00163634,249,135,114,54.21686746987952,45.78313253012048
E00163816,354,184,170,51.9774011299435,48.0225988700565
E00163817,307,156,151,50.814332247557005,49.185667752442995
E00163818,329,170,159,51.671732522796354,48.328267477203646
E00163819,418,206,212,49.282296650717704,50.717703349282296
E00166341,299,148,151,49.49832775919732,50.50167224080268
E00166397,362,185,177,51.10497237569061,48.89502762430939
E00166410,324,163,161,50.308641975308646,49.691358024691354
E00166416,323,160,163,49.53560371517028,50.464396284829725
E00163803,331,166,165,50.15105740181269,49.848942598187314
E00163807,506,262,244,51.77865612648221,48.22134387351779
E00163813,365,186,179,50.95890410958904,49.04109589041096
E00163815,425,218,207,51.294117647058826,48.705882352941174
E00163809,313,160,153,51.118210862619804,48.881789137380196
E00163821,305,168,137,55.08196721311476,44.91803278688525
E00163822,235,123,112,52.34042553191489,47.65957446808511
E00184233,170,92,78,54.11764705882353,45.88235294117647
E00184282,392,204,188,52.04081632653062,47.95918367346938
E00184315,329,180,149,54.7112462006079,45.2887537993921
E00163802,359,163,196,45.40389972144847,54.59610027855153
E00166400,232,117,115,50.43103448275862,49.56896551724138
E00166401,220,117,103,53.18181818181819,46.81818181818182
E00184206,182,91,91,50,50
E00184219,320,157,163,49.0625,50.9375
E00184247,447,228,219,51.006711409395976,48.99328859060403
E00163805,342,188,154,54.97076023391813,45.02923976608187
E00163806,193,100,93,51.813471502590666,48.18652849740933
E00163810,277,135,142,48.73646209386281,51.26353790613718
E00163811,336,172,164,51.19047619047619,48.80952380952381
E00163812,212,121,91,57.07547169811321,42.924528301886795
E00163814,341,169,172,49.56011730205279,50.43988269794721
E00163824,283,144,139,50.8833922261484,49.11660777385159
E00163825,385,193,192,50.12987012987013,49.87012987012987
E00163829,292,143,149,48.97260273972603,51.02739726027398
E00163830,361,192,169,53.18559556786704,46.81440443213297
E00163832,288,135,153,46.875,53.125
E00163834,281,136,145,48.39857651245551,51.60142348754449
E00166398,284,144,140,50.70422535211267,49.29577464788733
E00166399,310,167,143,53.87096774193548,46.12903225806452
E00166402,314,175,139,55.73248407643312,44.26751592356688
E00166407,620,325,295,52.41935483870967,47.58064516129033
E00166409,339,163,176,48.08259587020649,51.91740412979351
E00163835,387,202,185,52.19638242894057,47.803617571059434
E00163836,289,168,121,58.13148788927336,41.86851211072664
E00163837,369,169,200,45.799457994579946,54.20054200542005
E00163839,221,109,112,49.321266968325794,50.678733031674206
E00166408,231,111,120,48.05194805194805,51.94805194805194
E00162488,337,177,160,52.52225519287834,47.47774480712167
E00162489,295,130,165,44.06779661016949,55.932203389830505
E00162495,279,145,134,51.971326164874554,48.028673835125446
E00162496,372,193,179,51.88172043010753,48.11827956989247
E00162497,286,151,135,52.7972027972028,47.2027972027972
E00162490,355,190,165,53.52112676056338,46.478873239436616
E00162491,340,178,162,52.352941176470594,47.647058823529406
E00162492,275,145,130,52.72727272727272,47.27272727272727
E00162493,269,143,126,53.159851301115246,46.84014869888476
E00162494,263,126,137,47.90874524714829,52.09125475285171
E00166432,552,275,277,49.81884057971014,50.18115942028986
E00184159,519,272,247,52.408477842003855,47.591522157996145
E00184160,469,237,232,50.53304904051173,49.46695095948827
E00184142,306,167,139,54.57516339869281,45.42483660130719
E00184143,288,142,146,49.30555555555556,50.69444444444444
E00184181,465,234,231,50.32258064516129,49.67741935483871
E00184244,471,249,222,52.86624203821656,47.13375796178344
E00184326,297,153,144,51.515151515151516,48.484848484848484
E00162595,319,168,151,52.66457680250783,47.33542319749217
E00162596,295,150,145,50.847457627118644,49.152542372881356
E00162602,410,207,203,50.48780487804878,49.51219512195122
E00166424,813,148,665,18.20418204182042,81.79581795817958
E00166425,174,89,85,51.14942528735632,48.85057471264368
E00184161,165,85,80,51.515151515151516,48.484848484848484
E00162605,364,172,192,47.25274725274725,52.74725274725275
E00162607,314,159,155,50.63694267515923,49.36305732484077
E00162610,340,175,165,51.470588235294116,48.529411764705884
E00166422,207,108,99,52.17391304347826,47.82608695652174
E00184197,524,60,464,11.450381679389313,88.54961832061069
E00184230,126,62,64,49.2063492063492,50.79365079365079
E00162601,402,217,185,53.98009950248757,46.01990049751244
E00162608,629,324,305,51.51033386327504,48.48966613672496
E00162611,551,281,270,50.99818511796733,49.00181488203267
E00162604,310,167,143,53.87096774193548,46.12903225806452
E00162606,407,210,197,51.5970515970516,48.402948402948404
E00184227,600,309,291,51.5,48.5
E00184292,129,63,66,48.837209302325576,51.162790697674424
E00184303,170,92,78,54.11764705882353,45.88235294117647
E00162600,365,179,186,49.04109589041096,50.95890410958904
E00162603,491,228,263,46.435845213849284,53.56415478615071
E00166427,209,105,104,50.23923444976076,49.760765550239235
E00184141,840,169,671,20.11904761904762,79.88095238095238
E00184149,271,130,141,47.97047970479705,52.02952029520295
E00166433,328,160,168,48.78048780487805,51.21951219512195
E00184140,121,46,75,38.01652892561984,61.98347107438017
E00184203,374,183,191,48.93048128342246,51.06951871657755
E00184214,300,141,159,47,53
E00184330,493,239,254,48.478701825557806,51.52129817444219
