OA,ts0390001,ts0390002,ts0390003,ts0390004,ts0390005,ts0390006,ts0390007,ts0390008,ts0390009,ts0390002_PCT,ts0390003_PCT,ts0390004_PCT,ts0390005_PCT,ts0390006_PCT,ts0390007_PCT,ts0390008_PCT,ts0390009_PCT
E00124281,293,259,23,13,10,3,2,1,8,88.39590443686008,7.849829351535837,4.436860068259386,3.4129692832764507,1.023890784982935,0.6825938566552902,0.3412969283276451,2.7303754266211606
E00124282,384,333,21,18,3,4,3,1,26,86.71875,5.46875,4.6875,0.78125,1.0416666666666665,0.78125,0.26041666666666663,6.770833333333333
E00124283,302,265,14,9,5,13,10,3,10,87.74834437086093,4.635761589403973,2.980132450331126,1.6556291390728477,4.304635761589404,3.3112582781456954,0.9933774834437087,3.3112582781456954
E00124284,246,216,17,8,9,5,0,5,8,87.8048780487805,6.910569105691057,3.2520325203252036,3.6585365853658534,2.0325203252032518,0,2.0325203252032518,3.2520325203252036
E00124285,256,221,17,12,5,3,2,1,15,86.328125,6.640625,4.6875,1.953125,1.171875,0.78125,0.390625,5.859375
E00124286,275,226,19,11,8,4,2,2,26,82.18181818181817,6.909090909090909,4,2.909090909090909,1.4545454545454546,0.7272727272727273,0.7272727272727273,9.454545454545455
E00124287,241,218,12,9,3,4,2,2,7,90.45643153526972,4.979253112033195,3.7344398340248963,1.2448132780082988,1.6597510373443984,0.8298755186721992,0.8298755186721992,2.904564315352697
E00124288,203,173,11,2,9,6,2,4,13,85.22167487684729,5.41871921182266,0.9852216748768473,4.433497536945813,2.955665024630542,0.9852216748768473,1.9704433497536946,6.403940886699508
E00124289,293,253,21,14,7,8,7,1,11,86.3481228668942,7.167235494880546,4.778156996587031,2.3890784982935154,2.7303754266211606,2.3890784982935154,0.3412969283276451,3.754266211604096
E00124290,229,202,10,6,4,4,3,1,13,88.20960698689956,4.366812227074235,2.6200873362445414,1.7467248908296942,1.7467248908296942,1.3100436681222707,0.43668122270742354,5.676855895196507
E00124291,262,217,9,2,7,6,3,3,30,82.82442748091603,3.435114503816794,0.7633587786259541,2.6717557251908395,2.2900763358778624,1.1450381679389312,1.1450381679389312,11.450381679389313
E00124292,226,205,9,5,4,3,2,1,9,90.7079646017699,3.982300884955752,2.2123893805309733,1.7699115044247788,1.3274336283185841,0.8849557522123894,0.4424778761061947,3.982300884955752
E00124293,237,208,10,10,0,4,3,1,15,87.76371308016878,4.219409282700422,4.219409282700422,0,1.6877637130801686,1.2658227848101267,0.42194092827004215,6.329113924050633
E00124294,267,236,7,4,3,10,5,5,14,88.38951310861424,2.6217228464419478,1.4981273408239701,1.1235955056179776,3.7453183520599254,1.8726591760299627,1.8726591760299627,5.2434456928838955
E00124295,372,330,24,15,9,8,5,3,10,88.70967741935483,6.451612903225806,4.032258064516129,2.4193548387096775,2.1505376344086025,1.3440860215053763,0.8064516129032258,2.6881720430107525
E00124296,302,264,16,11,5,10,5,5,12,87.41721854304636,5.298013245033113,3.642384105960265,1.6556291390728477,3.3112582781456954,1.6556291390728477,1.6556291390728477,3.9735099337748347
E00124297,236,211,10,8,2,5,3,2,10,89.40677966101694,4.23728813559322,3.389830508474576,0.847457627118644,2.11864406779661,1.2711864406779663,0.847457627118644,4.23728813559322
E00124298,245,206,17,15,2,10,5,5,12,84.08163265306122,6.938775510204081,6.122448979591836,0.8163265306122449,4.081632653061225,2.0408163265306123,2.0408163265306123,4.8979591836734695
E00124299,213,184,6,6,0,7,3,4,16,86.3849765258216,2.8169014084507045,2.8169014084507045,0,3.286384976525822,1.4084507042253522,1.8779342723004695,7.511737089201878
E00124300,227,197,10,6,4,4,1,3,16,86.78414096916299,4.405286343612335,2.643171806167401,1.762114537444934,1.762114537444934,0.4405286343612335,1.3215859030837005,7.048458149779736
E00124301,291,244,12,7,5,6,1,5,29,83.8487972508591,4.123711340206185,2.405498281786942,1.718213058419244,2.0618556701030926,0.3436426116838488,1.718213058419244,9.965635738831615
E00124302,297,258,19,14,5,9,5,4,11,86.86868686868688,6.397306397306397,4.713804713804714,1.6835016835016834,3.0303030303030303,1.6835016835016834,1.3468013468013467,3.7037037037037033
E00124303,288,251,24,20,4,0,0,0,13,87.15277777777779,8.333333333333332,6.944444444444445,1.3888888888888888,0,0,0,4.513888888888888
E00124304,283,249,20,12,8,6,2,4,8,87.98586572438163,7.06713780918728,4.240282685512367,2.8268551236749118,2.1201413427561837,0.7067137809187279,1.4134275618374559,2.8268551236749118
E00124305,295,271,13,8,5,4,3,1,7,91.86440677966101,4.406779661016949,2.711864406779661,1.694915254237288,1.3559322033898304,1.0169491525423728,0.3389830508474576,2.3728813559322033
E00124306,251,232,13,11,2,1,1,0,5,92.43027888446214,5.179282868525896,4.382470119521913,0.796812749003984,0.398406374501992,0.398406374501992,0,1.9920318725099602
E00124307,269,234,16,12,4,9,5,4,10,86.98884758364312,5.947955390334572,4.4609665427509295,1.486988847583643,3.3457249070631967,1.858736059479554,1.486988847583643,3.717472118959108
E00124308,260,222,25,19,6,5,4,1,8,85.38461538461539,9.615384615384617,7.307692307692308,2.307692307692308,1.9230769230769231,1.5384615384615385,0.38461538461538464,3.076923076923077
E00124309,283,249,17,13,4,4,2,2,13,87.98586572438163,6.007067137809187,4.593639575971731,1.4134275618374559,1.4134275618374559,0.7067137809187279,0.7067137809187279,4.593639575971731
E00124310,253,228,9,7,2,3,0,3,13,90.11857707509881,3.557312252964427,2.766798418972332,0.7905138339920948,1.185770750988142,0,1.185770750988142,5.138339920948617
E00124311,363,316,18,11,7,9,2,7,20,87.05234159779614,4.958677685950414,3.0303030303030303,1.9283746556473829,2.479338842975207,0.5509641873278237,1.9283746556473829,5.5096418732782375
E00124312,261,233,13,8,5,8,6,2,7,89.272030651341,4.980842911877394,3.065134099616858,1.9157088122605364,3.065134099616858,2.2988505747126435,0.7662835249042145,2.681992337164751
E00124313,326,290,10,5,5,11,5,6,15,88.95705521472392,3.067484662576687,1.5337423312883436,1.5337423312883436,3.374233128834356,1.5337423312883436,1.8404907975460123,4.601226993865031
E00124314,331,298,16,13,3,4,1,3,13,90.03021148036254,4.833836858006042,3.927492447129909,0.906344410876133,1.2084592145015105,0.3021148036253776,0.906344410876133,3.927492447129909
E00124315,488,426,16,13,3,16,4,12,30,87.29508196721312,3.278688524590164,2.663934426229508,0.6147540983606558,3.278688524590164,0.819672131147541,2.459016393442623,6.147540983606557
E00124316,316,272,25,15,10,10,7,3,9,86.07594936708861,7.9113924050632916,4.746835443037975,3.1645569620253164,3.1645569620253164,2.2151898734177213,0.949367088607595,2.848101265822785
E00124317,242,220,10,8,2,6,1,5,6,90.9090909090909,4.132231404958678,3.3057851239669422,0.8264462809917356,2.479338842975207,0.4132231404958678,2.066115702479339,2.479338842975207
E00124318,318,272,21,16,5,5,4,1,20,85.53459119496856,6.60377358490566,5.031446540880504,1.5723270440251573,1.5723270440251573,1.257861635220126,0.3144654088050315,6.289308176100629
E00124319,379,349,18,14,4,5,3,2,7,92.0844327176781,4.749340369393139,3.6939313984168867,1.0554089709762533,1.3192612137203166,0.79155672823219,0.5277044854881267,1.8469656992084433
E00124320,384,344,18,17,1,9,0,9,13,89.58333333333334,4.6875,4.427083333333334,0.26041666666666663,2.34375,0,2.34375,3.3854166666666665
E00124321,374,333,23,18,5,12,7,5,6,89.03743315508021,6.149732620320856,4.81283422459893,1.3368983957219251,3.2085561497326207,1.8716577540106951,1.3368983957219251,1.6042780748663104
E00124322,292,265,9,5,4,7,3,4,11,90.75342465753424,3.0821917808219177,1.7123287671232876,1.36986301369863,2.3972602739726026,1.0273972602739725,1.36986301369863,3.767123287671233
E00124323,213,191,9,7,2,7,7,0,6,89.67136150234741,4.225352112676056,3.286384976525822,0.9389671361502347,3.286384976525822,3.286384976525822,0,2.8169014084507045
E00124324,331,309,10,8,2,6,3,3,6,93.35347432024169,3.0211480362537766,2.416918429003021,0.6042296072507553,1.812688821752266,0.906344410876133,0.906344410876133,1.812688821752266
E00124325,515,475,24,21,3,10,6,4,6,92.23300970873787,4.660194174757281,4.077669902912621,0.5825242718446602,1.9417475728155338,1.1650485436893203,0.7766990291262136,1.1650485436893203
E00124326,380,345,17,12,5,6,5,1,12,90.78947368421053,4.473684210526316,3.1578947368421053,1.3157894736842104,1.5789473684210527,1.3157894736842104,0.2631578947368421,3.1578947368421053
E00124327,441,380,24,13,11,19,9,10,18,86.16780045351474,5.442176870748299,2.947845804988662,2.494331065759637,4.308390022675737,2.0408163265306123,2.2675736961451247,4.081632653061225
E00124328,354,322,10,5,5,6,3,3,16,90.96045197740112,2.824858757062147,1.4124293785310735,1.4124293785310735,1.694915254237288,0.847457627118644,0.847457627118644,4.519774011299435
E00124329,343,322,9,7,2,8,6,2,4,93.87755102040816,2.623906705539359,2.0408163265306123,0.5830903790087464,2.3323615160349855,1.749271137026239,0.5830903790087464,1.1661807580174928
E00124330,354,318,7,4,3,11,7,4,18,89.83050847457628,1.977401129943503,1.1299435028248588,0.847457627118644,3.1073446327683616,1.977401129943503,1.1299435028248588,5.084745762711865
E00124332,427,390,15,10,5,12,5,7,10,91.33489461358315,3.51288056206089,2.3419203747072603,1.1709601873536302,2.810304449648712,1.1709601873536302,1.639344262295082,2.3419203747072603
E00124333,328,304,7,7,0,6,2,4,11,92.6829268292683,2.1341463414634148,2.1341463414634148,0,1.8292682926829267,0.6097560975609756,1.2195121951219512,3.353658536585366
E00124334,267,230,11,8,3,9,2,7,17,86.14232209737828,4.119850187265917,2.9962546816479403,1.1235955056179776,3.3707865168539324,0.7490636704119851,2.6217228464419478,6.367041198501873
E00124335,363,320,9,4,5,16,5,11,18,88.1542699724518,2.479338842975207,1.1019283746556474,1.3774104683195594,4.40771349862259,1.3774104683195594,3.0303030303030303,4.958677685950414
E00124336,272,242,12,9,3,8,6,2,10,88.97058823529412,4.411764705882353,3.308823529411765,1.1029411764705883,2.941176470588235,2.2058823529411766,0.7352941176470588,3.6764705882352944
E00124337,307,268,14,9,5,13,6,7,12,87.29641693811075,4.5602605863192185,2.9315960912052117,1.6286644951140066,4.234527687296417,1.9543973941368076,2.2801302931596092,3.908794788273615
E00124338,311,275,8,2,6,13,3,10,15,88.42443729903538,2.572347266881029,0.6430868167202572,1.929260450160772,4.180064308681672,0.964630225080386,3.215434083601286,4.823151125401929
E00124339,359,310,16,11,5,7,2,5,26,86.35097493036211,4.456824512534819,3.064066852367688,1.392757660167131,1.9498607242339834,0.5571030640668524,1.392757660167131,7.242339832869081
E00124340,235,205,10,6,4,5,0,5,15,87.2340425531915,4.25531914893617,2.553191489361702,1.702127659574468,2.127659574468085,0,2.127659574468085,6.382978723404255
E00124341,334,289,25,21,4,8,6,2,12,86.52694610778443,7.48502994011976,6.287425149700598,1.1976047904191618,2.3952095808383236,1.7964071856287425,0.5988023952095809,3.592814371257485
E00124342,332,283,19,13,6,13,2,11,17,85.2409638554217,5.72289156626506,3.91566265060241,1.8072289156626504,3.91566265060241,0.6024096385542169,3.313253012048193,5.120481927710843
E00124343,225,202,11,8,3,3,3,0,9,89.77777777777777,4.888888888888889,3.5555555555555554,1.3333333333333335,1.3333333333333335,1.3333333333333335,0,4
E00124344,220,191,15,13,2,6,5,1,8,86.81818181818181,6.8181818181818175,5.909090909090909,0.9090909090909091,2.727272727272727,2.272727272727273,0.45454545454545453,3.6363636363636362
E00124345,321,299,11,7,4,5,1,4,6,93.14641744548287,3.4267912772585665,2.1806853582554515,1.2461059190031152,1.557632398753894,0.3115264797507788,1.2461059190031152,1.8691588785046727
E00124346,288,263,9,6,3,7,0,7,9,91.31944444444444,3.125,2.083333333333333,1.0416666666666665,2.430555555555556,0,2.430555555555556,3.125
E00124347,246,219,11,7,4,3,1,2,13,89.02439024390245,4.471544715447155,2.8455284552845526,1.6260162601626018,1.2195121951219512,0.40650406504065045,0.8130081300813009,5.284552845528456
E00124348,269,242,8,8,0,8,1,7,11,89.96282527881041,2.973977695167286,2.973977695167286,0,2.973977695167286,0.37174721189591076,2.6022304832713754,4.089219330855019
E00124349,298,268,14,8,6,3,0,3,13,89.93288590604027,4.697986577181208,2.684563758389262,2.013422818791946,1.006711409395973,0,1.006711409395973,4.3624161073825505
E00124350,316,294,10,6,4,6,0,6,6,93.0379746835443,3.1645569620253164,1.89873417721519,1.2658227848101267,1.89873417721519,0,1.89873417721519,1.89873417721519
E00124351,188,171,5,2,3,3,2,1,9,90.95744680851064,2.6595744680851063,1.0638297872340425,1.5957446808510638,1.5957446808510638,1.0638297872340425,0.5319148936170213,4.787234042553192
E00124352,303,272,11,9,2,9,2,7,11,89.76897689768977,3.6303630363036308,2.9702970297029703,0.6600660066006601,2.9702970297029703,0.6600660066006601,2.31023102310231,3.6303630363036308
E00124353,270,240,15,14,1,4,0,4,11,88.88888888888889,5.555555555555555,5.185185185185185,0.3703703703703704,1.4814814814814816,0,1.4814814814814816,4.074074074074074
E00124354,236,215,7,4,3,5,4,1,9,91.10169491525424,2.9661016949152543,1.694915254237288,1.2711864406779663,2.11864406779661,1.694915254237288,0.423728813559322,3.8135593220338984
E00124355,337,307,2,1,1,13,7,6,15,91.0979228486647,0.5934718100890208,0.2967359050445104,0.2967359050445104,3.857566765578635,2.0771513353115725,1.7804154302670623,4.451038575667656
E00124356,301,260,14,12,2,13,5,8,14,86.37873754152824,4.651162790697675,3.9867109634551494,0.6644518272425249,4.318936877076411,1.6611295681063125,2.6578073089700998,4.651162790697675
E00124357,296,270,10,7,3,7,5,2,9,91.21621621621621,3.3783783783783785,2.364864864864865,1.0135135135135136,2.364864864864865,1.6891891891891893,0.6756756756756757,3.040540540540541
E00124358,266,240,12,12,0,4,2,2,10,90.22556390977444,4.511278195488721,4.511278195488721,0,1.5037593984962405,0.7518796992481203,0.7518796992481203,3.7593984962406015
E00124359,345,310,15,7,8,7,2,5,13,89.85507246376811,4.3478260869565215,2.0289855072463765,2.318840579710145,2.0289855072463765,0.5797101449275363,1.4492753623188406,3.768115942028986
E00124360,367,322,20,16,4,11,3,8,14,87.73841961852861,5.449591280653951,4.35967302452316,1.08991825613079,2.997275204359673,0.8174386920980926,2.17983651226158,3.8147138964577656
E00124361,323,287,14,10,4,9,6,3,13,88.85448916408669,4.3343653250774,3.0959752321981426,1.238390092879257,2.786377708978328,1.8575851393188854,0.9287925696594427,4.024767801857585
E00124362,322,284,13,5,8,12,9,3,13,88.19875776397515,4.037267080745342,1.5527950310559007,2.484472049689441,3.7267080745341614,2.7950310559006213,0.9316770186335404,4.037267080745342
E00124363,291,263,10,7,3,8,1,7,10,90.37800687285224,3.436426116838488,2.405498281786942,1.0309278350515463,2.7491408934707904,0.3436426116838488,2.405498281786942,3.436426116838488
E00124364,357,327,14,7,7,7,0,7,9,91.59663865546219,3.9215686274509802,1.9607843137254901,1.9607843137254901,1.9607843137254901,0,1.9607843137254901,2.5210084033613445
E00124365,330,304,15,10,5,4,2,2,7,92.12121212121212,4.545454545454546,3.0303030303030303,1.5151515151515151,1.2121212121212122,0.6060606060606061,0.6060606060606061,2.1212121212121215
E00124366,305,267,21,14,7,5,3,2,12,87.54098360655738,6.885245901639345,4.590163934426229,2.2950819672131146,1.639344262295082,0.9836065573770493,0.6557377049180327,3.934426229508197
E00124367,272,241,9,7,2,7,1,6,15,88.60294117647058,3.308823529411765,2.5735294117647056,0.7352941176470588,2.5735294117647056,0.3676470588235294,2.2058823529411766,5.514705882352941
E00124368,248,223,13,7,6,5,3,2,7,89.91935483870968,5.241935483870968,2.82258064516129,2.4193548387096775,2.0161290322580645,1.2096774193548387,0.8064516129032258,2.82258064516129
E00124369,346,325,11,9,2,5,2,3,5,93.9306358381503,3.1791907514450863,2.601156069364162,0.5780346820809248,1.4450867052023122,0.5780346820809248,0.8670520231213872,1.4450867052023122
E00124370,246,223,9,7,2,6,2,4,8,90.65040650406505,3.6585365853658534,2.8455284552845526,0.8130081300813009,2.4390243902439024,0.8130081300813009,1.6260162601626018,3.2520325203252036
E00124371,296,269,20,13,7,3,2,1,4,90.87837837837837,6.756756756756757,4.391891891891892,2.364864864864865,1.0135135135135136,0.6756756756756757,0.33783783783783783,1.3513513513513513
E00124372,219,194,7,5,2,8,5,3,10,88.58447488584474,3.1963470319634704,2.28310502283105,0.91324200913242,3.65296803652968,2.28310502283105,1.36986301369863,4.5662100456621
E00124373,236,212,8,6,2,4,3,1,12,89.83050847457628,3.389830508474576,2.5423728813559325,0.847457627118644,1.694915254237288,1.2711864406779663,0.423728813559322,5.084745762711865
E00124374,279,261,6,4,2,4,2,2,8,93.54838709677419,2.1505376344086025,1.4336917562724014,0.7168458781362007,1.4336917562724014,0.7168458781362007,0.7168458781362007,2.867383512544803
E00124375,260,235,12,11,1,8,3,5,5,90.38461538461539,4.615384615384616,4.230769230769231,0.38461538461538464,3.076923076923077,1.153846153846154,1.9230769230769231,1.9230769230769231
E00124376,327,291,16,10,6,6,3,3,14,88.9908256880734,4.892966360856269,3.058103975535168,1.834862385321101,1.834862385321101,0.9174311926605505,0.9174311926605505,4.281345565749235
E00124377,258,234,15,14,1,2,2,0,7,90.69767441860465,5.813953488372093,5.426356589147287,0.3875968992248062,0.7751937984496124,0.7751937984496124,0,2.7131782945736433
E00124378,335,309,11,5,6,7,4,3,8,92.23880597014926,3.2835820895522385,1.4925373134328357,1.791044776119403,2.0895522388059704,1.1940298507462688,0.8955223880597015,2.3880597014925375
E00124379,245,222,9,5,4,9,3,6,5,90.61224489795919,3.6734693877551026,2.0408163265306123,1.6326530612244898,3.6734693877551026,1.2244897959183674,2.4489795918367347,2.0408163265306123
E00124380,285,263,8,7,1,5,2,3,9,92.28070175438596,2.807017543859649,2.456140350877193,0.3508771929824561,1.7543859649122806,0.7017543859649122,1.0526315789473684,3.1578947368421053
E00124381,311,284,16,13,3,3,1,2,8,91.31832797427653,5.144694533762058,4.180064308681672,0.964630225080386,0.964630225080386,0.3215434083601286,0.6430868167202572,2.572347266881029
E00124382,246,224,14,9,5,2,2,0,6,91.05691056910568,5.691056910569105,3.6585365853658534,2.0325203252032518,0.8130081300813009,0.8130081300813009,0,2.4390243902439024
E00124383,322,292,12,7,5,8,2,6,10,90.6832298136646,3.7267080745341614,2.1739130434782608,1.5527950310559007,2.484472049689441,0.6211180124223602,1.8633540372670807,3.1055900621118013
E00124384,374,331,23,13,10,4,1,3,16,88.50267379679144,6.149732620320856,3.4759358288770055,2.6737967914438503,1.06951871657754,0.267379679144385,0.8021390374331552,4.27807486631016
E00124386,330,308,6,5,1,9,1,8,7,93.33333333333333,1.8181818181818181,1.5151515151515151,0.30303030303030304,2.727272727272727,0.30303030303030304,2.4242424242424243,2.1212121212121215
E00124387,222,198,11,8,3,5,2,3,8,89.1891891891892,4.954954954954955,3.6036036036036037,1.3513513513513513,2.2522522522522523,0.9009009009009009,1.3513513513513513,3.6036036036036037
E00124388,272,254,12,10,2,3,2,1,3,93.38235294117648,4.411764705882353,3.6764705882352944,0.7352941176470588,1.1029411764705883,0.7352941176470588,0.3676470588235294,1.1029411764705883
E00124389,299,272,8,6,2,4,2,2,15,90.96989966555184,2.6755852842809364,2.0066889632107023,0.6688963210702341,1.3377926421404682,0.6688963210702341,0.6688963210702341,5.016722408026756
E00124390,299,274,9,5,4,7,1,6,9,91.63879598662207,3.0100334448160537,1.6722408026755853,1.3377926421404682,2.341137123745819,0.33444816053511706,2.0066889632107023,3.0100334448160537
E00124391,270,247,8,6,2,9,5,4,6,91.48148148148148,2.9629629629629632,2.2222222222222223,0.7407407407407408,3.3333333333333335,1.8518518518518516,1.4814814814814816,2.2222222222222223
E00124392,210,199,4,2,2,1,0,1,6,94.76190476190476,1.9047619047619049,0.9523809523809524,0.9523809523809524,0.4761904761904762,0,0.4761904761904762,2.857142857142857
E00124393,316,287,12,7,5,4,1,3,13,90.82278481012658,3.79746835443038,2.2151898734177213,1.5822784810126582,1.2658227848101267,0.31645569620253167,0.949367088607595,4.113924050632911
E00124394,159,150,5,2,3,1,0,1,3,94.33962264150944,3.1446540880503147,1.257861635220126,1.8867924528301887,0.628930817610063,0,0.628930817610063,1.8867924528301887
E00124396,280,256,15,13,2,3,0,3,6,91.42857142857143,5.357142857142857,4.642857142857143,0.7142857142857143,1.0714285714285714,0,1.0714285714285714,2.142857142857143
E00124397,279,257,8,7,1,5,2,3,9,92.1146953405018,2.867383512544803,2.5089605734767026,0.35842293906810035,1.7921146953405016,0.7168458781362007,1.0752688172043012,3.225806451612903
E00124398,431,395,16,12,4,6,4,2,14,91.64733178654292,3.7122969837587005,2.784222737819025,0.9280742459396751,1.3921113689095126,0.9280742459396751,0.46403712296983757,3.248259860788863
E00124399,247,230,14,12,2,1,1,0,2,93.11740890688259,5.668016194331984,4.8582995951417,0.8097165991902834,0.4048582995951417,0.4048582995951417,0,0.8097165991902834
E00124400,254,232,12,11,1,4,1,3,6,91.33858267716536,4.724409448818897,4.330708661417323,0.39370078740157477,1.574803149606299,0.39370078740157477,1.1811023622047243,2.3622047244094486
E00124401,316,290,14,10,4,9,3,6,3,91.77215189873418,4.430379746835443,3.1645569620253164,1.2658227848101267,2.848101265822785,0.949367088607595,1.89873417721519,0.949367088607595
E00124403,178,170,3,3,0,1,1,0,4,95.50561797752809,1.6853932584269662,1.6853932584269662,0,0.5617977528089888,0.5617977528089888,0,2.247191011235955
E00124404,231,218,11,9,2,0,0,0,2,94.37229437229438,4.761904761904762,3.896103896103896,0.8658008658008658,0,0,0,0.8658008658008658
E00124405,310,293,5,4,1,3,0,3,9,94.51612903225806,1.6129032258064515,1.2903225806451613,0.3225806451612903,0.967741935483871,0,0.967741935483871,2.903225806451613
E00124406,216,194,11,5,6,5,1,4,6,89.81481481481481,5.092592592592593,2.314814814814815,2.7777777777777777,2.314814814814815,0.4629629629629629,1.8518518518518516,2.7777777777777777
E00124407,363,333,16,13,3,6,2,4,8,91.73553719008265,4.40771349862259,3.581267217630854,0.8264462809917356,1.6528925619834711,0.5509641873278237,1.1019283746556474,2.203856749311295
E00124408,270,245,15,11,4,4,3,1,6,90.74074074074075,5.555555555555555,4.074074074074074,1.4814814814814816,1.4814814814814816,1.1111111111111112,0.3703703703703704,2.2222222222222223
E00124410,323,297,17,14,3,5,2,3,4,91.95046439628483,5.263157894736842,4.3343653250774,0.9287925696594427,1.5479876160990713,0.6191950464396285,0.9287925696594427,1.238390092879257
E00124411,348,297,31,27,4,9,9,0,11,85.34482758620689,8.908045977011495,7.758620689655173,1.1494252873563218,2.586206896551724,2.586206896551724,0,3.1609195402298855
E00124412,265,242,11,8,3,4,2,2,8,91.32075471698113,4.150943396226415,3.018867924528302,1.1320754716981132,1.509433962264151,0.7547169811320755,0.7547169811320755,3.018867924528302
E00124413,244,223,12,9,3,2,1,1,7,91.39344262295081,4.918032786885246,3.6885245901639343,1.2295081967213115,0.819672131147541,0.4098360655737705,0.4098360655737705,2.8688524590163933
E00124414,281,253,14,11,3,8,2,6,6,90.0355871886121,4.98220640569395,3.9145907473309607,1.0676156583629894,2.8469750889679712,0.7117437722419928,2.135231316725979,2.135231316725979
E00124415,418,387,21,15,6,4,3,1,6,92.58373205741627,5.023923444976076,3.588516746411483,1.4354066985645932,0.9569377990430622,0.7177033492822966,0.23923444976076555,1.4354066985645932
E00124416,327,310,5,4,1,4,2,2,8,94.80122324159022,1.529051987767584,1.2232415902140672,0.3058103975535168,1.2232415902140672,0.6116207951070336,0.6116207951070336,2.4464831804281344
E00124417,209,200,3,2,1,3,2,1,3,95.69377990430623,1.4354066985645932,0.9569377990430622,0.4784688995215311,1.4354066985645932,0.9569377990430622,0.4784688995215311,1.4354066985645932
E00124418,176,163,3,2,1,4,2,2,6,92.61363636363636,1.7045454545454544,1.1363636363636365,0.5681818181818182,2.272727272727273,1.1363636363636365,1.1363636363636365,3.4090909090909087
E00124419,439,399,13,8,5,16,7,9,11,90.8883826879271,2.9612756264236904,1.8223234624145785,1.1389521640091116,3.644646924829157,1.5945330296127564,2.050113895216401,2.5056947608200453
E00124420,334,305,13,6,7,4,4,0,12,91.31736526946108,3.8922155688622757,1.7964071856287425,2.095808383233533,1.1976047904191618,1.1976047904191618,0,3.592814371257485
E00124421,311,287,11,9,2,5,2,3,8,92.28295819935691,3.536977491961415,2.8938906752411575,0.6430868167202572,1.607717041800643,0.6430868167202572,0.964630225080386,2.572347266881029
E00124422,301,265,12,10,2,7,4,3,17,88.03986710963456,3.9867109634551494,3.322259136212625,0.6644518272425249,2.3255813953488373,1.3289036544850499,0.9966777408637874,5.647840531561462
E00124423,266,231,23,12,11,2,1,1,10,86.8421052631579,8.646616541353383,4.511278195488721,4.135338345864661,0.7518796992481203,0.37593984962406013,0.37593984962406013,3.7593984962406015
E00124424,309,278,18,10,8,3,3,0,10,89.96763754045307,5.825242718446602,3.2362459546925564,2.5889967637540456,0.9708737864077669,0.9708737864077669,0,3.2362459546925564
E00124425,323,297,9,5,4,7,2,5,10,91.95046439628483,2.786377708978328,1.5479876160990713,1.238390092879257,2.1671826625387,0.6191950464396285,1.5479876160990713,3.0959752321981426
E00124426,290,263,18,15,3,3,2,1,6,90.6896551724138,6.206896551724138,5.172413793103448,1.0344827586206897,1.0344827586206897,0.6896551724137931,0.3448275862068966,2.0689655172413794
E00124427,303,280,11,9,2,1,1,0,11,92.4092409240924,3.6303630363036308,2.9702970297029703,0.6600660066006601,0.33003300330033003,0.33003300330033003,0,3.6303630363036308
E00124428,356,316,23,18,5,5,3,2,12,88.76404494382022,6.460674157303371,5.056179775280898,1.4044943820224718,1.4044943820224718,0.8426966292134831,0.5617977528089888,3.3707865168539324
E00124429,300,278,15,14,1,1,0,1,6,92.66666666666666,5,4.666666666666667,0.33333333333333337,0.33333333333333337,0,0.33333333333333337,2
E00124430,258,235,6,4,2,10,2,8,7,91.08527131782945,2.3255813953488373,1.550387596899225,0.7751937984496124,3.875968992248062,0.7751937984496124,3.10077519379845,2.7131782945736433
E00124431,284,232,32,22,10,8,4,4,12,81.69014084507043,11.267605633802818,7.746478873239436,3.5211267605633805,2.8169014084507045,1.4084507042253522,1.4084507042253522,4.225352112676056
E00124432,324,293,14,11,3,11,2,9,6,90.4320987654321,4.320987654320987,3.3950617283950617,0.9259259259259258,3.3950617283950617,0.6172839506172839,2.7777777777777777,1.8518518518518516
E00124433,342,304,28,19,9,3,2,1,7,88.88888888888889,8.187134502923977,5.555555555555555,2.631578947368421,0.8771929824561403,0.5847953216374269,0.29239766081871343,2.046783625730994
E00124434,318,286,18,14,4,6,4,2,8,89.937106918239,5.660377358490567,4.40251572327044,1.257861635220126,1.8867924528301887,1.257861635220126,0.628930817610063,2.515723270440252
E00124435,349,328,11,7,4,2,1,1,8,93.98280802292264,3.151862464183381,2.005730659025788,1.146131805157593,0.5730659025787965,0.28653295128939826,0.28653295128939826,2.292263610315186
E00124436,274,260,7,5,2,0,0,0,7,94.8905109489051,2.5547445255474455,1.824817518248175,0.7299270072992701,0,0,0,2.5547445255474455
E00124437,296,231,24,9,15,14,3,11,27,78.04054054054053,8.108108108108109,3.040540540540541,5.0675675675675675,4.72972972972973,1.0135135135135136,3.7162162162162162,9.121621621621621
E00124438,364,329,22,19,3,3,0,3,10,90.38461538461539,6.043956043956044,5.21978021978022,0.8241758241758242,0.8241758241758242,0,0.8241758241758242,2.7472527472527473
E00124439,267,228,20,19,1,7,4,3,12,85.39325842696628,7.490636704119851,7.116104868913857,0.37453183520599254,2.6217228464419478,1.4981273408239701,1.1235955056179776,4.49438202247191
E00124440,336,300,17,10,7,8,5,3,11,89.28571428571429,5.059523809523809,2.976190476190476,2.083333333333333,2.380952380952381,1.488095238095238,0.8928571428571428,3.273809523809524
E00124441,256,230,10,8,2,7,2,5,9,89.84375,3.90625,3.125,0.78125,2.734375,0.78125,1.953125,3.515625
E00124442,258,221,23,15,8,6,2,4,8,85.65891472868216,8.914728682170542,5.813953488372093,3.10077519379845,2.3255813953488373,0.7751937984496124,1.550387596899225,3.10077519379845
E00124443,270,240,14,7,7,5,4,1,11,88.88888888888889,5.185185185185185,2.5925925925925926,2.5925925925925926,1.8518518518518516,1.4814814814814816,0.3703703703703704,4.074074074074074
E00124444,344,314,20,16,4,2,2,0,8,91.27906976744185,5.813953488372093,4.651162790697675,1.1627906976744187,0.5813953488372093,0.5813953488372093,0,2.3255813953488373
E00124445,383,331,20,12,8,12,5,7,20,86.42297650130548,5.221932114882506,3.1331592689295036,2.088772845953003,3.1331592689295036,1.3054830287206265,1.8276762402088773,5.221932114882506
E00124446,552,507,25,17,8,6,1,5,14,91.84782608695652,4.528985507246377,3.0797101449275366,1.4492753623188406,1.0869565217391304,0.18115942028985507,0.9057971014492754,2.536231884057971
E00124447,300,278,10,9,1,5,3,2,7,92.66666666666666,3.3333333333333335,3,0.33333333333333337,1.6666666666666667,1,0.6666666666666667,2.3333333333333335
E00124448,321,294,15,11,4,5,3,2,7,91.58878504672897,4.672897196261682,3.4267912772585665,1.2461059190031152,1.557632398753894,0.9345794392523363,0.6230529595015576,2.1806853582554515
E00124449,343,316,6,5,1,5,3,2,16,92.12827988338192,1.749271137026239,1.4577259475218658,0.2915451895043732,1.4577259475218658,0.8746355685131195,0.5830903790087464,4.664723032069971
E00124450,345,320,9,8,1,7,4,3,9,92.7536231884058,2.608695652173913,2.318840579710145,0.2898550724637681,2.0289855072463765,1.1594202898550725,0.8695652173913043,2.608695652173913
E00124451,287,258,12,10,2,6,3,3,11,89.89547038327527,4.181184668989547,3.484320557491289,0.6968641114982579,2.0905923344947737,1.0452961672473868,1.0452961672473868,3.8327526132404177
E00124452,489,445,21,13,8,12,1,11,11,91.00204498977506,4.294478527607362,2.658486707566462,1.6359918200409,2.4539877300613497,0.2044989775051125,2.2494887525562373,2.2494887525562373
E00124453,408,370,16,12,4,9,4,5,13,90.68627450980392,3.9215686274509802,2.941176470588235,0.9803921568627451,2.2058823529411766,0.9803921568627451,1.2254901960784315,3.1862745098039214
E00124454,253,219,20,17,3,6,4,2,8,86.56126482213439,7.905138339920949,6.719367588932807,1.185770750988142,2.371541501976284,1.5810276679841897,0.7905138339920948,3.1620553359683794
E00124455,343,312,18,13,5,5,2,3,8,90.96209912536443,5.247813411078718,3.7900874635568513,1.4577259475218658,1.4577259475218658,0.5830903790087464,0.8746355685131195,2.3323615160349855
E00124456,405,357,20,13,7,10,7,3,18,88.14814814814815,4.938271604938271,3.2098765432098766,1.728395061728395,2.4691358024691357,1.728395061728395,0.7407407407407408,4.444444444444445
E00124458,195,174,12,5,7,4,3,1,5,89.23076923076924,6.153846153846154,2.564102564102564,3.5897435897435894,2.051282051282051,1.5384615384615385,0.5128205128205128,2.564102564102564
E00124459,308,284,13,10,3,4,2,2,7,92.20779220779221,4.220779220779221,3.2467532467532463,0.974025974025974,1.2987012987012987,0.6493506493506493,0.6493506493506493,2.272727272727273
E00124460,205,194,6,4,2,2,0,2,3,94.6341463414634,2.9268292682926833,1.951219512195122,0.975609756097561,0.975609756097561,0,0.975609756097561,1.4634146341463417
E00124461,304,270,16,13,3,8,4,4,10,88.81578947368422,5.263157894736842,4.276315789473684,0.9868421052631579,2.631578947368421,1.3157894736842104,1.3157894736842104,3.289473684210526
E00124462,280,260,8,6,2,2,2,0,10,92.85714285714286,2.857142857142857,2.142857142857143,0.7142857142857143,0.7142857142857143,0.7142857142857143,0,3.571428571428571
E00124463,280,262,10,7,3,6,3,3,2,93.57142857142857,3.571428571428571,2.5,1.0714285714285714,2.142857142857143,1.0714285714285714,1.0714285714285714,0.7142857142857143
E00124464,172,155,8,3,5,1,0,1,8,90.11627906976744,4.651162790697675,1.744186046511628,2.9069767441860463,0.5813953488372093,0,0.5813953488372093,4.651162790697675
E00124465,218,207,7,4,3,3,0,3,1,94.95412844036697,3.211009174311927,1.834862385321101,1.3761467889908259,1.3761467889908259,0,1.3761467889908259,0.45871559633027525
E00124466,259,234,13,7,6,9,2,7,3,90.34749034749035,5.019305019305019,2.7027027027027026,2.3166023166023164,3.474903474903475,0.7722007722007722,2.7027027027027026,1.1583011583011582
E00124467,304,275,12,9,3,10,4,6,7,90.46052631578947,3.9473684210526314,2.9605263157894735,0.9868421052631579,3.289473684210526,1.3157894736842104,1.9736842105263157,2.302631578947368
E00124468,242,213,20,16,4,7,2,5,2,88.01652892561982,8.264462809917356,6.6115702479338845,1.6528925619834711,2.8925619834710745,0.8264462809917356,2.066115702479339,0.8264462809917356
E00124469,235,209,8,5,3,7,1,6,11,88.93617021276596,3.404255319148936,2.127659574468085,1.276595744680851,2.9787234042553195,0.425531914893617,2.553191489361702,4.680851063829787
E00124470,291,267,15,10,5,0,0,0,9,91.75257731958763,5.154639175257731,3.436426116838488,1.718213058419244,0,0,0,3.0927835051546393
E00124471,340,304,27,18,9,3,2,1,6,89.41176470588236,7.941176470588235,5.294117647058823,2.6470588235294117,0.8823529411764706,0.5882352941176471,0.29411764705882354,1.7647058823529411
E00124472,220,190,16,9,7,2,2,0,12,86.36363636363636,7.2727272727272725,4.090909090909091,3.1818181818181817,0.9090909090909091,0.9090909090909091,0,5.454545454545454
E00124473,319,287,17,12,5,6,5,1,9,89.96865203761756,5.329153605015674,3.761755485893417,1.5673981191222568,1.8808777429467085,1.5673981191222568,0.3134796238244514,2.8213166144200628
E00124474,309,271,20,14,6,6,3,3,12,87.70226537216828,6.472491909385113,4.53074433656958,1.9417475728155338,1.9417475728155338,0.9708737864077669,0.9708737864077669,3.8834951456310676
E00124475,295,272,7,4,3,6,3,3,10,92.20338983050847,2.3728813559322033,1.3559322033898304,1.0169491525423728,2.0338983050847457,1.0169491525423728,1.0169491525423728,3.389830508474576
E00124476,323,297,17,12,5,5,3,2,4,91.95046439628483,5.263157894736842,3.7151702786377707,1.5479876160990713,1.5479876160990713,0.9287925696594427,0.6191950464396285,1.238390092879257
E00124477,276,247,11,7,4,7,5,2,11,89.4927536231884,3.985507246376811,2.536231884057971,1.4492753623188406,2.536231884057971,1.8115942028985508,0.7246376811594203,3.985507246376811
E00124478,157,139,4,2,2,2,1,1,12,88.53503184713377,2.547770700636943,1.2738853503184715,1.2738853503184715,1.2738853503184715,0.6369426751592357,0.6369426751592357,7.643312101910828
E00124479,221,191,14,11,3,6,4,2,10,86.42533936651584,6.334841628959276,4.97737556561086,1.3574660633484164,2.7149321266968327,1.809954751131222,0.904977375565611,4.524886877828054
E00124480,263,243,9,6,3,7,2,5,4,92.39543726235742,3.4220532319391634,2.2813688212927756,1.1406844106463878,2.6615969581749046,0.7604562737642585,1.9011406844106464,1.520912547528517
E00124481,258,219,23,17,6,6,3,3,10,84.88372093023256,8.914728682170542,6.5891472868217065,2.3255813953488373,2.3255813953488373,1.1627906976744187,1.1627906976744187,3.875968992248062
E00124482,297,278,12,5,7,2,1,1,5,93.60269360269359,4.040404040404041,1.6835016835016834,2.356902356902357,0.6734006734006733,0.33670033670033667,0.33670033670033667,1.6835016835016834
E00124483,316,283,18,14,4,9,1,8,6,89.55696202531645,5.69620253164557,4.430379746835443,1.2658227848101267,2.848101265822785,0.31645569620253167,2.5316455696202533,1.89873417721519
E00124484,175,154,8,4,4,4,2,2,9,88,4.571428571428571,2.2857142857142856,2.2857142857142856,2.2857142857142856,1.1428571428571428,1.1428571428571428,5.142857142857142
E00124485,206,183,11,10,1,4,0,4,8,88.83495145631069,5.339805825242718,4.854368932038835,0.48543689320388345,1.9417475728155338,0,1.9417475728155338,3.8834951456310676
E00124486,243,227,11,6,5,2,1,1,3,93.4156378600823,4.526748971193416,2.4691358024691357,2.05761316872428,0.823045267489712,0.411522633744856,0.411522633744856,1.2345679012345678
E00124487,167,155,8,7,1,2,1,1,2,92.81437125748504,4.790419161676647,4.191616766467066,0.5988023952095809,1.1976047904191618,0.5988023952095809,0.5988023952095809,1.1976047904191618
E00124488,408,376,21,19,2,4,3,1,7,92.15686274509804,5.147058823529411,4.6568627450980395,0.49019607843137253,0.9803921568627451,0.7352941176470588,0.24509803921568626,1.715686274509804
E00124489,261,234,15,8,7,3,0,3,9,89.65517241379311,5.747126436781609,3.065134099616858,2.681992337164751,1.1494252873563218,0,1.1494252873563218,3.4482758620689653
E00124490,311,285,13,8,5,5,4,1,8,91.63987138263666,4.180064308681672,2.572347266881029,1.607717041800643,1.607717041800643,1.2861736334405145,0.3215434083601286,2.572347266881029
E00124491,257,231,16,11,5,4,2,2,6,89.88326848249028,6.22568093385214,4.280155642023346,1.9455252918287937,1.556420233463035,0.7782101167315175,0.7782101167315175,2.3346303501945527
E00124492,278,255,17,14,3,2,2,0,4,91.72661870503596,6.115107913669065,5.0359712230215825,1.079136690647482,0.7194244604316548,0.7194244604316548,0,1.4388489208633095
E00124493,362,320,19,13,6,6,5,1,17,88.39779005524862,5.248618784530387,3.591160220994475,1.6574585635359116,1.6574585635359116,1.3812154696132597,0.2762430939226519,4.696132596685083
E00124494,330,298,20,15,5,6,4,2,6,90.30303030303031,6.0606060606060606,4.545454545454546,1.5151515151515151,1.8181818181818181,1.2121212121212122,0.6060606060606061,1.8181818181818181
E00124495,299,261,19,16,3,7,4,3,12,87.29096989966555,6.354515050167224,5.351170568561873,1.0033444816053512,2.341137123745819,1.3377926421404682,1.0033444816053512,4.013377926421405
E00124496,337,308,13,10,3,4,2,2,12,91.3946587537092,3.857566765578635,2.967359050445104,0.8902077151335311,1.1869436201780417,0.5934718100890208,0.5934718100890208,3.5608308605341246
E00124497,209,189,11,10,1,3,1,2,6,90.43062200956938,5.263157894736842,4.784688995215311,0.4784688995215311,1.4354066985645932,0.4784688995215311,0.9569377990430622,2.8708133971291865
E00124498,339,308,14,12,2,4,2,2,13,90.85545722713864,4.129793510324483,3.5398230088495577,0.5899705014749262,1.1799410029498525,0.5899705014749262,0.5899705014749262,3.8348082595870205
E00124499,250,222,17,13,4,3,3,0,8,88.8,6.800000000000001,5.2,1.6,1.2,1.2,0,3.2
E00124500,262,217,12,8,4,9,6,3,24,82.82442748091603,4.580152671755725,3.0534351145038165,1.5267175572519083,3.435114503816794,2.2900763358778624,1.1450381679389312,9.16030534351145
E00124501,307,277,15,10,5,7,4,3,8,90.22801302931596,4.88599348534202,3.257328990228013,1.6286644951140066,2.2801302931596092,1.3029315960912053,0.9771986970684038,2.6058631921824107
E00124503,254,217,18,12,6,10,3,7,9,85.43307086614173,7.086614173228346,4.724409448818897,2.3622047244094486,3.937007874015748,1.1811023622047243,2.7559055118110236,3.543307086614173
E00124504,280,256,15,11,4,3,2,1,6,91.42857142857143,5.357142857142857,3.9285714285714284,1.4285714285714286,1.0714285714285714,0.7142857142857143,0.35714285714285715,2.142857142857143
E00124505,235,201,11,8,3,4,0,4,19,85.53191489361703,4.680851063829787,3.404255319148936,1.276595744680851,1.702127659574468,0,1.702127659574468,8.085106382978724
E00124506,300,263,15,12,3,3,3,0,19,87.66666666666667,5,4,1,1,1,0,6.333333333333334
E00124507,253,226,11,10,1,6,2,4,10,89.32806324110672,4.3478260869565215,3.9525691699604746,0.3952569169960474,2.371541501976284,0.7905138339920948,1.5810276679841897,3.9525691699604746
E00124508,228,202,9,3,6,7,5,2,10,88.59649122807018,3.9473684210526314,1.3157894736842104,2.631578947368421,3.070175438596491,2.1929824561403506,0.8771929824561403,4.385964912280701
E00124509,227,204,8,6,2,3,1,2,12,89.86784140969164,3.524229074889868,2.643171806167401,0.881057268722467,1.3215859030837005,0.4405286343612335,0.881057268722467,5.286343612334802
E00124510,328,297,17,11,6,9,5,4,5,90.54878048780488,5.182926829268292,3.353658536585366,1.8292682926829267,2.7439024390243905,1.524390243902439,1.2195121951219512,1.524390243902439
E00124511,377,335,8,6,2,16,6,10,18,88.85941644562334,2.122015915119363,1.5915119363395225,0.5305039787798408,4.244031830238726,1.5915119363395225,2.6525198938992043,4.774535809018567
E00124512,276,242,12,7,5,6,3,3,16,87.68115942028986,4.3478260869565215,2.536231884057971,1.8115942028985508,2.1739130434782608,1.0869565217391304,1.0869565217391304,5.797101449275362
E00124513,273,229,21,18,3,9,2,7,14,83.88278388278388,7.6923076923076925,6.593406593406594,1.098901098901099,3.296703296703297,0.7326007326007326,2.564102564102564,5.128205128205128
E00124514,281,251,19,18,1,4,2,2,7,89.32384341637011,6.761565836298933,6.405693950177936,0.3558718861209964,1.4234875444839856,0.7117437722419928,0.7117437722419928,2.491103202846975
E00124515,273,240,17,10,7,9,4,5,7,87.91208791208791,6.227106227106227,3.6630036630036633,2.564102564102564,3.296703296703297,1.465201465201465,1.8315018315018317,2.564102564102564
E00124516,273,244,12,5,7,4,2,2,13,89.37728937728939,4.395604395604396,1.8315018315018317,2.564102564102564,1.465201465201465,0.7326007326007326,0.7326007326007326,4.761904761904762
E00124517,258,234,8,4,4,6,5,1,10,90.69767441860465,3.10077519379845,1.550387596899225,1.550387596899225,2.3255813953488373,1.937984496124031,0.3875968992248062,3.875968992248062
E00124518,508,448,15,12,3,13,9,4,32,88.18897637795276,2.952755905511811,2.3622047244094486,0.5905511811023622,2.559055118110236,1.7716535433070866,0.7874015748031495,6.299212598425196
E00124519,206,181,10,7,3,5,2,3,10,87.86407766990291,4.854368932038835,3.3980582524271843,1.4563106796116505,2.4271844660194173,0.9708737864077669,1.4563106796116505,4.854368932038835
E00124520,342,296,20,14,6,7,2,5,19,86.54970760233918,5.847953216374268,4.093567251461988,1.7543859649122806,2.046783625730994,0.5847953216374269,1.461988304093567,5.555555555555555
E00124521,310,267,18,7,11,12,7,5,13,86.12903225806451,5.806451612903226,2.258064516129032,3.5483870967741935,3.870967741935484,2.258064516129032,1.6129032258064515,4.193548387096775
E00124522,444,387,28,9,19,12,6,6,17,87.16216216216216,6.306306306306306,2.027027027027027,4.2792792792792795,2.7027027027027026,1.3513513513513513,1.3513513513513513,3.8288288288288284
E00124523,309,269,12,8,4,8,4,4,20,87.05501618122977,3.8834951456310676,2.5889967637540456,1.2944983818770228,2.5889967637540456,1.2944983818770228,1.2944983818770228,6.472491909385113
E00124524,338,296,16,13,3,10,7,3,16,87.57396449704143,4.733727810650888,3.8461538461538463,0.8875739644970414,2.9585798816568047,2.0710059171597637,0.8875739644970414,4.733727810650888
E00124525,298,263,14,7,7,7,3,4,14,88.25503355704699,4.697986577181208,2.348993288590604,2.348993288590604,2.348993288590604,1.006711409395973,1.342281879194631,4.697986577181208
E00124526,306,283,8,5,3,7,3,4,8,92.48366013071896,2.6143790849673203,1.6339869281045754,0.9803921568627451,2.287581699346405,0.9803921568627451,1.3071895424836601,2.6143790849673203
E00124527,374,334,10,7,3,10,3,7,20,89.3048128342246,2.6737967914438503,1.8716577540106951,0.8021390374331552,2.6737967914438503,0.8021390374331552,1.8716577540106951,5.347593582887701
E00124528,263,243,8,7,1,4,1,3,8,92.39543726235742,3.041825095057034,2.6615969581749046,0.38022813688212925,1.520912547528517,0.38022813688212925,1.1406844106463878,3.041825095057034
E00124529,335,297,9,7,2,12,7,5,17,88.65671641791046,2.6865671641791042,2.0895522388059704,0.5970149253731344,3.582089552238806,2.0895522388059704,1.4925373134328357,5.074626865671641
E00124530,317,266,18,12,6,9,4,5,24,83.91167192429022,5.678233438485805,3.7854889589905363,1.8927444794952681,2.8391167192429023,1.2618296529968454,1.5772870662460567,7.570977917981073
E00124531,259,219,15,10,5,9,5,4,16,84.55598455598455,5.7915057915057915,3.861003861003861,1.9305019305019304,3.474903474903475,1.9305019305019304,1.5444015444015444,6.177606177606178
E00124532,330,280,25,17,8,10,5,5,15,84.84848484848484,7.575757575757576,5.151515151515151,2.4242424242424243,3.0303030303030303,1.5151515151515151,1.5151515151515151,4.545454545454546
E00124533,336,297,11,6,5,8,4,4,20,88.39285714285714,3.273809523809524,1.7857142857142856,1.488095238095238,2.380952380952381,1.1904761904761905,1.1904761904761905,5.952380952380952
E00124534,296,263,14,11,3,5,4,1,14,88.85135135135135,4.72972972972973,3.7162162162162162,1.0135135135135136,1.6891891891891893,1.3513513513513513,0.33783783783783783,4.72972972972973
E00124535,246,209,13,8,5,11,4,7,13,84.95934959349594,5.284552845528456,3.2520325203252036,2.0325203252032518,4.471544715447155,1.6260162601626018,2.8455284552845526,5.284552845528456
E00124536,107,96,8,6,2,2,1,1,1,89.7196261682243,7.476635514018691,5.607476635514018,1.8691588785046727,1.8691588785046727,0.9345794392523363,0.9345794392523363,0.9345794392523363
E00124537,207,181,17,12,5,4,1,3,5,87.43961352657004,8.212560386473431,5.797101449275362,2.4154589371980677,1.932367149758454,0.4830917874396135,1.4492753623188406,2.4154589371980677
E00124538,287,261,15,11,4,5,4,1,6,90.94076655052264,5.2264808362369335,3.8327526132404177,1.3937282229965158,1.7421602787456445,1.3937282229965158,0.34843205574912894,2.0905923344947737
E00124539,261,232,14,9,5,4,2,2,11,88.88888888888889,5.363984674329502,3.4482758620689653,1.9157088122605364,1.532567049808429,0.7662835249042145,0.7662835249042145,4.21455938697318
E00124540,282,255,20,17,3,4,4,0,3,90.42553191489363,7.092198581560284,6.028368794326241,1.0638297872340425,1.4184397163120568,1.4184397163120568,0,1.0638297872340425
E00124541,279,244,22,13,9,5,4,1,8,87.45519713261649,7.885304659498208,4.659498207885305,3.225806451612903,1.7921146953405016,1.4336917562724014,0.35842293906810035,2.867383512544803
E00124542,397,358,24,18,6,5,3,2,10,90.17632241813602,6.045340050377834,4.534005037783375,1.5113350125944585,1.2594458438287155,0.7556675062972292,0.5037783375314862,2.518891687657431
E00124543,257,220,15,9,6,8,4,4,14,85.60311284046692,5.836575875486381,3.501945525291829,2.3346303501945527,3.11284046692607,1.556420233463035,1.556420233463035,5.447470817120623
E00124544,307,278,14,10,4,7,6,1,8,90.55374592833876,4.5602605863192185,3.257328990228013,1.3029315960912053,2.2801302931596092,1.9543973941368076,0.32573289902280134,2.6058631921824107
E00124545,409,373,17,9,8,5,1,4,14,91.19804400977995,4.156479217603912,2.2004889975550124,1.9559902200488997,1.2224938875305624,0.24449877750611246,0.9779951100244498,3.4229828850855744
E00124546,307,280,12,8,4,4,2,2,11,91.20521172638436,3.908794788273615,2.6058631921824107,1.3029315960912053,1.3029315960912053,0.6514657980456027,0.6514657980456027,3.5830618892508146
E00124547,279,230,16,9,7,12,7,5,21,82.43727598566308,5.734767025089606,3.225806451612903,2.5089605734767026,4.301075268817205,2.5089605734767026,1.7921146953405016,7.526881720430108
E00124548,365,336,12,8,4,8,6,2,9,92.05479452054794,3.287671232876712,2.191780821917808,1.095890410958904,2.191780821917808,1.643835616438356,0.547945205479452,2.4657534246575343
E00124549,365,329,10,8,2,9,4,5,17,90.13698630136986,2.73972602739726,2.191780821917808,0.547945205479452,2.4657534246575343,1.095890410958904,1.36986301369863,4.657534246575342
E00124550,263,227,15,12,3,9,4,5,12,86.31178707224335,5.7034220532319395,4.562737642585551,1.1406844106463878,3.4220532319391634,1.520912547528517,1.9011406844106464,4.562737642585551
E00124551,297,268,11,7,4,7,5,2,11,90.23569023569024,3.7037037037037033,2.356902356902357,1.3468013468013467,2.356902356902357,1.6835016835016834,0.6734006734006733,3.7037037037037033
E00124552,183,168,5,5,0,6,2,4,4,91.80327868852459,2.73224043715847,2.73224043715847,0,3.278688524590164,1.092896174863388,2.185792349726776,2.185792349726776
E00124553,248,230,6,5,1,3,2,1,9,92.74193548387096,2.4193548387096775,2.0161290322580645,0.4032258064516129,1.2096774193548387,0.8064516129032258,0.4032258064516129,3.6290322580645165
E00124554,262,225,11,7,4,8,3,5,18,85.87786259541986,4.198473282442748,2.6717557251908395,1.5267175572519083,3.0534351145038165,1.1450381679389312,1.9083969465648856,6.870229007633588
E00124555,342,285,26,22,4,18,5,13,13,83.33333333333334,7.602339181286549,6.432748538011696,1.1695906432748537,5.263157894736842,1.461988304093567,3.8011695906432745,3.8011695906432745
E00124556,264,240,10,8,2,3,1,2,11,90.9090909090909,3.787878787878788,3.0303030303030303,0.7575757575757576,1.1363636363636365,0.3787878787878788,0.7575757575757576,4.166666666666666
E00124557,214,193,8,6,2,3,2,1,10,90.18691588785047,3.7383177570093453,2.803738317757009,0.9345794392523363,1.4018691588785046,0.9345794392523363,0.46728971962616817,4.672897196261682
E00124558,297,270,15,11,4,3,1,2,9,90.9090909090909,5.05050505050505,3.7037037037037033,1.3468013468013467,1.0101010101010102,0.33670033670033667,0.6734006734006733,3.0303030303030303
E00124559,391,339,18,12,6,11,7,4,23,86.70076726342711,4.603580562659847,3.0690537084398977,1.5345268542199488,2.813299232736573,1.7902813299232736,1.0230179028132993,5.88235294117647
E00124560,292,257,17,14,3,4,0,4,14,88.01369863013699,5.821917808219178,4.794520547945205,1.0273972602739725,1.36986301369863,0,1.36986301369863,4.794520547945205
E00124561,242,222,8,7,1,5,1,4,7,91.73553719008265,3.3057851239669422,2.8925619834710745,0.4132231404958678,2.066115702479339,0.4132231404958678,1.6528925619834711,2.8925619834710745
E00124562,279,249,15,9,6,11,4,7,4,89.24731182795699,5.376344086021505,3.225806451612903,2.1505376344086025,3.942652329749104,1.4336917562724014,2.5089605734767026,1.4336917562724014
E00124563,317,286,13,8,5,4,3,1,14,90.22082018927445,4.100946372239748,2.5236593059936907,1.5772870662460567,1.2618296529968454,0.9463722397476341,0.31545741324921134,4.416403785488959
E00124564,521,477,22,18,4,9,4,5,13,91.55470249520154,4.222648752399232,3.45489443378119,0.7677543186180422,1.727447216890595,0.7677543186180422,0.9596928982725527,2.495201535508637
E00124565,271,245,11,8,3,4,3,1,11,90.40590405904058,4.059040590405904,2.952029520295203,1.107011070110701,1.4760147601476015,1.107011070110701,0.36900369003690037,4.059040590405904
E00124566,174,157,8,7,1,6,3,3,3,90.22988505747126,4.597701149425287,4.022988505747127,0.5747126436781609,3.4482758620689653,1.7241379310344827,1.7241379310344827,1.7241379310344827
E00124567,429,383,24,10,14,6,5,1,16,89.27738927738928,5.594405594405594,2.331002331002331,3.263403263403263,1.3986013986013985,1.1655011655011656,0.2331002331002331,3.7296037296037294
E00124568,283,262,18,14,4,2,0,2,1,92.57950530035336,6.36042402826855,4.946996466431095,1.4134275618374559,0.7067137809187279,0,0.7067137809187279,0.35335689045936397
E00124571,353,306,23,16,7,8,4,4,16,86.68555240793201,6.515580736543909,4.53257790368272,1.9830028328611897,2.26628895184136,1.13314447592068,1.13314447592068,4.53257790368272
E00124572,527,490,18,15,3,7,1,6,12,92.97912713472486,3.415559772296015,2.846299810246679,0.5692599620493358,1.3282732447817838,0.18975332068311196,1.1385199240986716,2.2770398481973433
E00124573,511,441,30,23,7,18,8,10,22,86.3013698630137,5.870841487279844,4.500978473581213,1.36986301369863,3.522504892367906,1.5655577299412915,1.9569471624266144,4.305283757338552
E00124574,317,291,12,9,3,8,4,4,6,91.7981072555205,3.7854889589905363,2.8391167192429023,0.9463722397476341,2.5236593059936907,1.2618296529968454,1.2618296529968454,1.8927444794952681
E00124576,278,245,12,11,1,5,2,3,16,88.12949640287769,4.316546762589928,3.9568345323741005,0.3597122302158274,1.7985611510791366,0.7194244604316548,1.079136690647482,5.755395683453238
E00124578,256,217,16,9,7,9,5,4,14,84.765625,6.25,3.515625,2.734375,3.515625,1.953125,1.5625,5.46875
E00124580,331,296,18,14,4,9,6,3,8,89.42598187311178,5.438066465256798,4.229607250755287,1.2084592145015105,2.719033232628399,1.812688821752266,0.906344410876133,2.416918429003021
E00124581,348,302,16,9,7,11,6,5,19,86.7816091954023,4.597701149425287,2.586206896551724,2.0114942528735633,3.1609195402298855,1.7241379310344827,1.4367816091954022,5.459770114942529
E00124582,279,234,15,9,6,9,4,5,21,83.87096774193549,5.376344086021505,3.225806451612903,2.1505376344086025,3.225806451612903,1.4336917562724014,1.7921146953405016,7.526881720430108
E00124583,289,247,20,14,6,6,5,1,16,85.46712802768167,6.920415224913495,4.844290657439446,2.0761245674740483,2.0761245674740483,1.7301038062283738,0.34602076124567477,5.536332179930796
E00124584,306,277,16,10,6,5,3,2,8,90.52287581699346,5.228758169934641,3.2679738562091507,1.9607843137254901,1.6339869281045754,0.9803921568627451,0.6535947712418301,2.6143790849673203
E00124585,267,237,18,14,4,6,2,4,6,88.76404494382022,6.741573033707865,5.2434456928838955,1.4981273408239701,2.247191011235955,0.7490636704119851,1.4981273408239701,2.247191011235955
E00124586,305,270,20,13,7,6,2,4,9,88.52459016393442,6.557377049180328,4.2622950819672125,2.2950819672131146,1.9672131147540985,0.6557377049180327,1.3114754098360655,2.9508196721311477
E00124587,316,277,28,18,10,3,0,3,8,87.65822784810126,8.860759493670885,5.69620253164557,3.1645569620253164,0.949367088607595,0,0.949367088607595,2.5316455696202533
E00124588,193,172,13,11,2,0,0,0,8,89.11917098445595,6.7357512953367875,5.699481865284974,1.0362694300518136,0,0,0,4.145077720207254
E00124589,327,294,18,16,2,11,9,2,4,89.90825688073394,5.5045871559633035,4.892966360856269,0.6116207951070336,3.3639143730886847,2.7522935779816518,0.6116207951070336,1.2232415902140672
E00124590,220,192,11,11,0,8,2,6,9,87.27272727272727,5,5,0,3.6363636363636362,0.9090909090909091,2.727272727272727,4.090909090909091
E00124591,261,230,18,15,3,6,4,2,7,88.12260536398468,6.896551724137931,5.747126436781609,1.1494252873563218,2.2988505747126435,1.532567049808429,0.7662835249042145,2.681992337164751
E00124592,170,153,12,9,3,0,0,0,5,90,7.0588235294117645,5.294117647058823,1.7647058823529411,0,0,0,2.941176470588235
E00124593,270,228,27,19,8,2,1,1,13,84.44444444444444,10,7.037037037037037,2.9629629629629632,0.7407407407407408,0.3703703703703704,0.3703703703703704,4.814814814814815
E00124594,270,244,12,6,6,5,3,2,9,90.37037037037037,4.444444444444445,2.2222222222222223,2.2222222222222223,1.8518518518518516,1.1111111111111112,0.7407407407407408,3.3333333333333335
E00124595,329,286,17,12,5,9,1,8,17,86.93009118541033,5.167173252279635,3.64741641337386,1.5197568389057752,2.735562310030395,0.303951367781155,2.43161094224924,5.167173252279635
E00124596,530,475,32,21,11,7,3,4,16,89.62264150943396,6.037735849056604,3.9622641509433962,2.0754716981132075,1.3207547169811322,0.5660377358490566,0.7547169811320755,3.018867924528302
E00124597,387,350,26,22,4,1,0,1,10,90.43927648578811,6.718346253229974,5.684754521963824,1.03359173126615,0.2583979328165375,0,0.2583979328165375,2.5839793281653747
E00124598,407,366,15,6,9,9,4,5,17,89.92628992628993,3.6855036855036856,1.4742014742014742,2.211302211302211,2.211302211302211,0.9828009828009828,1.2285012285012284,4.176904176904177
E00124599,328,301,18,16,2,2,1,1,7,91.76829268292683,5.487804878048781,4.878048780487805,0.6097560975609756,0.6097560975609756,0.3048780487804878,0.3048780487804878,2.1341463414634148
E00124600,422,359,32,24,8,8,2,6,23,85.07109004739335,7.5829383886255926,5.687203791469194,1.8957345971563981,1.8957345971563981,0.47393364928909953,1.4218009478672986,5.450236966824645
E00124601,131,104,9,8,1,3,0,3,15,79.38931297709924,6.870229007633588,6.106870229007633,0.7633587786259541,2.2900763358778624,0,2.2900763358778624,11.450381679389313
E00124602,331,293,14,8,6,7,4,3,17,88.51963746223565,4.229607250755287,2.416918429003021,1.812688821752266,2.1148036253776437,1.2084592145015105,0.906344410876133,5.13595166163142
E00124603,333,292,15,12,3,8,5,3,18,87.68768768768768,4.504504504504505,3.6036036036036037,0.9009009009009009,2.4024024024024024,1.5015015015015014,0.9009009009009009,5.405405405405405
E00124604,248,222,20,16,4,1,1,0,5,89.51612903225806,8.064516129032258,6.451612903225806,1.6129032258064515,0.4032258064516129,0.4032258064516129,0,2.0161290322580645
E00124605,311,265,22,17,5,7,3,4,17,85.20900321543408,7.07395498392283,5.466237942122187,1.607717041800643,2.2508038585209005,0.964630225080386,1.2861736334405145,5.466237942122187
E00124606,223,191,18,14,4,6,2,4,8,85.65022421524664,8.071748878923767,6.278026905829597,1.7937219730941705,2.690582959641256,0.8968609865470852,1.7937219730941705,3.587443946188341
E00124607,348,316,17,12,5,5,2,3,10,90.80459770114942,4.885057471264368,3.4482758620689653,1.4367816091954022,1.4367816091954022,0.5747126436781609,0.8620689655172413,2.8735632183908044
E00124608,122,113,5,5,0,3,1,2,1,92.62295081967213,4.098360655737705,4.098360655737705,0,2.459016393442623,0.819672131147541,1.639344262295082,0.819672131147541
E00124609,302,267,20,16,4,5,2,3,10,88.41059602649007,6.622516556291391,5.298013245033113,1.3245033112582782,1.6556291390728477,0.6622516556291391,0.9933774834437087,3.3112582781456954
E00124610,291,266,16,12,4,4,2,2,5,91.40893470790378,5.498281786941581,4.123711340206185,1.3745704467353952,1.3745704467353952,0.6872852233676976,0.6872852233676976,1.718213058419244
E00124611,130,116,6,5,1,4,3,1,4,89.23076923076924,4.615384615384616,3.8461538461538463,0.7692307692307693,3.076923076923077,2.307692307692308,0.7692307692307693,3.076923076923077
E00124612,221,190,16,15,1,5,4,1,10,85.97285067873304,7.239819004524888,6.787330316742081,0.4524886877828055,2.262443438914027,1.809954751131222,0.4524886877828055,4.524886877828054
E00124613,192,176,10,10,0,2,1,1,4,91.66666666666666,5.208333333333334,5.208333333333334,0,1.0416666666666665,0.5208333333333333,0.5208333333333333,2.083333333333333
E00124614,271,250,9,6,3,7,4,3,5,92.25092250922509,3.3210332103321036,2.214022140221402,1.107011070110701,2.5830258302583027,1.4760147601476015,1.107011070110701,1.8450184501845017
E00124615,283,259,12,8,4,3,2,1,9,91.51943462897526,4.240282685512367,2.8268551236749118,1.4134275618374559,1.0600706713780919,0.7067137809187279,0.35335689045936397,3.180212014134275
E00124616,263,234,16,13,3,4,3,1,9,88.97338403041825,6.083650190114068,4.942965779467681,1.1406844106463878,1.520912547528517,1.1406844106463878,0.38022813688212925,3.4220532319391634
E00171559,144,136,4,4,0,4,1,3,0,94.44444444444444,2.7777777777777777,2.7777777777777777,0,2.7777777777777777,0.6944444444444444,2.083333333333333,0
E00171560,199,186,7,7,0,3,3,0,3,93.46733668341709,3.5175879396984926,3.5175879396984926,0,1.507537688442211,1.507537688442211,0,1.507537688442211
E00171561,301,274,12,9,3,7,2,5,8,91.0299003322259,3.9867109634551494,2.990033222591362,0.9966777408637874,2.3255813953488373,0.6644518272425249,1.6611295681063125,2.6578073089700998
E00171562,154,141,11,7,4,1,0,1,1,91.55844155844156,7.142857142857142,4.545454545454546,2.5974025974025974,0.6493506493506493,0,0.6493506493506493,0.6493506493506493
E00171563,124,118,2,1,1,0,0,0,4,95.16129032258065,1.6129032258064515,0.8064516129032258,0.8064516129032258,0,0,0,3.225806451612903
E00171564,306,289,9,8,1,4,1,3,4,94.44444444444444,2.941176470588235,2.6143790849673203,0.32679738562091504,1.3071895424836601,0.32679738562091504,0.9803921568627451,1.3071895424836601
E00171565,328,297,12,6,6,12,6,6,7,90.54878048780488,3.6585365853658534,1.8292682926829267,1.8292682926829267,3.6585365853658534,1.8292682926829267,1.8292682926829267,2.1341463414634148
E00171566,294,270,12,6,6,1,1,0,11,91.83673469387756,4.081632653061225,2.0408163265306123,2.0408163265306123,0.3401360544217687,0.3401360544217687,0,3.741496598639456
E00171567,305,272,14,9,5,9,4,5,10,89.18032786885246,4.590163934426229,2.9508196721311477,1.639344262295082,2.9508196721311477,1.3114754098360655,1.639344262295082,3.278688524590164
E00171568,506,474,16,12,4,8,3,5,8,93.67588932806325,3.1620553359683794,2.371541501976284,0.7905138339920948,1.5810276679841897,0.592885375494071,0.9881422924901186,1.5810276679841897
E00171569,289,262,12,8,4,9,3,6,6,90.65743944636678,4.1522491349480966,2.768166089965398,1.384083044982699,3.1141868512110724,1.0380622837370241,2.0761245674740483,2.0761245674740483
E00171570,420,372,19,13,6,7,2,5,22,88.57142857142857,4.523809523809524,3.0952380952380953,1.4285714285714286,1.6666666666666667,0.4761904761904762,1.1904761904761905,5.238095238095238
E00171571,283,247,14,11,3,8,5,3,14,87.27915194346289,4.946996466431095,3.8869257950530036,1.0600706713780919,2.8268551236749118,1.76678445229682,1.0600706713780919,4.946996466431095
E00171572,305,272,20,14,6,5,4,1,8,89.18032786885246,6.557377049180328,4.590163934426229,1.9672131147540985,1.639344262295082,1.3114754098360655,0.32786885245901637,2.622950819672131
E00171573,239,221,5,4,1,6,3,3,7,92.46861924686193,2.092050209205021,1.6736401673640167,0.41841004184100417,2.510460251046025,1.2552301255230125,1.2552301255230125,2.928870292887029
E00171574,303,271,14,10,4,3,2,1,15,89.43894389438944,4.62046204620462,3.3003300330033,1.3201320132013201,0.9900990099009901,0.6600660066006601,0.33003300330033003,4.9504950495049505
E00171575,293,268,12,11,1,6,3,3,7,91.46757679180887,4.09556313993174,3.754266211604096,0.3412969283276451,2.04778156996587,1.023890784982935,1.023890784982935,2.3890784982935154
E00171576,191,181,1,1,0,3,1,2,6,94.76439790575915,0.5235602094240838,0.5235602094240838,0,1.5706806282722512,0.5235602094240838,1.0471204188481675,3.1413612565445024
E00171577,424,390,18,14,4,7,3,4,9,91.98113207547169,4.245283018867925,3.30188679245283,0.9433962264150944,1.650943396226415,0.7075471698113208,0.9433962264150944,2.1226415094339623
E00171578,177,164,8,5,3,2,1,1,3,92.65536723163842,4.519774011299435,2.824858757062147,1.694915254237288,1.1299435028248588,0.5649717514124294,0.5649717514124294,1.694915254237288
E00190160,194,182,3,3,0,3,2,1,6,93.81443298969072,1.5463917525773196,1.5463917525773196,0,1.5463917525773196,1.0309278350515463,0.5154639175257731,3.0927835051546393
E00190162,312,291,16,11,5,3,2,1,2,93.26923076923077,5.128205128205128,3.5256410256410255,1.6025641025641024,0.9615384615384616,0.641025641025641,0.3205128205128205,0.641025641025641
E00190171,308,272,22,21,1,5,3,2,9,88.31168831168831,7.142857142857142,6.8181818181818175,0.3246753246753247,1.6233766233766231,0.974025974025974,0.6493506493506493,2.922077922077922
E00190172,329,314,11,8,3,3,3,0,1,95.44072948328267,3.343465045592705,2.43161094224924,0.911854103343465,0.911854103343465,0.911854103343465,0,0.303951367781155
E00190180,306,271,14,8,6,11,6,5,10,88.56209150326796,4.57516339869281,2.6143790849673203,1.9607843137254901,3.594771241830065,1.9607843137254901,1.6339869281045754,3.2679738562091507
E00190181,238,212,11,10,1,5,2,3,10,89.07563025210085,4.621848739495799,4.201680672268908,0.42016806722689076,2.100840336134454,0.8403361344537815,1.2605042016806722,4.201680672268908
E00190182,608,575,22,19,3,8,4,4,3,94.57236842105263,3.618421052631579,3.125,0.4934210526315789,1.3157894736842104,0.6578947368421052,0.6578947368421052,0.4934210526315789
E00190191,335,308,11,11,0,9,3,6,7,91.94029850746269,3.2835820895522385,3.2835820895522385,0,2.6865671641791042,0.8955223880597015,1.791044776119403,2.0895522388059704
E00190204,329,302,17,10,7,3,3,0,7,91.7933130699088,5.167173252279635,3.0395136778115504,2.127659574468085,0.911854103343465,0.911854103343465,0,2.127659574468085
E00190214,237,217,7,5,2,5,3,2,8,91.56118143459916,2.9535864978902953,2.109704641350211,0.8438818565400843,2.109704641350211,1.2658227848101267,0.8438818565400843,3.375527426160337
