OA,ts0540001,ts0540002,ts0540003,ts0540004,ts0540005,ts0540006,ts0540007,ts0540008,ts0540009,ts0540010,ts0540011,ts0540012,ts0540013,ts0540002_PCT,ts0540003_PCT,ts0540004_PCT,ts0540005_PCT,ts0540006_PCT,ts0540007_PCT,ts0540008_PCT,ts0540009_PCT,ts0540010_PCT,ts0540011_PCT,ts0540012_PCT,ts0540013_PCT
E00121138,155,68,18,50,0,0,63,26,37,22,20,2,2,43.87096774193549,11.612903225806452,32.25806451612903,0,0,40.64516129032258,16.7741935483871,23.870967741935484,14.193548387096774,12.903225806451612,1.2903225806451613,1.2903225806451613
E00121139,205,109,44,65,3,3,3,1,2,90,83,7,0,53.170731707317074,21.463414634146343,31.70731707317073,1.4634146341463417,1.4634146341463417,1.4634146341463417,0.4878048780487805,0.975609756097561,43.90243902439025,40.487804878048784,3.414634146341464,0
E00121140,161,88,28,60,2,2,3,0,3,68,66,2,0,54.6583850931677,17.391304347826086,37.267080745341616,1.2422360248447204,1.2422360248447204,1.8633540372670807,0,1.8633540372670807,42.2360248447205,40.993788819875775,1.2422360248447204,0
E00121141,173,89,21,68,1,1,2,1,1,81,77,4,0,51.445086705202314,12.138728323699421,39.30635838150289,0.5780346820809248,0.5780346820809248,1.1560693641618496,0.5780346820809248,0.5780346820809248,46.82080924855491,44.50867052023121,2.312138728323699,0
E00121142,112,46,11,35,1,1,6,2,4,59,59,0,0,41.07142857142857,9.821428571428571,31.25,0.8928571428571428,0.8928571428571428,5.357142857142857,1.7857142857142856,3.571428571428571,52.67857142857143,52.67857142857143,0,0
E00121143,153,80,35,45,0,0,18,5,13,55,53,2,0,52.28758169934641,22.875816993464053,29.411764705882355,0,0,11.76470588235294,3.2679738562091507,8.49673202614379,35.947712418300654,34.64052287581699,1.3071895424836601,0
E00121144,120,41,17,24,1,1,4,0,4,74,72,2,0,34.166666666666664,14.166666666666666,20,0.8333333333333334,0.8333333333333334,3.3333333333333335,0,3.3333333333333335,61.66666666666667,60,1.6666666666666667,0
E00121145,145,110,45,65,0,0,5,3,2,30,28,2,0,75.86206896551724,31.03448275862069,44.827586206896555,0,0,3.4482758620689653,2.0689655172413794,1.3793103448275863,20.689655172413794,19.310344827586206,1.3793103448275863,0
E00121146,148,67,32,35,0,0,52,19,33,29,28,1,0,45.27027027027027,21.62162162162162,23.64864864864865,0,0,35.13513513513514,12.837837837837837,22.2972972972973,19.594594594594593,18.91891891891892,0.6756756756756757,0
E00121147,152,65,26,39,0,0,30,11,19,57,53,4,0,42.76315789473684,17.105263157894736,25.657894736842106,0,0,19.736842105263158,7.236842105263158,12.5,37.5,34.868421052631575,2.631578947368421,0
E00121148,133,90,45,45,1,1,4,1,3,38,35,3,0,67.66917293233082,33.83458646616541,33.83458646616541,0.7518796992481203,0.7518796992481203,3.007518796992481,0.7518796992481203,2.2556390977443606,28.57142857142857,26.31578947368421,2.2556390977443606,0
E00121149,133,92,35,57,0,0,11,1,10,29,28,1,1,69.17293233082707,26.31578947368421,42.857142857142854,0,0,8.270676691729323,0.7518796992481203,7.518796992481203,21.804511278195488,21.052631578947366,0.7518796992481203,0.7518796992481203
E00121150,199,79,22,57,3,3,8,3,5,109,105,4,0,39.698492462311556,11.055276381909549,28.643216080402013,1.507537688442211,1.507537688442211,4.0201005025125625,1.507537688442211,2.512562814070352,54.773869346733676,52.76381909547738,2.0100502512562812,0
E00121151,121,57,21,36,0,0,16,3,13,48,43,5,0,47.107438016528924,17.355371900826448,29.75206611570248,0,0,13.223140495867769,2.479338842975207,10.743801652892563,39.66942148760331,35.53719008264463,4.132231404958678,0
E00121152,147,71,18,53,1,1,9,2,7,66,64,2,0,48.29931972789115,12.244897959183673,36.054421768707485,0.6802721088435374,0.6802721088435374,6.122448979591836,1.3605442176870748,4.761904761904762,44.89795918367347,43.53741496598639,1.3605442176870748,0
E00121153,165,79,24,55,0,0,2,2,0,84,81,3,0,47.878787878787875,14.545454545454545,33.33333333333333,0,0,1.2121212121212122,1.2121212121212122,0,50.90909090909091,49.09090909090909,1.8181818181818181,0
E00121154,195,78,23,55,0,0,4,2,2,112,108,4,1,40,11.794871794871794,28.205128205128204,0,0,2.051282051282051,1.0256410256410255,1.0256410256410255,57.43589743589743,55.38461538461539,2.051282051282051,0.5128205128205128
E00121155,132,65,25,40,0,0,4,2,2,63,57,6,0,49.24242424242424,18.939393939393938,30.303030303030305,0,0,3.0303030303030303,1.5151515151515151,1.5151515151515151,47.72727272727273,43.18181818181818,4.545454545454546,0
E00121156,145,82,26,56,1,1,3,0,3,59,59,0,0,56.55172413793104,17.93103448275862,38.62068965517241,0.6896551724137931,0.6896551724137931,2.0689655172413794,0,2.0689655172413794,40.689655172413794,40.689655172413794,0,0
E00121157,117,72,25,47,0,0,0,0,0,45,42,3,0,61.53846153846154,21.367521367521366,40.17094017094017,0,0,0,0,0,38.46153846153847,35.8974358974359,2.564102564102564,0
E00121158,115,64,25,39,0,0,0,0,0,51,49,2,0,55.65217391304348,21.73913043478261,33.91304347826087,0,0,0,0,0,44.34782608695652,42.608695652173914,1.7391304347826086,0
E00121159,151,69,19,50,0,0,16,0,16,66,63,3,0,45.6953642384106,12.582781456953644,33.11258278145696,0,0,10.596026490066226,0,10.596026490066226,43.70860927152318,41.72185430463576,1.9867549668874174,0
E00121160,133,55,22,33,1,1,7,2,5,70,64,6,0,41.35338345864661,16.541353383458645,24.81203007518797,0.7518796992481203,0.7518796992481203,5.263157894736842,1.5037593984962405,3.7593984962406015,52.63157894736842,48.1203007518797,4.511278195488721,0
E00121161,144,69,28,41,0,0,8,0,8,67,66,1,0,47.91666666666667,19.444444444444446,28.47222222222222,0,0,5.555555555555555,0,5.555555555555555,46.52777777777778,45.83333333333333,0.6944444444444444,0
E00121162,185,60,21,39,1,1,2,0,2,122,116,6,0,32.432432432432435,11.351351351351353,21.08108108108108,0.5405405405405406,0.5405405405405406,1.0810810810810811,0,1.0810810810810811,65.94594594594595,62.70270270270271,3.2432432432432434,0
E00121163,158,50,21,29,1,1,8,1,7,99,97,2,0,31.645569620253166,13.291139240506327,18.354430379746837,0.6329113924050633,0.6329113924050633,5.063291139240507,0.6329113924050633,4.430379746835443,62.65822784810127,61.39240506329114,1.2658227848101267,0
E00121164,234,31,10,21,14,14,90,7,83,99,96,3,0,13.247863247863249,4.273504273504273,8.974358974358974,5.982905982905983,5.982905982905983,38.46153846153847,2.9914529914529915,35.47008547008547,42.30769230769231,41.02564102564102,1.282051282051282,0
E00121166,190,84,27,57,9,9,11,4,7,86,82,4,0,44.21052631578947,14.210526315789473,30,4.736842105263158,4.736842105263158,5.7894736842105265,2.1052631578947367,3.684210526315789,45.26315789473684,43.15789473684211,2.1052631578947367,0
E00121167,121,79,27,52,1,1,1,0,1,40,37,3,0,65.28925619834712,22.31404958677686,42.97520661157025,0.8264462809917356,0.8264462809917356,0.8264462809917356,0,0.8264462809917356,33.057851239669425,30.57851239669421,2.479338842975207,0
E00121168,158,67,27,40,0,0,8,2,6,83,77,6,0,42.405063291139236,17.088607594936708,25.31645569620253,0,0,5.063291139240507,1.2658227848101267,3.79746835443038,52.53164556962025,48.734177215189874,3.79746835443038,0
E00121169,155,64,27,37,0,0,0,0,0,91,89,2,0,41.29032258064516,17.419354838709676,23.870967741935484,0,0,0,0,0,58.70967741935483,57.41935483870968,1.2903225806451613,0
E00121172,214,80,41,39,0,0,0,0,0,134,129,5,0,37.38317757009346,19.158878504672895,18.22429906542056,0,0,0,0,0,62.616822429906534,60.280373831775705,2.336448598130841,0
E00121174,188,63,40,23,0,0,4,1,3,121,110,11,0,33.51063829787234,21.27659574468085,12.23404255319149,0,0,2.127659574468085,0.5319148936170213,1.5957446808510638,64.36170212765957,58.51063829787234,5.851063829787234,0
E00121175,232,111,91,20,6,6,32,4,28,83,80,3,0,47.8448275862069,39.224137931034484,8.620689655172415,2.586206896551724,2.586206896551724,13.793103448275861,1.7241379310344827,12.068965517241379,35.775862068965516,34.48275862068966,1.293103448275862,0
E00121176,154,97,47,50,0,0,8,1,7,49,46,3,0,62.98701298701299,30.519480519480517,32.467532467532465,0,0,5.194805194805195,0.6493506493506493,4.545454545454546,31.818181818181817,29.87012987012987,1.948051948051948,0
E00121177,117,82,33,49,0,0,1,0,1,34,30,4,0,70.08547008547008,28.205128205128204,41.88034188034188,0,0,0.8547008547008548,0,0.8547008547008548,29.059829059829063,25.64102564102564,3.418803418803419,0
E00121178,183,101,28,73,7,7,10,3,7,65,65,0,0,55.19125683060109,15.300546448087433,39.89071038251366,3.825136612021858,3.825136612021858,5.46448087431694,1.639344262295082,3.825136612021858,35.51912568306011,35.51912568306011,0,0
E00121180,128,10,0,10,0,0,104,9,95,14,12,2,0,7.8125,0,7.8125,0,0,81.25,7.03125,74.21875,10.9375,9.375,1.5625,0
E00121181,139,43,11,32,0,0,79,21,58,17,14,3,0,30.935251798561154,7.913669064748201,23.021582733812952,0,0,56.83453237410072,15.107913669064748,41.726618705035975,12.23021582733813,10.071942446043165,2.158273381294964,0
E00121182,132,36,12,24,0,0,70,16,54,26,25,1,0,27.27272727272727,9.090909090909092,18.181818181818183,0,0,53.03030303030303,12.121212121212121,40.909090909090914,19.696969696969695,18.939393939393938,0.7575757575757576,0
E00121183,240,31,17,14,0,0,55,6,49,154,150,4,0,12.916666666666668,7.083333333333333,5.833333333333333,0,0,22.916666666666664,2.5,20.416666666666668,64.16666666666667,62.5,1.6666666666666667,0
E00121185,131,54,22,32,0,0,61,19,42,16,16,0,0,41.221374045801525,16.793893129770993,24.427480916030532,0,0,46.56488549618321,14.50381679389313,32.06106870229007,12.213740458015266,12.213740458015266,0,0
E00121186,168,44,21,23,0,0,53,10,43,71,65,6,0,26.190476190476193,12.5,13.690476190476192,0,0,31.547619047619047,5.952380952380952,25.595238095238095,42.26190476190476,38.69047619047619,3.571428571428571,0
E00121187,130,60,15,45,0,0,54,21,33,16,13,3,0,46.15384615384615,11.538461538461538,34.61538461538461,0,0,41.53846153846154,16.153846153846153,25.384615384615383,12.307692307692308,10,2.307692307692308,0
E00121188,171,31,8,23,3,3,101,9,92,36,35,1,0,18.128654970760234,4.678362573099415,13.450292397660817,1.7543859649122806,1.7543859649122806,59.06432748538012,5.263157894736842,53.80116959064327,21.052631578947366,20.46783625730994,0.5847953216374269,0
E00121189,118,37,15,22,0,0,74,24,50,7,7,0,0,31.35593220338983,12.711864406779661,18.64406779661017,0,0,62.71186440677966,20.33898305084746,42.3728813559322,5.932203389830509,5.932203389830509,0,0
E00121190,126,30,10,20,35,35,40,15,25,21,21,0,0,23.809523809523807,7.936507936507936,15.873015873015872,27.77777777777778,27.77777777777778,31.746031746031743,11.904761904761903,19.841269841269842,16.666666666666664,16.666666666666664,0,0
E00121191,156,32,8,24,20,20,91,17,74,12,12,0,1,20.51282051282051,5.128205128205128,15.384615384615385,12.82051282051282,12.82051282051282,58.333333333333336,10.897435897435898,47.43589743589743,7.6923076923076925,7.6923076923076925,0,0.641025641025641
E00121195,166,81,47,34,0,0,7,2,5,78,74,4,0,48.795180722891565,28.313253012048197,20.481927710843372,0,0,4.216867469879518,1.2048192771084338,3.0120481927710845,46.98795180722892,44.57831325301205,2.4096385542168677,0
E00121196,127,98,51,47,0,0,0,0,0,29,28,1,0,77.16535433070865,40.15748031496063,37.00787401574803,0,0,0,0,0,22.83464566929134,22.04724409448819,0.7874015748031495,0
E00121197,154,94,44,50,0,0,8,1,7,52,48,4,0,61.038961038961034,28.57142857142857,32.467532467532465,0,0,5.194805194805195,0.6493506493506493,4.545454545454546,33.76623376623377,31.16883116883117,2.5974025974025974,0
E00121198,125,54,20,34,0,0,4,0,4,67,65,2,0,43.2,16,27.200000000000003,0,0,3.2,0,3.2,53.6,52,1.6,0
E00121199,129,49,14,35,1,1,2,0,2,77,77,0,0,37.98449612403101,10.852713178294573,27.131782945736433,0.7751937984496124,0.7751937984496124,1.550387596899225,0,1.550387596899225,59.68992248062015,59.68992248062015,0,0
E00121200,123,38,7,31,1,1,8,1,7,76,73,3,0,30.89430894308943,5.691056910569105,25.203252032520325,0.8130081300813009,0.8130081300813009,6.504065040650407,0.8130081300813009,5.691056910569105,61.78861788617886,59.34959349593496,2.4390243902439024,0
E00121201,133,51,10,41,0,0,5,1,4,77,76,1,0,38.34586466165413,7.518796992481203,30.82706766917293,0,0,3.7593984962406015,0.7518796992481203,3.007518796992481,57.89473684210527,57.14285714285714,0.7518796992481203,0
E00121202,134,47,22,25,0,0,71,20,51,16,15,1,0,35.07462686567165,16.417910447761194,18.65671641791045,0,0,52.98507462686567,14.925373134328357,38.059701492537314,11.940298507462686,11.194029850746269,0.7462686567164178,0
E00121203,115,36,16,20,0,0,70,25,45,9,7,2,0,31.30434782608696,13.91304347826087,17.391304347826086,0,0,60.86956521739131,21.73913043478261,39.130434782608695,7.82608695652174,6.086956521739131,1.7391304347826086,0
E00121204,127,52,20,32,1,1,63,20,43,11,11,0,0,40.94488188976378,15.748031496062993,25.196850393700785,0.7874015748031495,0.7874015748031495,49.60629921259843,15.748031496062993,33.85826771653544,8.661417322834646,8.661417322834646,0,0
E00121205,137,31,10,21,0,0,98,27,71,8,7,1,0,22.62773722627737,7.2992700729927,15.328467153284672,0,0,71.53284671532847,19.708029197080293,51.82481751824818,5.839416058394161,5.109489051094891,0.7299270072992701,0
E00121207,123,56,23,33,0,0,56,19,37,11,6,5,0,45.52845528455284,18.69918699186992,26.82926829268293,0,0,45.52845528455284,15.447154471544716,30.081300813008134,8.94308943089431,4.878048780487805,4.0650406504065035,0
E00121208,118,61,23,38,0,0,44,15,29,13,11,2,0,51.69491525423729,19.491525423728813,32.20338983050847,0,0,37.28813559322034,12.711864406779661,24.576271186440678,11.016949152542372,9.322033898305085,1.694915254237288,0
E00121209,119,75,34,41,1,1,5,2,3,38,37,1,0,63.02521008403361,28.57142857142857,34.45378151260504,0.8403361344537815,0.8403361344537815,4.201680672268908,1.680672268907563,2.5210084033613445,31.932773109243694,31.092436974789916,0.8403361344537815,0
E00121210,139,57,13,44,0,0,65,31,34,17,16,1,0,41.007194244604314,9.352517985611511,31.654676258992804,0,0,46.76258992805755,22.302158273381295,24.46043165467626,12.23021582733813,11.510791366906476,0.7194244604316548,0
E00121211,137,52,18,34,0,0,73,25,48,12,9,3,0,37.95620437956204,13.138686131386862,24.817518248175183,0,0,53.284671532846716,18.248175182481752,35.03649635036496,8.75912408759124,6.569343065693431,2.18978102189781,0
E00121212,140,114,50,64,1,1,5,4,1,20,20,0,0,81.42857142857143,35.714285714285715,45.714285714285715,0.7142857142857143,0.7142857142857143,3.571428571428571,2.857142857142857,0.7142857142857143,14.285714285714285,14.285714285714285,0,0
E00121213,131,41,13,28,5,5,75,7,68,10,7,3,0,31.297709923664126,9.923664122137405,21.374045801526716,3.816793893129771,3.816793893129771,57.25190839694656,5.343511450381679,51.908396946564885,7.633587786259542,5.343511450381679,2.2900763358778624,0
E00121214,127,93,48,45,0,0,8,6,2,26,25,1,0,73.22834645669292,37.79527559055118,35.43307086614173,0,0,6.299212598425196,4.724409448818897,1.574803149606299,20.47244094488189,19.68503937007874,0.7874015748031495,0
E00121215,125,72,33,39,2,2,6,2,4,45,44,1,0,57.599999999999994,26.400000000000002,31.2,1.6,1.6,4.8,1.6,3.2,36,35.199999999999996,0.8,0
E00121216,109,88,48,40,0,0,7,4,3,14,14,0,0,80.73394495412845,44.03669724770643,36.69724770642202,0,0,6.422018348623854,3.669724770642202,2.7522935779816518,12.844036697247708,12.844036697247708,0,0
E00121217,161,116,54,62,0,0,25,7,18,20,17,3,0,72.04968944099379,33.54037267080746,38.50931677018634,0,0,15.527950310559005,4.3478260869565215,11.180124223602485,12.422360248447205,10.559006211180124,1.8633540372670807,0
E00121218,135,63,18,45,1,1,44,13,31,26,23,3,1,46.666666666666664,13.333333333333334,33.33333333333333,0.7407407407407408,0.7407407407407408,32.592592592592595,9.62962962962963,22.962962962962962,19.25925925925926,17.037037037037038,2.2222222222222223,0.7407407407407408
E00121219,123,51,19,32,0,0,58,23,35,14,13,1,0,41.46341463414634,15.447154471544716,26.01626016260163,0,0,47.15447154471545,18.69918699186992,28.455284552845526,11.38211382113821,10.569105691056912,0.8130081300813009,0
E00121220,120,59,21,38,1,1,39,16,23,21,21,0,0,49.166666666666664,17.5,31.666666666666664,0.8333333333333334,0.8333333333333334,32.5,13.333333333333334,19.166666666666668,17.5,17.5,0,0
E00121221,142,113,57,56,0,0,1,0,1,28,23,5,0,79.5774647887324,40.140845070422536,39.436619718309856,0,0,0.7042253521126761,0,0.7042253521126761,19.718309859154928,16.19718309859155,3.5211267605633805,0
E00121222,116,57,22,35,0,0,51,21,30,8,7,1,0,49.137931034482754,18.96551724137931,30.17241379310345,0,0,43.96551724137931,18.103448275862068,25.862068965517242,6.896551724137931,6.0344827586206895,0.8620689655172413,0
E00121223,136,93,39,54,1,1,10,0,10,32,29,3,0,68.38235294117648,28.676470588235293,39.705882352941174,0.7352941176470588,0.7352941176470588,7.352941176470589,0,7.352941176470589,23.52941176470588,21.323529411764707,2.2058823529411766,0
E00121224,142,94,28,66,0,0,8,4,4,40,38,2,0,66.19718309859155,19.718309859154928,46.478873239436616,0,0,5.633802816901409,2.8169014084507045,2.8169014084507045,28.169014084507044,26.76056338028169,1.4084507042253522,0
E00121225,123,64,12,52,1,1,1,0,1,57,55,2,0,52.03252032520326,9.75609756097561,42.27642276422765,0.8130081300813009,0.8130081300813009,0.8130081300813009,0,0.8130081300813009,46.34146341463415,44.71544715447154,1.6260162601626018,0
E00121226,117,86,37,49,0,0,10,1,9,21,20,1,0,73.50427350427351,31.62393162393162,41.88034188034188,0,0,8.547008547008547,0.8547008547008548,7.6923076923076925,17.94871794871795,17.094017094017094,0.8547008547008548,0
E00121228,131,99,42,57,0,0,0,0,0,32,29,3,0,75.57251908396947,32.06106870229007,43.51145038167939,0,0,0,0,0,24.427480916030532,22.137404580152673,2.2900763358778624,0
E00121229,140,56,21,35,0,0,69,18,51,15,15,0,0,40,15,25,0,0,49.28571428571429,12.857142857142856,36.42857142857142,10.714285714285714,10.714285714285714,0,0
E00121230,129,64,32,32,0,0,58,17,41,7,5,2,0,49.6124031007752,24.8062015503876,24.8062015503876,0,0,44.96124031007752,13.178294573643413,31.782945736434108,5.426356589147287,3.875968992248062,1.550387596899225,0
E00121231,110,87,42,45,0,0,16,6,10,7,5,2,0,79.0909090909091,38.18181818181819,40.909090909090914,0,0,14.545454545454545,5.454545454545454,9.090909090909092,6.363636363636363,4.545454545454546,1.8181818181818181,0
E00121232,147,124,59,65,0,0,0,0,0,23,17,6,0,84.35374149659864,40.136054421768705,44.21768707482993,0,0,0,0,0,15.646258503401361,11.564625850340136,4.081632653061225,0
E00121233,126,79,24,55,0,0,38,13,25,9,5,4,0,62.698412698412696,19.047619047619047,43.65079365079365,0,0,30.158730158730158,10.317460317460316,19.841269841269842,7.142857142857142,3.968253968253968,3.1746031746031744,0
E00121234,144,93,51,42,1,1,36,7,29,14,11,3,0,64.58333333333334,35.41666666666667,29.166666666666668,0.6944444444444444,0.6944444444444444,25,4.861111111111112,20.13888888888889,9.722222222222223,7.638888888888889,2.083333333333333,0
E00121235,141,128,65,63,0,0,2,0,2,11,10,1,0,90.78014184397163,46.09929078014184,44.680851063829785,0,0,1.4184397163120568,0,1.4184397163120568,7.801418439716312,7.092198581560284,0.7092198581560284,0
E00121236,122,105,50,55,1,1,1,1,0,15,12,3,0,86.0655737704918,40.98360655737705,45.08196721311475,0.819672131147541,0.819672131147541,0.819672131147541,0.819672131147541,0,12.295081967213115,9.836065573770492,2.459016393442623,0
E00121237,142,95,48,47,9,9,10,1,9,28,25,3,0,66.90140845070422,33.80281690140845,33.098591549295776,6.338028169014084,6.338028169014084,7.042253521126761,0.7042253521126761,6.338028169014084,19.718309859154928,17.6056338028169,2.112676056338028,0
E00121238,125,67,29,38,1,1,15,1,14,42,36,6,0,53.6,23.200000000000003,30.4,0.8,0.8,12,0.8,11.200000000000001,33.6,28.799999999999997,4.8,0
E00121240,182,131,110,21,1,1,28,4,24,22,18,4,0,71.97802197802197,60.43956043956044,11.538461538461538,0.5494505494505495,0.5494505494505495,15.384615384615385,2.197802197802198,13.186813186813188,12.087912087912088,9.89010989010989,2.197802197802198,0
E00121241,138,59,20,39,0,0,68,21,47,9,8,1,2,42.7536231884058,14.492753623188406,28.26086956521739,0,0,49.275362318840585,15.217391304347828,34.05797101449276,6.521739130434782,5.797101449275362,0.7246376811594203,1.4492753623188406
E00121242,118,55,27,28,1,1,59,22,37,3,3,0,0,46.61016949152542,22.88135593220339,23.728813559322035,0.847457627118644,0.847457627118644,50,18.64406779661017,31.35593220338983,2.5423728813559325,2.5423728813559325,0,0
E00121243,134,61,20,41,0,0,60,19,41,13,13,0,0,45.52238805970149,14.925373134328357,30.597014925373134,0,0,44.776119402985074,14.17910447761194,30.597014925373134,9.701492537313433,9.701492537313433,0,0
E00121244,128,57,19,38,1,1,63,24,39,7,4,3,0,44.53125,14.84375,29.6875,0.78125,0.78125,49.21875,18.75,30.46875,5.46875,3.125,2.34375,0
E00121245,137,57,23,34,2,2,64,22,42,14,12,2,0,41.605839416058394,16.78832116788321,24.817518248175183,1.4598540145985401,1.4598540145985401,46.715328467153284,16.05839416058394,30.656934306569344,10.218978102189782,8.75912408759124,1.4598540145985401,0
E00121247,129,23,12,11,0,0,96,35,61,10,10,0,0,17.829457364341085,9.30232558139535,8.527131782945736,0,0,74.4186046511628,27.131782945736433,47.286821705426355,7.751937984496124,7.751937984496124,0,0
E00121248,110,75,36,39,0,0,25,7,18,10,9,1,0,68.18181818181817,32.72727272727273,35.45454545454545,0,0,22.727272727272727,6.363636363636363,16.363636363636363,9.090909090909092,8.181818181818182,0.9090909090909091,0
E00121249,138,41,19,22,0,0,87,16,71,10,9,1,0,29.71014492753623,13.768115942028986,15.942028985507244,0,0,63.04347826086957,11.594202898550725,51.449275362318836,7.246376811594203,6.521739130434782,0.7246376811594203,0
E00121250,129,74,28,46,1,1,26,12,14,28,27,1,0,57.36434108527132,21.705426356589147,35.65891472868217,0.7751937984496124,0.7751937984496124,20.155038759689923,9.30232558139535,10.852713178294573,21.705426356589147,20.930232558139537,0.7751937984496124,0
E00121251,121,71,24,47,0,0,41,17,24,9,9,0,0,58.67768595041323,19.834710743801654,38.84297520661157,0,0,33.88429752066116,14.049586776859504,19.834710743801654,7.43801652892562,7.43801652892562,0,0
E00121252,147,62,34,28,3,3,62,4,58,20,20,0,0,42.17687074829932,23.12925170068027,19.047619047619047,2.0408163265306123,2.0408163265306123,42.17687074829932,2.7210884353741496,39.455782312925166,13.60544217687075,13.60544217687075,0,0
E00121253,193,107,64,43,0,0,0,0,0,86,81,5,0,55.44041450777202,33.160621761658035,22.279792746113987,0,0,0,0,0,44.559585492227974,41.968911917098445,2.5906735751295336,0
E00121254,133,71,27,44,1,1,4,0,4,57,53,4,0,53.383458646616546,20.30075187969925,33.08270676691729,0.7518796992481203,0.7518796992481203,3.007518796992481,0,3.007518796992481,42.857142857142854,39.849624060150376,3.007518796992481,0
E00121255,155,69,34,35,0,0,6,2,4,80,73,7,0,44.516129032258064,21.935483870967744,22.58064516129032,0,0,3.870967741935484,1.2903225806451613,2.5806451612903225,51.61290322580645,47.096774193548384,4.516129032258064,0
E00121256,136,72,34,38,0,0,0,0,0,64,62,2,0,52.94117647058824,25,27.941176470588236,0,0,0,0,0,47.05882352941176,45.588235294117645,1.4705882352941175,0
E00121257,141,54,21,33,0,0,30,12,18,57,50,7,0,38.297872340425535,14.893617021276595,23.404255319148938,0,0,21.27659574468085,8.51063829787234,12.76595744680851,40.42553191489361,35.46099290780142,4.964539007092199,0
E00121258,227,97,37,60,0,0,7,3,4,123,113,10,0,42.731277533039645,16.299559471365637,26.431718061674008,0,0,3.0837004405286343,1.3215859030837005,1.762114537444934,54.18502202643172,49.77973568281938,4.405286343612335,0
E00121259,133,89,35,54,0,0,1,0,1,43,38,5,0,66.9172932330827,26.31578947368421,40.6015037593985,0,0,0.7518796992481203,0,0.7518796992481203,32.33082706766917,28.57142857142857,3.7593984962406015,0
E00121260,153,93,39,54,2,2,2,1,1,56,53,3,0,60.78431372549019,25.49019607843137,35.294117647058826,1.3071895424836601,1.3071895424836601,1.3071895424836601,0.6535947712418301,0.6535947712418301,36.60130718954248,34.64052287581699,1.9607843137254901,0
E00121261,187,88,41,47,1,1,27,2,25,71,70,1,0,47.05882352941176,21.92513368983957,25.13368983957219,0.53475935828877,0.53475935828877,14.43850267379679,1.06951871657754,13.368983957219251,37.967914438502675,37.4331550802139,0.53475935828877,0
E00121262,160,69,43,26,1,1,2,1,1,88,83,5,0,43.125,26.875,16.25,0.625,0.625,1.25,0.625,0.625,55.00000000000001,51.87500000000001,3.125,0
E00121263,113,80,33,47,0,0,25,11,14,8,8,0,0,70.79646017699115,29.20353982300885,41.5929203539823,0,0,22.123893805309734,9.734513274336283,12.389380530973451,7.079646017699115,7.079646017699115,0,0
E00121264,122,98,53,45,0,0,6,2,4,18,17,1,0,80.32786885245902,43.44262295081967,36.885245901639344,0,0,4.918032786885246,1.639344262295082,3.278688524590164,14.754098360655737,13.934426229508196,0.819672131147541,0
E00121265,116,101,43,58,0,0,3,1,2,12,8,4,0,87.06896551724138,37.06896551724138,50,0,0,2.586206896551724,0.8620689655172413,1.7241379310344827,10.344827586206897,6.896551724137931,3.4482758620689653,0
E00121266,106,85,42,43,0,0,3,1,2,18,16,2,0,80.18867924528303,39.62264150943396,40.56603773584906,0,0,2.8301886792452833,0.9433962264150944,1.8867924528301887,16.9811320754717,15.09433962264151,1.8867924528301887,0
E00121267,130,122,68,54,1,1,0,0,0,7,6,1,0,93.84615384615384,52.307692307692314,41.53846153846154,0.7692307692307693,0.7692307692307693,0,0,0,5.384615384615385,4.615384615384616,0.7692307692307693,0
E00121268,117,109,55,54,0,0,1,0,1,7,7,0,0,93.16239316239316,47.008547008547005,46.15384615384615,0,0,0.8547008547008548,0,0.8547008547008548,5.982905982905983,5.982905982905983,0,0
E00121269,123,111,53,58,1,1,2,1,1,9,8,1,0,90.2439024390244,43.08943089430895,47.15447154471545,0.8130081300813009,0.8130081300813009,1.6260162601626018,0.8130081300813009,0.8130081300813009,7.317073170731707,6.504065040650407,0.8130081300813009,0
E00121270,112,102,56,46,0,0,5,0,5,5,4,1,0,91.07142857142857,50,41.07142857142857,0,0,4.464285714285714,0,4.464285714285714,4.464285714285714,3.571428571428571,0.8928571428571428,0
E00121271,164,132,71,61,0,0,4,0,4,28,27,1,0,80.48780487804879,43.292682926829265,37.19512195121951,0,0,2.4390243902439024,0,2.4390243902439024,17.073170731707318,16.463414634146343,0.6097560975609756,0
E00121272,164,135,87,48,0,0,3,2,1,26,22,4,0,82.3170731707317,53.04878048780488,29.268292682926827,0,0,1.8292682926829267,1.2195121951219512,0.6097560975609756,15.853658536585366,13.414634146341465,2.4390243902439024,0
E00121274,145,75,31,44,0,0,57,21,36,13,10,3,0,51.724137931034484,21.379310344827587,30.344827586206897,0,0,39.310344827586206,14.482758620689657,24.82758620689655,8.96551724137931,6.896551724137931,2.0689655172413794,0
E00121275,132,116,63,53,1,1,1,0,1,14,12,2,0,87.87878787878788,47.72727272727273,40.15151515151515,0.7575757575757576,0.7575757575757576,0.7575757575757576,0,0.7575757575757576,10.606060606060606,9.090909090909092,1.5151515151515151,0
E00121276,133,107,46,61,0,0,3,0,3,23,21,2,0,80.45112781954887,34.58646616541353,45.86466165413533,0,0,2.2556390977443606,0,2.2556390977443606,17.293233082706767,15.789473684210526,1.5037593984962405,0
E00121277,136,84,37,47,0,0,1,0,1,51,48,3,0,61.76470588235294,27.205882352941174,34.55882352941176,0,0,0.7352941176470588,0,0.7352941176470588,37.5,35.294117647058826,2.2058823529411766,0
E00121278,126,87,43,44,0,0,3,2,1,36,33,3,0,69.04761904761905,34.12698412698413,34.92063492063492,0,0,2.380952380952381,1.5873015873015872,0.7936507936507936,28.57142857142857,26.190476190476193,2.380952380952381,0
E00121279,142,90,37,53,0,0,31,13,18,21,20,1,0,63.38028169014085,26.056338028169012,37.32394366197183,0,0,21.830985915492956,9.15492957746479,12.676056338028168,14.788732394366196,14.084507042253522,0.7042253521126761,0
E00121280,120,20,6,14,0,0,97,26,71,3,3,0,0,16.666666666666664,5,11.666666666666666,0,0,80.83333333333333,21.666666666666668,59.166666666666664,2.5,2.5,0,0
E00121281,125,106,48,58,0,0,1,1,0,18,16,2,0,84.8,38.4,46.400000000000006,0,0,0.8,0.8,0,14.399999999999999,12.8,1.6,0
E00121282,157,58,38,20,1,1,57,17,40,41,40,1,0,36.94267515923567,24.203821656050955,12.738853503184714,0.6369426751592357,0.6369426751592357,36.30573248407643,10.828025477707007,25.477707006369428,26.11464968152866,25.477707006369428,0.6369426751592357,0
E00121283,150,119,51,68,0,0,1,0,1,30,30,0,0,79.33333333333333,34,45.33333333333333,0,0,0.6666666666666667,0,0.6666666666666667,20,20,0,0
E00121284,122,104,41,63,1,1,1,0,1,16,16,0,0,85.24590163934425,33.60655737704918,51.63934426229508,0.819672131147541,0.819672131147541,0.819672131147541,0,0.819672131147541,13.114754098360656,13.114754098360656,0,0
E00121285,135,74,23,51,0,0,43,13,30,18,18,0,0,54.81481481481482,17.037037037037038,37.77777777777778,0,0,31.851851851851855,9.62962962962963,22.22222222222222,13.333333333333334,13.333333333333334,0,0
E00121286,124,98,46,52,0,0,20,2,18,6,6,0,0,79.03225806451613,37.096774193548384,41.935483870967744,0,0,16.129032258064516,1.6129032258064515,14.516129032258066,4.838709677419355,4.838709677419355,0,0
E00121287,166,153,70,83,0,0,0,0,0,13,8,5,0,92.16867469879519,42.168674698795186,50,0,0,0,0,0,7.83132530120482,4.819277108433735,3.0120481927710845,0
E00121288,126,120,66,54,0,0,1,0,1,5,3,2,0,95.23809523809523,52.38095238095239,42.857142857142854,0,0,0.7936507936507936,0,0.7936507936507936,3.968253968253968,2.380952380952381,1.5873015873015872,0
E00121289,196,73,27,46,6,6,18,2,16,98,94,4,1,37.244897959183675,13.77551020408163,23.46938775510204,3.061224489795918,3.061224489795918,9.183673469387756,1.0204081632653061,8.16326530612245,50,47.95918367346938,2.0408163265306123,0.5102040816326531
E00121290,163,60,25,35,0,0,47,3,44,56,53,3,0,36.809815950920246,15.337423312883436,21.472392638036812,0,0,28.834355828220858,1.8404907975460123,26.993865030674847,34.355828220858896,32.515337423312886,1.8404907975460123,0
E00121291,130,112,49,63,0,0,0,0,0,18,15,3,0,86.15384615384616,37.69230769230769,48.46153846153846,0,0,0,0,0,13.846153846153847,11.538461538461538,2.307692307692308,0
E00121292,123,80,36,44,0,0,7,2,5,36,35,1,0,65.04065040650406,29.268292682926827,35.77235772357724,0,0,5.691056910569105,1.6260162601626018,4.0650406504065035,29.268292682926827,28.455284552845526,0.8130081300813009,0
E00121293,134,104,48,56,0,0,2,0,2,28,25,3,0,77.61194029850746,35.82089552238806,41.7910447761194,0,0,1.4925373134328357,0,1.4925373134328357,20.8955223880597,18.65671641791045,2.2388059701492535,0
E00121294,130,102,54,48,1,1,8,0,8,19,18,1,0,78.46153846153847,41.53846153846154,36.92307692307693,0.7692307692307693,0.7692307692307693,6.153846153846154,0,6.153846153846154,14.615384615384617,13.846153846153847,0.7692307692307693,0
E00121295,180,135,69,66,3,3,27,7,20,15,15,0,0,75,38.333333333333336,36.666666666666664,1.6666666666666667,1.6666666666666667,15,3.888888888888889,11.11111111111111,8.333333333333332,8.333333333333332,0,0
E00121296,166,97,44,53,6,6,3,0,3,60,58,2,0,58.43373493975904,26.506024096385545,31.92771084337349,3.614457831325301,3.614457831325301,1.8072289156626504,0,1.8072289156626504,36.144578313253014,34.93975903614458,1.2048192771084338,0
E00121298,110,78,35,43,0,0,20,6,14,12,8,4,0,70.9090909090909,31.818181818181817,39.09090909090909,0,0,18.181818181818183,5.454545454545454,12.727272727272727,10.909090909090908,7.2727272727272725,3.6363636363636362,0
E00121299,130,115,59,56,1,1,1,0,1,13,12,1,0,88.46153846153845,45.38461538461539,43.07692307692308,0.7692307692307693,0.7692307692307693,0.7692307692307693,0,0.7692307692307693,10,9.230769230769232,0.7692307692307693,0
E00121300,123,117,65,52,0,0,3,2,1,3,3,0,0,95.1219512195122,52.84552845528455,42.27642276422765,0,0,2.4390243902439024,1.6260162601626018,0.8130081300813009,2.4390243902439024,2.4390243902439024,0,0
E00121301,128,119,63,56,0,0,1,0,1,8,5,3,0,92.96875,49.21875,43.75,0,0,0.78125,0,0.78125,6.25,3.90625,2.34375,0
E00121302,120,107,48,59,0,0,3,1,2,10,9,1,0,89.16666666666667,40,49.166666666666664,0,0,2.5,0.8333333333333334,1.6666666666666667,8.333333333333332,7.5,0.8333333333333334,0
E00121303,124,114,64,50,0,0,1,0,1,9,8,1,0,91.93548387096774,51.61290322580645,40.32258064516129,0,0,0.8064516129032258,0,0.8064516129032258,7.258064516129033,6.451612903225806,0.8064516129032258,0
E00121304,132,125,70,55,0,0,0,0,0,7,6,1,0,94.6969696969697,53.03030303030303,41.66666666666667,0,0,0,0,0,5.303030303030303,4.545454545454546,0.7575757575757576,0
E00121305,127,118,69,49,0,0,1,0,1,8,8,0,0,92.91338582677166,54.330708661417326,38.582677165354326,0,0,0.7874015748031495,0,0.7874015748031495,6.299212598425196,6.299212598425196,0,0
E00121306,122,112,60,52,0,0,2,1,1,8,8,0,0,91.80327868852459,49.18032786885246,42.62295081967213,0,0,1.639344262295082,0.819672131147541,0.819672131147541,6.557377049180328,6.557377049180328,0,0
E00121307,120,113,53,60,0,0,0,0,0,7,7,0,0,94.16666666666667,44.166666666666664,50,0,0,0,0,0,5.833333333333333,5.833333333333333,0,0
E00121308,125,121,70,51,1,1,2,1,1,1,1,0,0,96.8,56.00000000000001,40.8,0.8,0.8,1.6,0.8,0.8,0.8,0.8,0,0
E00121309,182,152,98,54,1,1,0,0,0,29,26,3,0,83.51648351648352,53.84615384615385,29.67032967032967,0.5494505494505495,0.5494505494505495,0,0,0,15.934065934065933,14.285714285714285,1.6483516483516485,0
E00121310,145,135,70,65,0,0,4,1,3,6,6,0,0,93.10344827586206,48.275862068965516,44.827586206896555,0,0,2.7586206896551726,0.6896551724137931,2.0689655172413794,4.137931034482759,4.137931034482759,0,0
E00121312,165,59,29,30,1,1,11,0,11,94,88,6,0,35.75757575757576,17.575757575757574,18.181818181818183,0.6060606060606061,0.6060606060606061,6.666666666666667,0,6.666666666666667,56.96969696969697,53.333333333333336,3.6363636363636362,0
E00121313,127,42,10,32,0,0,76,19,57,9,8,1,0,33.07086614173229,7.874015748031496,25.196850393700785,0,0,59.84251968503938,14.960629921259844,44.881889763779526,7.086614173228346,6.299212598425196,0.7874015748031495,0
E00121314,137,78,41,37,0,0,24,6,18,35,32,3,0,56.934306569343065,29.927007299270077,27.00729927007299,0,0,17.51824817518248,4.37956204379562,13.138686131386862,25.547445255474454,23.357664233576642,2.18978102189781,0
E00121315,121,106,41,65,0,0,1,0,1,14,11,3,0,87.60330578512396,33.88429752066116,53.71900826446281,0,0,0.8264462809917356,0,0.8264462809917356,11.570247933884298,9.090909090909092,2.479338842975207,0
E00121316,128,111,40,71,0,0,3,2,1,14,11,3,0,86.71875,31.25,55.46875,0,0,2.34375,1.5625,0.78125,10.9375,8.59375,2.34375,0
E00121317,123,86,42,44,0,0,1,0,1,36,30,6,0,69.91869918699187,34.146341463414636,35.77235772357724,0,0,0.8130081300813009,0,0.8130081300813009,29.268292682926827,24.390243902439025,4.878048780487805,0
E00121318,178,135,70,65,5,5,3,1,2,35,31,4,0,75.84269662921348,39.325842696629216,36.51685393258427,2.8089887640449436,2.8089887640449436,1.6853932584269662,0.5617977528089888,1.1235955056179776,19.662921348314608,17.415730337078653,2.247191011235955,0
E00121319,125,46,10,36,0,0,69,21,48,10,8,2,0,36.8,8,28.799999999999997,0,0,55.2,16.8,38.4,8,6.4,1.6,0
E00121320,127,112,62,50,0,0,0,0,0,15,13,2,0,88.18897637795276,48.818897637795274,39.37007874015748,0,0,0,0,0,11.811023622047244,10.236220472440944,1.574803149606299,0
E00121321,121,69,30,39,0,0,30,6,24,22,21,1,0,57.02479338842975,24.793388429752067,32.231404958677686,0,0,24.793388429752067,4.958677685950414,19.834710743801654,18.181818181818183,17.355371900826448,0.8264462809917356,0
E00121322,152,40,11,29,0,0,106,30,76,5,5,0,1,26.31578947368421,7.236842105263158,19.078947368421055,0,0,69.73684210526315,19.736842105263158,50,3.289473684210526,3.289473684210526,0,0.6578947368421052
E00121323,119,49,23,26,2,2,63,17,46,5,5,0,0,41.17647058823529,19.327731092436977,21.84873949579832,1.680672268907563,1.680672268907563,52.94117647058824,14.285714285714285,38.655462184873954,4.201680672268908,4.201680672268908,0,0
E00121324,153,124,50,74,1,1,0,0,0,28,22,6,0,81.04575163398692,32.6797385620915,48.366013071895424,0.6535947712418301,0.6535947712418301,0,0,0,18.30065359477124,14.37908496732026,3.9215686274509802,0
E00121325,138,96,41,55,0,0,18,4,14,24,21,3,0,69.56521739130434,29.71014492753623,39.85507246376812,0,0,13.043478260869565,2.898550724637681,10.144927536231885,17.391304347826086,15.217391304347828,2.1739130434782608,0
E00121326,126,120,73,47,0,0,1,0,1,5,5,0,0,95.23809523809523,57.936507936507944,37.301587301587304,0,0,0.7936507936507936,0,0.7936507936507936,3.968253968253968,3.968253968253968,0,0
E00121327,120,105,69,36,0,0,3,1,2,12,9,3,0,87.5,57.49999999999999,30,0,0,2.5,0.8333333333333334,1.6666666666666667,10,7.5,2.5,0
E00121328,115,91,50,41,0,0,2,0,2,22,21,1,0,79.13043478260869,43.47826086956522,35.65217391304348,0,0,1.7391304347826086,0,1.7391304347826086,19.130434782608695,18.26086956521739,0.8695652173913043,0
E00121329,174,105,55,50,0,0,10,2,8,59,59,0,0,60.3448275862069,31.60919540229885,28.735632183908045,0,0,5.747126436781609,1.1494252873563218,4.597701149425287,33.90804597701149,33.90804597701149,0,0
E00121330,124,108,57,51,0,0,1,0,1,15,13,2,0,87.09677419354838,45.96774193548387,41.12903225806452,0,0,0.8064516129032258,0,0.8064516129032258,12.096774193548388,10.483870967741936,1.6129032258064515,0
E00121331,145,119,59,60,0,0,2,1,1,24,21,3,0,82.06896551724138,40.689655172413794,41.37931034482759,0,0,1.3793103448275863,0.6896551724137931,0.6896551724137931,16.551724137931036,14.482758620689657,2.0689655172413794,0
E00121332,138,124,50,74,0,0,0,0,0,14,10,4,0,89.85507246376811,36.231884057971016,53.62318840579711,0,0,0,0,0,10.144927536231885,7.246376811594203,2.898550724637681,0
E00121333,129,97,41,56,0,0,15,1,14,17,15,2,0,75.1937984496124,31.782945736434108,43.41085271317829,0,0,11.627906976744185,0.7751937984496124,10.852713178294573,13.178294573643413,11.627906976744185,1.550387596899225,0
E00121334,117,105,50,55,0,0,0,0,0,12,12,0,0,89.74358974358975,42.73504273504273,47.008547008547005,0,0,0,0,0,10.256410256410255,10.256410256410255,0,0
E00121335,141,121,65,56,0,0,4,2,2,16,14,2,0,85.81560283687944,46.09929078014184,39.71631205673759,0,0,2.8368794326241136,1.4184397163120568,1.4184397163120568,11.347517730496454,9.929078014184398,1.4184397163120568,0
E00121336,108,69,35,34,0,0,6,1,5,33,33,0,0,63.888888888888886,32.407407407407405,31.48148148148148,0,0,5.555555555555555,0.9259259259259258,4.62962962962963,30.555555555555557,30.555555555555557,0,0
E00121337,140,117,58,59,2,2,1,1,0,20,19,1,0,83.57142857142857,41.42857142857143,42.142857142857146,1.4285714285714286,1.4285714285714286,0.7142857142857143,0.7142857142857143,0,14.285714285714285,13.571428571428571,0.7142857142857143,0
E00121338,111,92,47,45,1,1,2,0,2,16,16,0,0,82.88288288288288,42.34234234234234,40.54054054054054,0.9009009009009009,0.9009009009009009,1.8018018018018018,0,1.8018018018018018,14.414414414414415,14.414414414414415,0,0
E00121339,140,113,62,51,0,0,13,1,12,13,11,2,1,80.71428571428572,44.285714285714285,36.42857142857142,0,0,9.285714285714286,0.7142857142857143,8.571428571428571,9.285714285714286,7.857142857142857,1.4285714285714286,0.7142857142857143
E00121340,128,112,61,51,1,1,8,2,6,7,7,0,0,87.5,47.65625,39.84375,0.78125,0.78125,6.25,1.5625,4.6875,5.46875,5.46875,0,0
E00121341,107,49,36,13,0,0,45,15,30,13,10,3,0,45.794392523364486,33.64485981308411,12.149532710280374,0,0,42.05607476635514,14.018691588785046,28.037383177570092,12.149532710280374,9.345794392523365,2.803738317757009,0
E00121342,155,121,56,65,0,0,1,0,1,33,30,3,0,78.06451612903226,36.12903225806451,41.935483870967744,0,0,0.6451612903225806,0,0.6451612903225806,21.29032258064516,19.35483870967742,1.935483870967742,0
E00121343,147,136,69,67,0,0,0,0,0,11,9,2,0,92.51700680272108,46.93877551020408,45.57823129251701,0,0,0,0,0,7.482993197278912,6.122448979591836,1.3605442176870748,0
E00121344,139,122,53,69,0,0,3,1,2,14,14,0,0,87.76978417266187,38.1294964028777,49.64028776978417,0,0,2.158273381294964,0.7194244604316548,1.4388489208633095,10.071942446043165,10.071942446043165,0,0
E00121345,127,92,46,46,0,0,22,4,18,13,12,1,0,72.44094488188976,36.22047244094488,36.22047244094488,0,0,17.322834645669293,3.149606299212598,14.173228346456693,10.236220472440944,9.448818897637794,0.7874015748031495,0
E00121346,130,116,66,50,0,0,1,0,1,13,12,1,0,89.23076923076924,50.76923076923077,38.46153846153847,0,0,0.7692307692307693,0,0.7692307692307693,10,9.230769230769232,0.7692307692307693,0
E00121347,137,125,58,67,0,0,2,2,0,10,9,1,0,91.24087591240875,42.33576642335766,48.9051094890511,0,0,1.4598540145985401,1.4598540145985401,0,7.2992700729927,6.569343065693431,0.7299270072992701,0
E00121348,140,117,64,53,1,1,3,0,3,18,16,2,1,83.57142857142857,45.714285714285715,37.857142857142854,0.7142857142857143,0.7142857142857143,2.142857142857143,0,2.142857142857143,12.857142857142856,11.428571428571429,1.4285714285714286,0.7142857142857143
E00121349,122,69,24,45,1,1,3,1,2,49,47,2,0,56.557377049180324,19.672131147540984,36.885245901639344,0.819672131147541,0.819672131147541,2.459016393442623,0.819672131147541,1.639344262295082,40.16393442622951,38.52459016393443,1.639344262295082,0
E00121350,149,62,17,45,0,0,0,0,0,87,84,3,0,41.61073825503356,11.409395973154362,30.201342281879196,0,0,0,0,0,58.38926174496645,56.375838926174495,2.013422818791946,0
E00121351,152,36,11,25,0,0,1,0,1,115,112,3,0,23.684210526315788,7.236842105263158,16.447368421052634,0,0,0.6578947368421052,0,0.6578947368421052,75.6578947368421,73.68421052631578,1.9736842105263157,0
E00121352,144,58,31,27,0,0,6,1,5,80,74,6,0,40.27777777777778,21.52777777777778,18.75,0,0,4.166666666666666,0.6944444444444444,3.4722222222222223,55.55555555555556,51.388888888888886,4.166666666666666,0
E00121353,181,71,24,47,1,1,2,0,2,107,105,2,0,39.226519337016576,13.259668508287293,25.96685082872928,0.5524861878453038,0.5524861878453038,1.1049723756906076,0,1.1049723756906076,59.11602209944752,58.011049723756905,1.1049723756906076,0
E00121354,124,79,32,47,1,1,5,3,2,39,34,5,0,63.70967741935484,25.806451612903224,37.903225806451616,0.8064516129032258,0.8064516129032258,4.032258064516129,2.4193548387096775,1.6129032258064515,31.451612903225808,27.419354838709676,4.032258064516129,0
E00121355,130,71,25,46,2,2,14,2,12,43,40,3,0,54.61538461538461,19.230769230769234,35.38461538461539,1.5384615384615385,1.5384615384615385,10.76923076923077,1.5384615384615385,9.230769230769232,33.07692307692307,30.76923076923077,2.307692307692308,0
E00121356,131,66,27,39,0,0,5,2,3,60,59,1,0,50.38167938931297,20.610687022900763,29.770992366412212,0,0,3.816793893129771,1.5267175572519083,2.2900763358778624,45.80152671755725,45.038167938931295,0.7633587786259541,0
E00121358,142,75,34,41,0,0,6,0,6,61,60,1,0,52.816901408450704,23.943661971830984,28.87323943661972,0,0,4.225352112676056,0,4.225352112676056,42.95774647887324,42.25352112676056,0.7042253521126761,0
E00121359,164,53,30,23,3,3,14,2,12,94,88,6,0,32.31707317073171,18.29268292682927,14.02439024390244,1.8292682926829267,1.8292682926829267,8.536585365853659,1.2195121951219512,7.317073170731707,57.3170731707317,53.65853658536586,3.6585365853658534,0
E00121360,175,93,36,57,1,1,1,1,0,80,79,1,0,53.142857142857146,20.57142857142857,32.57142857142858,0.5714285714285714,0.5714285714285714,0.5714285714285714,0.5714285714285714,0,45.714285714285715,45.14285714285714,0.5714285714285714,0
E00121361,136,85,43,42,0,0,1,1,0,50,48,2,0,62.5,31.61764705882353,30.88235294117647,0,0,0.7352941176470588,0.7352941176470588,0,36.76470588235294,35.294117647058826,1.4705882352941175,0
E00121362,124,82,33,49,3,3,2,1,1,37,33,4,0,66.12903225806451,26.61290322580645,39.516129032258064,2.4193548387096775,2.4193548387096775,1.6129032258064515,0.8064516129032258,0.8064516129032258,29.838709677419356,26.61290322580645,3.225806451612903,0
E00121363,146,65,29,36,0,0,4,0,4,77,74,3,0,44.52054794520548,19.863013698630137,24.65753424657534,0,0,2.73972602739726,0,2.73972602739726,52.73972602739726,50.68493150684932,2.054794520547945,0
E00121364,165,55,24,31,1,1,2,0,2,107,100,7,0,33.33333333333333,14.545454545454545,18.787878787878785,0.6060606060606061,0.6060606060606061,1.2121212121212122,0,1.2121212121212122,64.84848484848484,60.60606060606061,4.242424242424243,0
E00121365,177,83,33,50,0,0,1,0,1,93,89,4,0,46.89265536723164,18.64406779661017,28.24858757062147,0,0,0.5649717514124294,0,0.5649717514124294,52.54237288135594,50.282485875706215,2.2598870056497176,0
E00121366,118,62,29,33,3,3,2,1,1,51,45,6,0,52.54237288135594,24.576271186440678,27.966101694915253,2.5423728813559325,2.5423728813559325,1.694915254237288,0.847457627118644,0.847457627118644,43.22033898305085,38.13559322033898,5.084745762711865,0
E00121367,137,73,22,51,0,0,4,1,3,60,56,4,0,53.284671532846716,16.05839416058394,37.22627737226277,0,0,2.9197080291970803,0.7299270072992701,2.18978102189781,43.79562043795621,40.87591240875913,2.9197080291970803,0
E00121368,129,51,32,19,0,0,30,5,25,48,45,3,0,39.53488372093023,24.8062015503876,14.728682170542637,0,0,23.25581395348837,3.875968992248062,19.379844961240313,37.2093023255814,34.883720930232556,2.3255813953488373,0
E00121369,113,60,32,28,0,0,3,0,3,50,47,3,0,53.09734513274337,28.31858407079646,24.778761061946902,0,0,2.6548672566371683,0,2.6548672566371683,44.24778761061947,41.5929203539823,2.6548672566371683,0
E00121370,136,94,34,60,0,0,0,0,0,42,37,5,0,69.11764705882352,25,44.11764705882353,0,0,0,0,0,30.88235294117647,27.205882352941174,3.6764705882352944,0
E00121371,172,97,33,64,1,1,11,1,10,63,55,8,0,56.395348837209305,19.186046511627907,37.2093023255814,0.5813953488372093,0.5813953488372093,6.395348837209303,0.5813953488372093,5.813953488372093,36.627906976744185,31.976744186046513,4.651162790697675,0
E00121372,147,85,34,51,0,0,1,0,1,61,59,2,0,57.82312925170068,23.12925170068027,34.69387755102041,0,0,0.6802721088435374,0,0.6802721088435374,41.49659863945578,40.136054421768705,1.3605442176870748,0
E00121373,124,83,44,39,1,1,1,0,1,39,37,2,0,66.93548387096774,35.483870967741936,31.451612903225808,0.8064516129032258,0.8064516129032258,0.8064516129032258,0,0.8064516129032258,31.451612903225808,29.838709677419356,1.6129032258064515,0
E00121374,126,79,47,32,0,0,5,1,4,42,38,4,0,62.698412698412696,37.301587301587304,25.396825396825395,0,0,3.968253968253968,0.7936507936507936,3.1746031746031744,33.33333333333333,30.158730158730158,3.1746031746031744,0
E00121375,106,78,42,36,0,0,8,0,8,20,18,2,0,73.58490566037736,39.62264150943396,33.9622641509434,0,0,7.547169811320755,0,7.547169811320755,18.867924528301888,16.9811320754717,1.8867924528301887,0
E00121376,121,100,43,57,0,0,13,0,13,8,7,1,0,82.64462809917356,35.53719008264463,47.107438016528924,0,0,10.743801652892563,0,10.743801652892563,6.6115702479338845,5.785123966942149,0.8264462809917356,0
E00121377,121,60,27,33,1,1,41,14,27,18,16,2,1,49.586776859504134,22.31404958677686,27.27272727272727,0.8264462809917356,0.8264462809917356,33.88429752066116,11.570247933884298,22.31404958677686,14.87603305785124,13.223140495867769,1.6528925619834711,0.8264462809917356
E00121378,118,89,46,43,1,1,18,6,12,10,9,1,0,75.42372881355932,38.983050847457626,36.440677966101696,0.847457627118644,0.847457627118644,15.254237288135593,5.084745762711865,10.16949152542373,8.47457627118644,7.627118644067797,0.847457627118644,0
E00121379,167,61,26,35,3,3,89,29,60,14,13,1,0,36.52694610778443,15.568862275449103,20.958083832335326,1.7964071856287425,1.7964071856287425,53.293413173652695,17.365269461077844,35.92814371257485,8.383233532934131,7.784431137724551,0.5988023952095809,0
E00121380,131,58,22,36,0,0,68,15,53,5,5,0,0,44.274809160305345,16.793893129770993,27.480916030534353,0,0,51.908396946564885,11.450381679389313,40.458015267175576,3.816793893129771,3.816793893129771,0,0
E00121381,148,79,37,42,0,0,53,22,31,16,15,1,0,53.37837837837838,25,28.37837837837838,0,0,35.810810810810814,14.864864864864865,20.945945945945947,10.81081081081081,10.135135135135135,0.6756756756756757,0
E00121382,114,46,17,29,2,2,41,14,27,25,23,2,0,40.35087719298245,14.912280701754385,25.438596491228072,1.7543859649122806,1.7543859649122806,35.96491228070175,12.280701754385964,23.684210526315788,21.929824561403507,20.175438596491226,1.7543859649122806,0
E00121383,111,65,22,43,0,0,30,11,19,16,14,2,0,58.55855855855856,19.81981981981982,38.73873873873874,0,0,27.027027027027028,9.90990990990991,17.117117117117118,14.414414414414415,12.612612612612612,1.8018018018018018,0
E00121384,208,147,37,110,4,4,13,1,12,43,41,2,1,70.67307692307693,17.78846153846154,52.88461538461539,1.9230769230769231,1.9230769230769231,6.25,0.4807692307692308,5.769230769230769,20.673076923076923,19.71153846153846,0.9615384615384616,0.4807692307692308
E00121385,141,85,31,54,1,1,8,3,5,47,40,7,0,60.28368794326241,21.98581560283688,38.297872340425535,0.7092198581560284,0.7092198581560284,5.673758865248227,2.127659574468085,3.546099290780142,33.33333333333333,28.368794326241137,4.964539007092199,0
E00121386,148,75,23,52,0,0,64,27,37,9,9,0,0,50.67567567567568,15.54054054054054,35.13513513513514,0,0,43.24324324324324,18.243243243243242,25,6.081081081081082,6.081081081081082,0,0
E00121387,113,85,44,41,0,0,1,1,0,27,22,5,0,75.22123893805309,38.93805309734513,36.283185840707965,0,0,0.8849557522123894,0.8849557522123894,0,23.893805309734514,19.469026548672566,4.424778761061947,0
E00121388,133,90,41,49,0,0,28,11,17,15,14,1,0,67.66917293233082,30.82706766917293,36.84210526315789,0,0,21.052631578947366,8.270676691729323,12.781954887218044,11.278195488721805,10.526315789473683,0.7518796992481203,0
E00121389,119,81,37,44,0,0,26,3,23,12,11,1,0,68.0672268907563,31.092436974789916,36.97478991596639,0,0,21.84873949579832,2.5210084033613445,19.327731092436977,10.084033613445378,9.243697478991598,0.8403361344537815,0
E00121390,117,42,19,23,0,0,65,16,49,10,10,0,0,35.8974358974359,16.23931623931624,19.65811965811966,0,0,55.55555555555556,13.675213675213676,41.88034188034188,8.547008547008547,8.547008547008547,0,0
E00121391,119,83,32,51,1,1,4,1,3,31,29,2,0,69.74789915966386,26.89075630252101,42.857142857142854,0.8403361344537815,0.8403361344537815,3.361344537815126,0.8403361344537815,2.5210084033613445,26.05042016806723,24.369747899159663,1.680672268907563,0
E00121392,136,31,15,16,1,1,86,29,57,18,17,1,0,22.794117647058822,11.029411764705882,11.76470588235294,0.7352941176470588,0.7352941176470588,63.23529411764706,21.323529411764707,41.911764705882355,13.23529411764706,12.5,0.7352941176470588,0
E00121393,108,55,22,33,0,0,49,7,42,4,2,2,0,50.92592592592593,20.37037037037037,30.555555555555557,0,0,45.370370370370374,6.481481481481481,38.88888888888889,3.7037037037037033,1.8518518518518516,1.8518518518518516,0
E00121394,123,75,33,42,0,0,37,16,21,11,9,2,0,60.97560975609756,26.82926829268293,34.146341463414636,0,0,30.081300813008134,13.008130081300814,17.073170731707318,8.94308943089431,7.317073170731707,1.6260162601626018,0
E00121395,172,115,49,66,15,15,25,4,21,17,17,0,0,66.86046511627907,28.488372093023255,38.372093023255815,8.720930232558139,8.720930232558139,14.534883720930234,2.3255813953488373,12.209302325581394,9.883720930232558,9.883720930232558,0,0
E00169694,120,56,20,36,0,0,15,1,14,49,49,0,0,46.666666666666664,16.666666666666664,30,0,0,12.5,0.8333333333333334,11.666666666666666,40.833333333333336,40.833333333333336,0,0
E00169695,132,69,31,38,0,0,0,0,0,63,60,3,0,52.27272727272727,23.484848484848484,28.78787878787879,0,0,0,0,0,47.72727272727273,45.45454545454545,2.272727272727273,0
E00169696,114,41,8,33,0,0,16,2,14,57,54,3,0,35.96491228070175,7.017543859649122,28.947368421052634,0,0,14.035087719298245,1.7543859649122806,12.280701754385964,50,47.368421052631575,2.631578947368421,0
E00169697,111,80,42,38,3,3,21,3,18,7,6,1,0,72.07207207207207,37.83783783783784,34.234234234234236,2.7027027027027026,2.7027027027027026,18.91891891891892,2.7027027027027026,16.216216216216218,6.306306306306306,5.405405405405405,0.9009009009009009,0
E00169698,120,46,12,34,8,8,12,0,12,54,54,0,0,38.333333333333336,10,28.333333333333332,6.666666666666667,6.666666666666667,10,0,10,45,45,0,0
E00169699,119,81,28,53,1,1,1,0,1,36,34,2,0,68.0672268907563,23.52941176470588,44.537815126050425,0.8403361344537815,0.8403361344537815,0.8403361344537815,0,0.8403361344537815,30.252100840336134,28.57142857142857,1.680672268907563,0
E00169700,90,28,6,22,10,10,25,2,23,27,27,0,0,31.11111111111111,6.666666666666667,24.444444444444443,11.11111111111111,11.11111111111111,27.77777777777778,2.2222222222222223,25.555555555555554,30,30,0,0
E00169701,91,41,11,30,0,0,3,0,3,47,44,3,0,45.05494505494506,12.087912087912088,32.967032967032964,0,0,3.296703296703297,0,3.296703296703297,51.64835164835166,48.35164835164835,3.296703296703297,0
E00169702,91,48,18,30,0,0,7,0,7,36,34,2,0,52.74725274725275,19.78021978021978,32.967032967032964,0,0,7.6923076923076925,0,7.6923076923076925,39.56043956043956,37.362637362637365,2.197802197802198,0
E00169703,88,20,10,10,0,0,2,1,1,66,64,2,0,22.727272727272727,11.363636363636363,11.363636363636363,0,0,2.272727272727273,1.1363636363636365,1.1363636363636365,75,72.72727272727273,2.272727272727273,0
E00169705,185,54,27,27,0,0,35,1,34,96,95,1,0,29.18918918918919,14.594594594594595,14.594594594594595,0,0,18.91891891891892,0.5405405405405406,18.37837837837838,51.891891891891895,51.35135135135135,0.5405405405405406,0
E00169706,135,32,11,21,7,7,25,0,25,71,67,4,0,23.703703703703706,8.148148148148149,15.555555555555555,5.185185185185185,5.185185185185185,18.51851851851852,0,18.51851851851852,52.59259259259259,49.629629629629626,2.9629629629629632,0
E00169707,110,55,15,40,7,7,3,0,3,45,41,4,0,50,13.636363636363635,36.36363636363637,6.363636363636363,6.363636363636363,2.727272727272727,0,2.727272727272727,40.909090909090914,37.27272727272727,3.6363636363636362,0
E00169708,74,14,0,14,1,1,29,1,28,30,30,0,0,18.91891891891892,0,18.91891891891892,1.3513513513513513,1.3513513513513513,39.189189189189186,1.3513513513513513,37.83783783783784,40.54054054054054,40.54054054054054,0,0
E00169709,209,50,8,42,2,2,50,4,46,107,102,5,0,23.923444976076556,3.827751196172249,20.095693779904305,0.9569377990430622,0.9569377990430622,23.923444976076556,1.9138755980861244,22.00956937799043,51.196172248803826,48.803827751196174,2.3923444976076556,0
E00169710,148,5,2,3,0,0,112,41,71,30,29,1,1,3.3783783783783785,1.3513513513513513,2.027027027027027,0,0,75.67567567567568,27.7027027027027,47.97297297297297,20.27027027027027,19.594594594594593,0.6756756756756757,0.6756756756756757
E00169711,80,7,1,6,12,12,59,6,53,2,2,0,0,8.75,1.25,7.5,15,15,73.75,7.5,66.25,2.5,2.5,0,0
E00169713,85,37,17,20,8,8,22,0,22,18,17,1,0,43.529411764705884,20,23.52941176470588,9.411764705882353,9.411764705882353,25.882352941176475,0,25.882352941176475,21.176470588235293,20,1.1764705882352942,0
E00169714,68,43,4,39,2,2,13,1,12,10,10,0,0,63.23529411764706,5.88235294117647,57.35294117647059,2.941176470588235,2.941176470588235,19.11764705882353,1.4705882352941175,17.647058823529413,14.705882352941178,14.705882352941178,0,0
E00189322,154,75,39,36,1,1,9,3,6,69,62,7,0,48.701298701298704,25.324675324675322,23.376623376623375,0.6493506493506493,0.6493506493506493,5.844155844155844,1.948051948051948,3.896103896103896,44.8051948051948,40.25974025974026,4.545454545454546,0
E00189323,119,9,0,9,2,2,5,1,4,103,103,0,0,7.563025210084033,0,7.563025210084033,1.680672268907563,1.680672268907563,4.201680672268908,0.8403361344537815,3.361344537815126,86.5546218487395,86.5546218487395,0,0
E00189328,162,22,5,17,2,2,46,11,35,92,90,2,0,13.580246913580247,3.0864197530864197,10.493827160493826,1.2345679012345678,1.2345679012345678,28.39506172839506,6.790123456790123,21.604938271604937,56.79012345679012,55.55555555555556,1.2345679012345678,0
E00189329,88,78,48,30,0,0,1,0,1,9,6,3,0,88.63636363636364,54.54545454545454,34.090909090909086,0,0,1.1363636363636365,0,1.1363636363636365,10.227272727272728,6.8181818181818175,3.4090909090909087,0
E00189330,147,16,6,10,0,0,96,2,94,35,31,4,0,10.884353741496598,4.081632653061225,6.802721088435375,0,0,65.3061224489796,1.3605442176870748,63.94557823129252,23.809523809523807,21.08843537414966,2.7210884353741496,0
E00189339,122,65,6,59,2,2,2,2,0,53,51,2,0,53.278688524590166,4.918032786885246,48.36065573770492,1.639344262295082,1.639344262295082,1.639344262295082,1.639344262295082,0,43.44262295081967,41.80327868852459,1.639344262295082,0
E00189343,130,35,13,22,1,1,10,3,7,83,79,4,1,26.923076923076923,10,16.923076923076923,0.7692307692307693,0.7692307692307693,7.6923076923076925,2.307692307692308,5.384615384615385,63.84615384615384,60.76923076923077,3.076923076923077,0.7692307692307693
E00189349,127,83,6,77,1,1,4,1,3,39,37,2,0,65.35433070866141,4.724409448818897,60.629921259842526,0.7874015748031495,0.7874015748031495,3.149606299212598,0.7874015748031495,2.3622047244094486,30.708661417322837,29.133858267716533,1.574803149606299,0
E00189351,138,67,20,47,5,5,36,0,36,30,30,0,0,48.55072463768116,14.492753623188406,34.05797101449276,3.6231884057971016,3.6231884057971016,26.08695652173913,0,26.08695652173913,21.73913043478261,21.73913043478261,0,0
E00189352,126,75,26,49,1,1,2,0,2,48,47,1,0,59.523809523809526,20.634920634920633,38.88888888888889,0.7936507936507936,0.7936507936507936,1.5873015873015872,0,1.5873015873015872,38.095238095238095,37.301587301587304,0.7936507936507936,0
E00189356,141,10,2,8,21,21,99,7,92,11,11,0,0,7.092198581560284,1.4184397163120568,5.673758865248227,14.893617021276595,14.893617021276595,70.2127659574468,4.964539007092199,65.24822695035462,7.801418439716312,7.801418439716312,0,0
E00189357,141,74,12,62,5,5,12,2,10,50,48,2,0,52.4822695035461,8.51063829787234,43.97163120567376,3.546099290780142,3.546099290780142,8.51063829787234,1.4184397163120568,7.092198581560284,35.46099290780142,34.04255319148936,1.4184397163120568,0
E00189361,149,49,24,25,0,0,12,2,10,88,79,9,0,32.88590604026846,16.10738255033557,16.778523489932887,0,0,8.053691275167784,1.342281879194631,6.7114093959731544,59.06040268456376,53.02013422818792,6.0402684563758395,0
E00189362,111,26,2,24,2,2,19,2,17,64,64,0,0,23.423423423423422,1.8018018018018018,21.62162162162162,1.8018018018018018,1.8018018018018018,17.117117117117118,1.8018018018018018,15.315315315315313,57.65765765765766,57.65765765765766,0,0
E00189370,166,86,62,24,1,1,2,0,2,77,70,7,0,51.80722891566265,37.34939759036144,14.457831325301203,0.6024096385542169,0.6024096385542169,1.2048192771084338,0,1.2048192771084338,46.3855421686747,42.168674698795186,4.216867469879518,0
E00189376,172,22,7,15,2,2,37,5,32,111,109,2,0,12.790697674418606,4.069767441860465,8.720930232558139,1.1627906976744187,1.1627906976744187,21.511627906976745,2.9069767441860463,18.6046511627907,64.53488372093024,63.372093023255815,1.1627906976744187,0
E00189380,140,91,17,74,0,0,10,0,10,39,34,5,0,65,12.142857142857142,52.85714285714286,0,0,7.142857142857142,0,7.142857142857142,27.857142857142858,24.285714285714285,3.571428571428571,0
E00189382,145,90,33,57,0,0,6,1,5,49,44,5,0,62.06896551724138,22.758620689655174,39.310344827586206,0,0,4.137931034482759,0.6896551724137931,3.4482758620689653,33.793103448275865,30.344827586206897,3.4482758620689653,0
E00189387,72,12,1,11,12,12,23,2,21,25,24,1,0,16.666666666666664,1.3888888888888888,15.277777777777779,16.666666666666664,16.666666666666664,31.944444444444443,2.7777777777777777,29.166666666666668,34.72222222222222,33.33333333333333,1.3888888888888888,0
E00189397,160,14,9,5,9,9,18,1,17,119,113,6,0,8.75,5.625,3.125,5.625,5.625,11.25,0.625,10.625,74.375,70.625,3.75,0
E00189398,129,71,18,53,2,2,43,4,39,13,11,2,0,55.03875968992248,13.953488372093023,41.08527131782946,1.550387596899225,1.550387596899225,33.33333333333333,3.10077519379845,30.23255813953488,10.077519379844961,8.527131782945736,1.550387596899225,0
E00189401,115,23,2,21,7,7,33,2,31,52,51,1,0,20,1.7391304347826086,18.26086956521739,6.086956521739131,6.086956521739131,28.695652173913043,1.7391304347826086,26.956521739130434,45.21739130434783,44.34782608695652,0.8695652173913043,0
E00189402,153,35,13,22,21,21,6,4,2,91,90,1,0,22.875816993464053,8.49673202614379,14.37908496732026,13.725490196078432,13.725490196078432,3.9215686274509802,2.6143790849673203,1.3071895424836601,59.47712418300654,58.82352941176471,0.6535947712418301,0
E00189412,132,75,10,65,0,0,31,12,19,26,25,1,0,56.81818181818182,7.575757575757576,49.24242424242424,0,0,23.484848484848484,9.090909090909092,14.393939393939394,19.696969696969695,18.939393939393938,0.7575757575757576,0
E00189417,119,19,11,8,1,1,5,0,5,94,93,1,0,15.966386554621847,9.243697478991598,6.722689075630252,0.8403361344537815,0.8403361344537815,4.201680672268908,0,4.201680672268908,78.99159663865547,78.15126050420169,0.8403361344537815,0
E00189418,110,25,3,22,0,0,14,4,10,71,70,1,0,22.727272727272727,2.727272727272727,20,0,0,12.727272727272727,3.6363636363636362,9.090909090909092,64.54545454545455,63.63636363636363,0.9090909090909091,0
E00189429,119,66,14,52,3,3,4,2,2,46,45,1,0,55.46218487394958,11.76470588235294,43.69747899159664,2.5210084033613445,2.5210084033613445,3.361344537815126,1.680672268907563,1.680672268907563,38.655462184873954,37.81512605042017,0.8403361344537815,0
E00189432,115,77,21,56,15,15,6,1,5,17,16,1,0,66.95652173913044,18.26086956521739,48.69565217391305,13.043478260869565,13.043478260869565,5.217391304347826,0.8695652173913043,4.3478260869565215,14.782608695652174,13.91304347826087,0.8695652173913043,0
