OA,ts0390001,ts0390002,ts0390003,ts0390004,ts0390005,ts0390006,ts0390007,ts0390008,ts0390009,ts0390002_PCT,ts0390003_PCT,ts0390004_PCT,ts0390005_PCT,ts0390006_PCT,ts0390007_PCT,ts0390008_PCT,ts0390009_PCT
E00072563,190,175,12,8,4,0,0,0,3,92.10526315789474,6.315789473684211,4.2105263157894735,2.1052631578947367,0,0,0,1.5789473684210527
E00072564,181,167,7,3,4,2,2,0,5,92.26519337016575,3.867403314917127,1.6574585635359116,2.209944751381215,1.1049723756906076,1.1049723756906076,0,2.7624309392265194
E00072565,309,289,17,17,0,1,0,1,2,93.52750809061489,5.501618122977346,5.501618122977346,0,0.3236245954692557,0,0.3236245954692557,0.6472491909385114
E00072566,285,267,12,10,2,3,2,1,3,93.6842105263158,4.2105263157894735,3.508771929824561,0.7017543859649122,1.0526315789473684,0.7017543859649122,0.3508771929824561,1.0526315789473684
E00072567,216,209,4,3,1,1,1,0,2,96.75925925925925,1.8518518518518516,1.3888888888888888,0.4629629629629629,0.4629629629629629,0.4629629629629629,0,0.9259259259259258
E00072568,270,252,11,9,2,5,3,2,2,93.33333333333333,4.074074074074074,3.3333333333333335,0.7407407407407408,1.8518518518518516,1.1111111111111112,0.7407407407407408,0.7407407407407408
E00072569,208,200,6,6,0,0,0,0,2,96.15384615384616,2.8846153846153846,2.8846153846153846,0,0,0,0,0.9615384615384616
E00072570,178,160,14,10,4,3,2,1,1,89.8876404494382,7.865168539325842,5.617977528089887,2.247191011235955,1.6853932584269662,1.1235955056179776,0.5617977528089888,0.5617977528089888
E00072571,171,157,10,7,3,1,1,0,3,91.81286549707602,5.847953216374268,4.093567251461988,1.7543859649122806,0.5847953216374269,0.5847953216374269,0,1.7543859649122806
E00072572,137,127,6,5,1,1,1,0,3,92.7007299270073,4.37956204379562,3.64963503649635,0.7299270072992701,0.7299270072992701,0.7299270072992701,0,2.18978102189781
E00072573,326,320,3,2,1,0,0,0,3,98.15950920245399,0.9202453987730062,0.6134969325153374,0.3067484662576687,0,0,0,0.9202453987730062
E00072574,248,233,6,3,3,5,3,2,4,93.95161290322581,2.4193548387096775,1.2096774193548387,1.2096774193548387,2.0161290322580645,1.2096774193548387,0.8064516129032258,1.6129032258064515
E00072575,443,430,7,7,0,4,0,4,2,97.06546275395034,1.580135440180587,1.580135440180587,0,0.9029345372460496,0,0.9029345372460496,0.4514672686230248
E00072576,176,168,5,4,1,1,1,0,2,95.45454545454545,2.840909090909091,2.272727272727273,0.5681818181818182,0.5681818181818182,0.5681818181818182,0,1.1363636363636365
E00072577,226,217,8,5,3,1,0,1,0,96.01769911504425,3.5398230088495577,2.2123893805309733,1.3274336283185841,0.4424778761061947,0,0.4424778761061947,0
E00072578,230,217,4,1,3,2,0,2,7,94.34782608695652,1.7391304347826086,0.43478260869565216,1.3043478260869565,0.8695652173913043,0,0.8695652173913043,3.0434782608695654
E00072579,190,175,9,6,3,3,0,3,3,92.10526315789474,4.736842105263158,3.1578947368421053,1.5789473684210527,1.5789473684210527,0,1.5789473684210527,1.5789473684210527
E00072580,202,190,9,4,5,1,1,0,2,94.05940594059405,4.455445544554455,1.9801980198019802,2.4752475247524752,0.49504950495049505,0.49504950495049505,0,0.9900990099009901
E00072581,229,215,8,7,1,1,1,0,5,93.88646288209607,3.4934497816593884,3.056768558951965,0.43668122270742354,0.43668122270742354,0.43668122270742354,0,2.1834061135371177
E00072582,149,143,4,4,0,1,0,1,1,95.9731543624161,2.684563758389262,2.684563758389262,0,0.6711409395973155,0,0.6711409395973155,0.6711409395973155
E00072583,208,199,6,6,0,2,1,1,1,95.67307692307693,2.8846153846153846,2.8846153846153846,0,0.9615384615384616,0.4807692307692308,0.4807692307692308,0.4807692307692308
E00072584,207,192,8,7,1,6,4,2,1,92.7536231884058,3.864734299516908,3.3816425120772946,0.4830917874396135,2.898550724637681,1.932367149758454,0.966183574879227,0.4830917874396135
E00072585,183,171,8,6,2,2,1,1,2,93.44262295081968,4.371584699453552,3.278688524590164,1.092896174863388,1.092896174863388,0.546448087431694,0.546448087431694,1.092896174863388
E00072586,196,183,10,7,3,1,1,0,2,93.36734693877551,5.1020408163265305,3.571428571428571,1.530612244897959,0.5102040816326531,0.5102040816326531,0,1.0204081632653061
E00072587,191,177,9,8,1,3,0,3,2,92.67015706806284,4.712041884816754,4.18848167539267,0.5235602094240838,1.5706806282722512,0,1.5706806282722512,1.0471204188481675
E00072588,273,243,18,13,5,8,5,3,4,89.01098901098901,6.593406593406594,4.761904761904762,1.8315018315018317,2.93040293040293,1.8315018315018317,1.098901098901099,1.465201465201465
E00072589,259,235,15,13,2,3,3,0,6,90.73359073359073,5.7915057915057915,5.019305019305019,0.7722007722007722,1.1583011583011582,1.1583011583011582,0,2.3166023166023164
E00072590,277,254,12,11,1,5,3,2,6,91.69675090252709,4.332129963898916,3.9711191335740073,0.36101083032490977,1.8050541516245486,1.083032490974729,0.7220216606498195,2.166064981949458
E00072591,247,229,11,8,3,3,1,2,4,92.71255060728745,4.4534412955465585,3.2388663967611335,1.214574898785425,1.214574898785425,0.4048582995951417,0.8097165991902834,1.6194331983805668
E00072592,223,203,14,12,2,3,2,1,3,91.03139013452915,6.278026905829597,5.381165919282512,0.8968609865470852,1.345291479820628,0.8968609865470852,0.4484304932735426,1.345291479820628
E00072593,353,323,13,8,5,9,6,3,8,91.5014164305949,3.6827195467422094,2.26628895184136,1.41643059490085,2.5495750708215295,1.69971671388102,0.84985835694051,2.26628895184136
E00072594,299,275,17,17,0,5,4,1,2,91.9732441471572,5.68561872909699,5.68561872909699,0,1.6722408026755853,1.3377926421404682,0.33444816053511706,0.6688963210702341
E00072595,288,261,16,11,5,8,5,3,3,90.625,5.555555555555555,3.8194444444444446,1.7361111111111112,2.7777777777777777,1.7361111111111112,1.0416666666666665,1.0416666666666665
E00072596,309,270,29,22,7,2,1,1,8,87.37864077669903,9.385113268608414,7.119741100323624,2.26537216828479,0.6472491909385114,0.3236245954692557,0.3236245954692557,2.5889967637540456
E00072597,281,272,6,6,0,0,0,0,3,96.79715302491103,2.135231316725979,2.135231316725979,0,0,0,0,1.0676156583629894
E00072598,296,260,24,19,5,3,2,1,9,87.83783783783784,8.108108108108109,6.418918918918918,1.6891891891891893,1.0135135135135136,0.6756756756756757,0.33783783783783783,3.040540540540541
E00072599,347,321,9,8,1,8,1,7,9,92.507204610951,2.5936599423631126,2.3054755043227666,0.2881844380403458,2.3054755043227666,0.2881844380403458,2.0172910662824206,2.5936599423631126
E00072600,330,300,19,16,3,4,3,1,7,90.9090909090909,5.757575757575758,4.848484848484849,0.9090909090909091,1.2121212121212122,0.9090909090909091,0.30303030303030304,2.1212121212121215
E00072601,241,229,11,11,0,1,1,0,0,95.0207468879668,4.564315352697095,4.564315352697095,0,0.4149377593360996,0.4149377593360996,0,0
E00072602,307,283,20,16,4,1,1,0,3,92.18241042345277,6.514657980456026,5.211726384364821,1.3029315960912053,0.32573289902280134,0.32573289902280134,0,0.9771986970684038
E00072603,328,304,15,11,4,3,2,1,6,92.6829268292683,4.573170731707317,3.353658536585366,1.2195121951219512,0.9146341463414633,0.6097560975609756,0.3048780487804878,1.8292682926829267
E00072604,360,335,14,12,2,1,1,0,10,93.05555555555556,3.888888888888889,3.3333333333333335,0.5555555555555556,0.2777777777777778,0.2777777777777778,0,2.7777777777777777
E00072605,285,250,23,21,2,3,2,1,9,87.71929824561403,8.070175438596491,7.368421052631578,0.7017543859649122,1.0526315789473684,0.7017543859649122,0.3508771929824561,3.1578947368421053
E00072606,263,247,8,8,0,4,2,2,4,93.91634980988593,3.041825095057034,3.041825095057034,0,1.520912547528517,0.7604562737642585,0.7604562737642585,1.520912547528517
E00072607,320,298,8,7,1,3,1,2,11,93.125,2.5,2.1875,0.3125,0.9375,0.3125,0.625,3.4375000000000004
E00072608,241,219,11,9,2,4,1,3,7,90.87136929460581,4.564315352697095,3.7344398340248963,0.8298755186721992,1.6597510373443984,0.4149377593360996,1.2448132780082988,2.904564315352697
E00072609,327,288,29,23,6,3,3,0,7,88.07339449541286,8.868501529051988,7.033639143730887,1.834862385321101,0.9174311926605505,0.9174311926605505,0,2.1406727828746175
E00072611,141,128,8,6,2,1,0,1,4,90.78014184397163,5.673758865248227,4.25531914893617,1.4184397163120568,0.7092198581560284,0,0.7092198581560284,2.8368794326241136
E00072613,254,227,14,12,2,3,3,0,10,89.37007874015748,5.511811023622047,4.724409448818897,0.7874015748031495,1.1811023622047243,1.1811023622047243,0,3.937007874015748
E00072614,318,295,17,15,2,1,0,1,5,92.76729559748428,5.345911949685535,4.716981132075472,0.628930817610063,0.3144654088050315,0,0.3144654088050315,1.5723270440251573
E00072615,211,191,15,10,5,5,3,2,0,90.52132701421802,7.109004739336493,4.739336492890995,2.3696682464454977,2.3696682464454977,1.4218009478672986,0.9478672985781991,0
E00072616,298,280,15,11,4,1,1,0,2,93.95973154362416,5.033557046979865,3.691275167785235,1.342281879194631,0.33557046979865773,0.33557046979865773,0,0.6711409395973155
E00072617,192,175,10,8,2,4,0,4,3,91.14583333333334,5.208333333333334,4.166666666666666,1.0416666666666665,2.083333333333333,0,2.083333333333333,1.5625
E00072618,584,558,18,15,3,2,1,1,6,95.54794520547945,3.0821917808219177,2.5684931506849313,0.5136986301369862,0.3424657534246575,0.17123287671232876,0.17123287671232876,1.0273972602739725
E00072619,399,365,25,19,6,1,1,0,8,91.47869674185463,6.265664160401002,4.761904761904762,1.5037593984962405,0.2506265664160401,0.2506265664160401,0,2.0050125313283207
E00072620,131,113,16,14,2,2,0,2,0,86.25954198473282,12.213740458015266,10.687022900763358,1.5267175572519083,1.5267175572519083,0,1.5267175572519083,0
E00072621,278,259,15,14,1,1,0,1,3,93.16546762589928,5.39568345323741,5.0359712230215825,0.3597122302158274,0.3597122302158274,0,0.3597122302158274,1.079136690647482
E00072622,306,279,18,14,4,3,1,2,6,91.17647058823529,5.88235294117647,4.57516339869281,1.3071895424836601,0.9803921568627451,0.32679738562091504,0.6535947712418301,1.9607843137254901
E00072623,224,202,16,12,4,2,0,2,4,90.17857142857143,7.142857142857142,5.357142857142857,1.7857142857142856,0.8928571428571428,0,0.8928571428571428,1.7857142857142856
E00072624,308,275,17,14,3,5,3,2,11,89.28571428571429,5.51948051948052,4.545454545454546,0.974025974025974,1.6233766233766231,0.974025974025974,0.6493506493506493,3.571428571428571
E00072625,359,323,17,11,6,10,4,6,9,89.97214484679665,4.735376044568245,3.064066852367688,1.6713091922005572,2.785515320334262,1.1142061281337048,1.6713091922005572,2.5069637883008355
E00072626,143,129,7,4,3,3,2,1,4,90.20979020979021,4.895104895104895,2.797202797202797,2.097902097902098,2.097902097902098,1.3986013986013985,0.6993006993006993,2.797202797202797
E00072627,239,213,15,9,6,3,3,0,8,89.1213389121339,6.2761506276150625,3.765690376569038,2.510460251046025,1.2552301255230125,1.2552301255230125,0,3.3472803347280333
E00072628,280,262,13,11,2,2,1,1,3,93.57142857142857,4.642857142857143,3.9285714285714284,0.7142857142857143,0.7142857142857143,0.35714285714285715,0.35714285714285715,1.0714285714285714
E00072629,314,277,25,19,6,4,2,2,8,88.21656050955414,7.961783439490445,6.050955414012739,1.910828025477707,1.2738853503184715,0.6369426751592357,0.6369426751592357,2.547770700636943
E00072630,1367,1315,36,30,6,5,4,1,11,96.19604974396488,2.6335040234089244,2.194586686174104,0.43891733723482074,0.36576444769568395,0.2926115581565472,0.0731528895391368,0.8046817849305048
E00072631,246,229,14,10,4,1,1,0,2,93.08943089430895,5.691056910569105,4.0650406504065035,1.6260162601626018,0.40650406504065045,0.40650406504065045,0,0.8130081300813009
E00072632,247,226,12,9,3,2,2,0,7,91.49797570850203,4.8582995951417,3.643724696356275,1.214574898785425,0.8097165991902834,0.8097165991902834,0,2.834008097165992
E00072633,491,460,23,16,7,3,3,0,5,93.68635437881873,4.684317718940937,3.2586558044806515,1.4256619144602851,0.6109979633401221,0.6109979633401221,0,1.0183299389002036
E00072634,266,241,16,9,7,5,3,2,4,90.6015037593985,6.015037593984962,3.3834586466165413,2.631578947368421,1.8796992481203008,1.1278195488721803,0.7518796992481203,1.5037593984962405
E00072635,277,250,17,14,3,1,1,0,9,90.25270758122743,6.137184115523466,5.054151624548736,1.083032490974729,0.36101083032490977,0.36101083032490977,0,3.2490974729241873
E00072636,365,346,15,12,3,2,1,1,2,94.79452054794521,4.10958904109589,3.287671232876712,0.821917808219178,0.547945205479452,0.273972602739726,0.273972602739726,0.547945205479452
E00072637,240,227,10,9,1,0,0,0,3,94.58333333333333,4.166666666666666,3.75,0.4166666666666667,0,0,0,1.25
E00072638,308,286,13,10,3,5,4,1,4,92.85714285714286,4.220779220779221,3.2467532467532463,0.974025974025974,1.6233766233766231,1.2987012987012987,0.3246753246753247,1.2987012987012987
E00072640,323,302,16,15,1,0,0,0,5,93.49845201238391,4.953560371517028,4.643962848297214,0.30959752321981426,0,0,0,1.5479876160990713
E00072641,272,247,15,13,2,4,3,1,6,90.80882352941177,5.514705882352941,4.779411764705882,0.7352941176470588,1.4705882352941175,1.1029411764705883,0.3676470588235294,2.2058823529411766
E00072642,403,369,20,14,6,3,0,3,11,91.56327543424318,4.962779156327544,3.4739454094292808,1.488833746898263,0.7444168734491315,0,0.7444168734491315,2.729528535980149
E00072643,253,244,5,5,0,0,0,0,4,96.44268774703558,1.9762845849802373,1.9762845849802373,0,0,0,0,1.5810276679841897
E00072644,254,230,17,15,2,2,2,0,5,90.5511811023622,6.692913385826772,5.905511811023622,0.7874015748031495,0.7874015748031495,0.7874015748031495,0,1.968503937007874
E00072645,447,419,17,13,4,4,4,0,7,93.73601789709173,3.803131991051454,2.9082774049217,0.8948545861297539,0.8948545861297539,0.8948545861297539,0,1.5659955257270695
E00072646,336,305,17,15,2,2,2,0,12,90.77380952380952,5.059523809523809,4.464285714285714,0.5952380952380952,0.5952380952380952,0.5952380952380952,0,3.571428571428571
E00072647,199,192,3,3,0,2,0,2,2,96.4824120603015,1.507537688442211,1.507537688442211,0,1.0050251256281406,0,1.0050251256281406,1.0050251256281406
E00072648,229,207,13,9,4,2,2,0,7,90.39301310043668,5.676855895196507,3.9301310043668125,1.7467248908296942,0.8733624454148471,0.8733624454148471,0,3.056768558951965
E00072649,286,269,13,10,3,3,1,2,1,94.05594405594405,4.545454545454546,3.4965034965034967,1.048951048951049,1.048951048951049,0.34965034965034963,0.6993006993006993,0.34965034965034963
E00072650,246,221,14,11,3,2,2,0,9,89.83739837398373,5.691056910569105,4.471544715447155,1.2195121951219512,0.8130081300813009,0.8130081300813009,0,3.6585365853658534
E00072651,217,203,11,9,2,1,1,0,2,93.54838709677419,5.0691244239631335,4.147465437788019,0.9216589861751152,0.4608294930875576,0.4608294930875576,0,0.9216589861751152
E00072652,563,507,33,20,13,9,1,8,14,90.05328596802842,5.86145648312611,3.5523978685612785,2.3090586145648313,1.5985790408525755,0.17761989342806395,1.4209591474245116,2.4866785079928952
E00072653,490,453,28,23,5,6,3,3,3,92.44897959183673,5.714285714285714,4.6938775510204085,1.0204081632653061,1.2244897959183674,0.6122448979591837,0.6122448979591837,0.6122448979591837
E00072654,192,180,11,5,6,1,1,0,0,93.75,5.729166666666666,2.604166666666667,3.125,0.5208333333333333,0.5208333333333333,0,0
E00072655,295,260,23,22,1,2,1,1,10,88.13559322033898,7.796610169491526,7.457627118644068,0.3389830508474576,0.6779661016949152,0.3389830508474576,0.3389830508474576,3.389830508474576
E00072656,338,307,25,20,5,5,3,2,1,90.8284023668639,7.396449704142012,5.9171597633136095,1.4792899408284024,1.4792899408284024,0.8875739644970414,0.591715976331361,0.2958579881656805
E00072657,124,112,6,4,2,1,1,0,5,90.32258064516128,4.838709677419355,3.225806451612903,1.6129032258064515,0.8064516129032258,0.8064516129032258,0,4.032258064516129
E00072658,135,121,11,8,3,2,1,1,1,89.62962962962962,8.148148148148149,5.9259259259259265,2.2222222222222223,1.4814814814814816,0.7407407407407408,0.7407407407407408,0.7407407407407408
E00072659,305,280,6,6,0,12,5,7,7,91.80327868852459,1.9672131147540985,1.9672131147540985,0,3.934426229508197,1.639344262295082,2.2950819672131146,2.2950819672131146
E00072660,383,342,31,24,7,6,2,4,4,89.29503916449086,8.093994778067886,6.266318537859007,1.8276762402088773,1.5665796344647518,0.5221932114882507,1.0443864229765014,1.0443864229765014
E00072661,266,235,22,17,5,5,2,3,4,88.34586466165413,8.270676691729323,6.390977443609022,1.8796992481203008,1.8796992481203008,0.7518796992481203,1.1278195488721803,1.5037593984962405
E00072662,285,265,15,12,3,1,0,1,4,92.98245614035088,5.263157894736842,4.2105263157894735,1.0526315789473684,0.3508771929824561,0,0.3508771929824561,1.4035087719298245
E00072663,285,263,15,13,2,0,0,0,7,92.28070175438596,5.263157894736842,4.56140350877193,0.7017543859649122,0,0,0,2.456140350877193
E00072664,391,366,16,14,2,3,1,2,6,93.60613810741688,4.092071611253197,3.580562659846547,0.5115089514066496,0.7672634271099744,0.2557544757033248,0.5115089514066496,1.5345268542199488
E00072665,361,320,26,21,5,4,0,4,11,88.64265927977839,7.202216066481995,5.8171745152354575,1.3850415512465373,1.10803324099723,0,1.10803324099723,3.0470914127423825
E00072666,239,216,16,15,1,3,2,1,4,90.3765690376569,6.694560669456067,6.2761506276150625,0.41841004184100417,1.2552301255230125,0.8368200836820083,0.41841004184100417,1.6736401673640167
E00072667,261,229,20,16,4,7,3,4,5,87.73946360153256,7.662835249042145,6.130268199233716,1.532567049808429,2.681992337164751,1.1494252873563218,1.532567049808429,1.9157088122605364
E00072668,203,188,9,9,0,1,1,0,5,92.61083743842364,4.433497536945813,4.433497536945813,0,0.49261083743842365,0.49261083743842365,0,2.4630541871921183
E00072669,261,239,9,9,0,7,3,4,6,91.57088122605363,3.4482758620689653,3.4482758620689653,0,2.681992337164751,1.1494252873563218,1.532567049808429,2.2988505747126435
E00072671,177,162,6,5,1,2,0,2,7,91.52542372881356,3.389830508474576,2.824858757062147,0.5649717514124294,1.1299435028248588,0,1.1299435028248588,3.954802259887006
E00072672,249,227,10,9,1,7,6,1,5,91.16465863453816,4.016064257028113,3.614457831325301,0.4016064257028112,2.8112449799196786,2.4096385542168677,0.4016064257028112,2.0080321285140563
E00072673,270,239,14,11,3,5,5,0,12,88.51851851851852,5.185185185185185,4.074074074074074,1.1111111111111112,1.8518518518518516,1.8518518518518516,0,4.444444444444445
E00072674,276,251,8,3,5,7,2,5,10,90.94202898550725,2.898550724637681,1.0869565217391304,1.8115942028985508,2.536231884057971,0.7246376811594203,1.8115942028985508,3.6231884057971016
E00072675,232,214,2,2,0,10,3,7,6,92.24137931034483,0.8620689655172413,0.8620689655172413,0,4.310344827586207,1.293103448275862,3.0172413793103448,2.586206896551724
E00072676,312,293,12,11,1,3,0,3,4,93.91025641025641,3.8461538461538463,3.5256410256410255,0.3205128205128205,0.9615384615384616,0,0.9615384615384616,1.282051282051282
E00072677,252,225,22,18,4,1,0,1,4,89.28571428571429,8.73015873015873,7.142857142857142,1.5873015873015872,0.3968253968253968,0,0.3968253968253968,1.5873015873015872
E00072678,327,295,12,7,5,9,2,7,11,90.21406727828746,3.669724770642202,2.1406727828746175,1.529051987767584,2.7522935779816518,0.6116207951070336,2.1406727828746175,3.3639143730886847
E00072680,257,232,16,12,4,3,3,0,6,90.27237354085604,6.22568093385214,4.669260700389105,1.556420233463035,1.1673151750972763,1.1673151750972763,0,2.3346303501945527
E00072681,357,327,19,16,3,4,2,2,7,91.59663865546219,5.322128851540616,4.481792717086835,0.8403361344537815,1.1204481792717087,0.5602240896358543,0.5602240896358543,1.9607843137254901
E00072682,322,288,18,14,4,5,4,1,11,89.44099378881988,5.590062111801243,4.3478260869565215,1.2422360248447204,1.5527950310559007,1.2422360248447204,0.3105590062111801,3.4161490683229814
E00072683,258,237,8,8,0,10,7,3,3,91.86046511627907,3.10077519379845,3.10077519379845,0,3.875968992248062,2.7131782945736433,1.1627906976744187,1.1627906976744187
E00072684,259,243,7,6,1,4,2,2,5,93.82239382239382,2.7027027027027026,2.3166023166023164,0.3861003861003861,1.5444015444015444,0.7722007722007722,0.7722007722007722,1.9305019305019304
E00072685,309,271,24,17,7,6,3,3,8,87.70226537216828,7.766990291262135,5.501618122977346,2.26537216828479,1.9417475728155338,0.9708737864077669,0.9708737864077669,2.5889967637540456
E00072686,272,236,26,19,7,4,0,4,6,86.76470588235294,9.558823529411764,6.985294117647059,2.5735294117647056,1.4705882352941175,0,1.4705882352941175,2.2058823529411766
E00072687,158,142,5,3,2,1,0,1,10,89.87341772151899,3.1645569620253164,1.89873417721519,1.2658227848101267,0.6329113924050633,0,0.6329113924050633,6.329113924050633
E00072688,333,294,16,12,4,13,3,10,10,88.28828828828829,4.804804804804805,3.6036036036036037,1.2012012012012012,3.903903903903904,0.9009009009009009,3.003003003003003,3.003003003003003
E00072689,204,184,11,10,1,7,6,1,2,90.19607843137256,5.392156862745098,4.901960784313726,0.49019607843137253,3.431372549019608,2.941176470588235,0.49019607843137253,0.9803921568627451
E00072690,295,258,14,6,8,7,4,3,16,87.45762711864407,4.745762711864407,2.0338983050847457,2.711864406779661,2.3728813559322033,1.3559322033898304,1.0169491525423728,5.423728813559322
E00072691,395,356,27,17,10,3,2,1,9,90.12658227848101,6.8354430379746836,4.30379746835443,2.5316455696202533,0.7594936708860759,0.5063291139240507,0.25316455696202533,2.278481012658228
E00072692,346,321,13,11,2,5,4,1,7,92.77456647398844,3.7572254335260116,3.1791907514450863,0.5780346820809248,1.4450867052023122,1.1560693641618496,0.2890173410404624,2.023121387283237
E00072693,371,338,27,19,8,3,2,1,3,91.10512129380054,7.277628032345014,5.121293800539084,2.15633423180593,0.8086253369272237,0.5390835579514826,0.2695417789757413,0.8086253369272237
E00072694,306,283,13,10,3,5,1,4,5,92.48366013071896,4.248366013071895,3.2679738562091507,0.9803921568627451,1.6339869281045754,0.32679738562091504,1.3071895424836601,1.6339869281045754
E00072695,206,182,15,11,4,2,2,0,7,88.3495145631068,7.281553398058252,5.339805825242718,1.9417475728155338,0.9708737864077669,0.9708737864077669,0,3.3980582524271843
E00072696,348,313,27,24,3,4,0,4,4,89.9425287356322,7.758620689655173,6.896551724137931,0.8620689655172413,1.1494252873563218,0,1.1494252873563218,1.1494252873563218
E00072697,294,271,8,6,2,8,3,5,7,92.17687074829932,2.7210884353741496,2.0408163265306123,0.6802721088435374,2.7210884353741496,1.0204081632653061,1.7006802721088436,2.380952380952381
E00072698,310,270,20,16,4,13,7,6,7,87.09677419354838,6.451612903225806,5.161290322580645,1.2903225806451613,4.193548387096775,2.258064516129032,1.935483870967742,2.258064516129032
E00072699,504,454,26,20,6,7,5,2,17,90.07936507936508,5.158730158730158,3.968253968253968,1.1904761904761905,1.3888888888888888,0.992063492063492,0.3968253968253968,3.373015873015873
E00072700,360,334,18,16,2,3,3,0,5,92.77777777777779,5,4.444444444444445,0.5555555555555556,0.8333333333333334,0.8333333333333334,0,1.3888888888888888
E00072701,302,287,9,6,3,1,0,1,5,95.03311258278146,2.980132450331126,1.9867549668874174,0.9933774834437087,0.33112582781456956,0,0.33112582781456956,1.6556291390728477
E00072702,312,283,15,14,1,8,2,6,6,90.7051282051282,4.807692307692308,4.487179487179487,0.3205128205128205,2.564102564102564,0.641025641025641,1.9230769230769231,1.9230769230769231
E00072703,297,266,19,14,5,6,2,4,6,89.56228956228956,6.397306397306397,4.713804713804714,1.6835016835016834,2.0202020202020203,0.6734006734006733,1.3468013468013467,2.0202020202020203
E00072704,238,214,15,13,2,5,2,3,4,89.91596638655463,6.302521008403361,5.46218487394958,0.8403361344537815,2.100840336134454,0.8403361344537815,1.2605042016806722,1.680672268907563
E00072705,381,347,24,20,4,3,3,0,7,91.0761154855643,6.299212598425196,5.2493438320209975,1.0498687664041995,0.7874015748031495,0.7874015748031495,0,1.837270341207349
E00072706,243,216,12,8,4,4,3,1,11,88.88888888888889,4.938271604938271,3.292181069958848,1.646090534979424,1.646090534979424,1.2345679012345678,0.411522633744856,4.526748971193416
E00072707,275,263,9,6,3,0,0,0,3,95.63636363636364,3.272727272727273,2.181818181818182,1.090909090909091,0,0,0,1.090909090909091
E00072708,252,221,19,16,3,7,4,3,5,87.6984126984127,7.5396825396825395,6.349206349206349,1.1904761904761905,2.7777777777777777,1.5873015873015872,1.1904761904761905,1.984126984126984
E00072709,358,331,17,15,2,2,1,1,8,92.45810055865921,4.748603351955307,4.189944134078212,0.5586592178770949,0.5586592178770949,0.27932960893854747,0.27932960893854747,2.2346368715083798
E00072710,268,230,26,15,11,8,5,3,4,85.82089552238806,9.701492537313433,5.597014925373134,4.104477611940299,2.9850746268656714,1.8656716417910446,1.1194029850746268,1.4925373134328357
E00072711,309,281,14,9,5,5,2,3,9,90.93851132686083,4.53074433656958,2.912621359223301,1.6181229773462782,1.6181229773462782,0.6472491909385114,0.9708737864077669,2.912621359223301
E00072712,311,276,23,11,12,6,4,2,6,88.7459807073955,7.395498392282958,3.536977491961415,3.858520900321544,1.929260450160772,1.2861736334405145,0.6430868167202572,1.929260450160772
E00072713,304,273,18,14,4,6,6,0,7,89.80263157894737,5.921052631578947,4.605263157894736,1.3157894736842104,1.9736842105263157,1.9736842105263157,0,2.302631578947368
E00072714,321,294,14,11,3,8,8,0,5,91.58878504672897,4.361370716510903,3.4267912772585665,0.9345794392523363,2.4922118380062304,2.4922118380062304,0,1.557632398753894
E00072715,361,328,20,17,3,7,4,3,6,90.85872576177285,5.540166204986149,4.7091412742382275,0.8310249307479225,1.9390581717451523,1.10803324099723,0.8310249307479225,1.662049861495845
E00072716,233,216,9,4,5,1,1,0,7,92.7038626609442,3.862660944206009,1.7167381974248928,2.1459227467811157,0.4291845493562232,0.4291845493562232,0,3.004291845493562
E00072717,503,465,27,19,8,9,4,5,2,92.44532803180915,5.36779324055666,3.7773359840954273,1.5904572564612325,1.7892644135188867,0.7952286282306162,0.9940357852882704,0.3976143141153081
E00072718,239,218,10,8,2,6,4,2,5,91.21338912133892,4.184100418410042,3.3472803347280333,0.8368200836820083,2.510460251046025,1.6736401673640167,0.8368200836820083,2.092050209205021
E00072719,236,220,7,7,0,6,3,3,3,93.22033898305084,2.9661016949152543,2.9661016949152543,0,2.5423728813559325,1.2711864406779663,1.2711864406779663,1.2711864406779663
E00072720,380,342,29,23,6,3,2,1,6,90,7.631578947368421,6.052631578947368,1.5789473684210527,0.7894736842105263,0.5263157894736842,0.2631578947368421,1.5789473684210527
E00072721,282,265,11,9,2,1,1,0,5,93.97163120567376,3.900709219858156,3.1914893617021276,0.7092198581560284,0.3546099290780142,0.3546099290780142,0,1.773049645390071
E00072722,372,347,14,11,3,4,1,3,7,93.27956989247312,3.763440860215054,2.956989247311828,0.8064516129032258,1.0752688172043012,0.2688172043010753,0.8064516129032258,1.881720430107527
E00072723,309,262,19,15,4,8,6,2,20,84.78964401294499,6.148867313915858,4.854368932038835,1.2944983818770228,2.5889967637540456,1.9417475728155338,0.6472491909385114,6.472491909385113
E00072725,283,259,12,8,4,0,0,0,12,91.51943462897526,4.240282685512367,2.8268551236749118,1.4134275618374559,0,0,0,4.240282685512367
E00072726,319,291,14,10,4,7,2,5,7,91.22257053291536,4.38871473354232,3.1347962382445136,1.2539184952978055,2.19435736677116,0.6269592476489028,1.5673981191222568,2.19435736677116
E00072727,331,291,26,20,6,2,0,2,12,87.91540785498489,7.854984894259818,6.042296072507553,1.812688821752266,0.6042296072507553,0,0.6042296072507553,3.625377643504532
E00072728,322,292,15,7,8,6,3,3,9,90.6832298136646,4.658385093167702,2.1739130434782608,2.484472049689441,1.8633540372670807,0.9316770186335404,0.9316770186335404,2.7950310559006213
E00072729,339,321,8,6,2,6,3,3,4,94.69026548672566,2.359882005899705,1.7699115044247788,0.5899705014749262,1.7699115044247788,0.8849557522123894,0.8849557522123894,1.1799410029498525
E00072730,273,239,17,12,5,8,3,5,9,87.54578754578755,6.227106227106227,4.395604395604396,1.8315018315018317,2.93040293040293,1.098901098901099,1.8315018315018317,3.296703296703297
E00072731,266,238,18,12,6,4,2,2,6,89.47368421052632,6.7669172932330826,4.511278195488721,2.2556390977443606,1.5037593984962405,0.7518796992481203,0.7518796992481203,2.2556390977443606
E00072732,350,325,9,9,0,8,0,8,8,92.85714285714286,2.571428571428571,2.571428571428571,0,2.2857142857142856,0,2.2857142857142856,2.2857142857142856
E00072733,317,287,8,8,0,8,5,3,14,90.53627760252367,2.5236593059936907,2.5236593059936907,0,2.5236593059936907,1.5772870662460567,0.9463722397476341,4.416403785488959
E00072734,379,343,27,21,6,5,4,1,4,90.50131926121372,7.12401055408971,5.540897097625329,1.58311345646438,1.3192612137203166,1.0554089709762533,0.2638522427440633,1.0554089709762533
E00072736,302,274,11,7,4,5,3,2,12,90.72847682119205,3.642384105960265,2.3178807947019866,1.3245033112582782,1.6556291390728477,0.9933774834437087,0.6622516556291391,3.9735099337748347
E00072737,301,272,18,13,5,4,4,0,7,90.36544850498339,5.980066445182724,4.318936877076411,1.6611295681063125,1.3289036544850499,1.3289036544850499,0,2.3255813953488373
E00072738,246,219,13,10,3,1,0,1,13,89.02439024390245,5.284552845528456,4.0650406504065035,1.2195121951219512,0.40650406504065045,0,0.40650406504065045,5.284552845528456
E00072739,238,212,14,8,6,3,1,2,9,89.07563025210085,5.88235294117647,3.361344537815126,2.5210084033613445,1.2605042016806722,0.42016806722689076,0.8403361344537815,3.7815126050420167
E00072741,230,215,6,4,2,0,0,0,9,93.47826086956522,2.608695652173913,1.7391304347826086,0.8695652173913043,0,0,0,3.91304347826087
E00072742,291,264,13,11,2,7,1,6,7,90.72164948453609,4.4673539518900345,3.7800687285223367,0.6872852233676976,2.405498281786942,0.3436426116838488,2.0618556701030926,2.405498281786942
E00072743,217,185,21,15,6,6,3,3,5,85.25345622119815,9.67741935483871,6.912442396313365,2.7649769585253456,2.7649769585253456,1.3824884792626728,1.3824884792626728,2.3041474654377883
E00072744,325,289,22,19,3,7,6,1,7,88.92307692307693,6.769230769230769,5.846153846153846,0.9230769230769231,2.1538461538461537,1.8461538461538463,0.3076923076923077,2.1538461538461537
E00072745,346,325,14,11,3,4,4,0,3,93.9306358381503,4.046242774566474,3.1791907514450863,0.8670520231213872,1.1560693641618496,1.1560693641618496,0,0.8670520231213872
E00072746,273,250,13,8,5,5,2,3,5,91.57509157509158,4.761904761904762,2.93040293040293,1.8315018315018317,1.8315018315018317,0.7326007326007326,1.098901098901099,1.8315018315018317
E00072747,200,173,19,15,4,4,1,3,4,86.5,9.5,7.5,2,2,0.5,1.5,2
E00072748,282,255,9,6,3,8,2,6,10,90.42553191489363,3.1914893617021276,2.127659574468085,1.0638297872340425,2.8368794326241136,0.7092198581560284,2.127659574468085,3.546099290780142
E00072749,454,406,22,17,5,7,4,3,19,89.42731277533039,4.845814977973569,3.7444933920704844,1.1013215859030838,1.5418502202643172,0.881057268722467,0.6607929515418502,4.185022026431718
E00072750,281,263,9,9,0,5,0,5,4,93.59430604982207,3.202846975088968,3.202846975088968,0,1.7793594306049825,0,1.7793594306049825,1.4234875444839856
E00072751,262,237,14,10,4,3,3,0,8,90.45801526717557,5.343511450381679,3.816793893129771,1.5267175572519083,1.1450381679389312,1.1450381679389312,0,3.0534351145038165
E00072752,336,296,15,13,2,11,9,2,14,88.09523809523809,4.464285714285714,3.869047619047619,0.5952380952380952,3.273809523809524,2.6785714285714284,0.5952380952380952,4.166666666666666
E00072753,390,351,16,13,3,6,2,4,17,90,4.102564102564102,3.3333333333333335,0.7692307692307693,1.5384615384615385,0.5128205128205128,1.0256410256410255,4.358974358974359
E00072755,164,153,9,8,1,2,1,1,0,93.29268292682927,5.487804878048781,4.878048780487805,0.6097560975609756,1.2195121951219512,0.6097560975609756,0.6097560975609756,0
E00072756,260,255,3,3,0,1,1,0,1,98.07692307692307,1.153846153846154,1.153846153846154,0,0.38461538461538464,0.38461538461538464,0,0.38461538461538464
E00072757,186,180,2,2,0,1,1,0,3,96.7741935483871,1.0752688172043012,1.0752688172043012,0,0.5376344086021506,0.5376344086021506,0,1.6129032258064515
E00072758,628,617,7,7,0,1,0,1,3,98.24840764331209,1.1146496815286624,1.1146496815286624,0,0.15923566878980894,0,0.15923566878980894,0.47770700636942676
E00072759,402,386,6,3,3,8,5,3,2,96.01990049751244,1.4925373134328357,0.7462686567164178,0.7462686567164178,1.9900497512437811,1.2437810945273633,0.7462686567164178,0.4975124378109453
E00072760,249,227,12,10,2,4,3,1,6,91.16465863453816,4.819277108433735,4.016064257028113,0.8032128514056224,1.6064257028112447,1.2048192771084338,0.4016064257028112,2.4096385542168677
E00072761,204,195,6,6,0,3,2,1,0,95.58823529411765,2.941176470588235,2.941176470588235,0,1.4705882352941175,0.9803921568627451,0.49019607843137253,0
E00072762,265,247,6,6,0,7,2,5,5,93.20754716981132,2.2641509433962264,2.2641509433962264,0,2.6415094339622645,0.7547169811320755,1.8867924528301887,1.8867924528301887
E00072763,248,236,8,7,1,3,2,1,1,95.16129032258065,3.225806451612903,2.82258064516129,0.4032258064516129,1.2096774193548387,0.8064516129032258,0.4032258064516129,0.4032258064516129
E00072764,190,176,9,6,3,3,0,3,2,92.63157894736842,4.736842105263158,3.1578947368421053,1.5789473684210527,1.5789473684210527,0,1.5789473684210527,1.0526315789473684
E00072765,307,279,18,17,1,6,3,3,4,90.87947882736157,5.863192182410423,5.537459283387622,0.32573289902280134,1.9543973941368076,0.9771986970684038,0.9771986970684038,1.3029315960912053
E00072766,320,307,11,10,1,0,0,0,2,95.9375,3.4375000000000004,3.125,0.3125,0,0,0,0.625
E00072767,331,310,15,13,2,3,0,3,3,93.65558912386706,4.531722054380665,3.927492447129909,0.6042296072507553,0.906344410876133,0,0.906344410876133,0.906344410876133
E00072768,376,363,8,7,1,4,1,3,1,96.54255319148936,2.127659574468085,1.8617021276595744,0.26595744680851063,1.0638297872340425,0.26595744680851063,0.7978723404255319,0.26595744680851063
E00072769,311,293,8,8,0,6,2,4,4,94.21221864951768,2.572347266881029,2.572347266881029,0,1.929260450160772,0.6430868167202572,1.2861736334405145,1.2861736334405145
E00072770,265,251,7,6,1,5,3,2,2,94.71698113207547,2.6415094339622645,2.2641509433962264,0.37735849056603776,1.8867924528301887,1.1320754716981132,0.7547169811320755,0.7547169811320755
E00072771,256,239,6,6,0,3,3,0,8,93.359375,2.34375,2.34375,0,1.171875,1.171875,0,3.125
E00072772,339,321,12,9,3,2,0,2,4,94.69026548672566,3.5398230088495577,2.6548672566371683,0.8849557522123894,0.5899705014749262,0,0.5899705014749262,1.1799410029498525
E00072773,207,193,6,5,1,4,3,1,4,93.23671497584542,2.898550724637681,2.4154589371980677,0.4830917874396135,1.932367149758454,1.4492753623188406,0.4830917874396135,1.932367149758454
E00072774,161,151,6,5,1,3,0,3,1,93.7888198757764,3.7267080745341614,3.1055900621118013,0.6211180124223602,1.8633540372670807,0,1.8633540372670807,0.6211180124223602
E00072775,190,181,4,4,0,2,0,2,3,95.26315789473684,2.1052631578947367,2.1052631578947367,0,1.0526315789473684,0,1.0526315789473684,1.5789473684210527
E00072776,274,261,10,9,1,0,0,0,3,95.25547445255475,3.64963503649635,3.2846715328467155,0.36496350364963503,0,0,0,1.094890510948905
E00072777,277,263,8,7,1,3,3,0,3,94.94584837545126,2.888086642599278,2.527075812274368,0.36101083032490977,1.083032490974729,1.083032490974729,0,1.083032490974729
E00072778,293,266,18,11,7,3,0,3,6,90.78498293515358,6.143344709897611,3.754266211604096,2.3890784982935154,1.023890784982935,0,1.023890784982935,2.04778156996587
E00072779,324,302,14,8,6,2,0,2,6,93.20987654320987,4.320987654320987,2.4691358024691357,1.8518518518518516,0.6172839506172839,0,0.6172839506172839,1.8518518518518516
E00072780,322,297,14,13,1,6,1,5,5,92.2360248447205,4.3478260869565215,4.037267080745342,0.3105590062111801,1.8633540372670807,0.3105590062111801,1.5527950310559007,1.5527950310559007
E00072781,221,203,11,8,3,7,5,2,0,91.8552036199095,4.97737556561086,3.619909502262444,1.3574660633484164,3.167420814479638,2.262443438914027,0.904977375565611,0
E00072782,253,238,9,6,3,4,2,2,2,94.0711462450593,3.557312252964427,2.371541501976284,1.185770750988142,1.5810276679841897,0.7905138339920948,0.7905138339920948,0.7905138339920948
E00072783,366,341,17,13,4,4,1,3,4,93.16939890710383,4.644808743169399,3.551912568306011,1.092896174863388,1.092896174863388,0.273224043715847,0.819672131147541,1.092896174863388
E00072784,273,251,6,4,2,7,6,1,9,91.94139194139194,2.197802197802198,1.465201465201465,0.7326007326007326,2.564102564102564,2.197802197802198,0.3663003663003663,3.296703296703297
E00072785,235,214,12,11,1,5,2,3,4,91.06382978723404,5.106382978723404,4.680851063829787,0.425531914893617,2.127659574468085,0.851063829787234,1.276595744680851,1.702127659574468
E00072786,316,286,19,15,4,5,2,3,6,90.50632911392405,6.012658227848101,4.746835443037975,1.2658227848101267,1.5822784810126582,0.6329113924050633,0.949367088607595,1.89873417721519
E00072787,247,225,16,13,3,4,0,4,2,91.09311740890689,6.477732793522267,5.263157894736842,1.214574898785425,1.6194331983805668,0,1.6194331983805668,0.8097165991902834
E00072788,319,287,18,15,3,5,2,3,9,89.96865203761756,5.6426332288401255,4.702194357366771,0.9404388714733543,1.5673981191222568,0.6269592476489028,0.9404388714733543,2.8213166144200628
E00072789,275,255,9,6,3,3,3,0,8,92.72727272727272,3.272727272727273,2.181818181818182,1.090909090909091,1.090909090909091,1.090909090909091,0,2.909090909090909
E00072790,264,242,16,12,4,4,3,1,2,91.66666666666666,6.0606060606060606,4.545454545454546,1.5151515151515151,1.5151515151515151,1.1363636363636365,0.3787878787878788,0.7575757575757576
E00072791,276,251,18,14,4,4,3,1,3,90.94202898550725,6.521739130434782,5.072463768115942,1.4492753623188406,1.4492753623188406,1.0869565217391304,0.36231884057971014,1.0869565217391304
E00072792,238,218,11,10,1,3,2,1,6,91.59663865546219,4.621848739495799,4.201680672268908,0.42016806722689076,1.2605042016806722,0.8403361344537815,0.42016806722689076,2.5210084033613445
E00072793,215,201,8,6,2,2,0,2,4,93.48837209302326,3.7209302325581395,2.7906976744186047,0.9302325581395349,0.9302325581395349,0,0.9302325581395349,1.8604651162790697
E00072794,325,292,23,23,0,6,4,2,4,89.84615384615384,7.076923076923077,7.076923076923077,0,1.8461538461538463,1.2307692307692308,0.6153846153846154,1.2307692307692308
E00072795,244,220,15,11,4,4,3,1,5,90.1639344262295,6.147540983606557,4.508196721311475,1.639344262295082,1.639344262295082,1.2295081967213115,0.4098360655737705,2.0491803278688523
E00072797,349,329,15,14,1,1,0,1,4,94.26934097421203,4.297994269340974,4.011461318051576,0.28653295128939826,0.28653295128939826,0,0.28653295128939826,1.146131805157593
E00072798,404,367,29,25,4,5,4,1,3,90.84158415841584,7.1782178217821775,6.188118811881188,0.9900990099009901,1.2376237623762376,0.9900990099009901,0.24752475247524752,0.7425742574257426
E00072799,259,238,8,7,1,4,2,2,9,91.8918918918919,3.088803088803089,2.7027027027027026,0.3861003861003861,1.5444015444015444,0.7722007722007722,0.7722007722007722,3.474903474903475
E00072800,214,200,9,6,3,1,0,1,4,93.45794392523365,4.205607476635514,2.803738317757009,1.4018691588785046,0.46728971962616817,0,0.46728971962616817,1.8691588785046727
E00072801,337,310,16,12,4,3,3,0,8,91.98813056379822,4.747774480712167,3.5608308605341246,1.1869436201780417,0.8902077151335311,0.8902077151335311,0,2.3738872403560833
E00072802,250,237,12,11,1,1,1,0,0,94.8,4.8,4.3999999999999995,0.4,0.4,0.4,0,0
E00072803,230,210,14,9,5,3,2,1,3,91.30434782608695,6.086956521739131,3.91304347826087,2.1739130434782608,1.3043478260869565,0.8695652173913043,0.43478260869565216,1.3043478260869565
E00072804,158,150,8,6,2,0,0,0,0,94.9367088607595,5.063291139240507,3.79746835443038,1.2658227848101267,0,0,0,0
E00072805,271,258,10,10,0,2,1,1,1,95.20295202952029,3.6900369003690034,3.6900369003690034,0,0.7380073800738007,0.36900369003690037,0.36900369003690037,0.36900369003690037
E00072806,182,175,5,4,1,1,0,1,1,96.15384615384616,2.7472527472527473,2.197802197802198,0.5494505494505495,0.5494505494505495,0,0.5494505494505495,0.5494505494505495
E00072807,188,177,8,7,1,0,0,0,3,94.14893617021278,4.25531914893617,3.723404255319149,0.5319148936170213,0,0,0,1.5957446808510638
E00072808,146,136,7,6,1,1,0,1,2,93.15068493150685,4.794520547945205,4.10958904109589,0.684931506849315,0.684931506849315,0,0.684931506849315,1.36986301369863
E00072809,226,214,9,5,4,0,0,0,3,94.69026548672566,3.982300884955752,2.2123893805309733,1.7699115044247788,0,0,0,1.3274336283185841
E00072810,244,229,6,6,0,5,4,1,4,93.85245901639344,2.459016393442623,2.459016393442623,0,2.0491803278688523,1.639344262295082,0.4098360655737705,1.639344262295082
E00072811,192,179,11,8,3,1,1,0,1,93.22916666666666,5.729166666666666,4.166666666666666,1.5625,0.5208333333333333,0.5208333333333333,0,0.5208333333333333
E00072812,202,184,14,13,1,3,1,2,1,91.0891089108911,6.9306930693069315,6.435643564356436,0.49504950495049505,1.4851485148514851,0.49504950495049505,0.9900990099009901,0.49504950495049505
E00072813,317,293,11,7,4,3,1,2,10,92.42902208201893,3.4700315457413247,2.2082018927444795,1.2618296529968454,0.9463722397476341,0.31545741324921134,0.6309148264984227,3.1545741324921135
E00072814,321,294,23,19,4,1,1,0,3,91.58878504672897,7.165109034267912,5.919003115264798,1.2461059190031152,0.3115264797507788,0.3115264797507788,0,0.9345794392523363
E00072815,274,257,10,10,0,4,3,1,3,93.7956204379562,3.64963503649635,3.64963503649635,0,1.4598540145985401,1.094890510948905,0.36496350364963503,1.094890510948905
E00072816,302,277,15,10,5,4,4,0,6,91.72185430463577,4.966887417218543,3.3112582781456954,1.6556291390728477,1.3245033112582782,1.3245033112582782,0,1.9867549668874174
E00072817,275,261,6,5,1,4,3,1,4,94.9090909090909,2.181818181818182,1.8181818181818181,0.36363636363636365,1.4545454545454546,1.090909090909091,0.36363636363636365,1.4545454545454546
E00072818,296,283,9,5,4,3,2,1,1,95.6081081081081,3.040540540540541,1.6891891891891893,1.3513513513513513,1.0135135135135136,0.6756756756756757,0.33783783783783783,0.33783783783783783
E00072819,302,282,14,12,2,3,3,0,3,93.37748344370861,4.635761589403973,3.9735099337748347,0.6622516556291391,0.9933774834437087,0.9933774834437087,0,0.9933774834437087
E00072820,293,266,22,17,5,4,2,2,1,90.78498293515358,7.508532423208192,5.802047781569966,1.7064846416382253,1.3651877133105803,0.6825938566552902,0.6825938566552902,0.3412969283276451
E00072821,279,260,11,10,1,5,1,4,3,93.1899641577061,3.942652329749104,3.584229390681003,0.35842293906810035,1.7921146953405016,0.35842293906810035,1.4336917562724014,1.0752688172043012
E00072822,286,263,15,12,3,6,2,4,2,91.95804195804196,5.244755244755245,4.195804195804196,1.048951048951049,2.097902097902098,0.6993006993006993,1.3986013986013985,0.6993006993006993
E00072823,214,198,6,4,2,5,2,3,5,92.5233644859813,2.803738317757009,1.8691588785046727,0.9345794392523363,2.336448598130841,0.9345794392523363,1.4018691588785046,2.336448598130841
E00072824,378,350,16,12,4,3,2,1,9,92.5925925925926,4.232804232804233,3.1746031746031744,1.0582010582010581,0.7936507936507936,0.5291005291005291,0.26455026455026454,2.380952380952381
E00072825,281,253,12,9,3,2,0,2,14,90.0355871886121,4.270462633451958,3.202846975088968,1.0676156583629894,0.7117437722419928,0,0.7117437722419928,4.98220640569395
E00072826,538,500,25,22,3,2,1,1,11,92.93680297397769,4.646840148698884,4.089219330855019,0.5576208178438662,0.37174721189591076,0.18587360594795538,0.18587360594795538,2.0446096654275094
E00072827,336,319,14,12,2,1,0,1,2,94.94047619047619,4.166666666666666,3.571428571428571,0.5952380952380952,0.2976190476190476,0,0.2976190476190476,0.5952380952380952
E00072828,331,318,11,5,6,1,1,0,1,96.07250755287009,3.3232628398791544,1.5105740181268883,1.812688821752266,0.3021148036253776,0.3021148036253776,0,0.3021148036253776
E00072829,315,283,21,13,8,4,4,0,7,89.84126984126985,6.666666666666667,4.1269841269841265,2.5396825396825395,1.2698412698412698,1.2698412698412698,0,2.2222222222222223
E00072830,337,306,19,13,6,4,2,2,8,90.80118694362018,5.637982195845697,3.857566765578635,1.7804154302670623,1.1869436201780417,0.5934718100890208,0.5934718100890208,2.3738872403560833
E00072831,319,285,21,15,6,7,4,3,6,89.34169278996865,6.583072100313479,4.702194357366771,1.8808777429467085,2.19435736677116,1.2539184952978055,0.9404388714733543,1.8808777429467085
E00072832,340,304,16,9,7,9,5,4,11,89.41176470588236,4.705882352941177,2.6470588235294117,2.0588235294117645,2.6470588235294117,1.4705882352941175,1.1764705882352942,3.2352941176470593
E00072833,435,411,16,14,2,1,0,1,7,94.48275862068965,3.67816091954023,3.218390804597701,0.45977011494252873,0.22988505747126436,0,0.22988505747126436,1.6091954022988506
E00072834,341,310,18,12,6,4,4,0,9,90.9090909090909,5.278592375366569,3.519061583577713,1.7595307917888565,1.1730205278592376,1.1730205278592376,0,2.6392961876832843
E00072835,279,255,15,10,5,4,4,0,5,91.39784946236558,5.376344086021505,3.584229390681003,1.7921146953405016,1.4336917562724014,1.4336917562724014,0,1.7921146953405016
E00072836,277,246,20,18,2,4,3,1,7,88.8086642599278,7.2202166064981945,6.4981949458483745,0.7220216606498195,1.444043321299639,1.083032490974729,0.36101083032490977,2.527075812274368
E00072837,511,449,36,28,8,9,3,6,17,87.866927592955,7.045009784735812,5.47945205479452,1.5655577299412915,1.761252446183953,0.5870841487279843,1.1741682974559686,3.326810176125244
E00072838,477,428,25,21,4,9,7,2,15,89.72746331236897,5.2410901467505235,4.40251572327044,0.8385744234800839,1.8867924528301887,1.4675052410901468,0.41928721174004197,3.1446540880503147
E00072839,345,315,21,18,3,2,2,0,7,91.30434782608695,6.086956521739131,5.217391304347826,0.8695652173913043,0.5797101449275363,0.5797101449275363,0,2.0289855072463765
E00072840,271,240,20,17,3,3,0,3,8,88.56088560885608,7.380073800738007,6.273062730627306,1.107011070110701,1.107011070110701,0,1.107011070110701,2.952029520295203
E00072841,349,322,18,17,1,3,3,0,6,92.26361031518626,5.157593123209169,4.871060171919771,0.28653295128939826,0.8595988538681949,0.8595988538681949,0,1.7191977077363898
E00072842,364,337,17,12,5,4,2,2,6,92.58241758241759,4.670329670329671,3.296703296703297,1.3736263736263736,1.098901098901099,0.5494505494505495,0.5494505494505495,1.6483516483516485
E00072844,312,280,17,12,5,3,2,1,12,89.74358974358975,5.448717948717949,3.8461538461538463,1.6025641025641024,0.9615384615384616,0.641025641025641,0.3205128205128205,3.8461538461538463
E00072845,274,256,6,4,2,8,1,7,4,93.43065693430657,2.18978102189781,1.4598540145985401,0.7299270072992701,2.9197080291970803,0.36496350364963503,2.5547445255474455,1.4598540145985401
E00072846,337,309,13,9,4,7,2,5,8,91.69139465875371,3.857566765578635,2.6706231454005933,1.1869436201780417,2.0771513353115725,0.5934718100890208,1.483679525222552,2.3738872403560833
E00072847,234,219,6,6,0,7,5,2,2,93.58974358974359,2.564102564102564,2.564102564102564,0,2.9914529914529915,2.1367521367521367,0.8547008547008548,0.8547008547008548
E00072848,266,241,17,13,4,2,2,0,6,90.6015037593985,6.390977443609022,4.887218045112782,1.5037593984962405,0.7518796992481203,0.7518796992481203,0,2.2556390977443606
E00072849,278,239,25,15,10,0,0,0,14,85.97122302158273,8.992805755395683,5.39568345323741,3.5971223021582732,0,0,0,5.0359712230215825
E00072850,283,248,15,11,4,12,4,8,8,87.63250883392226,5.30035335689046,3.8869257950530036,1.4134275618374559,4.240282685512367,1.4134275618374559,2.8268551236749118,2.8268551236749118
E00072851,272,244,16,12,4,4,3,1,8,89.70588235294117,5.88235294117647,4.411764705882353,1.4705882352941175,1.4705882352941175,1.1029411764705883,0.3676470588235294,2.941176470588235
E00072852,352,328,16,13,3,3,3,0,5,93.18181818181817,4.545454545454546,3.6931818181818183,0.8522727272727272,0.8522727272727272,0.8522727272727272,0,1.4204545454545454
E00072853,329,296,20,11,9,3,1,2,10,89.96960486322189,6.079027355623101,3.343465045592705,2.735562310030395,0.911854103343465,0.303951367781155,0.60790273556231,3.0395136778115504
E00072854,416,387,14,11,3,8,1,7,7,93.02884615384616,3.3653846153846154,2.644230769230769,0.7211538461538461,1.9230769230769231,0.2403846153846154,1.6826923076923077,1.6826923076923077
E00072855,228,196,12,8,4,7,1,6,13,85.96491228070175,5.263157894736842,3.508771929824561,1.7543859649122806,3.070175438596491,0.43859649122807015,2.631578947368421,5.701754385964912
E00072856,329,298,10,7,3,11,7,4,10,90.5775075987842,3.0395136778115504,2.127659574468085,0.911854103343465,3.343465045592705,2.127659574468085,1.21580547112462,3.0395136778115504
E00072857,561,509,30,20,10,6,2,4,16,90.73083778966132,5.347593582887701,3.5650623885918007,1.7825311942959003,1.06951871657754,0.35650623885918004,0.7130124777183601,2.8520499108734403
E00072858,262,230,17,13,4,5,4,1,10,87.78625954198473,6.488549618320611,4.961832061068702,1.5267175572519083,1.9083969465648856,1.5267175572519083,0.38167938931297707,3.816793893129771
E00072859,314,271,22,16,6,5,4,1,16,86.30573248407643,7.006369426751593,5.095541401273886,1.910828025477707,1.5923566878980893,1.2738853503184715,0.3184713375796179,5.095541401273886
E00072860,299,278,9,6,3,2,0,2,10,92.97658862876254,3.0100334448160537,2.0066889632107023,1.0033444816053512,0.6688963210702341,0,0.6688963210702341,3.3444816053511706
E00072861,459,427,19,15,4,5,2,3,8,93.02832244008714,4.139433551198257,3.2679738562091507,0.8714596949891068,1.0893246187363834,0.4357298474945534,0.6535947712418301,1.7429193899782136
E00072862,251,228,9,6,3,3,2,1,11,90.83665338645417,3.5856573705179287,2.3904382470119523,1.1952191235059761,1.1952191235059761,0.796812749003984,0.398406374501992,4.382470119521913
E00072864,220,196,14,12,2,5,3,2,5,89.0909090909091,6.363636363636363,5.454545454545454,0.9090909090909091,2.272727272727273,1.3636363636363635,0.9090909090909091,2.272727272727273
E00072865,378,336,15,6,9,15,4,11,12,88.88888888888889,3.968253968253968,1.5873015873015872,2.380952380952381,3.968253968253968,1.0582010582010581,2.91005291005291,3.1746031746031744
E00072866,320,290,15,13,2,6,0,6,9,90.625,4.6875,4.0625,0.625,1.875,0,1.875,2.8125
E00072867,376,336,19,14,5,7,6,1,14,89.36170212765957,5.053191489361701,3.723404255319149,1.3297872340425532,1.8617021276595744,1.5957446808510638,0.26595744680851063,3.723404255319149
E00072868,341,313,12,11,1,6,3,3,10,91.78885630498533,3.519061583577713,3.225806451612903,0.2932551319648094,1.7595307917888565,0.8797653958944283,0.8797653958944283,2.932551319648094
E00072869,279,257,9,7,2,2,2,0,11,92.1146953405018,3.225806451612903,2.5089605734767026,0.7168458781362007,0.7168458781362007,0.7168458781362007,0,3.942652329749104
E00072870,288,266,13,6,7,3,0,3,6,92.36111111111111,4.513888888888888,2.083333333333333,2.430555555555556,1.0416666666666665,0,1.0416666666666665,2.083333333333333
E00072871,329,301,12,9,3,6,4,2,10,91.48936170212765,3.64741641337386,2.735562310030395,0.911854103343465,1.82370820668693,1.21580547112462,0.60790273556231,3.0395136778115504
E00072872,268,236,24,21,3,4,2,2,4,88.05970149253731,8.955223880597014,7.835820895522389,1.1194029850746268,1.4925373134328357,0.7462686567164178,0.7462686567164178,1.4925373134328357
E00072873,247,222,16,12,4,2,2,0,7,89.87854251012146,6.477732793522267,4.8582995951417,1.6194331983805668,0.8097165991902834,0.8097165991902834,0,2.834008097165992
E00072874,237,209,5,5,0,12,3,9,11,88.18565400843882,2.109704641350211,2.109704641350211,0,5.063291139240507,1.2658227848101267,3.79746835443038,4.641350210970464
E00072875,265,246,13,10,3,4,3,1,2,92.83018867924528,4.905660377358491,3.7735849056603774,1.1320754716981132,1.509433962264151,1.1320754716981132,0.37735849056603776,0.7547169811320755
E00072876,219,203,10,7,3,5,2,3,1,92.69406392694064,4.5662100456621,3.1963470319634704,1.36986301369863,2.28310502283105,0.91324200913242,1.36986301369863,0.45662100456621
E00072877,283,267,9,8,1,4,3,1,3,94.34628975265018,3.180212014134275,2.8268551236749118,0.35335689045936397,1.4134275618374559,1.0600706713780919,0.35335689045936397,1.0600706713780919
E00072878,248,218,21,18,3,3,2,1,6,87.90322580645162,8.46774193548387,7.258064516129033,1.2096774193548387,1.2096774193548387,0.8064516129032258,0.4032258064516129,2.4193548387096775
E00072879,396,368,22,18,4,1,0,1,5,92.92929292929293,5.555555555555555,4.545454545454546,1.0101010101010102,0.25252525252525254,0,0.25252525252525254,1.2626262626262625
E00072880,340,316,21,20,1,2,1,1,1,92.94117647058823,6.176470588235294,5.88235294117647,0.29411764705882354,0.5882352941176471,0.29411764705882354,0.29411764705882354,0.29411764705882354
E00072881,343,319,17,14,3,3,1,2,4,93.00291545189503,4.956268221574344,4.081632653061225,0.8746355685131195,0.8746355685131195,0.2915451895043732,0.5830903790087464,1.1661807580174928
E00072882,298,284,6,6,0,3,2,1,5,95.30201342281879,2.013422818791946,2.013422818791946,0,1.006711409395973,0.6711409395973155,0.33557046979865773,1.6778523489932886
E00072883,270,248,14,11,3,1,1,0,7,91.85185185185185,5.185185185185185,4.074074074074074,1.1111111111111112,0.3703703703703704,0.3703703703703704,0,2.5925925925925926
E00072884,223,196,14,11,3,1,0,1,12,87.89237668161435,6.278026905829597,4.932735426008969,1.345291479820628,0.4484304932735426,0,0.4484304932735426,5.381165919282512
E00072885,359,335,14,12,2,5,2,3,5,93.31476323119777,3.8997214484679668,3.3426183844011144,0.5571030640668524,1.392757660167131,0.5571030640668524,0.8356545961002786,1.392757660167131
E00072886,301,277,12,10,2,8,3,5,4,92.02657807308971,3.9867109634551494,3.322259136212625,0.6644518272425249,2.6578073089700998,0.9966777408637874,1.6611295681063125,1.3289036544850499
E00072887,237,223,8,7,1,3,0,3,3,94.09282700421942,3.375527426160337,2.9535864978902953,0.42194092827004215,1.2658227848101267,0,1.2658227848101267,1.2658227848101267
E00072888,385,350,25,24,1,2,2,0,8,90.9090909090909,6.493506493506493,6.233766233766234,0.2597402597402597,0.5194805194805194,0.5194805194805194,0,2.0779220779220777
E00072889,254,242,7,4,3,2,1,1,3,95.2755905511811,2.7559055118110236,1.574803149606299,1.1811023622047243,0.7874015748031495,0.39370078740157477,0.39370078740157477,1.1811023622047243
E00072890,311,281,20,17,3,2,0,2,8,90.35369774919614,6.430868167202572,5.466237942122187,0.964630225080386,0.6430868167202572,0,0.6430868167202572,2.572347266881029
E00072891,303,269,14,11,3,5,3,2,15,88.77887788778878,4.62046204620462,3.6303630363036308,0.9900990099009901,1.65016501650165,0.9900990099009901,0.6600660066006601,4.9504950495049505
E00072892,288,259,16,13,3,5,1,4,8,89.93055555555556,5.555555555555555,4.513888888888888,1.0416666666666665,1.7361111111111112,0.3472222222222222,1.3888888888888888,2.7777777777777777
E00072894,251,210,21,17,4,8,5,3,12,83.66533864541833,8.366533864541832,6.772908366533864,1.593625498007968,3.187250996015936,1.9920318725099602,1.1952191235059761,4.780876494023905
E00072895,264,236,12,7,5,4,2,2,12,89.39393939393939,4.545454545454546,2.6515151515151514,1.893939393939394,1.5151515151515151,0.7575757575757576,0.7575757575757576,4.545454545454546
E00072896,320,292,22,15,7,3,2,1,3,91.25,6.875000000000001,4.6875,2.1875,0.9375,0.625,0.3125,0.9375
E00072897,356,321,15,7,8,11,4,7,9,90.1685393258427,4.213483146067416,1.9662921348314606,2.247191011235955,3.089887640449438,1.1235955056179776,1.9662921348314606,2.528089887640449
E00072898,379,348,20,15,5,4,3,1,7,91.82058047493403,5.277044854881266,3.95778364116095,1.3192612137203166,1.0554089709762533,0.79155672823219,0.2638522427440633,1.8469656992084433
E00072899,301,277,17,13,4,4,2,2,3,92.02657807308971,5.647840531561462,4.318936877076411,1.3289036544850499,1.3289036544850499,0.6644518272425249,0.6644518272425249,0.9966777408637874
E00072900,313,282,16,13,3,7,1,6,8,90.09584664536742,5.111821086261981,4.15335463258786,0.9584664536741214,2.2364217252396164,0.3194888178913738,1.9169329073482428,2.5559105431309903
E00072901,339,287,25,13,12,8,4,4,19,84.66076696165192,7.374631268436578,3.8348082595870205,3.5398230088495577,2.359882005899705,1.1799410029498525,1.1799410029498525,5.604719764011799
E00072902,259,237,14,12,2,4,2,2,4,91.5057915057915,5.405405405405405,4.633204633204633,0.7722007722007722,1.5444015444015444,0.7722007722007722,0.7722007722007722,1.5444015444015444
E00072903,285,255,26,14,12,3,2,1,1,89.47368421052632,9.12280701754386,4.912280701754386,4.2105263157894735,1.0526315789473684,0.7017543859649122,0.3508771929824561,0.3508771929824561
E00072904,269,238,17,15,2,9,8,1,5,88.47583643122677,6.319702602230483,5.5762081784386615,0.7434944237918215,3.3457249070631967,2.973977695167286,0.37174721189591076,1.858736059479554
E00072905,329,300,17,16,1,2,1,1,10,91.1854103343465,5.167173252279635,4.86322188449848,0.303951367781155,0.60790273556231,0.303951367781155,0.303951367781155,3.0395136778115504
E00072906,310,270,21,14,7,6,3,3,13,87.09677419354838,6.774193548387098,4.516129032258064,2.258064516129032,1.935483870967742,0.967741935483871,0.967741935483871,4.193548387096775
E00072907,308,290,11,8,3,1,0,1,6,94.15584415584416,3.571428571428571,2.5974025974025974,0.974025974025974,0.3246753246753247,0,0.3246753246753247,1.948051948051948
E00072908,323,301,15,12,3,2,2,0,5,93.18885448916409,4.643962848297214,3.7151702786377707,0.9287925696594427,0.6191950464396285,0.6191950464396285,0,1.5479876160990713
E00072909,268,235,22,16,6,4,2,2,7,87.68656716417911,8.208955223880597,5.970149253731343,2.2388059701492535,1.4925373134328357,0.7462686567164178,0.7462686567164178,2.6119402985074625
E00072910,415,406,5,2,3,2,1,1,2,97.83132530120481,1.2048192771084338,0.48192771084337355,0.7228915662650602,0.48192771084337355,0.24096385542168677,0.24096385542168677,0.48192771084337355
E00072911,400,379,15,9,6,3,1,2,3,94.75,3.75,2.25,1.5,0.75,0.25,0.5,0.75
E00072912,392,375,8,5,3,2,1,1,7,95.66326530612244,2.0408163265306123,1.2755102040816326,0.7653061224489796,0.5102040816326531,0.25510204081632654,0.25510204081632654,1.7857142857142856
E00072913,457,436,14,12,2,4,4,0,3,95.40481400437638,3.063457330415755,2.62582056892779,0.437636761487965,0.87527352297593,0.87527352297593,0,0.6564551422319475
E00072914,309,301,3,3,0,4,1,3,1,97.41100323624595,0.9708737864077669,0.9708737864077669,0,1.2944983818770228,0.3236245954692557,0.9708737864077669,0.3236245954692557
E00072915,377,363,11,11,0,0,0,0,3,96.28647214854111,2.9177718832891246,2.9177718832891246,0,0,0,0,0.7957559681697612
E00072916,360,334,20,14,6,1,1,0,5,92.77777777777779,5.555555555555555,3.888888888888889,1.6666666666666667,0.2777777777777778,0.2777777777777778,0,1.3888888888888888
E00072917,264,241,11,8,3,1,1,0,11,91.28787878787878,4.166666666666666,3.0303030303030303,1.1363636363636365,0.3787878787878788,0.3787878787878788,0,4.166666666666666
E00072918,217,201,8,8,0,3,1,2,5,92.62672811059907,3.686635944700461,3.686635944700461,0,1.3824884792626728,0.4608294930875576,0.9216589861751152,2.3041474654377883
E00072919,265,234,16,14,2,7,3,4,8,88.30188679245283,6.037735849056604,5.283018867924529,0.7547169811320755,2.6415094339622645,1.1320754716981132,1.509433962264151,3.018867924528302
E00072920,281,244,14,7,7,8,2,6,15,86.83274021352312,4.98220640569395,2.491103202846975,2.491103202846975,2.8469750889679712,0.7117437722419928,2.135231316725979,5.338078291814947
E00072921,223,201,11,6,5,6,2,4,5,90.13452914798206,4.932735426008969,2.690582959641256,2.242152466367713,2.690582959641256,0.8968609865470852,1.7937219730941705,2.242152466367713
E00072922,354,315,21,18,3,5,1,4,13,88.98305084745762,5.932203389830509,5.084745762711865,0.847457627118644,1.4124293785310735,0.2824858757062147,1.1299435028248588,3.672316384180791
E00072923,265,240,10,7,3,4,3,1,11,90.56603773584906,3.7735849056603774,2.6415094339622645,1.1320754716981132,1.509433962264151,1.1320754716981132,0.37735849056603776,4.150943396226415
E00072924,267,242,13,10,3,3,2,1,9,90.63670411985018,4.868913857677903,3.7453183520599254,1.1235955056179776,1.1235955056179776,0.7490636704119851,0.37453183520599254,3.3707865168539324
E00072925,298,272,17,14,3,2,1,1,7,91.2751677852349,5.704697986577181,4.697986577181208,1.006711409395973,0.6711409395973155,0.33557046979865773,0.33557046979865773,2.348993288590604
E00072926,422,399,16,11,5,4,2,2,3,94.54976303317537,3.7914691943127963,2.6066350710900474,1.1848341232227488,0.9478672985781991,0.47393364928909953,0.47393364928909953,0.7109004739336493
E00072927,507,457,36,31,5,5,3,2,9,90.13806706114399,7.100591715976331,6.11439842209073,0.9861932938856016,0.9861932938856016,0.591715976331361,0.39447731755424065,1.7751479289940828
E00072930,306,273,17,13,4,9,2,7,7,89.2156862745098,5.555555555555555,4.248366013071895,1.3071895424836601,2.941176470588235,0.6535947712418301,2.287581699346405,2.287581699346405
E00072931,355,326,18,10,8,6,4,2,5,91.83098591549296,5.070422535211268,2.8169014084507045,2.2535211267605635,1.6901408450704223,1.1267605633802817,0.5633802816901409,1.4084507042253522
E00072932,296,263,12,6,6,8,5,3,13,88.85135135135135,4.054054054054054,2.027027027027027,2.027027027027027,2.7027027027027026,1.6891891891891893,1.0135135135135136,4.391891891891892
E00072933,217,189,19,16,3,4,3,1,5,87.09677419354838,8.755760368663594,7.373271889400922,1.3824884792626728,1.8433179723502304,1.3824884792626728,0.4608294930875576,2.3041474654377883
E00072934,306,288,8,5,3,2,1,1,8,94.11764705882352,2.6143790849673203,1.6339869281045754,0.9803921568627451,0.6535947712418301,0.32679738562091504,0.32679738562091504,2.6143790849673203
E00072935,273,248,12,7,5,5,3,2,8,90.84249084249085,4.395604395604396,2.564102564102564,1.8315018315018317,1.8315018315018317,1.098901098901099,0.7326007326007326,2.93040293040293
E00072936,271,238,13,8,5,7,3,4,13,87.82287822878229,4.797047970479705,2.952029520295203,1.8450184501845017,2.5830258302583027,1.107011070110701,1.4760147601476015,4.797047970479705
E00072937,392,362,10,8,2,8,3,5,12,92.3469387755102,2.5510204081632653,2.0408163265306123,0.5102040816326531,2.0408163265306123,0.7653061224489796,1.2755102040816326,3.061224489795918
E00072938,250,227,16,10,6,1,1,0,6,90.8,6.4,4,2.4,0.4,0.4,0,2.4
E00072940,288,265,12,10,2,5,3,2,6,92.01388888888889,4.166666666666666,3.4722222222222223,0.6944444444444444,1.7361111111111112,1.0416666666666665,0.6944444444444444,2.083333333333333
E00072941,275,247,16,14,2,3,2,1,9,89.81818181818181,5.818181818181818,5.090909090909091,0.7272727272727273,1.090909090909091,0.7272727272727273,0.36363636363636365,3.272727272727273
E00072942,248,226,11,6,5,8,5,3,3,91.12903225806451,4.435483870967742,2.4193548387096775,2.0161290322580645,3.225806451612903,2.0161290322580645,1.2096774193548387,1.2096774193548387
E00072943,499,449,34,24,10,7,4,3,9,89.97995991983969,6.813627254509018,4.809619238476954,2.004008016032064,1.402805611222445,0.8016032064128256,0.6012024048096193,1.8036072144288577
E00072944,355,321,10,5,5,10,6,4,14,90.4225352112676,2.8169014084507045,1.4084507042253522,1.4084507042253522,2.8169014084507045,1.6901408450704223,1.1267605633802817,3.943661971830986
E00072945,258,236,7,7,0,11,2,9,4,91.47286821705426,2.7131782945736433,2.7131782945736433,0,4.263565891472868,0.7751937984496124,3.488372093023256,1.550387596899225
E00072946,257,239,11,6,5,1,0,1,6,92.99610894941634,4.280155642023346,2.3346303501945527,1.9455252918287937,0.38910505836575876,0,0.38910505836575876,2.3346303501945527
E00072947,232,203,12,6,6,4,4,0,13,87.5,5.172413793103448,2.586206896551724,2.586206896551724,1.7241379310344827,1.7241379310344827,0,5.603448275862069
E00072948,522,471,31,24,7,8,4,4,12,90.22988505747126,5.938697318007663,4.597701149425287,1.3409961685823755,1.532567049808429,0.7662835249042145,0.7662835249042145,2.2988505747126435
E00072949,274,254,12,6,6,2,1,1,6,92.7007299270073,4.37956204379562,2.18978102189781,2.18978102189781,0.7299270072992701,0.36496350364963503,0.36496350364963503,2.18978102189781
E00072950,344,312,16,13,3,5,3,2,11,90.69767441860465,4.651162790697675,3.77906976744186,0.872093023255814,1.4534883720930232,0.872093023255814,0.5813953488372093,3.1976744186046515
E00072951,424,389,18,13,5,6,3,3,11,91.74528301886792,4.245283018867925,3.0660377358490565,1.179245283018868,1.4150943396226416,0.7075471698113208,0.7075471698113208,2.5943396226415096
E00072952,363,337,8,7,1,7,3,4,11,92.8374655647383,2.203856749311295,1.9283746556473829,0.27548209366391185,1.9283746556473829,0.8264462809917356,1.1019283746556474,3.0303030303030303
E00072953,203,183,13,10,3,1,0,1,6,90.14778325123153,6.403940886699508,4.926108374384237,1.477832512315271,0.49261083743842365,0,0.49261083743842365,2.955665024630542
E00072954,244,222,8,3,5,3,2,1,11,90.98360655737704,3.278688524590164,1.2295081967213115,2.0491803278688523,1.2295081967213115,0.819672131147541,0.4098360655737705,4.508196721311475
E00072955,162,144,12,11,1,1,1,0,5,88.88888888888889,7.4074074074074066,6.790123456790123,0.6172839506172839,0.6172839506172839,0.6172839506172839,0,3.0864197530864197
E00072956,315,284,17,15,2,5,4,1,9,90.15873015873017,5.396825396825397,4.761904761904762,0.6349206349206349,1.5873015873015872,1.2698412698412698,0.31746031746031744,2.857142857142857
E00072957,294,265,16,14,2,4,2,2,9,90.1360544217687,5.442176870748299,4.761904761904762,0.6802721088435374,1.3605442176870748,0.6802721088435374,0.6802721088435374,3.061224489795918
E00072958,294,266,15,12,3,5,4,1,8,90.47619047619048,5.1020408163265305,4.081632653061225,1.0204081632653061,1.7006802721088436,1.3605442176870748,0.3401360544217687,2.7210884353741496
E00072959,210,190,6,5,1,6,3,3,8,90.47619047619048,2.857142857142857,2.380952380952381,0.4761904761904762,2.857142857142857,1.4285714285714286,1.4285714285714286,3.8095238095238098
E00072960,270,245,13,7,6,5,3,2,7,90.74074074074075,4.814814814814815,2.5925925925925926,2.2222222222222223,1.8518518518518516,1.1111111111111112,0.7407407407407408,2.5925925925925926
E00072961,276,258,13,7,6,0,0,0,5,93.47826086956522,4.710144927536232,2.536231884057971,2.1739130434782608,0,0,0,1.8115942028985508
E00072962,301,281,10,6,4,3,1,2,7,93.35548172757476,3.322259136212625,1.9933554817275747,1.3289036544850499,0.9966777408637874,0.33222591362126247,0.6644518272425249,2.3255813953488373
E00072963,255,227,12,7,5,3,2,1,13,89.01960784313725,4.705882352941177,2.7450980392156863,1.9607843137254901,1.1764705882352942,0.7843137254901961,0.39215686274509803,5.098039215686274
E00072964,262,237,15,8,7,6,2,4,4,90.45801526717557,5.7251908396946565,3.0534351145038165,2.6717557251908395,2.2900763358778624,0.7633587786259541,1.5267175572519083,1.5267175572519083
E00072965,297,261,23,16,7,3,3,0,10,87.87878787878788,7.744107744107744,5.387205387205387,2.356902356902357,1.0101010101010102,1.0101010101010102,0,3.3670033670033668
E00072966,337,311,13,8,5,1,1,0,12,92.28486646884274,3.857566765578635,2.3738872403560833,1.483679525222552,0.2967359050445104,0.2967359050445104,0,3.5608308605341246
E00072967,304,265,27,20,7,4,2,2,8,87.17105263157895,8.881578947368421,6.578947368421052,2.302631578947368,1.3157894736842104,0.6578947368421052,0.6578947368421052,2.631578947368421
E00072968,356,326,12,8,4,4,1,3,14,91.57303370786516,3.3707865168539324,2.247191011235955,1.1235955056179776,1.1235955056179776,0.2808988764044944,0.8426966292134831,3.932584269662921
E00072970,356,321,17,14,3,9,6,3,9,90.1685393258427,4.775280898876404,3.932584269662921,0.8426966292134831,2.528089887640449,1.6853932584269662,0.8426966292134831,2.528089887640449
E00072971,284,240,22,12,10,9,6,3,13,84.50704225352112,7.746478873239436,4.225352112676056,3.5211267605633805,3.169014084507042,2.112676056338028,1.056338028169014,4.577464788732395
E00072972,184,161,9,7,2,4,2,2,10,87.5,4.891304347826087,3.804347826086957,1.0869565217391304,2.1739130434782608,1.0869565217391304,1.0869565217391304,5.434782608695652
E00072973,328,294,22,14,8,3,0,3,9,89.63414634146342,6.707317073170732,4.2682926829268295,2.4390243902439024,0.9146341463414633,0,0.9146341463414633,2.7439024390243905
E00072974,356,314,24,15,9,4,3,1,14,88.20224719101124,6.741573033707865,4.213483146067416,2.528089887640449,1.1235955056179776,0.8426966292134831,0.2808988764044944,3.932584269662921
E00072975,349,312,20,15,5,7,5,2,10,89.39828080229226,5.730659025787966,4.297994269340974,1.4326647564469914,2.005730659025788,1.4326647564469914,0.5730659025787965,2.865329512893983
E00072976,292,267,11,6,5,7,3,4,7,91.43835616438356,3.767123287671233,2.054794520547945,1.7123287671232876,2.3972602739726026,1.0273972602739725,1.36986301369863,2.3972602739726026
E00072977,307,281,14,9,5,6,3,3,6,91.53094462540716,4.5602605863192185,2.9315960912052117,1.6286644951140066,1.9543973941368076,0.9771986970684038,0.9771986970684038,1.9543973941368076
E00072978,400,365,28,17,11,2,1,1,5,91.25,7.000000000000001,4.25,2.75,0.5,0.25,0.25,1.25
E00072980,273,250,9,4,5,10,5,5,4,91.57509157509158,3.296703296703297,1.465201465201465,1.8315018315018317,3.6630036630036633,1.8315018315018317,1.8315018315018317,1.465201465201465
E00072981,259,240,7,4,3,6,1,5,6,92.66409266409266,2.7027027027027026,1.5444015444015444,1.1583011583011582,2.3166023166023164,0.3861003861003861,1.9305019305019304,2.3166023166023164
E00072982,447,402,22,12,10,9,6,3,14,89.93288590604027,4.921700223713646,2.684563758389262,2.237136465324385,2.013422818791946,1.342281879194631,0.6711409395973155,3.131991051454139
E00072983,296,260,16,11,5,7,2,5,13,87.83783783783784,5.405405405405405,3.7162162162162162,1.6891891891891893,2.364864864864865,0.6756756756756757,1.6891891891891893,4.391891891891892
E00072984,345,309,12,5,7,9,5,4,15,89.56521739130436,3.4782608695652173,1.4492753623188406,2.0289855072463765,2.608695652173913,1.4492753623188406,1.1594202898550725,4.3478260869565215
E00072985,391,357,21,18,3,6,3,3,7,91.30434782608695,5.3708439897698215,4.603580562659847,0.7672634271099744,1.5345268542199488,0.7672634271099744,0.7672634271099744,1.7902813299232736
E00072986,388,362,15,9,6,4,3,1,7,93.29896907216495,3.865979381443299,2.3195876288659796,1.5463917525773196,1.0309278350515463,0.7731958762886598,0.25773195876288657,1.804123711340206
E00072987,298,259,23,16,7,8,3,5,8,86.91275167785236,7.718120805369128,5.369127516778524,2.348993288590604,2.684563758389262,1.006711409395973,1.6778523489932886,2.684563758389262
E00072988,291,270,12,11,1,4,3,1,5,92.78350515463917,4.123711340206185,3.7800687285223367,0.3436426116838488,1.3745704467353952,1.0309278350515463,0.3436426116838488,1.718213058419244
E00072989,333,304,19,18,1,4,1,3,6,91.29129129129129,5.7057057057057055,5.405405405405405,0.3003003003003003,1.2012012012012012,0.3003003003003003,0.9009009009009009,1.8018018018018018
E00072990,340,326,10,7,3,1,1,0,3,95.88235294117648,2.941176470588235,2.0588235294117645,0.8823529411764706,0.29411764705882354,0.29411764705882354,0,0.8823529411764706
E00072991,296,258,20,16,4,4,2,2,14,87.16216216216216,6.756756756756757,5.405405405405405,1.3513513513513513,1.3513513513513513,0.6756756756756757,0.6756756756756757,4.72972972972973
E00072992,331,296,25,20,5,6,5,1,4,89.42598187311178,7.552870090634441,6.042296072507553,1.5105740181268883,1.812688821752266,1.5105740181268883,0.3021148036253776,1.2084592145015105
E00072993,337,306,24,14,10,3,0,3,4,90.80118694362018,7.121661721068249,4.154302670623145,2.967359050445104,0.8902077151335311,0,0.8902077151335311,1.1869436201780417
E00072994,231,207,10,4,6,9,5,4,5,89.6103896103896,4.329004329004329,1.7316017316017316,2.5974025974025974,3.896103896103896,2.1645021645021645,1.7316017316017316,2.1645021645021645
E00072995,223,203,10,5,5,4,0,4,6,91.03139013452915,4.484304932735426,2.242152466367713,2.242152466367713,1.7937219730941705,0,1.7937219730941705,2.690582959641256
E00072996,293,271,6,4,2,4,1,3,12,92.4914675767918,2.04778156996587,1.3651877133105803,0.6825938566552902,1.3651877133105803,0.3412969283276451,1.023890784982935,4.09556313993174
E00072997,341,309,19,14,5,5,4,1,8,90.6158357771261,5.571847507331378,4.105571847507331,1.466275659824047,1.466275659824047,1.1730205278592376,0.2932551319648094,2.346041055718475
E00072998,344,315,25,21,4,3,1,2,1,91.56976744186046,7.267441860465117,6.104651162790697,1.1627906976744187,0.872093023255814,0.29069767441860467,0.5813953488372093,0.29069767441860467
E00072999,316,299,8,5,3,1,0,1,8,94.62025316455697,2.5316455696202533,1.5822784810126582,0.949367088607595,0.31645569620253167,0,0.31645569620253167,2.5316455696202533
E00073000,318,284,26,21,5,4,2,2,4,89.30817610062893,8.176100628930817,6.60377358490566,1.5723270440251573,1.257861635220126,0.628930817610063,0.628930817610063,1.257861635220126
E00073001,299,265,21,12,9,3,1,2,10,88.62876254180601,7.023411371237458,4.013377926421405,3.0100334448160537,1.0033444816053512,0.33444816053511706,0.6688963210702341,3.3444816053511706
E00073002,294,263,16,8,8,5,2,3,10,89.45578231292517,5.442176870748299,2.7210884353741496,2.7210884353741496,1.7006802721088436,0.6802721088435374,1.0204081632653061,3.4013605442176873
E00073003,257,215,14,13,1,16,7,9,12,83.65758754863813,5.447470817120623,5.058365758754864,0.38910505836575876,6.22568093385214,2.7237354085603114,3.501945525291829,4.669260700389105
E00073004,285,260,17,15,2,4,4,0,4,91.22807017543859,5.964912280701754,5.263157894736842,0.7017543859649122,1.4035087719298245,1.4035087719298245,0,1.4035087719298245
E00073005,347,303,11,8,3,10,5,5,23,87.31988472622479,3.170028818443804,2.3054755043227666,0.8645533141210375,2.881844380403458,1.440922190201729,1.440922190201729,6.628242074927954
E00073006,273,244,14,11,3,7,4,3,8,89.37728937728939,5.128205128205128,4.029304029304029,1.098901098901099,2.564102564102564,1.465201465201465,1.098901098901099,2.93040293040293
E00073007,245,225,10,9,1,0,0,0,10,91.83673469387756,4.081632653061225,3.6734693877551026,0.40816326530612246,0,0,0,4.081632653061225
E00073008,254,238,13,11,2,0,0,0,3,93.7007874015748,5.118110236220472,4.330708661417323,0.7874015748031495,0,0,0,1.1811023622047243
E00073009,258,240,7,4,3,3,0,3,8,93.02325581395348,2.7131782945736433,1.550387596899225,1.1627906976744187,1.1627906976744187,0,1.1627906976744187,3.10077519379845
E00073010,246,223,12,8,4,5,3,2,6,90.65040650406505,4.878048780487805,3.2520325203252036,1.6260162601626018,2.0325203252032518,1.2195121951219512,0.8130081300813009,2.4390243902439024
E00073011,283,253,17,14,3,4,1,3,9,89.39929328621908,6.007067137809187,4.946996466431095,1.0600706713780919,1.4134275618374559,0.35335689045936397,1.0600706713780919,3.180212014134275
E00073012,295,266,14,11,3,7,3,4,8,90.16949152542372,4.745762711864407,3.728813559322034,1.0169491525423728,2.3728813559322033,1.0169491525423728,1.3559322033898304,2.711864406779661
E00073013,303,279,18,15,3,2,1,1,4,92.07920792079209,5.9405940594059405,4.9504950495049505,0.9900990099009901,0.6600660066006601,0.33003300330033003,0.33003300330033003,1.3201320132013201
E00073014,310,279,21,15,6,5,1,4,5,90,6.774193548387098,4.838709677419355,1.935483870967742,1.6129032258064515,0.3225806451612903,1.2903225806451613,1.6129032258064515
E00073015,289,266,11,10,1,7,4,3,5,92.04152249134948,3.8062283737024223,3.4602076124567476,0.34602076124567477,2.422145328719723,1.384083044982699,1.0380622837370241,1.7301038062283738
E00073016,233,218,10,9,1,5,3,2,0,93.56223175965665,4.291845493562231,3.862660944206009,0.4291845493562232,2.1459227467811157,1.2875536480686696,0.8583690987124464,0
E00073017,281,251,10,5,5,12,6,6,8,89.32384341637011,3.558718861209965,1.7793594306049825,1.7793594306049825,4.270462633451958,2.135231316725979,2.135231316725979,2.8469750889679712
E00073018,404,367,12,9,3,17,10,7,8,90.84158415841584,2.9702970297029703,2.2277227722772275,0.7425742574257426,4.207920792079208,2.4752475247524752,1.7326732673267329,1.9801980198019802
E00073019,196,176,13,8,5,5,3,2,2,89.79591836734694,6.63265306122449,4.081632653061225,2.5510204081632653,2.5510204081632653,1.530612244897959,1.0204081632653061,1.0204081632653061
E00073020,205,182,14,12,2,2,1,1,7,88.78048780487805,6.829268292682928,5.853658536585367,0.975609756097561,0.975609756097561,0.4878048780487805,0.4878048780487805,3.414634146341464
E00073021,236,213,11,9,2,4,3,1,8,90.2542372881356,4.661016949152542,3.8135593220338984,0.847457627118644,1.694915254237288,1.2711864406779663,0.423728813559322,3.389830508474576
E00073022,124,112,5,4,1,3,1,2,4,90.32258064516128,4.032258064516129,3.225806451612903,0.8064516129032258,2.4193548387096775,0.8064516129032258,1.6129032258064515,3.225806451612903
E00073023,273,250,16,11,5,3,3,0,4,91.57509157509158,5.86080586080586,4.029304029304029,1.8315018315018317,1.098901098901099,1.098901098901099,0,1.465201465201465
E00073024,185,162,10,6,4,3,1,2,10,87.56756756756758,5.405405405405405,3.2432432432432434,2.1621621621621623,1.6216216216216217,0.5405405405405406,1.0810810810810811,5.405405405405405
E00073025,376,343,17,13,4,6,0,6,10,91.22340425531915,4.521276595744681,3.4574468085106385,1.0638297872340425,1.5957446808510638,0,1.5957446808510638,2.6595744680851063
E00073026,251,226,14,11,3,0,0,0,11,90.0398406374502,5.577689243027888,4.382470119521913,1.1952191235059761,0,0,0,4.382470119521913
E00073027,309,276,19,15,4,5,3,2,9,89.32038834951457,6.148867313915858,4.854368932038835,1.2944983818770228,1.6181229773462782,0.9708737864077669,0.6472491909385114,2.912621359223301
E00073028,320,290,16,12,4,9,2,7,5,90.625,5,3.75,1.25,2.8125,0.625,2.1875,1.5625
E00073029,242,209,21,14,7,4,0,4,8,86.36363636363636,8.677685950413224,5.785123966942149,2.8925619834710745,1.6528925619834711,0,1.6528925619834711,3.3057851239669422
E00073030,291,265,8,5,3,6,1,5,12,91.06529209621993,2.7491408934707904,1.718213058419244,1.0309278350515463,2.0618556701030926,0.3436426116838488,1.718213058419244,4.123711340206185
E00073031,276,245,10,9,1,11,3,8,10,88.76811594202898,3.6231884057971016,3.260869565217391,0.36231884057971014,3.985507246376811,1.0869565217391304,2.898550724637681,3.6231884057971016
E00073032,299,283,5,4,1,3,2,1,8,94.64882943143813,1.6722408026755853,1.3377926421404682,0.33444816053511706,1.0033444816053512,0.6688963210702341,0.33444816053511706,2.6755852842809364
E00073033,244,220,7,2,5,10,1,9,7,90.1639344262295,2.8688524590163933,0.819672131147541,2.0491803278688523,4.098360655737705,0.4098360655737705,3.6885245901639343,2.8688524590163933
E00073034,344,318,6,4,2,5,3,2,15,92.44186046511628,1.744186046511628,1.1627906976744187,0.5813953488372093,1.4534883720930232,0.872093023255814,0.5813953488372093,4.3604651162790695
E00073035,256,238,9,5,4,1,0,1,8,92.96875,3.515625,1.953125,1.5625,0.390625,0,0.390625,3.125
E00073036,328,290,18,9,9,13,4,9,7,88.41463414634147,5.487804878048781,2.7439024390243905,2.7439024390243905,3.9634146341463414,1.2195121951219512,2.7439024390243905,2.1341463414634148
E00073037,254,234,6,4,2,8,3,5,6,92.1259842519685,2.3622047244094486,1.574803149606299,0.7874015748031495,3.149606299212598,1.1811023622047243,1.968503937007874,2.3622047244094486
E00073038,317,284,12,9,3,7,2,5,14,89.58990536277602,3.7854889589905363,2.8391167192429023,0.9463722397476341,2.2082018927444795,0.6309148264984227,1.5772870662460567,4.416403785488959
E00073039,246,224,10,6,4,7,2,5,5,91.05691056910568,4.0650406504065035,2.4390243902439024,1.6260162601626018,2.8455284552845526,0.8130081300813009,2.0325203252032518,2.0325203252032518
E00073040,285,254,12,7,5,5,2,3,14,89.12280701754386,4.2105263157894735,2.456140350877193,1.7543859649122806,1.7543859649122806,0.7017543859649122,1.0526315789473684,4.912280701754386
E00073041,270,251,9,5,4,3,3,0,7,92.96296296296296,3.3333333333333335,1.8518518518518516,1.4814814814814816,1.1111111111111112,1.1111111111111112,0,2.5925925925925926
E00073042,254,238,9,9,0,2,2,0,5,93.7007874015748,3.543307086614173,3.543307086614173,0,0.7874015748031495,0.7874015748031495,0,1.968503937007874
E00073043,342,315,12,6,6,3,0,3,12,92.10526315789474,3.508771929824561,1.7543859649122806,1.7543859649122806,0.8771929824561403,0,0.8771929824561403,3.508771929824561
E00073044,209,195,3,2,1,4,3,1,7,93.30143540669856,1.4354066985645932,0.9569377990430622,0.4784688995215311,1.9138755980861244,1.4354066985645932,0.4784688995215311,3.349282296650718
E00073045,251,230,10,8,2,6,4,2,5,91.63346613545816,3.9840637450199203,3.187250996015936,0.796812749003984,2.3904382470119523,1.593625498007968,0.796812749003984,1.9920318725099602
E00073046,286,256,15,9,6,3,1,2,12,89.5104895104895,5.244755244755245,3.146853146853147,2.097902097902098,1.048951048951049,0.34965034965034963,0.6993006993006993,4.195804195804196
E00073047,272,244,8,6,2,10,5,5,10,89.70588235294117,2.941176470588235,2.2058823529411766,0.7352941176470588,3.6764705882352944,1.8382352941176472,1.8382352941176472,3.6764705882352944
E00073048,372,355,13,9,4,3,1,2,1,95.43010752688173,3.494623655913978,2.4193548387096775,1.0752688172043012,0.8064516129032258,0.2688172043010753,0.5376344086021506,0.2688172043010753
E00073049,281,268,8,7,1,1,0,1,4,95.37366548042705,2.8469750889679712,2.491103202846975,0.3558718861209964,0.3558718861209964,0,0.3558718861209964,1.4234875444839856
E00073050,336,310,19,10,9,1,1,0,6,92.26190476190477,5.654761904761905,2.976190476190476,2.6785714285714284,0.2976190476190476,0.2976190476190476,0,1.7857142857142856
E00073051,207,198,5,3,2,2,1,1,2,95.65217391304348,2.4154589371980677,1.4492753623188406,0.966183574879227,0.966183574879227,0.4830917874396135,0.4830917874396135,0.966183574879227
E00073052,248,229,8,4,4,8,1,7,3,92.33870967741935,3.225806451612903,1.6129032258064515,1.6129032258064515,3.225806451612903,0.4032258064516129,2.82258064516129,1.2096774193548387
E00073053,255,240,10,7,3,5,1,4,0,94.11764705882352,3.9215686274509802,2.7450980392156863,1.1764705882352942,1.9607843137254901,0.39215686274509803,1.5686274509803921,0
E00073054,256,248,7,5,2,0,0,0,1,96.875,2.734375,1.953125,0.78125,0,0,0,0.390625
E00073055,237,216,13,7,6,4,4,0,4,91.13924050632912,5.485232067510549,2.9535864978902953,2.5316455696202533,1.6877637130801686,1.6877637130801686,0,1.6877637130801686
E00073056,314,297,11,6,5,2,2,0,4,94.5859872611465,3.5031847133757963,1.910828025477707,1.5923566878980893,0.6369426751592357,0.6369426751592357,0,1.2738853503184715
E00073057,236,226,5,4,1,2,2,0,3,95.76271186440678,2.11864406779661,1.694915254237288,0.423728813559322,0.847457627118644,0.847457627118644,0,1.2711864406779663
E00073058,259,245,8,5,3,5,3,2,1,94.5945945945946,3.088803088803089,1.9305019305019304,1.1583011583011582,1.9305019305019304,1.1583011583011582,0.7722007722007722,0.3861003861003861
E00073059,265,253,10,6,4,0,0,0,2,95.47169811320755,3.7735849056603774,2.2641509433962264,1.509433962264151,0,0,0,0.7547169811320755
E00073060,278,255,15,12,3,1,0,1,7,91.72661870503596,5.39568345323741,4.316546762589928,1.079136690647482,0.3597122302158274,0,0.3597122302158274,2.5179856115107913
E00073061,223,216,2,2,0,4,4,0,1,96.8609865470852,0.8968609865470852,0.8968609865470852,0,1.7937219730941705,1.7937219730941705,0,0.4484304932735426
E00073062,220,200,14,8,6,3,1,2,3,90.9090909090909,6.363636363636363,3.6363636363636362,2.727272727272727,1.3636363636363635,0.45454545454545453,0.9090909090909091,1.3636363636363635
E00073063,153,136,13,7,6,1,1,0,3,88.88888888888889,8.49673202614379,4.57516339869281,3.9215686274509802,0.6535947712418301,0.6535947712418301,0,1.9607843137254901
E00073064,245,230,6,5,1,4,4,0,5,93.87755102040816,2.4489795918367347,2.0408163265306123,0.40816326530612246,1.6326530612244898,1.6326530612244898,0,2.0408163265306123
E00073065,283,241,20,16,4,7,2,5,15,85.15901060070671,7.06713780918728,5.6537102473498235,1.4134275618374559,2.4734982332155475,0.7067137809187279,1.76678445229682,5.30035335689046
E00073066,236,211,17,12,5,5,4,1,3,89.40677966101694,7.203389830508475,5.084745762711865,2.11864406779661,2.11864406779661,1.694915254237288,0.423728813559322,1.2711864406779663
E00073067,288,257,21,13,8,4,1,3,6,89.23611111111111,7.291666666666667,4.513888888888888,2.7777777777777777,1.3888888888888888,0.3472222222222222,1.0416666666666665,2.083333333333333
E00073068,317,291,17,14,3,2,2,0,7,91.7981072555205,5.3627760252365935,4.416403785488959,0.9463722397476341,0.6309148264984227,0.6309148264984227,0,2.2082018927444795
E00073069,216,196,11,10,1,2,1,1,7,90.74074074074075,5.092592592592593,4.62962962962963,0.4629629629629629,0.9259259259259258,0.4629629629629629,0.4629629629629629,3.2407407407407405
E00073070,248,234,13,9,4,1,1,0,0,94.35483870967742,5.241935483870968,3.6290322580645165,1.6129032258064515,0.4032258064516129,0.4032258064516129,0,0
E00073071,300,268,22,17,5,6,3,3,4,89.33333333333333,7.333333333333333,5.666666666666666,1.6666666666666667,2,1,1,1.3333333333333335
E00073072,296,262,14,11,3,10,5,5,10,88.51351351351352,4.72972972972973,3.7162162162162162,1.0135135135135136,3.3783783783783785,1.6891891891891893,1.6891891891891893,3.3783783783783785
E00073073,308,279,13,8,5,6,5,1,10,90.5844155844156,4.220779220779221,2.5974025974025974,1.6233766233766231,1.948051948051948,1.6233766233766231,0.3246753246753247,3.2467532467532463
E00073074,263,239,15,11,4,6,2,4,3,90.8745247148289,5.7034220532319395,4.182509505703422,1.520912547528517,2.2813688212927756,0.7604562737642585,1.520912547528517,1.1406844106463878
E00073075,242,215,19,10,9,6,3,3,2,88.84297520661157,7.851239669421488,4.132231404958678,3.71900826446281,2.479338842975207,1.2396694214876034,1.2396694214876034,0.8264462809917356
E00073076,310,278,13,11,2,1,0,1,18,89.6774193548387,4.193548387096775,3.5483870967741935,0.6451612903225806,0.3225806451612903,0,0.3225806451612903,5.806451612903226
E00073077,328,299,10,7,3,8,3,5,11,91.15853658536585,3.048780487804878,2.1341463414634148,0.9146341463414633,2.4390243902439024,0.9146341463414633,1.524390243902439,3.353658536585366
E00073078,299,279,12,8,4,5,1,4,3,93.31103678929766,4.013377926421405,2.6755852842809364,1.3377926421404682,1.6722408026755853,0.33444816053511706,1.3377926421404682,1.0033444816053512
E00073079,379,336,14,11,3,11,10,1,18,88.65435356200527,3.6939313984168867,2.9023746701846966,0.79155672823219,2.9023746701846966,2.638522427440633,0.2638522427440633,4.749340369393139
E00073080,288,266,12,10,2,5,2,3,5,92.36111111111111,4.166666666666666,3.4722222222222223,0.6944444444444444,1.7361111111111112,0.6944444444444444,1.0416666666666665,1.7361111111111112
E00073081,432,389,13,8,5,11,2,9,19,90.04629629629629,3.009259259259259,1.8518518518518516,1.1574074074074074,2.5462962962962963,0.4629629629629629,2.083333333333333,4.398148148148148
E00073084,309,299,8,7,1,0,0,0,2,96.76375404530745,2.5889967637540456,2.26537216828479,0.3236245954692557,0,0,0,0.6472491909385114
E00073085,309,271,22,20,2,3,1,2,13,87.70226537216828,7.119741100323624,6.472491909385113,0.6472491909385114,0.9708737864077669,0.3236245954692557,0.6472491909385114,4.207119741100324
E00073086,381,335,19,9,10,8,4,4,19,87.92650918635171,4.986876640419948,2.3622047244094486,2.6246719160104988,2.099737532808399,1.0498687664041995,1.0498687664041995,4.986876640419948
E00073087,328,301,15,11,4,4,0,4,8,91.76829268292683,4.573170731707317,3.353658536585366,1.2195121951219512,1.2195121951219512,0,1.2195121951219512,2.4390243902439024
E00073088,356,334,16,15,1,4,2,2,2,93.82022471910112,4.49438202247191,4.213483146067416,0.2808988764044944,1.1235955056179776,0.5617977528089888,0.5617977528089888,0.5617977528089888
E00073090,309,295,12,11,1,2,2,0,0,95.46925566343042,3.8834951456310676,3.559870550161812,0.3236245954692557,0.6472491909385114,0.6472491909385114,0,0
E00073091,287,274,7,5,2,5,1,4,1,95.47038327526133,2.4390243902439024,1.7421602787456445,0.6968641114982579,1.7421602787456445,0.34843205574912894,1.3937282229965158,0.34843205574912894
E00073092,236,205,14,9,5,9,7,2,8,86.86440677966102,5.932203389830509,3.8135593220338984,2.11864406779661,3.8135593220338984,2.9661016949152543,0.847457627118644,3.389830508474576
E00073093,300,291,3,3,0,2,1,1,4,97,1,1,0,0.6666666666666667,0.33333333333333337,0.33333333333333337,1.3333333333333335
E00073094,337,321,12,11,1,1,1,0,3,95.25222551928783,3.5608308605341246,3.2640949554896146,0.2967359050445104,0.2967359050445104,0.2967359050445104,0,0.8902077151335311
E00073095,424,407,8,8,0,6,3,3,3,95.99056603773585,1.8867924528301887,1.8867924528301887,0,1.4150943396226416,0.7075471698113208,0.7075471698113208,0.7075471698113208
E00073096,330,304,17,11,6,2,0,2,7,92.12121212121212,5.151515151515151,3.3333333333333335,1.8181818181818181,0.6060606060606061,0,0.6060606060606061,2.1212121212121215
E00073097,323,313,7,6,1,0,0,0,3,96.90402476780186,2.1671826625387,1.8575851393188854,0.30959752321981426,0,0,0,0.9287925696594427
E00073098,320,299,13,11,2,2,1,1,6,93.4375,4.0625,3.4375000000000004,0.625,0.625,0.3125,0.3125,1.875
E00073099,363,345,13,10,3,2,1,1,3,95.0413223140496,3.581267217630854,2.7548209366391188,0.8264462809917356,0.5509641873278237,0.27548209366391185,0.27548209366391185,0.8264462809917356
E00073100,381,368,4,4,0,3,0,3,6,96.58792650918635,1.0498687664041995,1.0498687664041995,0,0.7874015748031495,0,0.7874015748031495,1.574803149606299
E00073101,407,387,11,8,3,4,1,3,5,95.0859950859951,2.7027027027027026,1.9656019656019657,0.7371007371007371,0.9828009828009828,0.2457002457002457,0.7371007371007371,1.2285012285012284
E00073102,338,322,13,13,0,2,0,2,1,95.26627218934911,3.8461538461538463,3.8461538461538463,0,0.591715976331361,0,0.591715976331361,0.2958579881656805
E00073103,363,354,4,2,2,3,2,1,2,97.52066115702479,1.1019283746556474,0.5509641873278237,0.5509641873278237,0.8264462809917356,0.5509641873278237,0.27548209366391185,0.5509641873278237
E00073104,361,342,12,9,3,2,2,0,5,94.73684210526315,3.32409972299169,2.4930747922437675,0.8310249307479225,0.554016620498615,0.554016620498615,0,1.3850415512465373
E00073106,219,199,6,6,0,6,2,4,8,90.8675799086758,2.73972602739726,2.73972602739726,0,2.73972602739726,0.91324200913242,1.82648401826484,3.65296803652968
E00073107,265,246,11,7,4,2,1,1,6,92.83018867924528,4.150943396226415,2.6415094339622645,1.509433962264151,0.7547169811320755,0.37735849056603776,0.37735849056603776,2.2641509433962264
E00073108,263,232,11,9,2,10,4,6,10,88.212927756654,4.182509505703422,3.4220532319391634,0.7604562737642585,3.802281368821293,1.520912547528517,2.2813688212927756,3.802281368821293
E00073109,294,259,15,12,3,7,4,3,13,88.09523809523809,5.1020408163265305,4.081632653061225,1.0204081632653061,2.380952380952381,1.3605442176870748,1.0204081632653061,4.421768707482993
E00073110,311,272,19,12,7,5,3,2,15,87.45980707395499,6.109324758842444,3.858520900321544,2.2508038585209005,1.607717041800643,0.964630225080386,0.6430868167202572,4.823151125401929
E00073111,229,214,11,9,2,3,3,0,1,93.44978165938865,4.8034934497816595,3.9301310043668125,0.8733624454148471,1.3100436681222707,1.3100436681222707,0,0.43668122270742354
E00073112,322,289,10,8,2,11,7,4,12,89.75155279503106,3.1055900621118013,2.484472049689441,0.6211180124223602,3.4161490683229814,2.1739130434782608,1.2422360248447204,3.7267080745341614
E00073113,257,246,6,4,2,2,1,1,3,95.71984435797665,2.3346303501945527,1.556420233463035,0.7782101167315175,0.7782101167315175,0.38910505836575876,0.38910505836575876,1.1673151750972763
E00073114,194,173,17,14,3,1,1,0,3,89.17525773195877,8.762886597938143,7.216494845360824,1.5463917525773196,0.5154639175257731,0.5154639175257731,0,1.5463917525773196
E00073115,315,289,23,17,6,1,1,0,2,91.74603174603175,7.301587301587302,5.396825396825397,1.9047619047619049,0.31746031746031744,0.31746031746031744,0,0.6349206349206349
E00073116,261,241,13,8,5,5,2,3,2,92.33716475095785,4.980842911877394,3.065134099616858,1.9157088122605364,1.9157088122605364,0.7662835249042145,1.1494252873563218,0.7662835249042145
E00073117,242,222,13,8,5,6,3,3,1,91.73553719008265,5.371900826446281,3.3057851239669422,2.066115702479339,2.479338842975207,1.2396694214876034,1.2396694214876034,0.4132231404958678
E00073118,356,335,16,13,3,4,3,1,1,94.10112359550563,4.49438202247191,3.651685393258427,0.8426966292134831,1.1235955056179776,0.8426966292134831,0.2808988764044944,0.2808988764044944
E00073119,305,260,33,26,7,4,3,1,8,85.24590163934425,10.819672131147541,8.524590163934425,2.2950819672131146,1.3114754098360655,0.9836065573770493,0.32786885245901637,2.622950819672131
E00073120,295,264,19,16,3,3,3,0,9,89.49152542372882,6.440677966101695,5.423728813559322,1.0169491525423728,1.0169491525423728,1.0169491525423728,0,3.050847457627119
E00073121,268,249,13,7,6,1,1,0,5,92.91044776119402,4.850746268656716,2.6119402985074625,2.2388059701492535,0.3731343283582089,0.3731343283582089,0,1.8656716417910446
E00073122,279,255,15,14,1,2,1,1,7,91.39784946236558,5.376344086021505,5.017921146953405,0.35842293906810035,0.7168458781362007,0.35842293906810035,0.35842293906810035,2.5089605734767026
E00073123,334,306,16,13,3,3,1,2,9,91.61676646706587,4.790419161676647,3.8922155688622757,0.8982035928143712,0.8982035928143712,0.29940119760479045,0.5988023952095809,2.694610778443114
E00073124,282,253,12,6,6,3,0,3,14,89.71631205673759,4.25531914893617,2.127659574468085,2.127659574468085,1.0638297872340425,0,1.0638297872340425,4.964539007092199
E00073125,331,314,14,10,4,1,1,0,2,94.86404833836858,4.229607250755287,3.0211480362537766,1.2084592145015105,0.3021148036253776,0.3021148036253776,0,0.6042296072507553
E00073126,375,361,10,10,0,0,0,0,4,96.26666666666667,2.666666666666667,2.666666666666667,0,0,0,0,1.0666666666666667
E00073127,464,452,8,8,0,0,0,0,4,97.41379310344827,1.7241379310344827,1.7241379310344827,0,0,0,0,0.8620689655172413
E00073128,414,388,17,12,5,8,1,7,1,93.71980676328504,4.1062801932367154,2.898550724637681,1.2077294685990339,1.932367149758454,0.24154589371980675,1.6908212560386473,0.24154589371980675
E00073129,337,318,11,8,3,2,1,1,6,94.3620178041543,3.2640949554896146,2.3738872403560833,0.8902077151335311,0.5934718100890208,0.2967359050445104,0.2967359050445104,1.7804154302670623
E00073130,331,305,23,17,6,3,2,1,0,92.14501510574019,6.948640483383686,5.13595166163142,1.812688821752266,0.906344410876133,0.6042296072507553,0.3021148036253776,0
E00073131,294,267,14,8,6,2,2,0,11,90.81632653061224,4.761904761904762,2.7210884353741496,2.0408163265306123,0.6802721088435374,0.6802721088435374,0,3.741496598639456
E00073132,305,270,20,9,11,4,2,2,11,88.52459016393442,6.557377049180328,2.9508196721311477,3.606557377049181,1.3114754098360655,0.6557377049180327,0.6557377049180327,3.606557377049181
E00073133,374,359,9,8,1,1,0,1,5,95.98930481283422,2.406417112299465,2.13903743315508,0.267379679144385,0.267379679144385,0,0.267379679144385,1.3368983957219251
E00073134,295,274,14,11,3,4,2,2,3,92.88135593220339,4.745762711864407,3.728813559322034,1.0169491525423728,1.3559322033898304,0.6779661016949152,0.6779661016949152,1.0169491525423728
E00073135,325,304,17,15,2,1,0,1,3,93.53846153846153,5.230769230769231,4.615384615384616,0.6153846153846154,0.3076923076923077,0,0.3076923076923077,0.9230769230769231
E00073136,323,304,12,11,1,1,0,1,6,94.11764705882352,3.7151702786377707,3.4055727554179565,0.30959752321981426,0.30959752321981426,0,0.30959752321981426,1.8575851393188854
E00073137,323,310,10,8,2,3,2,1,0,95.97523219814241,3.0959752321981426,2.476780185758514,0.6191950464396285,0.9287925696594427,0.6191950464396285,0.30959752321981426,0
E00073138,309,287,17,15,2,3,2,1,2,92.88025889967638,5.501618122977346,4.854368932038835,0.6472491909385114,0.9708737864077669,0.6472491909385114,0.3236245954692557,0.6472491909385114
E00073139,242,222,14,14,0,2,1,1,4,91.73553719008265,5.785123966942149,5.785123966942149,0,0.8264462809917356,0.4132231404958678,0.4132231404958678,1.6528925619834711
E00073140,236,222,13,12,1,1,0,1,0,94.0677966101695,5.508474576271186,5.084745762711865,0.423728813559322,0.423728813559322,0,0.423728813559322,0
E00073141,279,260,10,6,4,4,1,3,5,93.1899641577061,3.584229390681003,2.1505376344086025,1.4336917562724014,1.4336917562724014,0.35842293906810035,1.0752688172043012,1.7921146953405016
E00073142,331,296,28,22,6,3,3,0,4,89.42598187311178,8.459214501510575,6.646525679758309,1.812688821752266,0.906344410876133,0.906344410876133,0,1.2084592145015105
E00170250,313,283,24,22,2,0,0,0,6,90.41533546325878,7.667731629392971,7.0287539936102235,0.6389776357827476,0,0,0,1.9169329073482428
E00170251,206,199,6,4,2,0,0,0,1,96.60194174757282,2.912621359223301,1.9417475728155338,0.9708737864077669,0,0,0,0.48543689320388345
E00170252,708,699,4,4,0,2,0,2,3,98.72881355932203,0.5649717514124294,0.5649717514124294,0,0.2824858757062147,0,0.2824858757062147,0.423728813559322
E00170253,250,228,13,9,4,2,0,2,7,91.2,5.2,3.5999999999999996,1.6,0.8,0,0.8,2.8000000000000003
E00170254,2950,2889,54,47,7,6,4,2,1,97.9322033898305,1.8305084745762712,1.5932203389830506,0.23728813559322032,0.2033898305084746,0.13559322033898305,0.06779661016949153,0.03389830508474576
E00170256,182,167,10,9,1,0,0,0,5,91.75824175824175,5.4945054945054945,4.945054945054945,0.5494505494505495,0,0,0,2.7472527472527473
E00170257,149,135,9,7,2,2,2,0,3,90.60402684563759,6.0402684563758395,4.697986577181208,1.342281879194631,1.342281879194631,1.342281879194631,0,2.013422818791946
E00189447,356,325,23,16,7,6,2,4,2,91.29213483146067,6.460674157303371,4.49438202247191,1.9662921348314606,1.6853932584269662,0.5617977528089888,1.1235955056179776,0.5617977528089888
E00189449,251,238,9,8,1,2,1,1,2,94.82071713147411,3.5856573705179287,3.187250996015936,0.398406374501992,0.796812749003984,0.398406374501992,0.398406374501992,0.796812749003984
E00189450,198,170,15,9,6,4,0,4,9,85.85858585858585,7.575757575757576,4.545454545454546,3.0303030303030303,2.0202020202020203,0,2.0202020202020203,4.545454545454546
E00189454,279,259,14,13,1,2,2,0,4,92.831541218638,5.017921146953405,4.659498207885305,0.35842293906810035,0.7168458781362007,0.7168458781362007,0,1.4336917562724014
E00189458,200,195,4,4,0,0,0,0,1,97.5,2,2,0,0,0,0,0.5
E00189459,258,238,10,7,3,3,0,3,7,92.24806201550388,3.875968992248062,2.7131782945736433,1.1627906976744187,1.1627906976744187,0,1.1627906976744187,2.7131782945736433
E00189468,306,283,13,9,4,4,2,2,6,92.48366013071896,4.248366013071895,2.941176470588235,1.3071895424836601,1.3071895424836601,0.6535947712418301,0.6535947712418301,1.9607843137254901
E00189471,257,240,10,9,1,5,1,4,2,93.3852140077821,3.8910505836575875,3.501945525291829,0.38910505836575876,1.9455252918287937,0.38910505836575876,1.556420233463035,0.7782101167315175
E00189472,292,271,8,8,0,8,1,7,5,92.8082191780822,2.73972602739726,2.73972602739726,0,2.73972602739726,0.3424657534246575,2.3972602739726026,1.7123287671232876
E00189474,268,244,13,5,8,3,0,3,8,91.04477611940298,4.850746268656716,1.8656716417910446,2.9850746268656714,1.1194029850746268,0,1.1194029850746268,2.9850746268656714
E00189475,350,328,7,6,1,4,3,1,11,93.71428571428572,2,1.7142857142857144,0.2857142857142857,1.1428571428571428,0.8571428571428572,0.2857142857142857,3.1428571428571432
E00189482,253,236,8,6,2,0,0,0,9,93.2806324110672,3.1620553359683794,2.371541501976284,0.7905138339920948,0,0,0,3.557312252964427
E00189483,348,319,18,15,3,3,0,3,8,91.66666666666666,5.172413793103448,4.310344827586207,0.8620689655172413,0.8620689655172413,0,0.8620689655172413,2.2988505747126435
E00189484,304,272,12,8,4,6,5,1,14,89.47368421052632,3.9473684210526314,2.631578947368421,1.3157894736842104,1.9736842105263157,1.644736842105263,0.3289473684210526,4.605263157894736
E00189487,215,198,9,6,3,3,3,0,5,92.09302325581396,4.186046511627907,2.7906976744186047,1.3953488372093024,1.3953488372093024,1.3953488372093024,0,2.3255813953488373
E00189489,249,235,7,4,3,1,0,1,6,94.37751004016064,2.8112449799196786,1.6064257028112447,1.2048192771084338,0.4016064257028112,0,0.4016064257028112,2.4096385542168677
E00189492,320,297,13,12,1,1,0,1,9,92.8125,4.0625,3.75,0.3125,0.3125,0,0.3125,2.8125
E00189494,304,284,5,5,0,9,4,5,6,93.42105263157895,1.644736842105263,1.644736842105263,0,2.9605263157894735,1.3157894736842104,1.644736842105263,1.9736842105263157
E00189496,229,223,4,4,0,1,0,1,1,97.37991266375546,1.7467248908296942,1.7467248908296942,0,0.43668122270742354,0,0.43668122270742354,0.43668122270742354
E00189502,253,220,20,15,5,6,3,3,7,86.95652173913044,7.905138339920949,5.928853754940711,1.9762845849802373,2.371541501976284,1.185770750988142,1.185770750988142,2.766798418972332
E00189503,251,232,9,7,2,3,3,0,7,92.43027888446214,3.5856573705179287,2.788844621513944,0.796812749003984,1.1952191235059761,1.1952191235059761,0,2.788844621513944
E00189507,319,292,12,7,5,5,3,2,10,91.53605015673982,3.761755485893417,2.19435736677116,1.5673981191222568,1.5673981191222568,0.9404388714733543,0.6269592476489028,3.1347962382445136
E00189514,331,304,12,11,1,11,9,2,4,91.8429003021148,3.625377643504532,3.3232628398791544,0.3021148036253776,3.3232628398791544,2.719033232628399,0.6042296072507553,1.2084592145015105
E00189515,256,240,15,13,2,1,0,1,0,93.75,5.859375,5.078125,0.78125,0.390625,0,0.390625,0
E00189516,253,225,18,11,7,3,1,2,7,88.93280632411067,7.114624505928854,4.3478260869565215,2.766798418972332,1.185770750988142,0.3952569169960474,0.7905138339920948,2.766798418972332
E00189520,224,210,7,4,3,2,1,1,5,93.75,3.125,1.7857142857142856,1.3392857142857142,0.8928571428571428,0.4464285714285714,0.4464285714285714,2.232142857142857
E00189525,233,221,6,5,1,2,1,1,4,94.84978540772532,2.575107296137339,2.1459227467811157,0.4291845493562232,0.8583690987124464,0.4291845493562232,0.4291845493562232,1.7167381974248928
E00189526,215,197,6,5,1,5,1,4,7,91.62790697674419,2.7906976744186047,2.3255813953488373,0.46511627906976744,2.3255813953488373,0.46511627906976744,1.8604651162790697,3.255813953488372
E00189527,235,216,6,4,2,5,4,1,8,91.91489361702128,2.553191489361702,1.702127659574468,0.851063829787234,2.127659574468085,1.702127659574468,0.425531914893617,3.404255319148936
E00189529,238,221,11,11,0,4,3,1,2,92.85714285714286,4.621848739495799,4.621848739495799,0,1.680672268907563,1.2605042016806722,0.42016806722689076,0.8403361344537815
E00189532,234,206,8,5,3,5,4,1,15,88.03418803418803,3.418803418803419,2.1367521367521367,1.282051282051282,2.1367521367521367,1.7094017094017095,0.4273504273504274,6.41025641025641
E00189533,292,268,12,12,0,3,0,3,9,91.78082191780823,4.10958904109589,4.10958904109589,0,1.0273972602739725,0,1.0273972602739725,3.0821917808219177
E00189535,341,304,22,17,5,8,8,0,7,89.14956011730204,6.451612903225806,4.9853372434017595,1.466275659824047,2.346041055718475,2.346041055718475,0,2.0527859237536656
E00189545,245,230,7,6,1,3,3,0,5,93.87755102040816,2.857142857142857,2.4489795918367347,0.40816326530612246,1.2244897959183674,1.2244897959183674,0,2.0408163265306123
E00189548,255,241,9,8,1,3,2,1,2,94.50980392156862,3.5294117647058822,3.1372549019607843,0.39215686274509803,1.1764705882352942,0.7843137254901961,0.39215686274509803,0.7843137254901961
E00189549,297,273,12,6,6,8,2,6,4,91.91919191919192,4.040404040404041,2.0202020202020203,2.0202020202020203,2.6936026936026933,0.6734006734006733,2.0202020202020203,1.3468013468013467
E00189553,293,273,12,8,4,2,0,2,6,93.1740614334471,4.09556313993174,2.7303754266211606,1.3651877133105803,0.6825938566552902,0,0.6825938566552902,2.04778156996587
E00189554,201,187,12,7,5,1,0,1,1,93.03482587064677,5.970149253731343,3.482587064676617,2.4875621890547266,0.4975124378109453,0,0.4975124378109453,0.4975124378109453
E00189562,302,284,11,8,3,3,1,2,4,94.03973509933775,3.642384105960265,2.6490066225165565,0.9933774834437087,0.9933774834437087,0.33112582781456956,0.6622516556291391,1.3245033112582782
E00189568,206,199,5,4,1,1,0,1,1,96.60194174757282,2.4271844660194173,1.9417475728155338,0.48543689320388345,0.48543689320388345,0,0.48543689320388345,0.48543689320388345
E00189569,237,227,3,1,2,2,1,1,5,95.78059071729957,1.2658227848101267,0.42194092827004215,0.8438818565400843,0.8438818565400843,0.42194092827004215,0.42194092827004215,2.109704641350211
E00189571,262,247,5,4,1,5,5,0,5,94.27480916030534,1.9083969465648856,1.5267175572519083,0.38167938931297707,1.9083969465648856,1.9083969465648856,0,1.9083969465648856
E00189572,168,165,3,2,1,0,0,0,0,98.21428571428571,1.7857142857142856,1.1904761904761905,0.5952380952380952,0,0,0,0
E00189584,184,173,5,4,1,4,3,1,2,94.02173913043478,2.717391304347826,2.1739130434782608,0.5434782608695652,2.1739130434782608,1.6304347826086956,0.5434782608695652,1.0869565217391304
E00189589,371,330,24,16,8,10,6,4,7,88.94878706199461,6.46900269541779,4.31266846361186,2.15633423180593,2.6954177897574128,1.6172506738544474,1.078167115902965,1.8867924528301887
E00189590,333,301,18,14,4,7,2,5,7,90.39039039039038,5.405405405405405,4.2042042042042045,1.2012012012012012,2.1021021021021022,0.6006006006006006,1.5015015015015014,2.1021021021021022
E00189591,399,388,4,4,0,2,0,2,5,97.24310776942356,1.0025062656641603,1.0025062656641603,0,0.5012531328320802,0,0.5012531328320802,1.2531328320802004
E00189595,235,209,14,10,4,2,2,0,10,88.93617021276596,5.957446808510639,4.25531914893617,1.702127659574468,0.851063829787234,0.851063829787234,0,4.25531914893617
E00189597,318,286,18,14,4,8,2,6,6,89.937106918239,5.660377358490567,4.40251572327044,1.257861635220126,2.515723270440252,0.628930817610063,1.8867924528301887,1.8867924528301887
E00189601,266,251,7,7,0,5,2,3,3,94.3609022556391,2.631578947368421,2.631578947368421,0,1.8796992481203008,0.7518796992481203,1.1278195488721803,1.1278195488721803
E00189603,448,400,24,18,6,12,5,7,12,89.28571428571429,5.357142857142857,4.017857142857143,1.3392857142857142,2.6785714285714284,1.1160714285714286,1.5625,2.6785714285714284
E00189614,290,262,14,10,4,5,4,1,9,90.3448275862069,4.827586206896552,3.4482758620689653,1.3793103448275863,1.7241379310344827,1.3793103448275863,0.3448275862068966,3.103448275862069
