OA,ts0540001,ts0540002,ts0540003,ts0540004,ts0540005,ts0540006,ts0540007,ts0540008,ts0540009,ts0540010,ts0540011,ts0540012,ts0540013,ts0540002_PCT,ts0540003_PCT,ts0540004_PCT,ts0540005_PCT,ts0540006_PCT,ts0540007_PCT,ts0540008_PCT,ts0540009_PCT,ts0540010_PCT,ts0540011_PCT,ts0540012_PCT,ts0540013_PCT
E00117330,110,102,58,44,0,0,1,0,1,7,5,2,0,92.72727272727272,52.72727272727272,40,0,0,0.9090909090909091,0,0.9090909090909091,6.363636363636363,4.545454545454546,1.8181818181818181,0
E00117331,124,108,50,58,0,0,2,0,2,14,9,5,0,87.09677419354838,40.32258064516129,46.774193548387096,0,0,1.6129032258064515,0,1.6129032258064515,11.29032258064516,7.258064516129033,4.032258064516129,0
E00117332,103,98,56,42,0,0,2,0,2,3,3,0,0,95.14563106796116,54.36893203883495,40.77669902912621,0,0,1.9417475728155338,0,1.9417475728155338,2.912621359223301,2.912621359223301,0,0
E00117333,104,97,44,53,0,0,1,0,1,6,4,2,0,93.26923076923077,42.30769230769231,50.96153846153846,0,0,0.9615384615384616,0,0.9615384615384616,5.769230769230769,3.8461538461538463,1.9230769230769231,0
E00117334,114,57,24,33,0,0,26,1,25,31,15,16,0,50,21.052631578947366,28.947368421052634,0,0,22.807017543859647,0.8771929824561403,21.929824561403507,27.192982456140353,13.157894736842104,14.035087719298245,0
E00117335,125,96,32,64,8,8,4,0,4,17,14,3,0,76.8,25.6,51.2,6.4,6.4,3.2,0,3.2,13.600000000000001,11.200000000000001,2.4,0
E00117336,102,89,44,45,1,1,3,0,3,9,7,2,0,87.25490196078431,43.13725490196079,44.11764705882353,0.9803921568627451,0.9803921568627451,2.941176470588235,0,2.941176470588235,8.823529411764707,6.862745098039216,1.9607843137254901,0
E00117337,94,69,27,42,0,0,2,0,2,23,19,4,0,73.40425531914893,28.723404255319153,44.680851063829785,0,0,2.127659574468085,0,2.127659574468085,24.46808510638298,20.212765957446805,4.25531914893617,0
E00117338,117,81,35,46,0,0,12,4,8,24,20,4,0,69.23076923076923,29.914529914529915,39.31623931623932,0,0,10.256410256410255,3.418803418803419,6.837606837606838,20.51282051282051,17.094017094017094,3.418803418803419,0
E00117339,105,83,30,53,0,0,1,0,1,21,18,3,0,79.04761904761905,28.57142857142857,50.476190476190474,0,0,0.9523809523809524,0,0.9523809523809524,20,17.142857142857142,2.857142857142857,0
E00117340,135,110,56,54,8,8,3,1,2,14,12,2,0,81.48148148148148,41.48148148148148,40,5.9259259259259265,5.9259259259259265,2.2222222222222223,0.7407407407407408,1.4814814814814816,10.37037037037037,8.88888888888889,1.4814814814814816,0
E00117341,118,101,55,46,0,0,4,1,3,13,12,1,0,85.59322033898306,46.61016949152542,38.983050847457626,0,0,3.389830508474576,0.847457627118644,2.5423728813559325,11.016949152542372,10.16949152542373,0.847457627118644,0
E00117342,127,24,10,14,0,0,91,11,80,12,10,2,0,18.89763779527559,7.874015748031496,11.023622047244094,0,0,71.65354330708661,8.661417322834646,62.99212598425197,9.448818897637794,7.874015748031496,1.574803149606299,0
E00117343,158,61,17,44,20,20,50,7,43,27,25,2,0,38.607594936708864,10.759493670886076,27.848101265822784,12.658227848101266,12.658227848101266,31.645569620253166,4.430379746835443,27.21518987341772,17.088607594936708,15.822784810126583,1.2658227848101267,0
E00117344,97,80,38,42,0,0,3,0,3,14,10,4,0,82.4742268041237,39.175257731958766,43.29896907216495,0,0,3.0927835051546393,0,3.0927835051546393,14.432989690721648,10.309278350515463,4.123711340206185,0
E00117345,106,91,35,56,0,0,2,0,2,13,12,1,0,85.84905660377359,33.0188679245283,52.83018867924528,0,0,1.8867924528301887,0,1.8867924528301887,12.264150943396226,11.320754716981133,0.9433962264150944,0
E00117346,146,36,8,28,3,3,93,16,77,14,13,1,0,24.65753424657534,5.47945205479452,19.17808219178082,2.054794520547945,2.054794520547945,63.6986301369863,10.95890410958904,52.73972602739726,9.58904109589041,8.904109589041095,0.684931506849315,0
E00117347,99,96,42,54,0,0,0,0,0,3,3,0,0,96.96969696969697,42.42424242424242,54.54545454545454,0,0,0,0,0,3.0303030303030303,3.0303030303030303,0,0
E00117348,115,103,41,62,0,0,1,1,0,11,9,2,0,89.56521739130436,35.65217391304348,53.91304347826087,0,0,0.8695652173913043,0.8695652173913043,0,9.565217391304348,7.82608695652174,1.7391304347826086,0
E00117349,152,58,25,33,1,1,75,18,57,18,14,4,0,38.15789473684211,16.447368421052634,21.710526315789476,0.6578947368421052,0.6578947368421052,49.34210526315789,11.842105263157894,37.5,11.842105263157894,9.210526315789473,2.631578947368421,0
E00117350,113,81,23,58,0,0,20,0,20,12,9,3,0,71.68141592920354,20.353982300884958,51.32743362831859,0,0,17.699115044247787,0,17.699115044247787,10.619469026548673,7.964601769911504,2.6548672566371683,0
E00117351,112,80,25,55,0,0,18,1,17,14,11,3,0,71.42857142857143,22.321428571428573,49.107142857142854,0,0,16.071428571428573,0.8928571428571428,15.178571428571427,12.5,9.821428571428571,2.6785714285714284,0
E00117352,108,97,55,42,0,0,6,2,4,5,3,2,0,89.81481481481481,50.92592592592593,38.88888888888889,0,0,5.555555555555555,1.8518518518518516,3.7037037037037033,4.62962962962963,2.7777777777777777,1.8518518518518516,0
E00117353,104,83,51,32,0,0,3,0,3,18,5,13,0,79.8076923076923,49.03846153846153,30.76923076923077,0,0,2.8846153846153846,0,2.8846153846153846,17.307692307692307,4.807692307692308,12.5,0
E00117354,126,114,54,60,0,0,2,0,2,10,7,3,0,90.47619047619048,42.857142857142854,47.61904761904761,0,0,1.5873015873015872,0,1.5873015873015872,7.936507936507936,5.555555555555555,2.380952380952381,0
E00117355,113,98,52,46,0,0,1,1,0,14,12,2,0,86.72566371681415,46.017699115044245,40.707964601769916,0,0,0.8849557522123894,0.8849557522123894,0,12.389380530973451,10.619469026548673,1.7699115044247788,0
E00117357,116,101,50,51,0,0,2,0,2,13,12,1,0,87.06896551724138,43.103448275862064,43.96551724137931,0,0,1.7241379310344827,0,1.7241379310344827,11.206896551724139,10.344827586206897,0.8620689655172413,0
E00117358,168,86,36,50,2,2,1,0,1,79,77,2,0,51.19047619047619,21.428571428571427,29.761904761904763,1.1904761904761905,1.1904761904761905,0.5952380952380952,0,0.5952380952380952,47.023809523809526,45.83333333333333,1.1904761904761905,0
E00117359,133,93,40,53,0,0,4,0,4,36,34,2,0,69.92481203007519,30.075187969924812,39.849624060150376,0,0,3.007518796992481,0,3.007518796992481,27.06766917293233,25.563909774436087,1.5037593984962405,0
E00117360,129,99,60,39,3,3,6,0,6,21,21,0,0,76.74418604651163,46.51162790697674,30.23255813953488,2.3255813953488373,2.3255813953488373,4.651162790697675,0,4.651162790697675,16.27906976744186,16.27906976744186,0,0
E00117361,110,96,60,36,0,0,5,2,3,9,5,4,0,87.27272727272727,54.54545454545454,32.72727272727273,0,0,4.545454545454546,1.8181818181818181,2.727272727272727,8.181818181818182,4.545454545454546,3.6363636363636362,0
E00117362,132,120,71,49,0,0,1,1,0,11,9,2,0,90.9090909090909,53.78787878787878,37.121212121212125,0,0,0.7575757575757576,0.7575757575757576,0,8.333333333333332,6.8181818181818175,1.5151515151515151,0
E00117363,143,82,35,47,0,0,8,0,8,53,48,5,0,57.34265734265735,24.475524475524477,32.86713286713287,0,0,5.594405594405594,0,5.594405594405594,37.06293706293706,33.56643356643357,3.4965034965034967,0
E00117364,118,85,36,49,0,0,5,1,4,28,25,3,0,72.03389830508475,30.508474576271187,41.52542372881356,0,0,4.23728813559322,0.847457627118644,3.389830508474576,23.728813559322035,21.1864406779661,2.5423728813559325,0
E00117365,109,41,20,21,2,2,26,1,25,40,37,3,0,37.61467889908257,18.34862385321101,19.26605504587156,1.834862385321101,1.834862385321101,23.853211009174313,0.9174311926605505,22.93577981651376,36.69724770642202,33.94495412844037,2.7522935779816518,0
E00117366,114,85,55,30,0,0,3,0,3,26,23,3,0,74.56140350877193,48.24561403508772,26.31578947368421,0,0,2.631578947368421,0,2.631578947368421,22.807017543859647,20.175438596491226,2.631578947368421,0
E00117368,124,111,65,46,1,1,2,0,2,10,7,3,0,89.51612903225806,52.41935483870967,37.096774193548384,0.8064516129032258,0.8064516129032258,1.6129032258064515,0,1.6129032258064515,8.064516129032258,5.64516129032258,2.4193548387096775,0
E00117369,205,124,81,43,0,0,24,2,22,57,50,7,0,60.48780487804878,39.51219512195122,20.975609756097562,0,0,11.707317073170733,0.975609756097561,10.731707317073171,27.80487804878049,24.390243902439025,3.414634146341464,0
E00117370,118,75,14,61,0,0,36,1,35,7,6,1,0,63.559322033898304,11.864406779661017,51.69491525423729,0,0,30.508474576271187,0.847457627118644,29.66101694915254,5.932203389830509,5.084745762711865,0.847457627118644,0
E00117371,170,143,70,73,1,1,7,2,5,19,15,4,0,84.11764705882354,41.17647058823529,42.94117647058823,0.5882352941176471,0.5882352941176471,4.117647058823529,1.1764705882352942,2.941176470588235,11.176470588235295,8.823529411764707,2.3529411764705883,0
E00117372,98,83,69,14,2,2,2,0,2,11,9,2,0,84.6938775510204,70.40816326530613,14.285714285714285,2.0408163265306123,2.0408163265306123,2.0408163265306123,0,2.0408163265306123,11.224489795918368,9.183673469387756,2.0408163265306123,0
E00117373,115,87,34,53,0,0,20,0,20,8,6,2,0,75.65217391304347,29.565217391304348,46.08695652173913,0,0,17.391304347826086,0,17.391304347826086,6.956521739130435,5.217391304347826,1.7391304347826086,0
E00117374,105,93,45,48,0,0,2,0,2,10,8,2,0,88.57142857142857,42.857142857142854,45.714285714285715,0,0,1.9047619047619049,0,1.9047619047619049,9.523809523809524,7.6190476190476195,1.9047619047619049,0
E00117375,162,127,54,73,4,4,20,0,20,11,10,1,0,78.39506172839506,33.33333333333333,45.06172839506173,2.4691358024691357,2.4691358024691357,12.345679012345679,0,12.345679012345679,6.790123456790123,6.172839506172839,0.6172839506172839,0
E00117376,94,88,35,53,0,0,0,0,0,6,5,1,0,93.61702127659575,37.234042553191486,56.38297872340425,0,0,0,0,0,6.382978723404255,5.319148936170213,1.0638297872340425,0
E00117377,124,105,66,39,0,0,0,0,0,19,17,2,0,84.67741935483872,53.2258064516129,31.451612903225808,0,0,0,0,0,15.32258064516129,13.709677419354838,1.6129032258064515,0
E00117378,117,91,29,62,3,3,8,2,6,15,13,2,0,77.77777777777779,24.786324786324787,52.991452991452995,2.564102564102564,2.564102564102564,6.837606837606838,1.7094017094017095,5.128205128205128,12.82051282051282,11.11111111111111,1.7094017094017095,0
E00117379,113,57,19,38,2,2,44,5,39,10,5,5,0,50.442477876106196,16.8141592920354,33.6283185840708,1.7699115044247788,1.7699115044247788,38.93805309734513,4.424778761061947,34.51327433628318,8.849557522123893,4.424778761061947,4.424778761061947,0
E00117380,108,72,37,35,0,0,27,4,23,9,5,4,0,66.66666666666666,34.25925925925926,32.407407407407405,0,0,25,3.7037037037037033,21.296296296296298,8.333333333333332,4.62962962962963,3.7037037037037033,0
E00117381,148,48,23,25,4,4,78,19,59,18,13,5,0,32.432432432432435,15.54054054054054,16.89189189189189,2.7027027027027026,2.7027027027027026,52.702702702702695,12.837837837837837,39.86486486486486,12.162162162162163,8.783783783783784,3.3783783783783785,0
E00117382,106,103,68,35,0,0,1,0,1,2,2,0,0,97.16981132075472,64.15094339622641,33.0188679245283,0,0,0.9433962264150944,0,0.9433962264150944,1.8867924528301887,1.8867924528301887,0,0
E00117383,95,89,52,37,0,0,1,0,1,5,3,2,0,93.6842105263158,54.736842105263165,38.94736842105263,0,0,1.0526315789473684,0,1.0526315789473684,5.263157894736842,3.1578947368421053,2.1052631578947367,0
E00117384,117,97,46,51,1,1,1,0,1,18,17,1,0,82.90598290598291,39.31623931623932,43.58974358974359,0.8547008547008548,0.8547008547008548,0.8547008547008548,0,0.8547008547008548,15.384615384615385,14.529914529914532,0.8547008547008548,0
E00117385,119,86,29,57,1,1,11,0,11,21,19,2,0,72.26890756302521,24.369747899159663,47.89915966386555,0.8403361344537815,0.8403361344537815,9.243697478991598,0,9.243697478991598,17.647058823529413,15.966386554621847,1.680672268907563,0
E00117386,114,103,47,56,0,0,2,1,1,9,9,0,0,90.35087719298247,41.228070175438596,49.122807017543856,0,0,1.7543859649122806,0.8771929824561403,0.8771929824561403,7.894736842105263,7.894736842105263,0,0
E00117387,144,123,32,91,1,1,5,0,5,15,11,4,0,85.41666666666666,22.22222222222222,63.19444444444444,0.6944444444444444,0.6944444444444444,3.4722222222222223,0,3.4722222222222223,10.416666666666668,7.638888888888889,2.7777777777777777,0
E00117388,108,50,25,25,1,1,32,2,30,25,23,2,0,46.2962962962963,23.14814814814815,23.14814814814815,0.9259259259259258,0.9259259259259258,29.629629629629626,1.8518518518518516,27.77777777777778,23.14814814814815,21.296296296296298,1.8518518518518516,0
E00117389,109,59,20,39,0,0,33,2,31,16,13,3,1,54.12844036697248,18.34862385321101,35.77981651376147,0,0,30.275229357798167,1.834862385321101,28.440366972477065,14.678899082568808,11.926605504587156,2.7522935779816518,0.9174311926605505
E00117390,134,74,29,45,0,0,30,5,25,30,22,8,0,55.223880597014926,21.641791044776117,33.582089552238806,0,0,22.388059701492537,3.731343283582089,18.65671641791045,22.388059701492537,16.417910447761194,5.970149253731343,0
E00117391,129,117,53,64,0,0,0,0,0,12,10,2,0,90.69767441860465,41.08527131782946,49.6124031007752,0,0,0,0,0,9.30232558139535,7.751937984496124,1.550387596899225,0
E00117392,123,106,44,62,0,0,2,1,1,15,13,2,0,86.1788617886179,35.77235772357724,50.40650406504065,0,0,1.6260162601626018,0.8130081300813009,0.8130081300813009,12.195121951219512,10.569105691056912,1.6260162601626018,0
E00117393,124,114,60,54,0,0,1,0,1,9,7,2,0,91.93548387096774,48.38709677419355,43.54838709677419,0,0,0.8064516129032258,0,0.8064516129032258,7.258064516129033,5.64516129032258,1.6129032258064515,0
E00117394,120,105,58,47,0,0,0,0,0,15,9,6,0,87.5,48.333333333333336,39.166666666666664,0,0,0,0,0,12.5,7.5,5,0
E00117395,111,103,51,52,1,1,0,0,0,7,4,3,0,92.7927927927928,45.94594594594595,46.846846846846844,0.9009009009009009,0.9009009009009009,0,0,0,6.306306306306306,3.6036036036036037,2.7027027027027026,0
E00117396,94,33,12,21,1,1,55,11,44,5,5,0,0,35.1063829787234,12.76595744680851,22.340425531914892,1.0638297872340425,1.0638297872340425,58.51063829787234,11.702127659574469,46.808510638297875,5.319148936170213,5.319148936170213,0,0
E00117397,126,60,15,45,0,0,43,6,37,23,21,2,0,47.61904761904761,11.904761904761903,35.714285714285715,0,0,34.12698412698413,4.761904761904762,29.365079365079367,18.253968253968253,16.666666666666664,1.5873015873015872,0
E00117398,122,92,74,18,1,1,10,1,9,19,18,1,0,75.40983606557377,60.65573770491803,14.754098360655737,0.819672131147541,0.819672131147541,8.19672131147541,0.819672131147541,7.377049180327869,15.573770491803279,14.754098360655737,0.819672131147541,0
E00117399,118,62,23,39,2,2,36,4,32,18,14,4,0,52.54237288135594,19.491525423728813,33.05084745762712,1.694915254237288,1.694915254237288,30.508474576271187,3.389830508474576,27.11864406779661,15.254237288135593,11.864406779661017,3.389830508474576,0
E00117400,110,64,18,46,0,0,34,9,25,12,7,5,0,58.18181818181818,16.363636363636363,41.81818181818181,0,0,30.909090909090907,8.181818181818182,22.727272727272727,10.909090909090908,6.363636363636363,4.545454545454546,0
E00117401,117,55,22,33,1,1,38,9,29,22,16,6,1,47.008547008547005,18.803418803418804,28.205128205128204,0.8547008547008548,0.8547008547008548,32.47863247863248,7.6923076923076925,24.786324786324787,18.803418803418804,13.675213675213676,5.128205128205128,0.8547008547008548
E00117402,129,73,28,45,3,3,25,3,22,28,25,3,0,56.58914728682171,21.705426356589147,34.883720930232556,2.3255813953488373,2.3255813953488373,19.379844961240313,2.3255813953488373,17.05426356589147,21.705426356589147,19.379844961240313,2.3255813953488373,0
E00117403,128,52,21,31,10,10,48,7,41,18,15,3,0,40.625,16.40625,24.21875,7.8125,7.8125,37.5,5.46875,32.03125,14.0625,11.71875,2.34375,0
E00117404,123,69,21,48,1,1,42,7,35,11,9,2,0,56.09756097560976,17.073170731707318,39.02439024390244,0.8130081300813009,0.8130081300813009,34.146341463414636,5.691056910569105,28.455284552845526,8.94308943089431,7.317073170731707,1.6260162601626018,0
E00117405,111,35,12,23,2,2,54,15,39,18,16,2,2,31.53153153153153,10.81081081081081,20.72072072072072,1.8018018018018018,1.8018018018018018,48.64864864864865,13.513513513513514,35.13513513513514,16.216216216216218,14.414414414414415,1.8018018018018018,1.8018018018018018
E00117406,124,46,15,31,4,4,66,5,61,8,7,1,0,37.096774193548384,12.096774193548388,25,3.225806451612903,3.225806451612903,53.2258064516129,4.032258064516129,49.193548387096776,6.451612903225806,5.64516129032258,0.8064516129032258,0
E00117407,122,52,15,37,0,0,58,12,46,12,9,3,0,42.62295081967213,12.295081967213115,30.327868852459016,0,0,47.540983606557376,9.836065573770492,37.704918032786885,9.836065573770492,7.377049180327869,2.459016393442623,0
E00117408,130,49,20,29,3,3,58,4,54,20,15,5,0,37.69230769230769,15.384615384615385,22.30769230769231,2.307692307692308,2.307692307692308,44.61538461538462,3.076923076923077,41.53846153846154,15.384615384615385,11.538461538461538,3.8461538461538463,0
E00117409,116,47,22,25,1,1,55,11,44,12,10,2,1,40.51724137931034,18.96551724137931,21.551724137931032,0.8620689655172413,0.8620689655172413,47.41379310344828,9.482758620689655,37.93103448275862,10.344827586206897,8.620689655172415,1.7241379310344827,0.8620689655172413
E00117410,131,44,18,26,1,1,81,17,64,5,5,0,0,33.587786259541986,13.740458015267176,19.84732824427481,0.7633587786259541,0.7633587786259541,61.832061068702295,12.977099236641221,48.854961832061065,3.816793893129771,3.816793893129771,0,0
E00117411,120,40,24,16,0,0,69,13,56,11,9,2,0,33.33333333333333,20,13.333333333333334,0,0,57.49999999999999,10.833333333333334,46.666666666666664,9.166666666666666,7.5,1.6666666666666667,0
E00117412,106,21,10,11,0,0,76,9,67,7,5,2,2,19.81132075471698,9.433962264150944,10.377358490566039,0,0,71.69811320754717,8.49056603773585,63.20754716981132,6.60377358490566,4.716981132075472,1.8867924528301887,1.8867924528301887
E00117413,130,59,27,32,1,1,60,9,51,9,5,4,1,45.38461538461539,20.76923076923077,24.615384615384617,0.7692307692307693,0.7692307692307693,46.15384615384615,6.923076923076923,39.23076923076923,6.923076923076923,3.8461538461538463,3.076923076923077,0.7692307692307693
E00117414,123,37,19,18,0,0,75,9,66,10,9,1,1,30.081300813008134,15.447154471544716,14.634146341463413,0,0,60.97560975609756,7.317073170731707,53.65853658536586,8.130081300813007,7.317073170731707,0.8130081300813009,0.8130081300813009
E00117415,137,103,34,69,0,0,0,0,0,34,24,10,0,75.18248175182481,24.817518248175183,50.36496350364964,0,0,0,0,0,24.817518248175183,17.51824817518248,7.2992700729927,0
E00117416,190,116,37,79,0,0,47,9,38,27,24,3,0,61.05263157894737,19.473684210526315,41.578947368421055,0,0,24.736842105263158,4.736842105263158,20,14.210526315789473,12.631578947368421,1.5789473684210527,0
E00117417,137,119,67,52,0,0,0,0,0,18,13,5,0,86.86131386861314,48.9051094890511,37.95620437956204,0,0,0,0,0,13.138686131386862,9.48905109489051,3.64963503649635,0
E00117418,108,64,23,41,3,3,1,0,1,40,37,3,0,59.25925925925925,21.296296296296298,37.96296296296296,2.7777777777777777,2.7777777777777777,0.9259259259259258,0,0.9259259259259258,37.03703703703704,34.25925925925926,2.7777777777777777,0
E00117419,98,85,36,49,0,0,1,0,1,12,12,0,0,86.73469387755102,36.734693877551024,50,0,0,1.0204081632653061,0,1.0204081632653061,12.244897959183673,12.244897959183673,0,0
E00117420,110,37,12,25,1,1,57,13,44,12,8,4,3,33.63636363636363,10.909090909090908,22.727272727272727,0.9090909090909091,0.9090909090909091,51.81818181818182,11.818181818181818,40,10.909090909090908,7.2727272727272725,3.6363636363636362,2.727272727272727
E00117421,118,97,40,57,0,0,2,1,1,19,18,1,0,82.20338983050848,33.89830508474576,48.30508474576271,0,0,1.694915254237288,0.847457627118644,0.847457627118644,16.101694915254235,15.254237288135593,0.847457627118644,0
E00117422,124,95,42,53,0,0,18,4,14,11,11,0,0,76.61290322580645,33.87096774193548,42.74193548387097,0,0,14.516129032258066,3.225806451612903,11.29032258064516,8.870967741935484,8.870967741935484,0,0
E00117423,177,118,45,73,0,0,33,9,24,26,26,0,0,66.66666666666666,25.423728813559322,41.24293785310734,0,0,18.64406779661017,5.084745762711865,13.559322033898304,14.689265536723164,14.689265536723164,0,0
E00117424,114,57,20,37,2,2,47,12,35,8,8,0,0,50,17.543859649122805,32.45614035087719,1.7543859649122806,1.7543859649122806,41.228070175438596,10.526315789473683,30.701754385964914,7.017543859649122,7.017543859649122,0,0
E00117425,120,85,37,48,0,0,21,3,18,13,11,2,1,70.83333333333334,30.833333333333336,40,0,0,17.5,2.5,15,10.833333333333334,9.166666666666666,1.6666666666666667,0.8333333333333334
E00117426,132,58,23,35,0,0,68,11,57,6,4,2,0,43.93939393939394,17.424242424242426,26.515151515151516,0,0,51.515151515151516,8.333333333333332,43.18181818181818,4.545454545454546,3.0303030303030303,1.5151515151515151,0
E00117427,99,50,24,26,2,2,41,12,29,6,5,1,0,50.505050505050505,24.242424242424242,26.262626262626267,2.0202020202020203,2.0202020202020203,41.41414141414141,12.121212121212121,29.292929292929294,6.0606060606060606,5.05050505050505,1.0101010101010102,0
E00117428,179,69,28,41,0,0,93,27,66,16,12,4,1,38.547486033519554,15.64245810055866,22.905027932960895,0,0,51.955307262569825,15.083798882681565,36.87150837988827,8.938547486033519,6.70391061452514,2.2346368715083798,0.5586592178770949
E00117429,206,136,42,94,6,6,17,1,16,47,44,3,0,66.01941747572816,20.388349514563107,45.63106796116505,2.912621359223301,2.912621359223301,8.25242718446602,0.48543689320388345,7.766990291262135,22.815533980582526,21.35922330097087,1.4563106796116505,0
E00117430,92,30,15,15,2,2,48,2,46,12,10,2,0,32.608695652173914,16.304347826086957,16.304347826086957,2.1739130434782608,2.1739130434782608,52.17391304347826,2.1739130434782608,50,13.043478260869565,10.869565217391305,2.1739130434782608,0
E00117431,124,110,54,56,1,1,1,0,1,12,8,4,0,88.70967741935483,43.54838709677419,45.16129032258064,0.8064516129032258,0.8064516129032258,0.8064516129032258,0,0.8064516129032258,9.67741935483871,6.451612903225806,3.225806451612903,0
E00117432,120,84,49,35,3,3,12,0,12,21,16,5,0,70,40.833333333333336,29.166666666666668,2.5,2.5,10,0,10,17.5,13.333333333333334,4.166666666666666,0
E00117433,112,78,24,54,0,0,17,0,17,17,15,2,0,69.64285714285714,21.428571428571427,48.214285714285715,0,0,15.178571428571427,0,15.178571428571427,15.178571428571427,13.392857142857142,1.7857142857142856,0
E00117434,109,103,49,54,0,0,0,0,0,6,5,1,0,94.4954128440367,44.95412844036697,49.54128440366973,0,0,0,0,0,5.5045871559633035,4.587155963302752,0.9174311926605505,0
E00117435,117,100,38,62,1,1,4,1,3,12,12,0,0,85.47008547008546,32.47863247863248,52.991452991452995,0.8547008547008548,0.8547008547008548,3.418803418803419,0.8547008547008548,2.564102564102564,10.256410256410255,10.256410256410255,0,0
E00117436,123,79,37,42,0,0,15,1,14,29,27,2,0,64.22764227642277,30.081300813008134,34.146341463414636,0,0,12.195121951219512,0.8130081300813009,11.38211382113821,23.577235772357724,21.951219512195124,1.6260162601626018,0
E00117438,128,109,56,53,0,0,0,0,0,19,17,2,0,85.15625,43.75,41.40625,0,0,0,0,0,14.84375,13.28125,1.5625,0
E00117439,82,74,28,46,0,0,0,0,0,8,4,4,0,90.2439024390244,34.146341463414636,56.09756097560976,0,0,0,0,0,9.75609756097561,4.878048780487805,4.878048780487805,0
E00117440,102,91,48,43,1,1,2,0,2,8,7,1,0,89.2156862745098,47.05882352941176,42.15686274509804,0.9803921568627451,0.9803921568627451,1.9607843137254901,0,1.9607843137254901,7.8431372549019605,6.862745098039216,0.9803921568627451,0
E00117441,94,80,32,48,1,1,3,0,3,10,7,3,0,85.1063829787234,34.04255319148936,51.06382978723404,1.0638297872340425,1.0638297872340425,3.1914893617021276,0,3.1914893617021276,10.638297872340425,7.446808510638298,3.1914893617021276,0
E00117442,118,108,72,36,0,0,2,0,2,8,7,1,0,91.52542372881356,61.016949152542374,30.508474576271187,0,0,1.694915254237288,0,1.694915254237288,6.779661016949152,5.932203389830509,0.847457627118644,0
E00117443,116,103,58,45,0,0,2,0,2,11,9,2,0,88.79310344827587,50,38.793103448275865,0,0,1.7241379310344827,0,1.7241379310344827,9.482758620689655,7.758620689655173,1.7241379310344827,0
E00117444,111,106,59,47,1,1,1,0,1,3,2,1,0,95.4954954954955,53.153153153153156,42.34234234234234,0.9009009009009009,0.9009009009009009,0.9009009009009009,0,0.9009009009009009,2.7027027027027026,1.8018018018018018,0.9009009009009009,0
E00117445,92,81,36,45,0,0,5,0,5,6,6,0,0,88.04347826086956,39.130434782608695,48.91304347826087,0,0,5.434782608695652,0,5.434782608695652,6.521739130434782,6.521739130434782,0,0
E00117446,99,83,38,45,0,0,6,0,6,10,10,0,0,83.83838383838383,38.38383838383838,45.45454545454545,0,0,6.0606060606060606,0,6.0606060606060606,10.1010101010101,10.1010101010101,0,0
E00117448,141,124,53,71,0,0,1,0,1,16,11,5,0,87.94326241134752,37.5886524822695,50.35460992907801,0,0,0.7092198581560284,0,0.7092198581560284,11.347517730496454,7.801418439716312,3.546099290780142,0
E00117449,136,111,49,62,0,0,3,0,3,22,22,0,0,81.61764705882352,36.029411764705884,45.588235294117645,0,0,2.2058823529411766,0,2.2058823529411766,16.176470588235293,16.176470588235293,0,0
E00117450,152,96,38,58,0,0,10,1,9,46,39,7,0,63.1578947368421,25,38.15789473684211,0,0,6.578947368421052,0.6578947368421052,5.921052631578947,30.263157894736842,25.657894736842106,4.605263157894736,0
E00117451,124,111,54,57,0,0,2,0,2,11,11,0,0,89.51612903225806,43.54838709677419,45.96774193548387,0,0,1.6129032258064515,0,1.6129032258064515,8.870967741935484,8.870967741935484,0,0
E00117452,227,189,100,89,2,2,13,0,13,23,20,3,0,83.25991189427313,44.052863436123346,39.20704845814978,0.881057268722467,0.881057268722467,5.726872246696035,0,5.726872246696035,10.13215859030837,8.81057268722467,1.3215859030837005,0
E00117453,145,109,46,63,1,1,10,0,10,25,22,3,0,75.17241379310344,31.724137931034484,43.44827586206896,0.6896551724137931,0.6896551724137931,6.896551724137931,0,6.896551724137931,17.24137931034483,15.172413793103448,2.0689655172413794,0
E00117454,119,99,45,54,0,0,0,0,0,20,15,5,0,83.19327731092437,37.81512605042017,45.378151260504204,0,0,0,0,0,16.80672268907563,12.605042016806722,4.201680672268908,0
E00117455,103,86,34,52,0,0,0,0,0,17,16,1,0,83.49514563106796,33.00970873786408,50.48543689320388,0,0,0,0,0,16.50485436893204,15.53398058252427,0.9708737864077669,0
E00117456,138,95,52,43,0,0,29,1,28,14,9,5,0,68.84057971014492,37.68115942028986,31.15942028985507,0,0,21.014492753623188,0.7246376811594203,20.28985507246377,10.144927536231885,6.521739130434782,3.6231884057971016,0
E00117457,108,97,53,44,0,0,2,0,2,9,7,2,0,89.81481481481481,49.074074074074076,40.74074074074074,0,0,1.8518518518518516,0,1.8518518518518516,8.333333333333332,6.481481481481481,1.8518518518518516,0
E00117458,104,93,39,54,1,1,0,0,0,10,9,1,0,89.42307692307693,37.5,51.92307692307693,0.9615384615384616,0.9615384615384616,0,0,0,9.615384615384617,8.653846153846153,0.9615384615384616,0
E00117459,135,77,22,55,0,0,9,3,6,49,44,5,0,57.03703703703704,16.296296296296298,40.74074074074074,0,0,6.666666666666667,2.2222222222222223,4.444444444444445,36.2962962962963,32.592592592592595,3.7037037037037033,0
E00117460,129,84,28,56,0,0,8,0,8,37,28,9,0,65.11627906976744,21.705426356589147,43.41085271317829,0,0,6.2015503875969,0,6.2015503875969,28.68217054263566,21.705426356589147,6.976744186046512,0
E00117461,222,123,51,72,0,0,16,6,10,83,78,5,0,55.4054054054054,22.972972972972975,32.432432432432435,0,0,7.207207207207207,2.7027027027027026,4.504504504504505,37.38738738738739,35.13513513513514,2.2522522522522523,0
E00117462,127,86,28,58,0,0,4,1,3,37,36,1,0,67.71653543307087,22.04724409448819,45.66929133858268,0,0,3.149606299212598,0.7874015748031495,2.3622047244094486,29.133858267716533,28.346456692913385,0.7874015748031495,0
E00117463,124,82,29,53,0,0,9,0,9,33,30,3,0,66.12903225806451,23.387096774193548,42.74193548387097,0,0,7.258064516129033,0,7.258064516129033,26.61290322580645,24.193548387096776,2.4193548387096775,0
E00117464,157,83,24,59,1,1,5,1,4,68,64,4,0,52.86624203821656,15.286624203821656,37.57961783439491,0.6369426751592357,0.6369426751592357,3.1847133757961785,0.6369426751592357,2.547770700636943,43.31210191082803,40.76433121019109,2.547770700636943,0
E00117465,190,118,40,78,3,3,14,1,13,55,45,10,0,62.10526315789474,21.052631578947366,41.05263157894737,1.5789473684210527,1.5789473684210527,7.368421052631578,0.5263157894736842,6.842105263157896,28.947368421052634,23.684210526315788,5.263157894736842,0
E00117466,130,49,18,31,1,1,52,2,50,28,23,5,0,37.69230769230769,13.846153846153847,23.846153846153847,0.7692307692307693,0.7692307692307693,40,1.5384615384615385,38.46153846153847,21.53846153846154,17.692307692307693,3.8461538461538463,0
E00117467,132,43,24,19,0,0,77,14,63,12,9,3,0,32.57575757575758,18.181818181818183,14.393939393939394,0,0,58.333333333333336,10.606060606060606,47.72727272727273,9.090909090909092,6.8181818181818175,2.272727272727273,0
E00117468,109,9,5,4,1,1,97,29,68,2,2,0,0,8.256880733944955,4.587155963302752,3.669724770642202,0.9174311926605505,0.9174311926605505,88.9908256880734,26.605504587155966,62.38532110091744,1.834862385321101,1.834862385321101,0,0
E00117469,107,34,13,21,2,2,62,13,49,7,5,2,2,31.775700934579437,12.149532710280374,19.626168224299064,1.8691588785046727,1.8691588785046727,57.943925233644855,12.149532710280374,45.794392523364486,6.5420560747663545,4.672897196261682,1.8691588785046727,1.8691588785046727
E00117470,123,94,39,55,0,0,23,3,20,6,5,1,0,76.42276422764228,31.70731707317073,44.71544715447154,0,0,18.69918699186992,2.4390243902439024,16.260162601626014,4.878048780487805,4.0650406504065035,0.8130081300813009,0
E00117471,120,76,34,42,0,0,29,6,23,15,13,2,0,63.33333333333333,28.333333333333332,35,0,0,24.166666666666668,5,19.166666666666668,12.5,10.833333333333334,1.6666666666666667,0
E00117472,123,56,19,37,3,3,37,6,31,27,22,5,0,45.52845528455284,15.447154471544716,30.081300813008134,2.4390243902439024,2.4390243902439024,30.081300813008134,4.878048780487805,25.203252032520325,21.951219512195124,17.88617886178862,4.0650406504065035,0
E00117473,139,74,29,45,0,0,36,8,28,29,22,7,0,53.23741007194245,20.863309352517987,32.37410071942446,0,0,25.899280575539567,5.755395683453238,20.14388489208633,20.863309352517987,15.827338129496402,5.0359712230215825,0
E00117474,113,52,18,34,0,0,49,2,47,11,10,1,1,46.017699115044245,15.929203539823009,30.08849557522124,0,0,43.36283185840708,1.7699115044247788,41.5929203539823,9.734513274336283,8.849557522123893,0.8849557522123894,0.8849557522123894
E00117475,149,76,24,52,0,0,48,9,39,25,21,4,0,51.006711409395976,16.10738255033557,34.899328859060404,0,0,32.21476510067114,6.0402684563758395,26.174496644295303,16.778523489932887,14.093959731543624,2.684563758389262,0
E00117476,116,60,20,40,0,0,42,5,37,14,12,2,0,51.724137931034484,17.24137931034483,34.48275862068966,0,0,36.206896551724135,4.310344827586207,31.896551724137932,12.068965517241379,10.344827586206897,1.7241379310344827,0
E00117477,116,67,20,47,1,1,36,6,30,12,12,0,0,57.758620689655174,17.24137931034483,40.51724137931034,0.8620689655172413,0.8620689655172413,31.03448275862069,5.172413793103448,25.862068965517242,10.344827586206897,10.344827586206897,0,0
E00117478,110,51,17,34,0,0,38,8,30,21,13,8,0,46.36363636363636,15.454545454545453,30.909090909090907,0,0,34.54545454545455,7.2727272727272725,27.27272727272727,19.090909090909093,11.818181818181818,7.2727272727272725,0
E00117479,126,64,25,39,0,0,53,0,53,9,7,2,0,50.79365079365079,19.841269841269842,30.952380952380953,0,0,42.06349206349206,0,42.06349206349206,7.142857142857142,5.555555555555555,1.5873015873015872,0
E00117480,126,82,37,45,1,1,30,3,27,13,10,3,0,65.07936507936508,29.365079365079367,35.714285714285715,0.7936507936507936,0.7936507936507936,23.809523809523807,2.380952380952381,21.428571428571427,10.317460317460316,7.936507936507936,2.380952380952381,0
E00117481,141,87,30,57,1,1,44,8,36,9,7,2,0,61.702127659574465,21.27659574468085,40.42553191489361,0.7092198581560284,0.7092198581560284,31.20567375886525,5.673758865248227,25.53191489361702,6.382978723404255,4.964539007092199,1.4184397163120568,0
E00117482,120,76,36,40,1,1,30,7,23,13,11,2,0,63.33333333333333,30,33.33333333333333,0.8333333333333334,0.8333333333333334,25,5.833333333333333,19.166666666666668,10.833333333333334,9.166666666666666,1.6666666666666667,0
E00117483,115,38,16,22,0,0,62,6,56,15,15,0,0,33.04347826086956,13.91304347826087,19.130434782608695,0,0,53.91304347826087,5.217391304347826,48.69565217391305,13.043478260869565,13.043478260869565,0,0
E00117484,123,113,59,54,1,1,2,1,1,7,4,3,0,91.869918699187,47.96747967479675,43.90243902439025,0.8130081300813009,0.8130081300813009,1.6260162601626018,0.8130081300813009,0.8130081300813009,5.691056910569105,3.2520325203252036,2.4390243902439024,0
E00117485,117,78,28,50,0,0,23,1,22,16,12,4,0,66.66666666666666,23.931623931623932,42.73504273504273,0,0,19.65811965811966,0.8547008547008548,18.803418803418804,13.675213675213676,10.256410256410255,3.418803418803419,0
E00117486,140,107,44,63,1,1,4,0,4,28,24,4,0,76.42857142857142,31.428571428571427,45,0.7142857142857143,0.7142857142857143,2.857142857142857,0,2.857142857142857,20,17.142857142857142,2.857142857142857,0
E00117487,111,64,25,39,1,1,9,2,7,37,34,3,0,57.65765765765766,22.52252252252252,35.13513513513514,0.9009009009009009,0.9009009009009009,8.108108108108109,1.8018018018018018,6.306306306306306,33.33333333333333,30.630630630630627,2.7027027027027026,0
E00117488,118,88,43,45,0,0,13,2,11,17,13,4,0,74.57627118644068,36.440677966101696,38.13559322033898,0,0,11.016949152542372,1.694915254237288,9.322033898305085,14.40677966101695,11.016949152542372,3.389830508474576,0
E00117489,120,90,35,55,1,1,0,0,0,29,25,4,0,75,29.166666666666668,45.83333333333333,0.8333333333333334,0.8333333333333334,0,0,0,24.166666666666668,20.833333333333336,3.3333333333333335,0
E00117490,113,94,36,58,0,0,6,0,6,13,9,4,0,83.1858407079646,31.858407079646017,51.32743362831859,0,0,5.3097345132743365,0,5.3097345132743365,11.504424778761061,7.964601769911504,3.5398230088495577,0
E00117491,115,75,21,54,0,0,3,1,2,37,35,2,0,65.21739130434783,18.26086956521739,46.95652173913044,0,0,2.608695652173913,0.8695652173913043,1.7391304347826086,32.17391304347826,30.434782608695656,1.7391304347826086,0
E00117492,128,86,37,49,2,2,1,1,0,39,30,9,0,67.1875,28.90625,38.28125,1.5625,1.5625,0.78125,0.78125,0,30.46875,23.4375,7.03125,0
E00117493,119,99,37,62,0,0,1,0,1,19,18,1,0,83.19327731092437,31.092436974789916,52.10084033613446,0,0,0.8403361344537815,0,0.8403361344537815,15.966386554621847,15.126050420168067,0.8403361344537815,0
E00117494,109,84,28,56,2,2,2,0,2,21,18,3,0,77.06422018348624,25.688073394495415,51.37614678899083,1.834862385321101,1.834862385321101,1.834862385321101,0,1.834862385321101,19.26605504587156,16.51376146788991,2.7522935779816518,0
E00117496,121,115,70,45,0,0,3,1,2,3,3,0,0,95.0413223140496,57.85123966942148,37.1900826446281,0,0,2.479338842975207,0.8264462809917356,1.6528925619834711,2.479338842975207,2.479338842975207,0,0
E00117497,125,113,54,59,0,0,2,0,2,10,10,0,0,90.4,43.2,47.199999999999996,0,0,1.6,0,1.6,8,8,0,0
E00117498,180,34,4,30,35,35,101,18,83,7,5,2,3,18.88888888888889,2.2222222222222223,16.666666666666664,19.444444444444446,19.444444444444446,56.111111111111114,10,46.111111111111114,3.888888888888889,2.7777777777777777,1.1111111111111112,1.6666666666666667
E00117499,179,42,16,26,18,18,109,25,84,10,8,2,0,23.463687150837988,8.938547486033519,14.52513966480447,10.05586592178771,10.05586592178771,60.893854748603346,13.966480446927374,46.927374301675975,5.58659217877095,4.4692737430167595,1.1173184357541899,0
E00117500,45,15,2,13,4,4,21,4,17,5,5,0,0,33.33333333333333,4.444444444444445,28.888888888888886,8.88888888888889,8.88888888888889,46.666666666666664,8.88888888888889,37.77777777777778,11.11111111111111,11.11111111111111,0,0
E00117501,63,13,0,13,2,2,40,5,35,8,7,1,0,20.634920634920633,0,20.634920634920633,3.1746031746031744,3.1746031746031744,63.49206349206349,7.936507936507936,55.55555555555556,12.698412698412698,11.11111111111111,1.5873015873015872,0
E00117503,119,66,20,46,1,1,26,2,24,26,25,1,0,55.46218487394958,16.80672268907563,38.655462184873954,0.8403361344537815,0.8403361344537815,21.84873949579832,1.680672268907563,20.168067226890756,21.84873949579832,21.008403361344538,0.8403361344537815,0
E00117504,112,95,38,57,0,0,0,0,0,17,15,2,0,84.82142857142857,33.92857142857143,50.89285714285714,0,0,0,0,0,15.178571428571427,13.392857142857142,1.7857142857142856,0
E00117505,129,79,17,62,0,0,0,0,0,50,46,4,0,61.240310077519375,13.178294573643413,48.06201550387597,0,0,0,0,0,38.759689922480625,35.65891472868217,3.10077519379845,0
E00117506,130,83,23,60,0,0,25,5,20,22,19,3,0,63.84615384615384,17.692307692307693,46.15384615384615,0,0,19.230769230769234,3.8461538461538463,15.384615384615385,16.923076923076923,14.615384615384617,2.307692307692308,0
E00117507,102,63,19,44,1,1,23,6,17,15,13,2,0,61.76470588235294,18.627450980392158,43.13725490196079,0.9803921568627451,0.9803921568627451,22.54901960784314,5.88235294117647,16.666666666666664,14.705882352941178,12.745098039215685,1.9607843137254901,0
E00117508,114,95,49,46,0,0,0,0,0,19,17,2,0,83.33333333333334,42.98245614035088,40.35087719298245,0,0,0,0,0,16.666666666666664,14.912280701754385,1.7543859649122806,0
E00117509,111,69,19,50,0,0,6,0,6,36,32,4,0,62.16216216216216,17.117117117117118,45.04504504504504,0,0,5.405405405405405,0,5.405405405405405,32.432432432432435,28.82882882882883,3.6036036036036037,0
E00117510,115,105,52,53,0,0,1,1,0,9,6,3,0,91.30434782608695,45.21739130434783,46.08695652173913,0,0,0.8695652173913043,0.8695652173913043,0,7.82608695652174,5.217391304347826,2.608695652173913,0
E00117511,129,35,19,16,0,0,76,4,72,18,17,1,0,27.131782945736433,14.728682170542637,12.4031007751938,0,0,58.91472868217055,3.10077519379845,55.81395348837209,13.953488372093023,13.178294573643413,0.7751937984496124,0
E00117512,112,107,51,56,0,0,1,1,0,4,3,1,0,95.53571428571429,45.535714285714285,50,0,0,0.8928571428571428,0.8928571428571428,0,3.571428571428571,2.6785714285714284,0.8928571428571428,0
E00117513,151,97,54,43,0,0,13,1,12,41,35,6,0,64.23841059602648,35.76158940397351,28.47682119205298,0,0,8.609271523178808,0.6622516556291391,7.9470198675496695,27.1523178807947,23.178807947019866,3.9735099337748347,0
E00117514,116,55,22,33,0,0,49,7,42,12,10,2,0,47.41379310344828,18.96551724137931,28.448275862068968,0,0,42.241379310344826,6.0344827586206895,36.206896551724135,10.344827586206897,8.620689655172415,1.7241379310344827,0
E00117515,123,71,32,39,0,0,14,0,14,38,34,4,0,57.72357723577236,26.01626016260163,31.70731707317073,0,0,11.38211382113821,0,11.38211382113821,30.89430894308943,27.64227642276423,3.2520325203252036,0
E00117516,128,52,16,36,0,0,18,3,15,58,52,6,0,40.625,12.5,28.125,0,0,14.0625,2.34375,11.71875,45.3125,40.625,4.6875,0
E00117517,121,74,27,47,0,0,33,5,28,13,13,0,1,61.15702479338842,22.31404958677686,38.84297520661157,0,0,27.27272727272727,4.132231404958678,23.140495867768596,10.743801652892563,10.743801652892563,0,0.8264462809917356
E00117518,108,88,48,40,0,0,6,0,6,14,12,2,0,81.48148148148148,44.44444444444444,37.03703703703704,0,0,5.555555555555555,0,5.555555555555555,12.962962962962962,11.11111111111111,1.8518518518518516,0
E00117519,103,73,36,37,2,2,9,2,7,19,18,1,0,70.87378640776699,34.95145631067961,35.92233009708738,1.9417475728155338,1.9417475728155338,8.737864077669903,1.9417475728155338,6.796116504854369,18.446601941747574,17.475728155339805,0.9708737864077669,0
E00117520,114,87,41,46,0,0,3,0,3,24,22,2,0,76.31578947368422,35.96491228070175,40.35087719298245,0,0,2.631578947368421,0,2.631578947368421,21.052631578947366,19.298245614035086,1.7543859649122806,0
E00117521,107,78,35,43,1,1,16,4,12,12,9,3,0,72.89719626168224,32.71028037383177,40.18691588785047,0.9345794392523363,0.9345794392523363,14.953271028037381,3.7383177570093453,11.214953271028037,11.214953271028037,8.411214953271028,2.803738317757009,0
E00117522,116,60,24,36,0,0,25,3,22,31,29,2,0,51.724137931034484,20.689655172413794,31.03448275862069,0,0,21.551724137931032,2.586206896551724,18.96551724137931,26.72413793103448,25,1.7241379310344827,0
E00117523,110,80,37,43,0,0,21,3,18,9,7,2,0,72.72727272727273,33.63636363636363,39.09090909090909,0,0,19.090909090909093,2.727272727272727,16.363636363636363,8.181818181818182,6.363636363636363,1.8181818181818181,0
E00117524,116,102,53,49,0,0,2,1,1,12,11,1,0,87.93103448275862,45.689655172413794,42.241379310344826,0,0,1.7241379310344827,0.8620689655172413,0.8620689655172413,10.344827586206897,9.482758620689655,0.8620689655172413,0
E00117525,97,88,46,42,0,0,2,0,2,7,7,0,0,90.72164948453609,47.42268041237113,43.29896907216495,0,0,2.0618556701030926,0,2.0618556701030926,7.216494845360824,7.216494845360824,0,0
E00117526,130,104,50,54,0,0,0,0,0,26,24,2,0,80,38.46153846153847,41.53846153846154,0,0,0,0,0,20,18.461538461538463,1.5384615384615385,0
E00117527,114,102,54,48,0,0,3,1,2,8,4,4,1,89.47368421052632,47.368421052631575,42.10526315789473,0,0,2.631578947368421,0.8771929824561403,1.7543859649122806,7.017543859649122,3.508771929824561,3.508771929824561,0.8771929824561403
E00117528,126,96,29,67,1,1,2,0,2,27,25,2,0,76.19047619047619,23.015873015873016,53.17460317460318,0.7936507936507936,0.7936507936507936,1.5873015873015872,0,1.5873015873015872,21.428571428571427,19.841269841269842,1.5873015873015872,0
E00117530,106,81,38,43,0,0,2,0,2,23,23,0,0,76.41509433962264,35.84905660377358,40.56603773584906,0,0,1.8867924528301887,0,1.8867924528301887,21.69811320754717,21.69811320754717,0,0
E00117531,90,56,22,34,7,7,12,0,12,15,12,3,0,62.22222222222222,24.444444444444443,37.77777777777778,7.777777777777778,7.777777777777778,13.333333333333334,0,13.333333333333334,16.666666666666664,13.333333333333334,3.3333333333333335,0
E00117532,113,101,38,63,0,0,3,0,3,9,8,1,0,89.38053097345133,33.6283185840708,55.75221238938053,0,0,2.6548672566371683,0,2.6548672566371683,7.964601769911504,7.079646017699115,0.8849557522123894,0
E00117533,115,79,23,56,0,0,0,0,0,36,36,0,0,68.69565217391305,20,48.69565217391305,0,0,0,0,0,31.30434782608696,31.30434782608696,0,0
E00117534,127,104,45,59,2,2,12,3,9,9,6,3,0,81.88976377952756,35.43307086614173,46.45669291338583,1.574803149606299,1.574803149606299,9.448818897637794,2.3622047244094486,7.086614173228346,7.086614173228346,4.724409448818897,2.3622047244094486,0
E00117535,99,86,33,53,0,0,1,0,1,12,10,2,0,86.86868686868688,33.33333333333333,53.535353535353536,0,0,1.0101010101010102,0,1.0101010101010102,12.121212121212121,10.1010101010101,2.0202020202020203,0
E00117536,130,83,31,52,1,1,2,0,2,44,33,11,0,63.84615384615384,23.846153846153847,40,0.7692307692307693,0.7692307692307693,1.5384615384615385,0,1.5384615384615385,33.84615384615385,25.384615384615383,8.461538461538462,0
E00117537,139,91,45,46,6,6,31,3,28,11,7,4,0,65.46762589928058,32.37410071942446,33.093525179856115,4.316546762589928,4.316546762589928,22.302158273381295,2.158273381294964,20.14388489208633,7.913669064748201,5.0359712230215825,2.877697841726619,0
E00117539,107,79,40,39,1,1,9,1,8,18,7,11,0,73.83177570093457,37.38317757009346,36.44859813084112,0.9345794392523363,0.9345794392523363,8.411214953271028,0.9345794392523363,7.476635514018691,16.822429906542055,6.5420560747663545,10.2803738317757,0
E00117540,114,61,26,35,0,0,45,6,39,8,4,4,0,53.50877192982456,22.807017543859647,30.701754385964914,0,0,39.473684210526315,5.263157894736842,34.21052631578947,7.017543859649122,3.508771929824561,3.508771929824561,0
E00117541,134,109,68,41,6,6,2,1,1,17,13,4,0,81.34328358208955,50.74626865671642,30.597014925373134,4.477611940298507,4.477611940298507,1.4925373134328357,0.7462686567164178,0.7462686567164178,12.686567164179104,9.701492537313433,2.9850746268656714,0
E00117542,121,103,40,63,1,1,6,1,5,11,9,2,0,85.12396694214877,33.057851239669425,52.066115702479344,0.8264462809917356,0.8264462809917356,4.958677685950414,0.8264462809917356,4.132231404958678,9.090909090909092,7.43801652892562,1.6528925619834711,0
E00117543,88,86,46,40,0,0,0,0,0,2,1,1,0,97.72727272727273,52.27272727272727,45.45454545454545,0,0,0,0,0,2.272727272727273,1.1363636363636365,1.1363636363636365,0
E00117545,126,99,48,51,0,0,2,1,1,25,25,0,0,78.57142857142857,38.095238095238095,40.476190476190474,0,0,1.5873015873015872,0.7936507936507936,0.7936507936507936,19.841269841269842,19.841269841269842,0,0
E00117546,95,85,36,49,0,0,0,0,0,10,7,3,0,89.47368421052632,37.89473684210527,51.578947368421055,0,0,0,0,0,10.526315789473683,7.368421052631578,3.1578947368421053,0
E00117547,109,88,41,47,1,1,12,0,12,8,8,0,0,80.73394495412845,37.61467889908257,43.11926605504588,0.9174311926605505,0.9174311926605505,11.009174311926607,0,11.009174311926607,7.339449541284404,7.339449541284404,0,0
E00117548,108,88,32,56,3,3,1,0,1,16,16,0,0,81.48148148148148,29.629629629629626,51.85185185185185,2.7777777777777777,2.7777777777777777,0.9259259259259258,0,0.9259259259259258,14.814814814814813,14.814814814814813,0,0
E00117549,118,91,36,55,0,0,1,0,1,26,24,2,0,77.11864406779661,30.508474576271187,46.61016949152542,0,0,0.847457627118644,0,0.847457627118644,22.033898305084744,20.33898305084746,1.694915254237288,0
E00117551,143,2,0,2,1,1,50,4,46,90,11,79,0,1.3986013986013985,0,1.3986013986013985,0.6993006993006993,0.6993006993006993,34.96503496503497,2.797202797202797,32.16783216783217,62.93706293706294,7.6923076923076925,55.24475524475524,0
E00117552,112,23,9,14,2,2,80,3,77,6,5,1,1,20.535714285714285,8.035714285714286,12.5,1.7857142857142856,1.7857142857142856,71.42857142857143,2.6785714285714284,68.75,5.357142857142857,4.464285714285714,0.8928571428571428,0.8928571428571428
E00117553,99,73,29,44,1,1,3,0,3,22,21,1,0,73.73737373737373,29.292929292929294,44.44444444444444,1.0101010101010102,1.0101010101010102,3.0303030303030303,0,3.0303030303030303,22.22222222222222,21.21212121212121,1.0101010101010102,0
E00117554,151,85,31,54,1,1,45,6,39,20,17,3,0,56.29139072847682,20.52980132450331,35.76158940397351,0.6622516556291391,0.6622516556291391,29.80132450331126,3.9735099337748347,25.82781456953642,13.245033112582782,11.258278145695364,1.9867549668874174,0
E00117555,119,71,23,48,0,0,26,4,22,22,18,4,0,59.66386554621849,19.327731092436977,40.33613445378151,0,0,21.84873949579832,3.361344537815126,18.487394957983195,18.487394957983195,15.126050420168067,3.361344537815126,0
E00117558,170,87,29,58,0,0,17,1,16,66,60,6,0,51.17647058823529,17.058823529411764,34.11764705882353,0,0,10,0.5882352941176471,9.411764705882353,38.82352941176471,35.294117647058826,3.5294117647058822,0
E00117559,202,52,20,32,0,0,39,11,28,111,105,6,0,25.742574257425744,9.900990099009901,15.841584158415841,0,0,19.306930693069308,5.445544554455446,13.861386138613863,54.95049504950495,51.98019801980198,2.9702970297029703,0
E00117560,134,95,32,63,0,0,10,0,10,29,28,1,0,70.8955223880597,23.88059701492537,47.01492537313433,0,0,7.462686567164178,0,7.462686567164178,21.641791044776117,20.8955223880597,0.7462686567164178,0
E00117562,175,35,13,22,4,4,53,6,47,80,56,24,3,20,7.428571428571429,12.571428571428573,2.2857142857142856,2.2857142857142856,30.28571428571429,3.428571428571429,26.857142857142858,45.714285714285715,32,13.714285714285715,1.7142857142857144
E00117563,128,69,33,36,0,0,26,0,26,33,29,4,0,53.90625,25.78125,28.125,0,0,20.3125,0,20.3125,25.78125,22.65625,3.125,0
E00117564,145,78,34,44,0,0,42,9,33,25,25,0,0,53.79310344827586,23.448275862068964,30.344827586206897,0,0,28.965517241379313,6.206896551724138,22.758620689655174,17.24137931034483,17.24137931034483,0,0
E00117565,131,105,42,63,1,1,4,0,4,21,18,3,0,80.1526717557252,32.06106870229007,48.091603053435115,0.7633587786259541,0.7633587786259541,3.0534351145038165,0,3.0534351145038165,16.030534351145036,13.740458015267176,2.2900763358778624,0
E00117566,125,103,35,68,0,0,1,0,1,21,18,3,0,82.39999999999999,28.000000000000004,54.400000000000006,0,0,0.8,0,0.8,16.8,14.399999999999999,2.4,0
E00117567,164,101,29,72,0,0,3,0,3,60,54,6,0,61.58536585365854,17.682926829268293,43.90243902439025,0,0,1.8292682926829267,0,1.8292682926829267,36.58536585365854,32.926829268292686,3.6585365853658534,0
E00117568,136,79,26,53,5,5,6,0,6,46,41,5,0,58.08823529411765,19.11764705882353,38.970588235294116,3.6764705882352944,3.6764705882352944,4.411764705882353,0,4.411764705882353,33.82352941176471,30.14705882352941,3.6764705882352944,0
E00117569,142,116,49,67,0,0,3,0,3,23,23,0,0,81.69014084507043,34.50704225352113,47.183098591549296,0,0,2.112676056338028,0,2.112676056338028,16.19718309859155,16.19718309859155,0,0
E00117570,147,53,18,35,0,0,31,5,26,63,55,8,0,36.054421768707485,12.244897959183673,23.809523809523807,0,0,21.08843537414966,3.4013605442176873,17.687074829931973,42.857142857142854,37.41496598639456,5.442176870748299,0
E00117571,189,83,49,34,1,1,9,2,7,96,89,7,0,43.91534391534391,25.925925925925924,17.989417989417987,0.5291005291005291,0.5291005291005291,4.761904761904762,1.0582010582010581,3.7037037037037033,50.79365079365079,47.08994708994709,3.7037037037037033,0
E00117572,163,76,25,51,1,1,6,1,5,80,74,6,0,46.62576687116564,15.337423312883436,31.28834355828221,0.6134969325153374,0.6134969325153374,3.6809815950920246,0.6134969325153374,3.067484662576687,49.079754601226995,45.39877300613497,3.6809815950920246,0
E00117573,130,36,7,29,0,0,32,3,29,62,56,6,0,27.692307692307693,5.384615384615385,22.30769230769231,0,0,24.615384615384617,2.307692307692308,22.30769230769231,47.69230769230769,43.07692307692308,4.615384615384616,0
E00117574,152,23,1,22,0,0,14,6,8,115,11,104,0,15.131578947368421,0.6578947368421052,14.473684210526317,0,0,9.210526315789473,3.9473684210526314,5.263157894736842,75.6578947368421,7.236842105263158,68.42105263157895,0
E00117575,150,35,7,28,1,1,6,2,4,108,103,5,0,23.333333333333332,4.666666666666667,18.666666666666668,0.6666666666666667,0.6666666666666667,4,1.3333333333333335,2.666666666666667,72,68.66666666666667,3.3333333333333335,0
E00117577,138,73,31,42,0,0,12,2,10,53,48,5,0,52.89855072463768,22.463768115942027,30.434782608695656,0,0,8.695652173913043,1.4492753623188406,7.246376811594203,38.405797101449274,34.78260869565217,3.6231884057971016,0
E00117579,137,49,25,24,3,3,42,3,39,43,41,2,0,35.76642335766424,18.248175182481752,17.51824817518248,2.18978102189781,2.18978102189781,30.656934306569344,2.18978102189781,28.467153284671532,31.386861313868614,29.927007299270077,1.4598540145985401,0
E00117580,152,43,6,37,1,1,5,2,3,103,95,8,0,28.289473684210524,3.9473684210526314,24.342105263157894,0.6578947368421052,0.6578947368421052,3.289473684210526,1.3157894736842104,1.9736842105263157,67.76315789473685,62.5,5.263157894736842,0
E00117581,123,87,44,43,1,1,2,0,2,33,28,5,0,70.73170731707317,35.77235772357724,34.959349593495936,0.8130081300813009,0.8130081300813009,1.6260162601626018,0,1.6260162601626018,26.82926829268293,22.76422764227642,4.0650406504065035,0
E00117582,135,52,22,30,0,0,11,1,10,72,69,3,0,38.51851851851852,16.296296296296298,22.22222222222222,0,0,8.148148148148149,0.7407407407407408,7.4074074074074066,53.333333333333336,51.11111111111111,2.2222222222222223,0
E00117583,131,84,30,54,0,0,5,2,3,42,41,1,0,64.12213740458014,22.900763358778626,41.221374045801525,0,0,3.816793893129771,1.5267175572519083,2.2900763358778624,32.06106870229007,31.297709923664126,0.7633587786259541,0
E00117587,166,41,12,29,4,4,5,1,4,116,54,62,0,24.69879518072289,7.228915662650602,17.46987951807229,2.4096385542168677,2.4096385542168677,3.0120481927710845,0.6024096385542169,2.4096385542168677,69.87951807228916,32.53012048192771,37.34939759036144,0
E00117589,146,14,1,13,1,1,31,4,27,100,13,87,0,9.58904109589041,0.684931506849315,8.904109589041095,0.684931506849315,0.684931506849315,21.232876712328768,2.73972602739726,18.493150684931507,68.4931506849315,8.904109589041095,59.589041095890416,0
E00117590,109,12,0,12,0,0,19,2,17,78,11,67,0,11.009174311926607,0,11.009174311926607,0,0,17.431192660550458,1.834862385321101,15.59633027522936,71.55963302752293,10.091743119266056,61.46788990825688,0
E00117591,215,59,7,52,13,13,22,2,20,121,60,61,0,27.44186046511628,3.255813953488372,24.186046511627907,6.046511627906977,6.046511627906977,10.232558139534884,0.9302325581395349,9.30232558139535,56.27906976744186,27.906976744186046,28.37209302325581,0
E00117592,245,87,25,62,2,2,89,18,71,66,57,9,1,35.51020408163265,10.204081632653061,25.30612244897959,0.8163265306122449,0.8163265306122449,36.3265306122449,7.346938775510205,28.97959183673469,26.93877551020408,23.26530612244898,3.6734693877551026,0.40816326530612246
E00117594,112,101,58,43,0,0,2,0,2,9,8,1,0,90.17857142857143,51.78571428571429,38.392857142857146,0,0,1.7857142857142856,0,1.7857142857142856,8.035714285714286,7.142857142857142,0.8928571428571428,0
E00117595,119,109,59,50,0,0,1,0,1,9,9,0,0,91.59663865546219,49.57983193277311,42.016806722689076,0,0,0.8403361344537815,0,0.8403361344537815,7.563025210084033,7.563025210084033,0,0
E00117596,118,108,56,52,0,0,2,0,2,8,4,4,0,91.52542372881356,47.45762711864407,44.06779661016949,0,0,1.694915254237288,0,1.694915254237288,6.779661016949152,3.389830508474576,3.389830508474576,0
E00117597,140,83,37,46,2,2,9,0,9,46,43,3,0,59.285714285714285,26.42857142857143,32.857142857142854,1.4285714285714286,1.4285714285714286,6.428571428571428,0,6.428571428571428,32.857142857142854,30.714285714285715,2.142857142857143,0
E00117598,102,82,39,43,0,0,7,0,7,13,11,2,0,80.3921568627451,38.23529411764706,42.15686274509804,0,0,6.862745098039216,0,6.862745098039216,12.745098039215685,10.784313725490197,1.9607843137254901,0
E00117599,97,77,32,45,1,1,9,1,8,10,5,5,0,79.38144329896907,32.98969072164948,46.391752577319586,1.0309278350515463,1.0309278350515463,9.278350515463918,1.0309278350515463,8.24742268041237,10.309278350515463,5.154639175257731,5.154639175257731,0
E00117600,117,83,46,37,0,0,27,5,22,7,7,0,0,70.94017094017094,39.31623931623932,31.62393162393162,0,0,23.076923076923077,4.273504273504273,18.803418803418804,5.982905982905983,5.982905982905983,0,0
E00117601,110,97,52,45,1,1,7,2,5,5,5,0,0,88.18181818181819,47.27272727272727,40.909090909090914,0.9090909090909091,0.9090909090909091,6.363636363636363,1.8181818181818181,4.545454545454546,4.545454545454546,4.545454545454546,0,0
E00117602,115,91,58,33,1,1,10,0,10,13,11,2,0,79.13043478260869,50.43478260869565,28.695652173913043,0.8695652173913043,0.8695652173913043,8.695652173913043,0,8.695652173913043,11.304347826086957,9.565217391304348,1.7391304347826086,0
E00117603,115,97,53,44,0,0,3,0,3,15,14,1,0,84.34782608695653,46.08695652173913,38.26086956521739,0,0,2.608695652173913,0,2.608695652173913,13.043478260869565,12.173913043478262,0.8695652173913043,0
E00117604,97,86,41,45,1,1,1,0,1,9,7,2,0,88.65979381443299,42.2680412371134,46.391752577319586,1.0309278350515463,1.0309278350515463,1.0309278350515463,0,1.0309278350515463,9.278350515463918,7.216494845360824,2.0618556701030926,0
E00117605,114,99,42,57,1,1,1,0,1,13,8,5,0,86.8421052631579,36.84210526315789,50,0.8771929824561403,0.8771929824561403,0.8771929824561403,0,0.8771929824561403,11.403508771929824,7.017543859649122,4.385964912280701,0
E00117606,111,97,62,35,0,0,1,0,1,13,11,2,0,87.38738738738738,55.85585585585585,31.53153153153153,0,0,0.9009009009009009,0,0.9009009009009009,11.711711711711711,9.90990990990991,1.8018018018018018,0
E00117607,107,88,51,37,1,1,2,0,2,16,16,0,0,82.2429906542056,47.66355140186916,34.57943925233645,0.9345794392523363,0.9345794392523363,1.8691588785046727,0,1.8691588785046727,14.953271028037381,14.953271028037381,0,0
E00117608,106,87,24,63,2,2,3,1,2,14,12,2,0,82.0754716981132,22.641509433962266,59.43396226415094,1.8867924528301887,1.8867924528301887,2.8301886792452833,0.9433962264150944,1.8867924528301887,13.20754716981132,11.320754716981133,1.8867924528301887,0
E00117609,109,90,45,45,0,0,1,0,1,18,14,4,0,82.56880733944955,41.284403669724774,41.284403669724774,0,0,0.9174311926605505,0,0.9174311926605505,16.51376146788991,12.844036697247708,3.669724770642202,0
E00117610,112,83,35,48,0,0,15,0,15,14,11,3,0,74.10714285714286,31.25,42.857142857142854,0,0,13.392857142857142,0,13.392857142857142,12.5,9.821428571428571,2.6785714285714284,0
E00117611,128,69,22,47,0,0,43,11,32,16,11,5,0,53.90625,17.1875,36.71875,0,0,33.59375,8.59375,25,12.5,8.59375,3.90625,0
E00117612,129,33,10,23,0,0,86,3,83,10,9,1,0,25.581395348837212,7.751937984496124,17.829457364341085,0,0,66.66666666666666,2.3255813953488373,64.34108527131784,7.751937984496124,6.976744186046512,0.7751937984496124,0
E00167929,98,31,8,23,11,11,42,2,40,14,14,0,0,31.63265306122449,8.16326530612245,23.46938775510204,11.224489795918368,11.224489795918368,42.857142857142854,2.0408163265306123,40.816326530612244,14.285714285714285,14.285714285714285,0,0
E00167930,110,97,62,35,4,4,3,0,3,6,4,2,0,88.18181818181819,56.36363636363636,31.818181818181817,3.6363636363636362,3.6363636363636362,2.727272727272727,0,2.727272727272727,5.454545454545454,3.6363636363636362,1.8181818181818181,0
E00167931,80,43,11,32,3,3,9,1,8,25,21,4,0,53.75,13.750000000000002,40,3.75,3.75,11.25,1.25,10,31.25,26.25,5,0
E00167932,120,66,12,54,1,1,28,2,26,25,23,2,0,55.00000000000001,10,45,0.8333333333333334,0.8333333333333334,23.333333333333332,1.6666666666666667,21.666666666666668,20.833333333333336,19.166666666666668,1.6666666666666667,0
E00167933,115,71,15,56,6,6,15,1,14,23,22,1,0,61.73913043478261,13.043478260869565,48.69565217391305,5.217391304347826,5.217391304347826,13.043478260869565,0.8695652173913043,12.173913043478262,20,19.130434782608695,0.8695652173913043,0
E00167934,205,22,8,14,14,14,70,13,57,97,94,3,2,10.731707317073171,3.902439024390244,6.829268292682928,6.829268292682928,6.829268292682928,34.146341463414636,6.341463414634147,27.80487804878049,47.3170731707317,45.85365853658537,1.4634146341463417,0.975609756097561
E00167935,126,5,1,4,4,4,26,5,21,91,38,53,0,3.968253968253968,0.7936507936507936,3.1746031746031744,3.1746031746031744,3.1746031746031744,20.634920634920633,3.968253968253968,16.666666666666664,72.22222222222221,30.158730158730158,42.06349206349206,0
E00167936,50,4,3,1,0,0,14,5,9,32,10,22,0,8,6,2,0,0,28.000000000000004,10,18,64,20,44,0
E00167937,142,121,71,50,0,0,1,0,1,20,17,3,0,85.2112676056338,50,35.2112676056338,0,0,0.7042253521126761,0,0.7042253521126761,14.084507042253522,11.971830985915492,2.112676056338028,0
E00167938,95,9,1,8,0,0,15,2,13,71,8,63,0,9.473684210526317,1.0526315789473684,8.421052631578947,0,0,15.789473684210526,2.1052631578947367,13.684210526315791,74.73684210526315,8.421052631578947,66.3157894736842,0
E00167939,217,79,4,75,30,30,4,1,3,104,100,4,0,36.405529953917046,1.8433179723502304,34.56221198156682,13.82488479262673,13.82488479262673,1.8433179723502304,0.4608294930875576,1.3824884792626728,47.926267281105986,46.08294930875576,1.8433179723502304,0
E00167940,113,102,62,40,0,0,0,0,0,11,7,4,0,90.2654867256637,54.86725663716814,35.39823008849557,0,0,0,0,0,9.734513274336283,6.1946902654867255,3.5398230088495577,0
E00167941,201,59,10,49,5,5,57,3,54,80,77,3,0,29.35323383084577,4.975124378109453,24.378109452736318,2.4875621890547266,2.4875621890547266,28.35820895522388,1.4925373134328357,26.865671641791046,39.800995024875625,38.308457711442784,1.4925373134328357,0
E00167942,133,14,6,8,11,11,33,9,24,75,72,3,0,10.526315789473683,4.511278195488721,6.015037593984962,8.270676691729323,8.270676691729323,24.81203007518797,6.7669172932330826,18.045112781954884,56.390977443609025,54.13533834586466,2.2556390977443606,0
E00167943,91,11,4,7,17,17,24,5,19,39,36,3,0,12.087912087912088,4.395604395604396,7.6923076923076925,18.681318681318682,18.681318681318682,26.373626373626376,5.4945054945054945,20.87912087912088,42.857142857142854,39.56043956043956,3.296703296703297,0
E00167944,201,63,18,45,36,36,32,2,30,70,67,3,0,31.343283582089555,8.955223880597014,22.388059701492537,17.91044776119403,17.91044776119403,15.92039800995025,0.9950248756218906,14.925373134328357,34.82587064676617,33.33333333333333,1.4925373134328357,0
E00167945,121,22,4,18,13,13,28,6,22,58,55,3,0,18.181818181818183,3.3057851239669422,14.87603305785124,10.743801652892563,10.743801652892563,23.140495867768596,4.958677685950414,18.181818181818183,47.93388429752066,45.45454545454545,2.479338842975207,0
E00167946,113,54,19,35,2,2,47,6,41,10,4,6,0,47.78761061946903,16.8141592920354,30.973451327433626,1.7699115044247788,1.7699115044247788,41.5929203539823,5.3097345132743365,36.283185840707965,8.849557522123893,3.5398230088495577,5.3097345132743365,0
E00167947,95,78,35,43,0,0,2,1,1,15,11,4,0,82.10526315789474,36.84210526315789,45.26315789473684,0,0,2.1052631578947367,1.0526315789473684,1.0526315789473684,15.789473684210526,11.578947368421053,4.2105263157894735,0
E00167948,78,20,0,20,0,0,5,2,3,53,7,46,0,25.64102564102564,0,25.64102564102564,0,0,6.41025641025641,2.564102564102564,3.8461538461538463,67.94871794871796,8.974358974358974,58.97435897435898,0
E00167949,106,45,21,24,14,14,46,6,40,1,0,1,0,42.45283018867924,19.81132075471698,22.641509433962266,13.20754716981132,13.20754716981132,43.39622641509434,5.660377358490567,37.735849056603776,0.9433962264150944,0,0.9433962264150944,0
E00167950,99,83,17,66,1,1,0,0,0,15,14,1,0,83.83838383838383,17.17171717171717,66.66666666666666,1.0101010101010102,1.0101010101010102,0,0,0,15.151515151515152,14.14141414141414,1.0101010101010102,0
E00167951,94,74,26,48,2,2,11,1,10,7,7,0,0,78.72340425531915,27.659574468085108,51.06382978723404,2.127659574468085,2.127659574468085,11.702127659574469,1.0638297872340425,10.638297872340425,7.446808510638298,7.446808510638298,0,0
E00167952,53,45,38,7,1,1,3,2,1,4,4,0,0,84.90566037735849,71.69811320754717,13.20754716981132,1.8867924528301887,1.8867924528301887,5.660377358490567,3.7735849056603774,1.8867924528301887,7.547169811320755,7.547169811320755,0,0
E00167954,109,9,1,8,0,0,8,0,8,92,10,82,0,8.256880733944955,0.9174311926605505,7.339449541284404,0,0,7.339449541284404,0,7.339449541284404,84.40366972477065,9.174311926605505,75.22935779816514,0
E00167955,115,72,23,49,0,0,25,4,21,18,15,3,0,62.60869565217392,20,42.608695652173914,0,0,21.73913043478261,3.4782608695652173,18.26086956521739,15.65217391304348,13.043478260869565,2.608695652173913,0
E00167956,117,85,17,68,7,7,15,1,14,10,7,3,0,72.64957264957265,14.529914529914532,58.119658119658126,5.982905982905983,5.982905982905983,12.82051282051282,0.8547008547008548,11.965811965811966,8.547008547008547,5.982905982905983,2.564102564102564,0
E00167957,42,12,3,9,0,0,22,0,22,8,8,0,0,28.57142857142857,7.142857142857142,21.428571428571427,0,0,52.38095238095239,0,52.38095238095239,19.047619047619047,19.047619047619047,0,0
E00184836,160,17,5,12,8,8,49,8,41,86,84,2,0,10.625,3.125,7.5,5,5,30.625000000000004,5,25.624999999999996,53.75,52.5,1.25,0
E00184837,128,23,0,23,5,5,31,1,30,69,68,1,0,17.96875,0,17.96875,3.90625,3.90625,24.21875,0.78125,23.4375,53.90625,53.125,0.78125,0
E00184839,106,57,12,45,1,1,27,5,22,21,21,0,0,53.77358490566038,11.320754716981133,42.45283018867924,0.9433962264150944,0.9433962264150944,25.471698113207548,4.716981132075472,20.754716981132077,19.81132075471698,19.81132075471698,0,0
E00184840,89,63,24,39,1,1,2,2,0,23,19,4,0,70.78651685393258,26.96629213483146,43.82022471910113,1.1235955056179776,1.1235955056179776,2.247191011235955,2.247191011235955,0,25.842696629213485,21.34831460674157,4.49438202247191,0
E00184851,124,8,3,5,0,0,16,3,13,100,11,89,0,6.451612903225806,2.4193548387096775,4.032258064516129,0,0,12.903225806451612,2.4193548387096775,10.483870967741936,80.64516129032258,8.870967741935484,71.7741935483871,0
E00184856,101,11,2,9,0,0,6,2,4,84,5,79,0,10.891089108910892,1.9801980198019802,8.91089108910891,0,0,5.9405940594059405,1.9801980198019802,3.9603960396039604,83.16831683168317,4.9504950495049505,78.21782178217822,0
E00184877,67,6,2,4,0,0,4,0,4,57,5,52,0,8.955223880597014,2.9850746268656714,5.970149253731343,0,0,5.970149253731343,0,5.970149253731343,85.07462686567165,7.462686567164178,77.61194029850746,0
E00184884,177,28,10,18,4,4,65,5,60,79,77,2,1,15.819209039548024,5.649717514124294,10.16949152542373,2.2598870056497176,2.2598870056497176,36.72316384180791,2.824858757062147,33.89830508474576,44.632768361581924,43.50282485875706,1.1299435028248588,0.5649717514124294
E00184899,194,93,9,84,24,24,18,4,14,59,55,4,0,47.93814432989691,4.639175257731959,43.29896907216495,12.371134020618557,12.371134020618557,9.278350515463918,2.0618556701030926,7.216494845360824,30.412371134020617,28.350515463917525,2.0618556701030926,0
E00184902,133,94,8,86,0,0,29,6,23,10,9,1,0,70.67669172932331,6.015037593984962,64.66165413533834,0,0,21.804511278195488,4.511278195488721,17.293233082706767,7.518796992481203,6.7669172932330826,0.7518796992481203,0
E00184912,158,53,19,34,0,0,3,1,2,102,100,2,0,33.54430379746836,12.025316455696203,21.518987341772153,0,0,1.89873417721519,0.6329113924050633,1.2658227848101267,64.55696202531645,63.29113924050633,1.2658227848101267,0
E00184944,81,43,5,38,14,14,10,0,10,14,10,4,0,53.086419753086425,6.172839506172839,46.913580246913575,17.28395061728395,17.28395061728395,12.345679012345679,0,12.345679012345679,17.28395061728395,12.345679012345679,4.938271604938271,0
E00184951,98,71,26,45,4,4,5,1,4,18,16,2,0,72.44897959183673,26.53061224489796,45.91836734693878,4.081632653061225,4.081632653061225,5.1020408163265305,1.0204081632653061,4.081632653061225,18.367346938775512,16.3265306122449,2.0408163265306123,0
E00184956,92,37,9,28,0,0,15,2,13,40,37,3,0,40.21739130434783,9.782608695652174,30.434782608695656,0,0,16.304347826086957,2.1739130434782608,14.130434782608695,43.47826086956522,40.21739130434783,3.260869565217391,0
E00184957,49,12,3,9,0,0,4,1,3,33,4,29,0,24.489795918367346,6.122448979591836,18.367346938775512,0,0,8.16326530612245,2.0408163265306123,6.122448979591836,67.3469387755102,8.16326530612245,59.183673469387756,0
E00184965,137,87,9,78,10,10,31,6,25,9,7,2,0,63.503649635036496,6.569343065693431,56.934306569343065,7.2992700729927,7.2992700729927,22.62773722627737,4.37956204379562,18.248175182481752,6.569343065693431,5.109489051094891,1.4598540145985401,0
E00184967,102,45,13,32,2,2,2,0,2,53,47,6,0,44.11764705882353,12.745098039215685,31.372549019607842,1.9607843137254901,1.9607843137254901,1.9607843137254901,0,1.9607843137254901,51.9607843137255,46.07843137254902,5.88235294117647,0
E00184968,149,49,1,48,34,34,60,7,53,6,5,1,0,32.88590604026846,0.6711409395973155,32.21476510067114,22.818791946308725,22.818791946308725,40.26845637583892,4.697986577181208,35.57046979865772,4.026845637583892,3.3557046979865772,0.6711409395973155,0
E00184971,68,10,2,8,0,0,8,2,6,50,7,43,0,14.705882352941178,2.941176470588235,11.76470588235294,0,0,11.76470588235294,2.941176470588235,8.823529411764707,73.52941176470588,10.294117647058822,63.23529411764706,0
E00184987,174,54,17,37,7,7,49,11,38,64,62,2,0,31.03448275862069,9.770114942528735,21.26436781609195,4.022988505747127,4.022988505747127,28.160919540229884,6.321839080459771,21.839080459770116,36.7816091954023,35.63218390804598,1.1494252873563218,0
E00185008,137,68,23,45,1,1,3,0,3,65,59,6,0,49.63503649635037,16.78832116788321,32.846715328467155,0.7299270072992701,0.7299270072992701,2.18978102189781,0,2.18978102189781,47.44525547445255,43.06569343065693,4.37956204379562,0
E00185013,89,21,2,19,0,0,8,1,7,60,5,55,0,23.595505617977526,2.247191011235955,21.34831460674157,0,0,8.98876404494382,1.1235955056179776,7.865168539325842,67.41573033707866,5.617977528089887,61.79775280898876,0
E00185016,131,43,17,26,0,0,2,0,2,86,72,14,0,32.82442748091603,12.977099236641221,19.84732824427481,0,0,1.5267175572519083,0,1.5267175572519083,65.64885496183206,54.961832061068705,10.687022900763358,0
E00185025,149,86,4,82,35,35,20,2,18,8,7,1,0,57.71812080536913,2.684563758389262,55.033557046979865,23.48993288590604,23.48993288590604,13.422818791946309,1.342281879194631,12.080536912751679,5.369127516778524,4.697986577181208,0.6711409395973155,0
E00185026,192,131,10,121,28,28,30,2,28,3,3,0,0,68.22916666666666,5.208333333333334,63.020833333333336,14.583333333333334,14.583333333333334,15.625,1.0416666666666665,14.583333333333334,1.5625,1.5625,0,0
E00185027,144,93,9,84,5,5,16,0,16,30,29,1,0,64.58333333333334,6.25,58.333333333333336,3.4722222222222223,3.4722222222222223,11.11111111111111,0,11.11111111111111,20.833333333333336,20.13888888888889,0.6944444444444444,0
E00185028,65,8,4,4,14,14,36,4,32,7,7,0,0,12.307692307692308,6.153846153846154,6.153846153846154,21.53846153846154,21.53846153846154,55.38461538461539,6.153846153846154,49.23076923076923,10.76923076923077,10.76923076923077,0,0
