OA,ts0390001,ts0390002,ts0390003,ts0390004,ts0390005,ts0390006,ts0390007,ts0390008,ts0390009,ts0390002_PCT,ts0390003_PCT,ts0390004_PCT,ts0390005_PCT,ts0390006_PCT,ts0390007_PCT,ts0390008_PCT,ts0390009_PCT
E00153723,169,152,10,8,2,2,2,0,5,89.94082840236686,5.9171597633136095,4.733727810650888,1.183431952662722,1.183431952662722,1.183431952662722,0,2.9585798816568047
E00153724,140,119,11,9,2,3,0,3,7,85,7.857142857142857,6.428571428571428,1.4285714285714286,2.142857142857143,0,2.142857142857143,5
E00153725,122,109,7,7,0,4,3,1,2,89.34426229508196,5.737704918032787,5.737704918032787,0,3.278688524590164,2.459016393442623,0.819672131147541,1.639344262295082
E00153726,219,204,10,8,2,2,2,0,3,93.15068493150685,4.5662100456621,3.65296803652968,0.91324200913242,0.91324200913242,0.91324200913242,0,1.36986301369863
E00153727,147,138,5,2,3,0,0,0,4,93.87755102040816,3.4013605442176873,1.3605442176870748,2.0408163265306123,0,0,0,2.7210884353741496
E00153728,163,148,10,6,4,4,2,2,1,90.79754601226993,6.134969325153374,3.6809815950920246,2.4539877300613497,2.4539877300613497,1.2269938650306749,1.2269938650306749,0.6134969325153374
E00153729,188,173,9,7,2,1,1,0,5,92.02127659574468,4.787234042553192,3.723404255319149,1.0638297872340425,0.5319148936170213,0.5319148936170213,0,2.6595744680851063
E00153730,282,262,9,6,3,4,1,3,7,92.90780141843972,3.1914893617021276,2.127659574468085,1.0638297872340425,1.4184397163120568,0.3546099290780142,1.0638297872340425,2.4822695035460995
E00153731,148,135,7,5,2,3,0,3,3,91.21621621621621,4.72972972972973,3.3783783783783785,1.3513513513513513,2.027027027027027,0,2.027027027027027,2.027027027027027
E00153732,238,217,9,8,1,5,3,2,7,91.17647058823529,3.7815126050420167,3.361344537815126,0.42016806722689076,2.100840336134454,1.2605042016806722,0.8403361344537815,2.941176470588235
E00153733,320,275,33,25,8,1,1,0,11,85.9375,10.3125,7.8125,2.5,0.3125,0.3125,0,3.4375000000000004
E00153734,223,194,16,15,1,6,2,4,7,86.99551569506725,7.174887892376682,6.726457399103139,0.4484304932735426,2.690582959641256,0.8968609865470852,1.7937219730941705,3.1390134529147984
E00153735,209,191,8,5,3,2,2,0,8,91.38755980861244,3.827751196172249,2.3923444976076556,1.4354066985645932,0.9569377990430622,0.9569377990430622,0,3.827751196172249
E00153736,248,229,5,4,1,8,7,1,6,92.33870967741935,2.0161290322580645,1.6129032258064515,0.4032258064516129,3.225806451612903,2.82258064516129,0.4032258064516129,2.4193548387096775
E00153737,312,290,13,13,0,3,1,2,6,92.94871794871796,4.166666666666666,4.166666666666666,0,0.9615384615384616,0.3205128205128205,0.641025641025641,1.9230769230769231
E00153738,258,235,13,13,0,4,0,4,6,91.08527131782945,5.038759689922481,5.038759689922481,0,1.550387596899225,0,1.550387596899225,2.3255813953488373
E00153739,330,290,23,19,4,5,3,2,12,87.87878787878788,6.969696969696971,5.757575757575758,1.2121212121212122,1.5151515151515151,0.9090909090909091,0.6060606060606061,3.6363636363636362
E00153740,195,174,9,8,1,4,1,3,8,89.23076923076924,4.615384615384616,4.102564102564102,0.5128205128205128,2.051282051282051,0.5128205128205128,1.5384615384615385,4.102564102564102
E00153741,423,377,27,19,8,6,3,3,13,89.12529550827422,6.382978723404255,4.491725768321513,1.8912529550827424,1.4184397163120568,0.7092198581560284,0.7092198581560284,3.0732860520094563
E00153742,376,343,18,17,1,9,5,4,6,91.22340425531915,4.787234042553192,4.521276595744681,0.26595744680851063,2.393617021276596,1.3297872340425532,1.0638297872340425,1.5957446808510638
E00153743,243,224,9,8,1,4,2,2,6,92.18106995884774,3.7037037037037033,3.292181069958848,0.411522633744856,1.646090534979424,0.823045267489712,0.823045267489712,2.4691358024691357
E00153744,144,129,8,7,1,2,1,1,5,89.58333333333334,5.555555555555555,4.861111111111112,0.6944444444444444,1.3888888888888888,0.6944444444444444,0.6944444444444444,3.4722222222222223
E00153745,131,115,8,7,1,2,0,2,6,87.78625954198473,6.106870229007633,5.343511450381679,0.7633587786259541,1.5267175572519083,0,1.5267175572519083,4.580152671755725
E00153746,255,225,13,12,1,7,3,4,10,88.23529411764706,5.098039215686274,4.705882352941177,0.39215686274509803,2.7450980392156863,1.1764705882352942,1.5686274509803921,3.9215686274509802
E00153747,243,221,19,14,5,0,0,0,3,90.94650205761316,7.818930041152264,5.761316872427984,2.05761316872428,0,0,0,1.2345679012345678
E00153748,298,263,22,20,2,3,2,1,10,88.25503355704699,7.38255033557047,6.7114093959731544,0.6711409395973155,1.006711409395973,0.6711409395973155,0.33557046979865773,3.3557046979865772
E00153749,287,256,21,18,3,2,1,1,8,89.19860627177701,7.317073170731707,6.2717770034843205,1.0452961672473868,0.6968641114982579,0.34843205574912894,0.34843205574912894,2.7874564459930316
E00153750,286,257,17,12,5,3,2,1,9,89.86013986013987,5.944055944055944,4.195804195804196,1.7482517482517483,1.048951048951049,0.6993006993006993,0.34965034965034963,3.146853146853147
E00153751,230,206,20,15,5,2,1,1,2,89.56521739130436,8.695652173913043,6.521739130434782,2.1739130434782608,0.8695652173913043,0.43478260869565216,0.43478260869565216,0.8695652173913043
E00153752,326,291,19,14,5,6,4,2,10,89.2638036809816,5.828220858895705,4.294478527607362,1.5337423312883436,1.8404907975460123,1.2269938650306749,0.6134969325153374,3.067484662576687
E00153753,301,274,16,10,6,2,1,1,9,91.0299003322259,5.3156146179401995,3.322259136212625,1.9933554817275747,0.6644518272425249,0.33222591362126247,0.33222591362126247,2.990033222591362
E00153754,305,268,13,9,4,6,3,3,18,87.8688524590164,4.2622950819672125,2.9508196721311477,1.3114754098360655,1.9672131147540985,0.9836065573770493,0.9836065573770493,5.901639344262295
E00153755,106,99,4,2,2,1,0,1,2,93.39622641509435,3.7735849056603774,1.8867924528301887,1.8867924528301887,0.9433962264150944,0,0.9433962264150944,1.8867924528301887
E00153756,342,300,21,16,5,2,2,0,19,87.71929824561403,6.140350877192982,4.678362573099415,1.461988304093567,0.5847953216374269,0.5847953216374269,0,5.555555555555555
E00153757,252,221,21,15,6,3,2,1,7,87.6984126984127,8.333333333333332,5.952380952380952,2.380952380952381,1.1904761904761905,0.7936507936507936,0.3968253968253968,2.7777777777777777
E00153758,257,242,8,7,1,4,1,3,3,94.16342412451361,3.11284046692607,2.7237354085603114,0.38910505836575876,1.556420233463035,0.38910505836575876,1.1673151750972763,1.1673151750972763
E00153759,248,232,10,9,1,2,2,0,4,93.54838709677419,4.032258064516129,3.6290322580645165,0.4032258064516129,0.8064516129032258,0.8064516129032258,0,1.6129032258064515
E00153760,225,195,11,11,0,10,7,3,9,86.66666666666667,4.888888888888889,4.888888888888889,0,4.444444444444445,3.111111111111111,1.3333333333333335,4
E00153761,250,231,13,10,3,2,1,1,4,92.4,5.2,4,1.2,0.8,0.4,0.4,1.6
E00153762,259,229,9,5,4,8,2,6,13,88.41698841698842,3.474903474903475,1.9305019305019304,1.5444015444015444,3.088803088803089,0.7722007722007722,2.3166023166023164,5.019305019305019
E00153763,249,212,17,14,3,8,5,3,12,85.14056224899599,6.827309236947792,5.622489959839357,1.2048192771084338,3.2128514056224895,2.0080321285140563,1.2048192771084338,4.819277108433735
E00153764,103,93,1,1,0,2,1,1,7,90.29126213592234,0.9708737864077669,0.9708737864077669,0,1.9417475728155338,0.9708737864077669,0.9708737864077669,6.796116504854369
E00153765,258,233,10,5,5,4,2,2,11,90.31007751937985,3.875968992248062,1.937984496124031,1.937984496124031,1.550387596899225,0.7751937984496124,0.7751937984496124,4.263565891472868
E00153766,282,263,8,6,2,3,2,1,8,93.26241134751773,2.8368794326241136,2.127659574468085,0.7092198581560284,1.0638297872340425,0.7092198581560284,0.3546099290780142,2.8368794326241136
E00153767,233,209,15,9,6,0,0,0,9,89.69957081545064,6.437768240343347,3.862660944206009,2.575107296137339,0,0,0,3.862660944206009
E00153768,347,306,18,11,7,10,6,4,13,88.18443804034582,5.187319884726225,3.170028818443804,2.0172910662824206,2.881844380403458,1.729106628242075,1.1527377521613833,3.7463976945244957
E00153769,207,183,9,7,2,4,3,1,11,88.40579710144928,4.3478260869565215,3.3816425120772946,0.966183574879227,1.932367149758454,1.4492753623188406,0.4830917874396135,5.314009661835748
E00153770,253,230,4,4,0,8,4,4,11,90.9090909090909,1.5810276679841897,1.5810276679841897,0,3.1620553359683794,1.5810276679841897,1.5810276679841897,4.3478260869565215
E00153771,243,223,13,13,0,4,0,4,3,91.76954732510289,5.349794238683128,5.349794238683128,0,1.646090534979424,0,1.646090534979424,1.2345679012345678
E00153772,127,117,5,5,0,2,0,2,3,92.1259842519685,3.937007874015748,3.937007874015748,0,1.574803149606299,0,1.574803149606299,2.3622047244094486
E00153773,218,198,13,10,3,0,0,0,7,90.82568807339449,5.963302752293578,4.587155963302752,1.3761467889908259,0,0,0,3.211009174311927
E00153774,216,192,12,10,2,6,3,3,6,88.88888888888889,5.555555555555555,4.62962962962963,0.9259259259259258,2.7777777777777777,1.3888888888888888,1.3888888888888888,2.7777777777777777
E00153775,250,224,12,8,4,5,3,2,9,89.60000000000001,4.8,3.2,1.6,2,1.2,0.8,3.5999999999999996
E00153776,278,257,13,9,4,1,0,1,7,92.44604316546763,4.676258992805756,3.237410071942446,1.4388489208633095,0.3597122302158274,0,0.3597122302158274,2.5179856115107913
E00153777,286,258,13,9,4,4,2,2,11,90.20979020979021,4.545454545454546,3.146853146853147,1.3986013986013985,1.3986013986013985,0.6993006993006993,0.6993006993006993,3.8461538461538463
E00153778,507,478,17,13,4,7,4,3,5,94.28007889546352,3.353057199211045,2.564102564102564,0.7889546351084813,1.3806706114398422,0.7889546351084813,0.591715976331361,0.9861932938856016
E00153779,264,240,10,6,4,11,5,6,3,90.9090909090909,3.787878787878788,2.272727272727273,1.5151515151515151,4.166666666666666,1.893939393939394,2.272727272727273,1.1363636363636365
E00153780,235,202,12,7,5,11,6,5,10,85.95744680851064,5.106382978723404,2.9787234042553195,2.127659574468085,4.680851063829787,2.553191489361702,2.127659574468085,4.25531914893617
E00153781,277,250,18,11,7,4,2,2,5,90.25270758122743,6.4981949458483745,3.9711191335740073,2.527075812274368,1.444043321299639,0.7220216606498195,0.7220216606498195,1.8050541516245486
E00153782,314,298,11,6,5,1,1,0,4,94.90445859872611,3.5031847133757963,1.910828025477707,1.5923566878980893,0.3184713375796179,0.3184713375796179,0,1.2738853503184715
E00153783,431,389,20,16,4,10,6,4,12,90.25522041763341,4.640371229698376,3.7122969837587005,0.9280742459396751,2.320185614849188,1.3921113689095126,0.9280742459396751,2.784222737819025
E00153784,283,263,11,11,0,4,2,2,5,92.93286219081273,3.8869257950530036,3.8869257950530036,0,1.4134275618374559,0.7067137809187279,0.7067137809187279,1.76678445229682
E00153785,289,260,18,14,4,2,1,1,9,89.96539792387543,6.228373702422145,4.844290657439446,1.384083044982699,0.6920415224913495,0.34602076124567477,0.34602076124567477,3.1141868512110724
E00153786,283,259,16,12,4,4,0,4,4,91.51943462897526,5.6537102473498235,4.240282685512367,1.4134275618374559,1.4134275618374559,0,1.4134275618374559,1.4134275618374559
E00153787,323,300,9,7,2,7,5,2,7,92.87925696594426,2.786377708978328,2.1671826625387,0.6191950464396285,2.1671826625387,1.5479876160990713,0.6191950464396285,2.1671826625387
E00153788,296,280,8,7,1,3,1,2,5,94.5945945945946,2.7027027027027026,2.364864864864865,0.33783783783783783,1.0135135135135136,0.33783783783783783,0.6756756756756757,1.6891891891891893
E00153789,342,309,21,15,6,2,0,2,10,90.35087719298247,6.140350877192982,4.385964912280701,1.7543859649122806,0.5847953216374269,0,0.5847953216374269,2.923976608187134
E00153790,204,181,8,5,3,11,6,5,4,88.72549019607843,3.9215686274509802,2.450980392156863,1.4705882352941175,5.392156862745098,2.941176470588235,2.450980392156863,1.9607843137254901
E00153791,311,277,19,17,2,5,3,2,10,89.06752411575563,6.109324758842444,5.466237942122187,0.6430868167202572,1.607717041800643,0.964630225080386,0.6430868167202572,3.215434083601286
E00153792,279,258,8,3,5,6,2,4,7,92.47311827956989,2.867383512544803,1.0752688172043012,1.7921146953405016,2.1505376344086025,0.7168458781362007,1.4336917562724014,2.5089605734767026
E00153793,300,271,13,7,6,12,4,8,4,90.33333333333333,4.333333333333334,2.3333333333333335,2,4,1.3333333333333335,2.666666666666667,1.3333333333333335
E00153794,336,306,14,12,2,10,5,5,6,91.07142857142857,4.166666666666666,3.571428571428571,0.5952380952380952,2.976190476190476,1.488095238095238,1.488095238095238,1.7857142857142856
E00153795,293,256,23,14,9,6,3,3,8,87.37201365187714,7.849829351535837,4.778156996587031,3.0716723549488054,2.04778156996587,1.023890784982935,1.023890784982935,2.7303754266211606
E00153796,277,250,12,11,1,5,2,3,10,90.25270758122743,4.332129963898916,3.9711191335740073,0.36101083032490977,1.8050541516245486,0.7220216606498195,1.083032490974729,3.6101083032490973
E00153797,405,374,18,9,9,6,1,5,7,92.34567901234568,4.444444444444445,2.2222222222222223,2.2222222222222223,1.4814814814814816,0.24691358024691357,1.2345679012345678,1.728395061728395
E00153798,365,320,20,15,5,10,5,5,15,87.67123287671232,5.47945205479452,4.10958904109589,1.36986301369863,2.73972602739726,1.36986301369863,1.36986301369863,4.10958904109589
E00153799,253,222,20,16,4,4,1,3,7,87.74703557312253,7.905138339920949,6.324110671936759,1.5810276679841897,1.5810276679841897,0.3952569169960474,1.185770750988142,2.766798418972332
E00153800,298,266,18,11,7,7,2,5,7,89.26174496644296,6.0402684563758395,3.691275167785235,2.348993288590604,2.348993288590604,0.6711409395973155,1.6778523489932886,2.348993288590604
E00153801,291,266,14,10,4,3,0,3,8,91.40893470790378,4.810996563573884,3.436426116838488,1.3745704467353952,1.0309278350515463,0,1.0309278350515463,2.7491408934707904
E00153802,225,200,12,7,5,2,1,1,11,88.88888888888889,5.333333333333334,3.111111111111111,2.2222222222222223,0.8888888888888888,0.4444444444444444,0.4444444444444444,4.888888888888889
E00153803,298,271,11,8,3,5,3,2,11,90.93959731543623,3.691275167785235,2.684563758389262,1.006711409395973,1.6778523489932886,1.006711409395973,0.6711409395973155,3.691275167785235
E00153804,286,256,20,19,1,4,1,3,6,89.5104895104895,6.993006993006993,6.643356643356643,0.34965034965034963,1.3986013986013985,0.34965034965034963,1.048951048951049,2.097902097902098
E00153805,319,302,10,6,4,3,1,2,4,94.67084639498434,3.1347962382445136,1.8808777429467085,1.2539184952978055,0.9404388714733543,0.3134796238244514,0.6269592476489028,1.2539184952978055
E00153806,254,237,8,7,1,3,0,3,6,93.30708661417323,3.149606299212598,2.7559055118110236,0.39370078740157477,1.1811023622047243,0,1.1811023622047243,2.3622047244094486
E00153807,263,240,13,10,3,4,4,0,6,91.25475285171103,4.942965779467681,3.802281368821293,1.1406844106463878,1.520912547528517,1.520912547528517,0,2.2813688212927756
E00153808,288,249,24,17,7,4,1,3,11,86.45833333333334,8.333333333333332,5.902777777777778,2.430555555555556,1.3888888888888888,0.3472222222222222,1.0416666666666665,3.8194444444444446
E00153809,345,318,16,14,2,3,3,0,8,92.17391304347827,4.63768115942029,4.057971014492753,0.5797101449275363,0.8695652173913043,0.8695652173913043,0,2.318840579710145
E00153810,249,216,17,13,4,7,3,4,9,86.74698795180723,6.827309236947792,5.220883534136546,1.6064257028112447,2.8112449799196786,1.2048192771084338,1.6064257028112447,3.614457831325301
E00153811,205,187,11,11,0,2,2,0,5,91.21951219512195,5.365853658536586,5.365853658536586,0,0.975609756097561,0.975609756097561,0,2.4390243902439024
E00153812,287,258,17,14,3,2,0,2,10,89.89547038327527,5.923344947735192,4.878048780487805,1.0452961672473868,0.6968641114982579,0,0.6968641114982579,3.484320557491289
E00153813,235,217,10,10,0,6,1,5,2,92.34042553191489,4.25531914893617,4.25531914893617,0,2.553191489361702,0.425531914893617,2.127659574468085,0.851063829787234
E00153814,280,256,14,9,5,5,3,2,5,91.42857142857143,5,3.214285714285714,1.7857142857142856,1.7857142857142856,1.0714285714285714,0.7142857142857143,1.7857142857142856
E00153815,212,187,11,10,1,5,2,3,9,88.20754716981132,5.188679245283019,4.716981132075472,0.4716981132075472,2.358490566037736,0.9433962264150944,1.4150943396226416,4.245283018867925
E00153816,288,273,6,3,3,4,0,4,5,94.79166666666666,2.083333333333333,1.0416666666666665,1.0416666666666665,1.3888888888888888,0,1.3888888888888888,1.7361111111111112
E00153817,258,230,18,11,7,3,2,1,7,89.14728682170544,6.976744186046512,4.263565891472868,2.7131782945736433,1.1627906976744187,0.7751937984496124,0.3875968992248062,2.7131782945736433
E00153818,262,243,10,10,0,4,2,2,5,92.74809160305344,3.816793893129771,3.816793893129771,0,1.5267175572519083,0.7633587786259541,0.7633587786259541,1.9083969465648856
E00153819,291,253,19,16,3,6,5,1,13,86.94158075601375,6.529209621993128,5.498281786941581,1.0309278350515463,2.0618556701030926,1.718213058419244,0.3436426116838488,4.4673539518900345
E00153820,237,218,9,6,3,5,3,2,5,91.9831223628692,3.79746835443038,2.5316455696202533,1.2658227848101267,2.109704641350211,1.2658227848101267,0.8438818565400843,2.109704641350211
E00153821,320,285,18,13,5,3,2,1,14,89.0625,5.625,4.0625,1.5625,0.9375,0.625,0.3125,4.375
E00153822,270,242,15,12,3,3,1,2,10,89.62962962962962,5.555555555555555,4.444444444444445,1.1111111111111112,1.1111111111111112,0.3703703703703704,0.7407407407407408,3.7037037037037033
E00153823,213,184,10,8,2,5,2,3,14,86.3849765258216,4.694835680751173,3.755868544600939,0.9389671361502347,2.3474178403755865,0.9389671361502347,1.4084507042253522,6.572769953051644
E00153824,289,268,13,9,4,3,0,3,5,92.73356401384083,4.498269896193772,3.1141868512110724,1.384083044982699,1.0380622837370241,0,1.0380622837370241,1.7301038062283738
E00153825,284,256,17,12,5,3,2,1,8,90.14084507042254,5.985915492957746,4.225352112676056,1.7605633802816902,1.056338028169014,0.7042253521126761,0.35211267605633806,2.8169014084507045
E00153826,244,221,10,9,1,8,2,6,5,90.57377049180327,4.098360655737705,3.6885245901639343,0.4098360655737705,3.278688524590164,0.819672131147541,2.459016393442623,2.0491803278688523
E00153827,261,226,15,10,5,7,3,4,13,86.59003831417624,5.747126436781609,3.8314176245210727,1.9157088122605364,2.681992337164751,1.1494252873563218,1.532567049808429,4.980842911877394
E00153828,315,281,12,10,2,9,6,3,13,89.20634920634922,3.8095238095238098,3.1746031746031744,0.6349206349206349,2.857142857142857,1.9047619047619049,0.9523809523809524,4.1269841269841265
E00153829,285,252,14,7,7,8,2,6,11,88.42105263157895,4.912280701754386,2.456140350877193,2.456140350877193,2.807017543859649,0.7017543859649122,2.1052631578947367,3.8596491228070176
E00153830,348,308,11,9,2,11,6,5,18,88.50574712643679,3.1609195402298855,2.586206896551724,0.5747126436781609,3.1609195402298855,1.7241379310344827,1.4367816091954022,5.172413793103448
E00153831,248,219,8,5,3,8,4,4,13,88.30645161290323,3.225806451612903,2.0161290322580645,1.2096774193548387,3.225806451612903,1.6129032258064515,1.6129032258064515,5.241935483870968
E00153832,255,236,8,6,2,6,3,3,5,92.54901960784314,3.1372549019607843,2.3529411764705883,0.7843137254901961,2.3529411764705883,1.1764705882352942,1.1764705882352942,1.9607843137254901
E00153833,193,179,8,7,1,2,0,2,4,92.74611398963731,4.145077720207254,3.6269430051813467,0.5181347150259068,1.0362694300518136,0,1.0362694300518136,2.072538860103627
E00153834,393,339,17,14,3,18,9,9,19,86.25954198473282,4.325699745547073,3.5623409669211195,0.7633587786259541,4.580152671755725,2.2900763358778624,2.2900763358778624,4.8346055979643765
E00153835,255,214,15,12,3,8,3,5,18,83.92156862745098,5.88235294117647,4.705882352941177,1.1764705882352942,3.1372549019607843,1.1764705882352942,1.9607843137254901,7.0588235294117645
E00153836,275,238,15,11,4,8,5,3,14,86.54545454545455,5.454545454545454,4,1.4545454545454546,2.909090909090909,1.8181818181818181,1.090909090909091,5.090909090909091
E00153837,223,209,11,10,1,0,0,0,3,93.72197309417041,4.932735426008969,4.484304932735426,0.4484304932735426,0,0,0,1.345291479820628
E00153838,233,214,11,8,3,2,2,0,6,91.84549356223177,4.721030042918455,3.4334763948497855,1.2875536480686696,0.8583690987124464,0.8583690987124464,0,2.575107296137339
E00153839,235,216,10,7,3,2,1,1,7,91.91489361702128,4.25531914893617,2.9787234042553195,1.276595744680851,0.851063829787234,0.425531914893617,0.425531914893617,2.9787234042553195
E00153840,267,252,9,6,3,3,2,1,3,94.3820224719101,3.3707865168539324,2.247191011235955,1.1235955056179776,1.1235955056179776,0.7490636704119851,0.37453183520599254,1.1235955056179776
E00153841,271,244,14,10,4,6,3,3,7,90.03690036900369,5.166051660516605,3.6900369003690034,1.4760147601476015,2.214022140221402,1.107011070110701,1.107011070110701,2.5830258302583027
E00153843,291,265,14,9,5,9,6,3,3,91.06529209621993,4.810996563573884,3.0927835051546393,1.718213058419244,3.0927835051546393,2.0618556701030926,1.0309278350515463,1.0309278350515463
E00153844,555,528,9,8,1,4,3,1,14,95.13513513513514,1.6216216216216217,1.4414414414414414,0.18018018018018017,0.7207207207207207,0.5405405405405406,0.18018018018018017,2.5225225225225225
E00153845,390,362,15,12,3,8,4,4,5,92.82051282051282,3.8461538461538463,3.076923076923077,0.7692307692307693,2.051282051282051,1.0256410256410255,1.0256410256410255,1.282051282051282
E00153846,335,313,14,12,2,2,2,0,6,93.43283582089552,4.179104477611941,3.582089552238806,0.5970149253731344,0.5970149253731344,0.5970149253731344,0,1.791044776119403
E00153847,320,280,29,28,1,3,0,3,8,87.5,9.0625,8.75,0.3125,0.9375,0,0.9375,2.5
E00153848,266,244,15,12,3,2,1,1,5,91.72932330827066,5.639097744360902,4.511278195488721,1.1278195488721803,0.7518796992481203,0.37593984962406013,0.37593984962406013,1.8796992481203008
E00153850,355,329,14,10,4,5,2,3,7,92.67605633802816,3.943661971830986,2.8169014084507045,1.1267605633802817,1.4084507042253522,0.5633802816901409,0.8450704225352111,1.971830985915493
E00153851,513,462,23,21,2,17,7,10,11,90.05847953216374,4.483430799220272,4.093567251461988,0.3898635477582846,3.313840155945419,1.364522417153996,1.949317738791423,2.144249512670565
E00153852,349,315,20,16,4,8,4,4,6,90.25787965616045,5.730659025787966,4.584527220630372,1.146131805157593,2.292263610315186,1.146131805157593,1.146131805157593,1.7191977077363898
E00153853,288,259,16,15,1,7,5,2,6,89.93055555555556,5.555555555555555,5.208333333333334,0.3472222222222222,2.430555555555556,1.7361111111111112,0.6944444444444444,2.083333333333333
E00153854,404,365,25,18,7,3,2,1,11,90.34653465346535,6.188118811881188,4.455445544554455,1.7326732673267329,0.7425742574257426,0.49504950495049505,0.24752475247524752,2.722772277227723
E00153855,293,264,18,14,4,4,3,1,7,90.10238907849829,6.143344709897611,4.778156996587031,1.3651877133105803,1.3651877133105803,1.023890784982935,0.3412969283276451,2.3890784982935154
E00153856,224,202,12,11,1,3,2,1,7,90.17857142857143,5.357142857142857,4.910714285714286,0.4464285714285714,1.3392857142857142,0.8928571428571428,0.4464285714285714,3.125
E00153857,302,277,19,16,3,1,0,1,5,91.72185430463577,6.291390728476822,5.298013245033113,0.9933774834437087,0.33112582781456956,0,0.33112582781456956,1.6556291390728477
E00153858,359,320,16,9,7,6,1,5,17,89.13649025069638,4.456824512534819,2.5069637883008355,1.9498607242339834,1.6713091922005572,0.2785515320334262,1.392757660167131,4.735376044568245
E00153859,442,389,38,29,9,7,2,5,8,88.00904977375565,8.597285067873303,6.561085972850679,2.0361990950226243,1.583710407239819,0.4524886877828055,1.1312217194570136,1.809954751131222
E00153860,147,126,11,8,3,1,0,1,9,85.71428571428571,7.482993197278912,5.442176870748299,2.0408163265306123,0.6802721088435374,0,0.6802721088435374,6.122448979591836
E00153861,158,140,12,9,3,1,0,1,5,88.60759493670885,7.59493670886076,5.69620253164557,1.89873417721519,0.6329113924050633,0,0.6329113924050633,3.1645569620253164
E00153862,226,206,15,12,3,3,3,0,2,91.1504424778761,6.637168141592921,5.3097345132743365,1.3274336283185841,1.3274336283185841,1.3274336283185841,0,0.8849557522123894
E00153863,363,330,22,14,8,5,3,2,6,90.9090909090909,6.0606060606060606,3.8567493112947657,2.203856749311295,1.3774104683195594,0.8264462809917356,0.5509641873278237,1.6528925619834711
E00153864,183,165,8,8,0,4,2,2,6,90.1639344262295,4.371584699453552,4.371584699453552,0,2.185792349726776,1.092896174863388,1.092896174863388,3.278688524590164
E00153865,223,204,15,10,5,3,0,3,1,91.4798206278027,6.726457399103139,4.484304932735426,2.242152466367713,1.345291479820628,0,1.345291479820628,0.4484304932735426
E00153866,282,261,12,8,4,2,0,2,7,92.5531914893617,4.25531914893617,2.8368794326241136,1.4184397163120568,0.7092198581560284,0,0.7092198581560284,2.4822695035460995
E00153867,226,203,15,10,5,5,3,2,3,89.82300884955751,6.637168141592921,4.424778761061947,2.2123893805309733,2.2123893805309733,1.3274336283185841,0.8849557522123894,1.3274336283185841
E00153868,190,165,12,12,0,3,2,1,10,86.8421052631579,6.315789473684211,6.315789473684211,0,1.5789473684210527,1.0526315789473684,0.5263157894736842,5.263157894736842
E00153869,139,117,13,8,5,1,0,1,8,84.17266187050359,9.352517985611511,5.755395683453238,3.5971223021582732,0.7194244604316548,0,0.7194244604316548,5.755395683453238
E00153873,360,330,15,12,3,5,5,0,10,91.66666666666666,4.166666666666666,3.3333333333333335,0.8333333333333334,1.3888888888888888,1.3888888888888888,0,2.7777777777777777
E00153875,290,273,8,3,5,4,1,3,5,94.13793103448276,2.7586206896551726,1.0344827586206897,1.7241379310344827,1.3793103448275863,0.3448275862068966,1.0344827586206897,1.7241379310344827
E00153876,378,342,27,20,7,2,1,1,7,90.47619047619048,7.142857142857142,5.291005291005291,1.8518518518518516,0.5291005291005291,0.26455026455026454,0.26455026455026454,1.8518518518518516
E00153877,252,224,14,10,4,5,3,2,9,88.88888888888889,5.555555555555555,3.968253968253968,1.5873015873015872,1.984126984126984,1.1904761904761905,0.7936507936507936,3.571428571428571
E00153878,424,381,25,17,8,9,4,5,9,89.85849056603774,5.89622641509434,4.009433962264151,1.8867924528301887,2.1226415094339623,0.9433962264150944,1.179245283018868,2.1226415094339623
E00153879,317,285,20,16,4,5,4,1,7,89.90536277602523,6.309148264984227,5.047318611987381,1.2618296529968454,1.5772870662460567,1.2618296529968454,0.31545741324921134,2.2082018927444795
E00153880,351,320,15,12,3,5,3,2,11,91.16809116809117,4.273504273504273,3.418803418803419,0.8547008547008548,1.4245014245014245,0.8547008547008548,0.5698005698005698,3.133903133903134
E00153881,278,251,11,10,1,7,4,3,9,90.28776978417267,3.9568345323741005,3.5971223021582732,0.3597122302158274,2.5179856115107913,1.4388489208633095,1.079136690647482,3.237410071942446
E00153882,365,339,17,13,4,2,2,0,7,92.87671232876711,4.657534246575342,3.5616438356164384,1.095890410958904,0.547945205479452,0.547945205479452,0,1.9178082191780823
E00153883,369,336,24,19,5,3,2,1,6,91.05691056910568,6.504065040650407,5.149051490514905,1.3550135501355014,0.8130081300813009,0.5420054200542005,0.27100271002710025,1.6260162601626018
E00153884,282,260,12,8,4,6,4,2,4,92.19858156028369,4.25531914893617,2.8368794326241136,1.4184397163120568,2.127659574468085,1.4184397163120568,0.7092198581560284,1.4184397163120568
E00153885,248,225,11,8,3,5,2,3,7,90.7258064516129,4.435483870967742,3.225806451612903,1.2096774193548387,2.0161290322580645,0.8064516129032258,1.2096774193548387,2.82258064516129
E00153886,349,318,23,21,2,2,0,2,6,91.11747851002865,6.59025787965616,6.017191977077363,0.5730659025787965,0.5730659025787965,0,0.5730659025787965,1.7191977077363898
E00153887,326,312,9,8,1,3,1,2,2,95.70552147239265,2.7607361963190185,2.4539877300613497,0.3067484662576687,0.9202453987730062,0.3067484662576687,0.6134969325153374,0.6134969325153374
E00153888,287,255,24,18,6,3,2,1,5,88.85017421602788,8.362369337979095,6.2717770034843205,2.0905923344947737,1.0452961672473868,0.6968641114982579,0.34843205574912894,1.7421602787456445
E00153890,262,240,19,12,7,1,0,1,2,91.6030534351145,7.251908396946565,4.580152671755725,2.6717557251908395,0.38167938931297707,0,0.38167938931297707,0.7633587786259541
E00153891,247,225,11,9,2,6,4,2,5,91.09311740890689,4.4534412955465585,3.643724696356275,0.8097165991902834,2.42914979757085,1.6194331983805668,0.8097165991902834,2.0242914979757085
E00153892,302,278,16,14,2,3,1,2,5,92.05298013245033,5.298013245033113,4.635761589403973,0.6622516556291391,0.9933774834437087,0.33112582781456956,0.6622516556291391,1.6556291390728477
E00153895,238,217,15,14,1,2,1,1,4,91.17647058823529,6.302521008403361,5.88235294117647,0.42016806722689076,0.8403361344537815,0.42016806722689076,0.42016806722689076,1.680672268907563
E00153896,275,249,14,9,5,3,3,0,9,90.54545454545455,5.090909090909091,3.272727272727273,1.8181818181818181,1.090909090909091,1.090909090909091,0,3.272727272727273
E00153897,242,215,8,7,1,5,1,4,14,88.84297520661157,3.3057851239669422,2.8925619834710745,0.4132231404958678,2.066115702479339,0.4132231404958678,1.6528925619834711,5.785123966942149
E00153898,281,255,13,10,3,4,2,2,9,90.74733096085409,4.6263345195729535,3.558718861209965,1.0676156583629894,1.4234875444839856,0.7117437722419928,0.7117437722419928,3.202846975088968
E00153899,271,248,7,6,1,8,4,4,8,91.5129151291513,2.5830258302583027,2.214022140221402,0.36900369003690037,2.952029520295203,1.4760147601476015,1.4760147601476015,2.952029520295203
E00153900,233,211,4,1,3,3,0,3,15,90.55793991416309,1.7167381974248928,0.4291845493562232,1.2875536480686696,1.2875536480686696,0,1.2875536480686696,6.437768240343347
E00153901,238,213,9,2,7,7,5,2,9,89.49579831932773,3.7815126050420167,0.8403361344537815,2.941176470588235,2.941176470588235,2.100840336134454,0.8403361344537815,3.7815126050420167
E00153902,351,300,24,17,7,8,5,3,19,85.47008547008546,6.837606837606838,4.843304843304843,1.9943019943019942,2.2792022792022792,1.4245014245014245,0.8547008547008548,5.413105413105413
E00153903,291,265,15,10,5,5,2,3,6,91.06529209621993,5.154639175257731,3.436426116838488,1.718213058419244,1.718213058419244,0.6872852233676976,1.0309278350515463,2.0618556701030926
E00153904,241,216,16,9,7,0,0,0,9,89.62655601659752,6.639004149377594,3.7344398340248963,2.904564315352697,0,0,0,3.7344398340248963
E00153905,304,269,14,10,4,8,4,4,13,88.48684210526315,4.605263157894736,3.289473684210526,1.3157894736842104,2.631578947368421,1.3157894736842104,1.3157894736842104,4.276315789473684
E00153906,272,237,20,15,5,7,4,3,8,87.13235294117648,7.352941176470589,5.514705882352941,1.8382352941176472,2.5735294117647056,1.4705882352941175,1.1029411764705883,2.941176470588235
E00153907,214,191,11,9,2,5,4,1,7,89.25233644859813,5.14018691588785,4.205607476635514,0.9345794392523363,2.336448598130841,1.8691588785046727,0.46728971962616817,3.2710280373831773
E00153908,262,231,12,11,1,6,5,1,13,88.16793893129771,4.580152671755725,4.198473282442748,0.38167938931297707,2.2900763358778624,1.9083969465648856,0.38167938931297707,4.961832061068702
E00153909,253,223,14,12,2,6,2,4,10,88.14229249011858,5.533596837944664,4.743083003952568,0.7905138339920948,2.371541501976284,0.7905138339920948,1.5810276679841897,3.9525691699604746
E00153910,275,252,9,7,2,4,1,3,10,91.63636363636364,3.272727272727273,2.5454545454545454,0.7272727272727273,1.4545454545454546,0.36363636363636365,1.090909090909091,3.6363636363636362
E00153911,298,274,12,9,3,3,2,1,9,91.94630872483222,4.026845637583892,3.0201342281879198,1.006711409395973,1.006711409395973,0.6711409395973155,0.33557046979865773,3.0201342281879198
E00153912,264,229,14,11,3,6,3,3,15,86.74242424242425,5.303030303030303,4.166666666666666,1.1363636363636365,2.272727272727273,1.1363636363636365,1.1363636363636365,5.681818181818182
E00153913,243,223,10,9,1,3,2,1,7,91.76954732510289,4.11522633744856,3.7037037037037033,0.411522633744856,1.2345679012345678,0.823045267489712,0.411522633744856,2.880658436213992
E00153914,304,268,14,11,3,8,4,4,14,88.1578947368421,4.605263157894736,3.618421052631579,0.9868421052631579,2.631578947368421,1.3157894736842104,1.3157894736842104,4.605263157894736
E00153915,272,255,7,7,0,1,0,1,9,93.75,2.5735294117647056,2.5735294117647056,0,0.3676470588235294,0,0.3676470588235294,3.308823529411765
E00153916,269,246,16,12,4,1,0,1,6,91.44981412639405,5.947955390334572,4.4609665427509295,1.486988847583643,0.37174721189591076,0,0.37174721189591076,2.2304832713754648
E00153917,244,205,19,11,8,5,2,3,15,84.01639344262296,7.786885245901639,4.508196721311475,3.278688524590164,2.0491803278688523,0.819672131147541,1.2295081967213115,6.147540983606557
E00153918,251,226,14,11,3,6,2,4,5,90.0398406374502,5.577689243027888,4.382470119521913,1.1952191235059761,2.3904382470119523,0.796812749003984,1.593625498007968,1.9920318725099602
E00153919,361,338,14,12,2,2,2,0,7,93.62880886426593,3.8781163434903045,3.32409972299169,0.554016620498615,0.554016620498615,0.554016620498615,0,1.9390581717451523
E00153920,274,250,16,14,2,1,0,1,7,91.24087591240875,5.839416058394161,5.109489051094891,0.7299270072992701,0.36496350364963503,0,0.36496350364963503,2.5547445255474455
E00153921,264,240,12,11,1,4,1,3,8,90.9090909090909,4.545454545454546,4.166666666666666,0.3787878787878788,1.5151515151515151,0.3787878787878788,1.1363636363636365,3.0303030303030303
E00153922,229,207,10,7,3,3,2,1,9,90.39301310043668,4.366812227074235,3.056768558951965,1.3100436681222707,1.3100436681222707,0.8733624454148471,0.43668122270742354,3.9301310043668125
E00153923,151,133,8,8,0,5,1,4,5,88.0794701986755,5.298013245033113,5.298013245033113,0,3.3112582781456954,0.6622516556291391,2.6490066225165565,3.3112582781456954
E00153924,281,261,12,9,3,4,3,1,4,92.88256227758008,4.270462633451958,3.202846975088968,1.0676156583629894,1.4234875444839856,1.0676156583629894,0.3558718861209964,1.4234875444839856
E00153925,295,269,9,7,2,10,6,4,7,91.18644067796609,3.050847457627119,2.3728813559322033,0.6779661016949152,3.389830508474576,2.0338983050847457,1.3559322033898304,2.3728813559322033
E00153926,231,211,12,11,1,5,2,3,3,91.34199134199135,5.194805194805195,4.761904761904762,0.4329004329004329,2.1645021645021645,0.8658008658008658,1.2987012987012987,1.2987012987012987
E00153927,209,192,8,6,2,5,2,3,4,91.86602870813397,3.827751196172249,2.8708133971291865,0.9569377990430622,2.3923444976076556,0.9569377990430622,1.4354066985645932,1.9138755980861244
E00153928,269,243,7,4,3,5,2,3,14,90.33457249070632,2.6022304832713754,1.486988847583643,1.1152416356877324,1.858736059479554,0.7434944237918215,1.1152416356877324,5.204460966542751
E00153929,244,212,12,7,5,8,3,5,12,86.88524590163934,4.918032786885246,2.8688524590163933,2.0491803278688523,3.278688524590164,1.2295081967213115,2.0491803278688523,4.918032786885246
E00153930,266,248,10,9,1,2,0,2,6,93.23308270676691,3.7593984962406015,3.3834586466165413,0.37593984962406013,0.7518796992481203,0,0.7518796992481203,2.2556390977443606
E00153931,272,252,14,13,1,5,2,3,1,92.64705882352942,5.147058823529411,4.779411764705882,0.3676470588235294,1.8382352941176472,0.7352941176470588,1.1029411764705883,0.3676470588235294
E00153932,331,298,19,17,2,7,4,3,7,90.03021148036254,5.740181268882175,5.13595166163142,0.6042296072507553,2.1148036253776437,1.2084592145015105,0.906344410876133,2.1148036253776437
E00153934,317,265,28,18,10,5,1,4,19,83.59621451104101,8.832807570977918,5.678233438485805,3.1545741324921135,1.5772870662460567,0.31545741324921134,1.2618296529968454,5.993690851735016
E00153935,232,209,8,6,2,8,5,3,7,90.08620689655173,3.4482758620689653,2.586206896551724,0.8620689655172413,3.4482758620689653,2.1551724137931036,1.293103448275862,3.0172413793103448
E00153936,338,314,10,9,1,4,1,3,10,92.89940828402366,2.9585798816568047,2.6627218934911245,0.2958579881656805,1.183431952662722,0.2958579881656805,0.8875739644970414,2.9585798816568047
E00153937,332,291,13,8,5,12,7,5,16,87.65060240963855,3.91566265060241,2.4096385542168677,1.5060240963855422,3.614457831325301,2.108433734939759,1.5060240963855422,4.819277108433735
E00153938,259,229,18,12,6,6,3,3,6,88.41698841698842,6.94980694980695,4.633204633204633,2.3166023166023164,2.3166023166023164,1.1583011583011582,1.1583011583011582,2.3166023166023164
E00153939,216,202,10,7,3,1,0,1,3,93.51851851851852,4.62962962962963,3.2407407407407405,1.3888888888888888,0.4629629629629629,0,0.4629629629629629,1.3888888888888888
E00153941,331,294,26,22,4,4,2,2,7,88.82175226586104,7.854984894259818,6.646525679758309,1.2084592145015105,1.2084592145015105,0.6042296072507553,0.6042296072507553,2.1148036253776437
E00153942,249,220,13,10,3,3,1,2,13,88.35341365461848,5.220883534136546,4.016064257028113,1.2048192771084338,1.2048192771084338,0.4016064257028112,0.8032128514056224,5.220883534136546
E00153944,211,189,13,12,1,1,1,0,8,89.57345971563981,6.161137440758294,5.687203791469194,0.47393364928909953,0.47393364928909953,0.47393364928909953,0,3.7914691943127963
E00153946,258,236,14,10,4,2,2,0,6,91.47286821705426,5.426356589147287,3.875968992248062,1.550387596899225,0.7751937984496124,0.7751937984496124,0,2.3255813953488373
E00153947,300,273,14,13,1,4,4,0,9,91,4.666666666666667,4.333333333333334,0.33333333333333337,1.3333333333333335,1.3333333333333335,0,3
E00153948,230,208,14,12,2,3,1,2,5,90.43478260869566,6.086956521739131,5.217391304347826,0.8695652173913043,1.3043478260869565,0.43478260869565216,0.8695652173913043,2.1739130434782608
E00153949,292,260,17,14,3,4,2,2,11,89.04109589041096,5.821917808219178,4.794520547945205,1.0273972602739725,1.36986301369863,0.684931506849315,0.684931506849315,3.767123287671233
E00153950,234,212,12,9,3,2,1,1,8,90.5982905982906,5.128205128205128,3.8461538461538463,1.282051282051282,0.8547008547008548,0.4273504273504274,0.4273504273504274,3.418803418803419
E00153951,263,223,19,17,2,12,8,4,9,84.79087452471484,7.224334600760455,6.4638783269961975,0.7604562737642585,4.562737642585551,3.041825095057034,1.520912547528517,3.4220532319391634
E00153952,261,238,14,13,1,2,0,2,7,91.18773946360153,5.363984674329502,4.980842911877394,0.38314176245210724,0.7662835249042145,0,0.7662835249042145,2.681992337164751
E00153953,240,210,19,12,7,1,1,0,10,87.5,7.916666666666666,5,2.9166666666666665,0.4166666666666667,0.4166666666666667,0,4.166666666666666
E00153954,255,232,15,13,2,2,2,0,6,90.98039215686275,5.88235294117647,5.098039215686274,0.7843137254901961,0.7843137254901961,0.7843137254901961,0,2.3529411764705883
E00153955,237,224,8,7,1,1,1,0,4,94.51476793248945,3.375527426160337,2.9535864978902953,0.42194092827004215,0.42194092827004215,0.42194092827004215,0,1.6877637130801686
E00153956,263,239,12,10,2,4,4,0,8,90.8745247148289,4.562737642585551,3.802281368821293,0.7604562737642585,1.520912547528517,1.520912547528517,0,3.041825095057034
E00153957,303,288,14,14,0,0,0,0,1,95.04950495049505,4.62046204620462,4.62046204620462,0,0,0,0,0.33003300330033003
E00153959,242,225,12,10,2,0,0,0,5,92.97520661157024,4.958677685950414,4.132231404958678,0.8264462809917356,0,0,0,2.066115702479339
E00153960,202,178,12,11,1,4,1,3,8,88.11881188118812,5.9405940594059405,5.445544554455446,0.49504950495049505,1.9801980198019802,0.49504950495049505,1.4851485148514851,3.9603960396039604
E00153961,295,263,16,12,4,6,4,2,10,89.15254237288136,5.423728813559322,4.067796610169491,1.3559322033898304,2.0338983050847457,1.3559322033898304,0.6779661016949152,3.389830508474576
E00153962,301,267,15,9,6,9,6,3,10,88.70431893687709,4.983388704318937,2.990033222591362,1.9933554817275747,2.990033222591362,1.9933554817275747,0.9966777408637874,3.322259136212625
E00153963,297,277,14,11,3,5,2,3,1,93.26599326599326,4.713804713804714,3.7037037037037033,1.0101010101010102,1.6835016835016834,0.6734006734006733,1.0101010101010102,0.33670033670033667
E00153964,320,292,16,9,7,6,3,3,6,91.25,5,2.8125,2.1875,1.875,0.9375,0.9375,1.875
E00153965,342,310,16,16,0,8,4,4,8,90.64327485380117,4.678362573099415,4.678362573099415,0,2.3391812865497075,1.1695906432748537,1.1695906432748537,2.3391812865497075
E00153967,273,246,20,17,3,5,4,1,2,90.10989010989012,7.326007326007327,6.227106227106227,1.098901098901099,1.8315018315018317,1.465201465201465,0.3663003663003663,0.7326007326007326
E00153968,157,143,11,10,1,2,1,1,1,91.0828025477707,7.006369426751593,6.369426751592357,0.6369426751592357,1.2738853503184715,0.6369426751592357,0.6369426751592357,0.6369426751592357
E00153969,405,367,24,17,7,7,4,3,7,90.61728395061729,5.9259259259259265,4.197530864197531,1.728395061728395,1.728395061728395,0.9876543209876543,0.7407407407407408,1.728395061728395
E00153970,232,213,13,9,4,3,2,1,3,91.8103448275862,5.603448275862069,3.8793103448275863,1.7241379310344827,1.293103448275862,0.8620689655172413,0.43103448275862066,1.293103448275862
E00153971,349,325,14,11,3,6,3,3,4,93.12320916905445,4.011461318051576,3.151862464183381,0.8595988538681949,1.7191977077363898,0.8595988538681949,0.8595988538681949,1.146131805157593
E00153972,266,228,22,19,3,7,3,4,9,85.71428571428571,8.270676691729323,7.142857142857142,1.1278195488721803,2.631578947368421,1.1278195488721803,1.5037593984962405,3.3834586466165413
E00153973,257,231,9,7,2,8,6,2,9,89.88326848249028,3.501945525291829,2.7237354085603114,0.7782101167315175,3.11284046692607,2.3346303501945527,0.7782101167315175,3.501945525291829
E00153974,215,192,13,10,3,4,2,2,6,89.30232558139535,6.046511627906977,4.651162790697675,1.3953488372093024,1.8604651162790697,0.9302325581395349,0.9302325581395349,2.7906976744186047
E00153975,244,209,20,17,3,10,6,4,5,85.65573770491804,8.19672131147541,6.967213114754098,1.2295081967213115,4.098360655737705,2.459016393442623,1.639344262295082,2.0491803278688523
E00153976,443,412,18,15,3,5,2,3,8,93.00225733634312,4.063205417607223,3.3860045146726865,0.6772009029345373,1.1286681715575622,0.4514672686230248,0.6772009029345373,1.805869074492099
E00153977,334,293,15,12,3,10,7,3,16,87.72455089820359,4.491017964071856,3.592814371257485,0.8982035928143712,2.9940119760479043,2.095808383233533,0.8982035928143712,4.790419161676647
E00153978,301,274,18,16,2,2,2,0,7,91.0299003322259,5.980066445182724,5.3156146179401995,0.6644518272425249,0.6644518272425249,0.6644518272425249,0,2.3255813953488373
E00153979,263,232,20,15,5,1,0,1,10,88.212927756654,7.604562737642586,5.7034220532319395,1.9011406844106464,0.38022813688212925,0,0.38022813688212925,3.802281368821293
E00153980,201,185,10,10,0,6,3,3,0,92.03980099502488,4.975124378109453,4.975124378109453,0,2.9850746268656714,1.4925373134328357,1.4925373134328357,0
E00153981,213,187,10,8,2,14,6,8,2,87.79342723004694,4.694835680751173,3.755868544600939,0.9389671361502347,6.572769953051644,2.8169014084507045,3.755868544600939,0.9389671361502347
E00153982,522,469,26,20,6,10,8,2,17,89.84674329501917,4.980842911877394,3.8314176245210727,1.1494252873563218,1.9157088122605364,1.532567049808429,0.38314176245210724,3.256704980842912
E00153983,528,484,30,24,6,5,4,1,9,91.66666666666666,5.681818181818182,4.545454545454546,1.1363636363636365,0.946969696969697,0.7575757575757576,0.1893939393939394,1.7045454545454544
E00153984,304,259,32,25,7,5,3,2,8,85.19736842105263,10.526315789473683,8.223684210526317,2.302631578947368,1.644736842105263,0.9868421052631579,0.6578947368421052,2.631578947368421
E00153985,196,174,14,11,3,4,4,0,4,88.77551020408163,7.142857142857142,5.612244897959184,1.530612244897959,2.0408163265306123,2.0408163265306123,0,2.0408163265306123
E00153986,270,235,21,15,6,6,2,4,8,87.03703703703704,7.777777777777778,5.555555555555555,2.2222222222222223,2.2222222222222223,0.7407407407407408,1.4814814814814816,2.9629629629629632
E00153987,172,146,11,7,4,7,4,3,8,84.88372093023256,6.395348837209303,4.069767441860465,2.3255813953488373,4.069767441860465,2.3255813953488373,1.744186046511628,4.651162790697675
E00153989,142,129,11,5,6,0,0,0,2,90.84507042253522,7.746478873239436,3.5211267605633805,4.225352112676056,0,0,0,1.4084507042253522
E00153990,218,196,7,6,1,6,4,2,9,89.90825688073394,3.211009174311927,2.7522935779816518,0.45871559633027525,2.7522935779816518,1.834862385321101,0.9174311926605505,4.128440366972478
E00153991,222,184,21,12,9,8,5,3,9,82.88288288288288,9.45945945945946,5.405405405405405,4.054054054054054,3.6036036036036037,2.2522522522522523,1.3513513513513513,4.054054054054054
E00153992,314,280,25,21,4,1,0,1,8,89.171974522293,7.961783439490445,6.687898089171974,1.2738853503184715,0.3184713375796179,0,0.3184713375796179,2.547770700636943
E00153994,255,233,12,9,3,8,3,5,2,91.37254901960785,4.705882352941177,3.5294117647058822,1.1764705882352942,3.1372549019607843,1.1764705882352942,1.9607843137254901,0.7843137254901961
E00153995,308,277,21,15,6,4,3,1,6,89.93506493506493,6.8181818181818175,4.870129870129871,1.948051948051948,1.2987012987012987,0.974025974025974,0.3246753246753247,1.948051948051948
E00153996,175,157,12,10,2,2,1,1,4,89.71428571428571,6.857142857142858,5.714285714285714,1.1428571428571428,1.1428571428571428,0.5714285714285714,0.5714285714285714,2.2857142857142856
E00153997,322,281,20,18,2,8,3,5,13,87.26708074534162,6.211180124223603,5.590062111801243,0.6211180124223602,2.484472049689441,0.9316770186335404,1.5527950310559007,4.037267080745342
E00153998,168,146,16,14,2,4,1,3,2,86.90476190476191,9.523809523809524,8.333333333333332,1.1904761904761905,2.380952380952381,0.5952380952380952,1.7857142857142856,1.1904761904761905
E00153999,115,107,5,2,3,1,1,0,2,93.04347826086956,4.3478260869565215,1.7391304347826086,2.608695652173913,0.8695652173913043,0.8695652173913043,0,1.7391304347826086
E00154000,389,346,28,27,1,5,2,3,10,88.94601542416453,7.197943444730077,6.940874035989718,0.2570694087403599,1.2853470437017995,0.5141388174807198,0.7712082262210797,2.570694087403599
E00154001,313,273,23,15,8,6,4,2,11,87.22044728434504,7.348242811501597,4.792332268370607,2.5559105431309903,1.9169329073482428,1.2779552715654952,0.6389776357827476,3.5143769968051117
E00154002,380,348,24,19,5,5,3,2,3,91.57894736842105,6.315789473684211,5,1.3157894736842104,1.3157894736842104,0.7894736842105263,0.5263157894736842,0.7894736842105263
E00154005,304,281,14,12,2,4,2,2,5,92.43421052631578,4.605263157894736,3.9473684210526314,0.6578947368421052,1.3157894736842104,0.6578947368421052,0.6578947368421052,1.644736842105263
E00154006,214,194,13,12,1,2,0,2,5,90.65420560747664,6.074766355140187,5.607476635514018,0.46728971962616817,0.9345794392523363,0,0.9345794392523363,2.336448598130841
E00154007,176,149,11,3,8,6,4,2,10,84.6590909090909,6.25,1.7045454545454544,4.545454545454546,3.4090909090909087,2.272727272727273,1.1363636363636365,5.681818181818182
E00154008,121,95,20,16,4,2,0,2,4,78.51239669421489,16.528925619834713,13.223140495867769,3.3057851239669422,1.6528925619834711,0,1.6528925619834711,3.3057851239669422
E00154009,209,190,8,4,4,4,1,3,7,90.9090909090909,3.827751196172249,1.9138755980861244,1.9138755980861244,1.9138755980861244,0.4784688995215311,1.4354066985645932,3.349282296650718
E00154010,299,260,21,18,3,6,4,2,12,86.95652173913044,7.023411371237458,6.0200668896321075,1.0033444816053512,2.0066889632107023,1.3377926421404682,0.6688963210702341,4.013377926421405
E00154011,193,179,5,4,1,1,0,1,8,92.74611398963731,2.5906735751295336,2.072538860103627,0.5181347150259068,0.5181347150259068,0,0.5181347150259068,4.145077720207254
E00154012,254,236,11,5,6,5,1,4,2,92.91338582677166,4.330708661417323,1.968503937007874,2.3622047244094486,1.968503937007874,0.39370078740157477,1.574803149606299,0.7874015748031495
E00154013,430,389,18,14,4,6,2,4,17,90.46511627906978,4.186046511627907,3.255813953488372,0.9302325581395349,1.3953488372093024,0.46511627906976744,0.9302325581395349,3.953488372093023
E00154014,488,449,22,18,4,8,1,7,9,92.00819672131148,4.508196721311475,3.6885245901639343,0.819672131147541,1.639344262295082,0.20491803278688525,1.4344262295081966,1.8442622950819672
E00154015,351,323,13,9,4,6,4,2,9,92.02279202279202,3.7037037037037033,2.564102564102564,1.1396011396011396,1.7094017094017095,1.1396011396011396,0.5698005698005698,2.564102564102564
E00154016,304,272,18,16,2,7,2,5,7,89.47368421052632,5.921052631578947,5.263157894736842,0.6578947368421052,2.302631578947368,0.6578947368421052,1.644736842105263,2.302631578947368
E00154017,355,314,23,16,7,7,2,5,11,88.45070422535211,6.478873239436619,4.507042253521127,1.971830985915493,1.971830985915493,0.5633802816901409,1.4084507042253522,3.0985915492957745
E00154020,301,266,24,21,3,4,3,1,7,88.37209302325581,7.973421926910299,6.976744186046512,0.9966777408637874,1.3289036544850499,0.9966777408637874,0.33222591362126247,2.3255813953488373
E00154021,242,225,11,8,3,1,1,0,5,92.97520661157024,4.545454545454546,3.3057851239669422,1.2396694214876034,0.4132231404958678,0.4132231404958678,0,2.066115702479339
E00154022,323,296,15,15,0,6,3,3,6,91.64086687306502,4.643962848297214,4.643962848297214,0,1.8575851393188854,0.9287925696594427,0.9287925696594427,1.8575851393188854
E00154023,243,220,12,11,1,2,1,1,9,90.53497942386831,4.938271604938271,4.526748971193416,0.411522633744856,0.823045267489712,0.411522633744856,0.411522633744856,3.7037037037037033
E00154024,241,221,6,4,2,4,1,3,10,91.70124481327801,2.4896265560165975,1.6597510373443984,0.8298755186721992,1.6597510373443984,0.4149377593360996,1.2448132780082988,4.149377593360995
E00154025,305,272,18,16,2,6,3,3,9,89.18032786885246,5.901639344262295,5.245901639344262,0.6557377049180327,1.9672131147540985,0.9836065573770493,0.9836065573770493,2.9508196721311477
E00154026,268,240,18,12,6,6,6,0,4,89.55223880597015,6.7164179104477615,4.477611940298507,2.2388059701492535,2.2388059701492535,2.2388059701492535,0,1.4925373134328357
E00154027,337,310,20,16,4,1,1,0,6,91.98813056379822,5.934718100890208,4.747774480712167,1.1869436201780417,0.2967359050445104,0.2967359050445104,0,1.7804154302670623
E00154029,316,289,18,15,3,5,3,2,4,91.45569620253164,5.69620253164557,4.746835443037975,0.949367088607595,1.5822784810126582,0.949367088607595,0.6329113924050633,1.2658227848101267
E00154030,311,278,19,14,5,5,3,2,9,89.38906752411575,6.109324758842444,4.501607717041801,1.607717041800643,1.607717041800643,0.964630225080386,0.6430868167202572,2.8938906752411575
E00154031,289,253,24,20,4,5,1,4,7,87.5432525951557,8.304498269896193,6.920415224913495,1.384083044982699,1.7301038062283738,0.34602076124567477,1.384083044982699,2.422145328719723
E00154032,305,274,18,16,2,5,3,2,8,89.8360655737705,5.901639344262295,5.245901639344262,0.6557377049180327,1.639344262295082,0.9836065573770493,0.6557377049180327,2.622950819672131
E00154033,299,269,25,19,6,2,0,2,3,89.96655518394648,8.361204013377927,6.354515050167224,2.0066889632107023,0.6688963210702341,0,0.6688963210702341,1.0033444816053512
E00154034,296,266,20,15,5,5,2,3,5,89.86486486486487,6.756756756756757,5.0675675675675675,1.6891891891891893,1.6891891891891893,0.6756756756756757,1.0135135135135136,1.6891891891891893
E00154035,377,337,24,19,5,6,3,3,10,89.38992042440319,6.36604774535809,5.039787798408488,1.3262599469496021,1.5915119363395225,0.7957559681697612,0.7957559681697612,2.6525198938992043
E00154036,308,269,28,23,5,2,2,0,9,87.33766233766234,9.090909090909092,7.467532467532467,1.6233766233766231,0.6493506493506493,0.6493506493506493,0,2.922077922077922
E00154037,304,252,27,23,4,9,6,3,16,82.89473684210526,8.881578947368421,7.565789473684211,1.3157894736842104,2.9605263157894735,1.9736842105263157,0.9868421052631579,5.263157894736842
E00154038,149,135,0,0,0,1,1,0,13,90.60402684563759,0,0,0,0.6711409395973155,0.6711409395973155,0,8.724832214765101
E00154039,288,259,13,8,5,5,5,0,11,89.93055555555556,4.513888888888888,2.7777777777777777,1.7361111111111112,1.7361111111111112,1.7361111111111112,0,3.8194444444444446
E00154040,283,242,18,12,6,10,4,6,13,85.51236749116607,6.36042402826855,4.240282685512367,2.1201413427561837,3.53356890459364,1.4134275618374559,2.1201413427561837,4.593639575971731
E00154041,362,325,23,19,4,7,4,3,7,89.77900552486187,6.353591160220995,5.248618784530387,1.1049723756906076,1.9337016574585635,1.1049723756906076,0.8287292817679558,1.9337016574585635
E00154042,259,224,25,18,7,4,2,2,6,86.48648648648648,9.652509652509652,6.94980694980695,2.7027027027027026,1.5444015444015444,0.7722007722007722,0.7722007722007722,2.3166023166023164
E00154043,313,276,13,10,3,7,2,5,17,88.17891373801918,4.15335463258786,3.1948881789137378,0.9584664536741214,2.2364217252396164,0.6389776357827476,1.5974440894568689,5.431309904153355
E00154044,297,261,16,14,2,9,7,2,11,87.87878787878788,5.387205387205387,4.713804713804714,0.6734006734006733,3.0303030303030303,2.356902356902357,0.6734006734006733,3.7037037037037033
E00154045,361,327,19,16,3,6,5,1,9,90.58171745152355,5.263157894736842,4.43213296398892,0.8310249307479225,1.662049861495845,1.3850415512465373,0.2770083102493075,2.4930747922437675
E00154046,247,225,12,7,5,3,2,1,7,91.09311740890689,4.8582995951417,2.834008097165992,2.0242914979757085,1.214574898785425,0.8097165991902834,0.4048582995951417,2.834008097165992
E00154047,387,352,18,11,7,5,2,3,12,90.95607235142118,4.651162790697675,2.842377260981912,1.8087855297157622,1.2919896640826873,0.516795865633075,0.7751937984496124,3.10077519379845
E00154048,348,311,10,7,3,10,3,7,17,89.36781609195403,2.8735632183908044,2.0114942528735633,0.8620689655172413,2.8735632183908044,0.8620689655172413,2.0114942528735633,4.885057471264368
E00154050,236,210,10,7,3,9,2,7,7,88.98305084745762,4.23728813559322,2.9661016949152543,1.2711864406779663,3.8135593220338984,0.847457627118644,2.9661016949152543,2.9661016949152543
E00154051,316,281,13,9,4,12,1,11,10,88.92405063291139,4.113924050632911,2.848101265822785,1.2658227848101267,3.79746835443038,0.31645569620253167,3.481012658227848,3.1645569620253164
E00154054,255,227,13,7,6,6,3,3,9,89.01960784313725,5.098039215686274,2.7450980392156863,2.3529411764705883,2.3529411764705883,1.1764705882352942,1.1764705882352942,3.5294117647058822
E00154055,317,301,7,6,1,3,1,2,6,94.95268138801262,2.2082018927444795,1.8927444794952681,0.31545741324921134,0.9463722397476341,0.31545741324921134,0.6309148264984227,1.8927444794952681
E00154056,224,204,3,2,1,8,3,5,9,91.07142857142857,1.3392857142857142,0.8928571428571428,0.4464285714285714,3.571428571428571,1.3392857142857142,2.232142857142857,4.017857142857143
E00154057,226,204,11,11,0,5,3,2,6,90.2654867256637,4.867256637168142,4.867256637168142,0,2.2123893805309733,1.3274336283185841,0.8849557522123894,2.6548672566371683
E00154058,259,240,14,10,4,0,0,0,5,92.66409266409266,5.405405405405405,3.861003861003861,1.5444015444015444,0,0,0,1.9305019305019304
E00154059,272,237,17,13,4,7,4,3,11,87.13235294117648,6.25,4.779411764705882,1.4705882352941175,2.5735294117647056,1.4705882352941175,1.1029411764705883,4.044117647058823
E00154060,298,273,17,11,6,3,1,2,5,91.61073825503355,5.704697986577181,3.691275167785235,2.013422818791946,1.006711409395973,0.33557046979865773,0.6711409395973155,1.6778523489932886
E00154061,231,214,12,6,6,5,3,2,0,92.64069264069265,5.194805194805195,2.5974025974025974,2.5974025974025974,2.1645021645021645,1.2987012987012987,0.8658008658008658,0
E00154062,230,205,18,12,6,3,2,1,4,89.13043478260869,7.82608695652174,5.217391304347826,2.608695652173913,1.3043478260869565,0.8695652173913043,0.43478260869565216,1.7391304347826086
E00154063,226,198,20,13,7,5,2,3,3,87.61061946902655,8.849557522123893,5.752212389380531,3.0973451327433628,2.2123893805309733,0.8849557522123894,1.3274336283185841,1.3274336283185841
E00154064,252,234,7,2,5,5,2,3,6,92.85714285714286,2.7777777777777777,0.7936507936507936,1.984126984126984,1.984126984126984,0.7936507936507936,1.1904761904761905,2.380952380952381
E00154065,196,171,14,9,5,6,2,4,5,87.24489795918367,7.142857142857142,4.591836734693878,2.5510204081632653,3.061224489795918,1.0204081632653061,2.0408163265306123,2.5510204081632653
E00154066,194,178,13,10,3,2,0,2,1,91.75257731958763,6.701030927835052,5.154639175257731,1.5463917525773196,1.0309278350515463,0,1.0309278350515463,0.5154639175257731
E00154067,233,211,13,6,7,2,2,0,7,90.55793991416309,5.579399141630901,2.575107296137339,3.004291845493562,0.8583690987124464,0.8583690987124464,0,3.004291845493562
E00154068,270,245,18,12,6,3,2,1,4,90.74074074074075,6.666666666666667,4.444444444444445,2.2222222222222223,1.1111111111111112,0.7407407407407408,0.3703703703703704,1.4814814814814816
E00154069,289,250,17,14,3,10,5,5,12,86.50519031141869,5.88235294117647,4.844290657439446,1.0380622837370241,3.4602076124567476,1.7301038062283738,1.7301038062283738,4.1522491349480966
E00154070,115,97,8,7,1,4,4,0,6,84.34782608695653,6.956521739130435,6.086956521739131,0.8695652173913043,3.4782608695652173,3.4782608695652173,0,5.217391304347826
E00154071,334,306,23,22,1,3,2,1,2,91.61676646706587,6.88622754491018,6.58682634730539,0.29940119760479045,0.8982035928143712,0.5988023952095809,0.29940119760479045,0.5988023952095809
E00154072,325,293,20,17,3,3,3,0,9,90.15384615384615,6.153846153846154,5.230769230769231,0.9230769230769231,0.9230769230769231,0.9230769230769231,0,2.769230769230769
E00154073,322,291,17,13,4,6,3,3,8,90.37267080745342,5.279503105590062,4.037267080745342,1.2422360248447204,1.8633540372670807,0.9316770186335404,0.9316770186335404,2.484472049689441
E00154074,103,94,5,3,2,0,0,0,4,91.2621359223301,4.854368932038835,2.912621359223301,1.9417475728155338,0,0,0,3.8834951456310676
E00154075,181,163,6,5,1,5,3,2,7,90.05524861878453,3.314917127071823,2.7624309392265194,0.5524861878453038,2.7624309392265194,1.6574585635359116,1.1049723756906076,3.867403314917127
E00154076,466,421,23,18,5,13,6,7,9,90.34334763948499,4.935622317596566,3.862660944206009,1.0729613733905579,2.7896995708154506,1.2875536480686696,1.502145922746781,1.9313304721030045
E00154077,283,254,16,11,5,5,3,2,8,89.75265017667844,5.6537102473498235,3.8869257950530036,1.76678445229682,1.76678445229682,1.0600706713780919,0.7067137809187279,2.8268551236749118
E00154078,319,278,23,20,3,9,4,5,9,87.14733542319749,7.210031347962382,6.269592476489027,0.9404388714733543,2.8213166144200628,1.2539184952978055,1.5673981191222568,2.8213166144200628
E00154079,170,150,15,14,1,1,1,0,4,88.23529411764706,8.823529411764707,8.235294117647058,0.5882352941176471,0.5882352941176471,0.5882352941176471,0,2.3529411764705883
E00154080,328,316,3,3,0,5,0,5,4,96.34146341463415,0.9146341463414633,0.9146341463414633,0,1.524390243902439,0,1.524390243902439,1.2195121951219512
E00154081,322,296,19,11,8,2,2,0,5,91.92546583850931,5.900621118012422,3.4161490683229814,2.484472049689441,0.6211180124223602,0.6211180124223602,0,1.5527950310559007
E00154083,182,166,10,10,0,2,1,1,4,91.20879120879121,5.4945054945054945,5.4945054945054945,0,1.098901098901099,0.5494505494505495,0.5494505494505495,2.197802197802198
E00154084,295,273,16,13,3,6,3,3,0,92.54237288135593,5.423728813559322,4.406779661016949,1.0169491525423728,2.0338983050847457,1.0169491525423728,1.0169491525423728,0
E00154085,316,279,16,9,7,8,2,6,13,88.29113924050634,5.063291139240507,2.848101265822785,2.2151898734177213,2.5316455696202533,0.6329113924050633,1.89873417721519,4.113924050632911
E00154086,253,224,14,13,1,5,5,0,10,88.53754940711462,5.533596837944664,5.138339920948617,0.3952569169960474,1.9762845849802373,1.9762845849802373,0,3.9525691699604746
E00154087,324,290,18,17,1,9,6,3,7,89.50617283950618,5.555555555555555,5.246913580246913,0.30864197530864196,2.7777777777777777,1.8518518518518516,0.9259259259259258,2.1604938271604937
E00154088,259,237,14,11,3,2,1,1,6,91.5057915057915,5.405405405405405,4.247104247104247,1.1583011583011582,0.7722007722007722,0.3861003861003861,0.3861003861003861,2.3166023166023164
E00154089,184,169,7,5,2,3,2,1,5,91.84782608695652,3.804347826086957,2.717391304347826,1.0869565217391304,1.6304347826086956,1.0869565217391304,0.5434782608695652,2.717391304347826
E00154090,337,292,20,16,4,5,4,1,20,86.64688427299704,5.934718100890208,4.747774480712167,1.1869436201780417,1.483679525222552,1.1869436201780417,0.2967359050445104,5.934718100890208
E00154091,298,278,13,9,4,2,1,1,5,93.28859060402685,4.3624161073825505,3.0201342281879198,1.342281879194631,0.6711409395973155,0.33557046979865773,0.33557046979865773,1.6778523489932886
E00154092,358,326,15,12,3,8,5,3,9,91.06145251396647,4.189944134078212,3.35195530726257,0.8379888268156425,2.2346368715083798,1.3966480446927374,0.8379888268156425,2.5139664804469275
E00154093,198,176,5,5,0,9,5,4,8,88.88888888888889,2.525252525252525,2.525252525252525,0,4.545454545454546,2.525252525252525,2.0202020202020203,4.040404040404041
E00154094,396,368,16,11,5,3,3,0,9,92.92929292929293,4.040404040404041,2.7777777777777777,1.2626262626262625,0.7575757575757576,0.7575757575757576,0,2.272727272727273
E00154095,297,270,14,10,4,7,3,4,6,90.9090909090909,4.713804713804714,3.3670033670033668,1.3468013468013467,2.356902356902357,1.0101010101010102,1.3468013468013467,2.0202020202020203
E00154096,310,282,13,9,4,9,7,2,6,90.96774193548387,4.193548387096775,2.903225806451613,1.2903225806451613,2.903225806451613,2.258064516129032,0.6451612903225806,1.935483870967742
E00154097,268,230,6,3,3,11,7,4,21,85.82089552238806,2.2388059701492535,1.1194029850746268,1.1194029850746268,4.104477611940299,2.6119402985074625,1.4925373134328357,7.835820895522389
E00154098,285,267,7,3,4,6,3,3,5,93.6842105263158,2.456140350877193,1.0526315789473684,1.4035087719298245,2.1052631578947367,1.0526315789473684,1.0526315789473684,1.7543859649122806
E00154099,441,397,20,16,4,8,6,2,16,90.02267573696146,4.535147392290249,3.6281179138321997,0.9070294784580499,1.8140589569160999,1.3605442176870748,0.45351473922902497,3.6281179138321997
E00154100,307,275,15,11,4,5,1,4,12,89.57654723127035,4.88599348534202,3.5830618892508146,1.3029315960912053,1.6286644951140066,0.32573289902280134,1.3029315960912053,3.908794788273615
E00154101,304,269,18,14,4,3,1,2,14,88.48684210526315,5.921052631578947,4.605263157894736,1.3157894736842104,0.9868421052631579,0.3289473684210526,0.6578947368421052,4.605263157894736
E00154102,306,292,10,7,3,0,0,0,4,95.42483660130719,3.2679738562091507,2.287581699346405,0.9803921568627451,0,0,0,1.3071895424836601
E00154103,269,248,9,9,0,8,4,4,4,92.19330855018588,3.3457249070631967,3.3457249070631967,0,2.973977695167286,1.486988847583643,1.486988847583643,1.486988847583643
E00154104,230,204,13,12,1,4,3,1,9,88.69565217391305,5.6521739130434785,5.217391304347826,0.43478260869565216,1.7391304347826086,1.3043478260869565,0.43478260869565216,3.91304347826087
E00154105,268,247,13,11,2,2,1,1,6,92.16417910447761,4.850746268656716,4.104477611940299,0.7462686567164178,0.7462686567164178,0.3731343283582089,0.3731343283582089,2.2388059701492535
E00154106,268,246,11,5,6,4,1,3,7,91.7910447761194,4.104477611940299,1.8656716417910446,2.2388059701492535,1.4925373134328357,0.3731343283582089,1.1194029850746268,2.6119402985074625
E00154107,321,285,12,6,6,6,4,2,18,88.78504672897196,3.7383177570093453,1.8691588785046727,1.8691588785046727,1.8691588785046727,1.2461059190031152,0.6230529595015576,5.607476635514018
E00154108,255,233,14,8,6,6,2,4,2,91.37254901960785,5.490196078431373,3.1372549019607843,2.3529411764705883,2.3529411764705883,0.7843137254901961,1.5686274509803921,0.7843137254901961
E00154109,192,175,11,9,2,3,2,1,3,91.14583333333334,5.729166666666666,4.6875,1.0416666666666665,1.5625,1.0416666666666665,0.5208333333333333,1.5625
E00154110,121,107,6,4,2,2,1,1,6,88.42975206611571,4.958677685950414,3.3057851239669422,1.6528925619834711,1.6528925619834711,0.8264462809917356,0.8264462809917356,4.958677685950414
E00154111,216,201,7,4,3,2,1,1,6,93.05555555555556,3.2407407407407405,1.8518518518518516,1.3888888888888888,0.9259259259259258,0.4629629629629629,0.4629629629629629,2.7777777777777777
E00154112,296,261,18,12,6,8,5,3,9,88.17567567567568,6.081081081081082,4.054054054054054,2.027027027027027,2.7027027027027026,1.6891891891891893,1.0135135135135136,3.040540540540541
E00154113,310,278,22,20,2,4,3,1,6,89.6774193548387,7.096774193548387,6.451612903225806,0.6451612903225806,1.2903225806451613,0.967741935483871,0.3225806451612903,1.935483870967742
E00154114,233,198,26,20,6,1,1,0,8,84.97854077253218,11.158798283261802,8.583690987124463,2.575107296137339,0.4291845493562232,0.4291845493562232,0,3.4334763948497855
E00154115,263,221,23,16,7,5,3,2,14,84.03041825095056,8.745247148288973,6.083650190114068,2.6615969581749046,1.9011406844106464,1.1406844106463878,0.7604562737642585,5.323193916349809
E00154116,247,211,17,12,5,6,3,3,13,85.4251012145749,6.882591093117409,4.8582995951417,2.0242914979757085,2.42914979757085,1.214574898785425,1.214574898785425,5.263157894736842
E00154117,239,219,13,10,3,1,0,1,6,91.63179916317992,5.439330543933055,4.184100418410042,1.2552301255230125,0.41841004184100417,0,0.41841004184100417,2.510460251046025
E00154118,290,265,10,7,3,5,3,2,10,91.37931034482759,3.4482758620689653,2.413793103448276,1.0344827586206897,1.7241379310344827,1.0344827586206897,0.6896551724137931,3.4482758620689653
E00154119,292,259,16,12,4,8,3,5,9,88.6986301369863,5.47945205479452,4.10958904109589,1.36986301369863,2.73972602739726,1.0273972602739725,1.7123287671232876,3.0821917808219177
E00154120,285,253,15,11,4,6,1,5,11,88.7719298245614,5.263157894736842,3.8596491228070176,1.4035087719298245,2.1052631578947367,0.3508771929824561,1.7543859649122806,3.8596491228070176
E00154121,248,220,19,14,5,3,1,2,6,88.70967741935483,7.661290322580645,5.64516129032258,2.0161290322580645,1.2096774193548387,0.4032258064516129,0.8064516129032258,2.4193548387096775
E00154122,279,255,12,7,5,7,5,2,5,91.39784946236558,4.301075268817205,2.5089605734767026,1.7921146953405016,2.5089605734767026,1.7921146953405016,0.7168458781362007,1.7921146953405016
E00154123,238,209,18,16,2,2,1,1,9,87.81512605042016,7.563025210084033,6.722689075630252,0.8403361344537815,0.8403361344537815,0.42016806722689076,0.42016806722689076,3.7815126050420167
E00154124,168,155,10,8,2,2,2,0,1,92.26190476190477,5.952380952380952,4.761904761904762,1.1904761904761905,1.1904761904761905,1.1904761904761905,0,0.5952380952380952
E00154125,349,314,19,15,4,5,1,4,11,89.97134670487105,5.444126074498568,4.297994269340974,1.146131805157593,1.4326647564469914,0.28653295128939826,1.146131805157593,3.151862464183381
E00154126,467,415,29,18,11,11,3,8,12,88.86509635974305,6.209850107066381,3.854389721627409,2.355460385438972,2.355460385438972,0.6423982869379015,1.7130620985010707,2.569593147751606
E00154127,285,252,26,19,7,3,1,2,4,88.42105263157895,9.12280701754386,6.666666666666667,2.456140350877193,1.0526315789473684,0.3508771929824561,0.7017543859649122,1.4035087719298245
E00154128,214,182,19,15,4,5,1,4,8,85.04672897196261,8.878504672897195,7.009345794392523,1.8691588785046727,2.336448598130841,0.46728971962616817,1.8691588785046727,3.7383177570093453
E00154129,352,314,24,20,4,8,3,5,6,89.20454545454545,6.8181818181818175,5.681818181818182,1.1363636363636365,2.272727272727273,0.8522727272727272,1.4204545454545454,1.7045454545454544
E00154130,364,342,7,6,1,3,1,2,12,93.95604395604396,1.9230769230769231,1.6483516483516485,0.27472527472527475,0.8241758241758242,0.27472527472527475,0.5494505494505495,3.296703296703297
E00154131,376,340,16,12,4,9,6,3,11,90.42553191489363,4.25531914893617,3.1914893617021276,1.0638297872340425,2.393617021276596,1.5957446808510638,0.7978723404255319,2.925531914893617
E00154132,120,110,6,4,2,1,1,0,3,91.66666666666666,5,3.3333333333333335,1.6666666666666667,0.8333333333333334,0.8333333333333334,0,2.5
E00154133,198,181,11,9,2,3,1,2,3,91.41414141414141,5.555555555555555,4.545454545454546,1.0101010101010102,1.5151515151515151,0.5050505050505051,1.0101010101010102,1.5151515151515151
E00154134,218,203,6,4,2,6,5,1,3,93.11926605504587,2.7522935779816518,1.834862385321101,0.9174311926605505,2.7522935779816518,2.293577981651376,0.45871559633027525,1.3761467889908259
E00154135,166,143,8,7,1,4,2,2,11,86.14457831325302,4.819277108433735,4.216867469879518,0.6024096385542169,2.4096385542168677,1.2048192771084338,1.2048192771084338,6.626506024096386
E00154136,410,351,34,22,12,6,6,0,19,85.60975609756098,8.292682926829269,5.365853658536586,2.9268292682926833,1.4634146341463417,1.4634146341463417,0,4.634146341463414
E00154137,183,166,14,13,1,2,2,0,1,90.7103825136612,7.650273224043716,7.103825136612022,0.546448087431694,1.092896174863388,1.092896174863388,0,0.546448087431694
E00154138,270,248,13,8,5,5,4,1,4,91.85185185185185,4.814814814814815,2.9629629629629632,1.8518518518518516,1.8518518518518516,1.4814814814814816,0.3703703703703704,1.4814814814814816
E00154139,270,239,10,5,5,8,6,2,13,88.51851851851852,3.7037037037037033,1.8518518518518516,1.8518518518518516,2.9629629629629632,2.2222222222222223,0.7407407407407408,4.814814814814815
E00154140,290,263,14,8,6,7,3,4,6,90.6896551724138,4.827586206896552,2.7586206896551726,2.0689655172413794,2.413793103448276,1.0344827586206897,1.3793103448275863,2.0689655172413794
E00154141,269,238,19,9,10,3,3,0,9,88.47583643122677,7.063197026022305,3.3457249070631967,3.717472118959108,1.1152416356877324,1.1152416356877324,0,3.3457249070631967
E00154142,215,192,16,14,2,1,0,1,6,89.30232558139535,7.441860465116279,6.511627906976744,0.9302325581395349,0.46511627906976744,0,0.46511627906976744,2.7906976744186047
E00154143,228,208,13,10,3,3,1,2,4,91.22807017543859,5.701754385964912,4.385964912280701,1.3157894736842104,1.3157894736842104,0.43859649122807015,0.8771929824561403,1.7543859649122806
E00154144,270,243,9,5,4,5,3,2,13,90,3.3333333333333335,1.8518518518518516,1.4814814814814816,1.8518518518518516,1.1111111111111112,0.7407407407407408,4.814814814814815
E00154145,356,316,21,13,8,3,1,2,16,88.76404494382022,5.8988764044943816,3.651685393258427,2.247191011235955,0.8426966292134831,0.2808988764044944,0.5617977528089888,4.49438202247191
E00154146,218,198,15,12,3,2,0,2,3,90.82568807339449,6.8807339449541285,5.5045871559633035,1.3761467889908259,0.9174311926605505,0,0.9174311926605505,1.3761467889908259
E00154147,280,257,10,8,2,8,4,4,5,91.78571428571428,3.571428571428571,2.857142857142857,0.7142857142857143,2.857142857142857,1.4285714285714286,1.4285714285714286,1.7857142857142856
E00154148,286,274,11,6,5,0,0,0,1,95.8041958041958,3.8461538461538463,2.097902097902098,1.7482517482517483,0,0,0,0.34965034965034963
E00154149,261,220,27,23,4,2,2,0,12,84.2911877394636,10.344827586206897,8.812260536398467,1.532567049808429,0.7662835249042145,0.7662835249042145,0,4.597701149425287
E00154150,285,253,12,10,2,8,5,3,12,88.7719298245614,4.2105263157894735,3.508771929824561,0.7017543859649122,2.807017543859649,1.7543859649122806,1.0526315789473684,4.2105263157894735
E00154151,249,228,11,6,5,2,1,1,8,91.56626506024097,4.417670682730924,2.4096385542168677,2.0080321285140563,0.8032128514056224,0.4016064257028112,0.4016064257028112,3.2128514056224895
E00154152,242,223,8,5,3,2,0,2,9,92.14876033057851,3.3057851239669422,2.066115702479339,1.2396694214876034,0.8264462809917356,0,0.8264462809917356,3.71900826446281
E00154153,262,237,13,5,8,6,4,2,6,90.45801526717557,4.961832061068702,1.9083969465648856,3.0534351145038165,2.2900763358778624,1.5267175572519083,0.7633587786259541,2.2900763358778624
E00154154,269,237,23,19,4,1,0,1,8,88.10408921933085,8.550185873605948,7.063197026022305,1.486988847583643,0.37174721189591076,0,0.37174721189591076,2.973977695167286
E00154155,324,285,23,20,3,6,0,6,10,87.96296296296296,7.098765432098765,6.172839506172839,0.9259259259259258,1.8518518518518516,0,1.8518518518518516,3.0864197530864197
E00154156,375,346,18,12,6,5,1,4,6,92.26666666666667,4.8,3.2,1.6,1.3333333333333335,0.26666666666666666,1.0666666666666667,1.6
E00154157,251,224,11,6,5,4,3,1,12,89.2430278884462,4.382470119521913,2.3904382470119523,1.9920318725099602,1.593625498007968,1.1952191235059761,0.398406374501992,4.780876494023905
E00154158,250,229,13,11,2,4,4,0,4,91.60000000000001,5.2,4.3999999999999995,0.8,1.6,1.6,0,1.6
E00154159,326,297,11,8,3,7,3,4,11,91.1042944785276,3.374233128834356,2.4539877300613497,0.9202453987730062,2.147239263803681,0.9202453987730062,1.2269938650306749,3.374233128834356
E00154160,335,310,9,5,4,5,1,4,11,92.53731343283582,2.6865671641791042,1.4925373134328357,1.1940298507462688,1.4925373134328357,0.2985074626865672,1.1940298507462688,3.2835820895522385
E00154161,266,226,15,9,6,8,5,3,17,84.9624060150376,5.639097744360902,3.3834586466165413,2.2556390977443606,3.007518796992481,1.8796992481203008,1.1278195488721803,6.390977443609022
E00154162,332,315,5,4,1,7,2,5,5,94.87951807228916,1.5060240963855422,1.2048192771084338,0.30120481927710846,2.108433734939759,0.6024096385542169,1.5060240963855422,1.5060240963855422
E00154163,265,244,8,6,2,1,1,0,12,92.0754716981132,3.018867924528302,2.2641509433962264,0.7547169811320755,0.37735849056603776,0.37735849056603776,0,4.528301886792453
E00154164,265,233,19,15,4,4,1,3,9,87.9245283018868,7.169811320754717,5.660377358490567,1.509433962264151,1.509433962264151,0.37735849056603776,1.1320754716981132,3.3962264150943398
E00154165,268,236,11,11,0,8,5,3,13,88.05970149253731,4.104477611940299,4.104477611940299,0,2.9850746268656714,1.8656716417910446,1.1194029850746268,4.850746268656716
E00154166,272,240,6,5,1,12,10,2,14,88.23529411764706,2.2058823529411766,1.8382352941176472,0.3676470588235294,4.411764705882353,3.6764705882352944,0.7352941176470588,5.147058823529411
E00154167,225,196,9,7,2,4,2,2,16,87.1111111111111,4,3.111111111111111,0.8888888888888888,1.7777777777777777,0.8888888888888888,0.8888888888888888,7.111111111111111
E00154168,197,185,5,4,1,3,2,1,4,93.90862944162437,2.5380710659898478,2.030456852791878,0.5076142131979695,1.5228426395939088,1.015228426395939,0.5076142131979695,2.030456852791878
E00154169,281,260,8,2,6,4,0,4,9,92.52669039145907,2.8469750889679712,0.7117437722419928,2.135231316725979,1.4234875444839856,0,1.4234875444839856,3.202846975088968
E00154170,371,336,12,9,3,5,2,3,18,90.56603773584906,3.234501347708895,2.4258760107816713,0.8086253369272237,1.3477088948787064,0.5390835579514826,0.8086253369272237,4.8517520215633425
E00154171,272,245,11,8,3,2,1,1,14,90.07352941176471,4.044117647058823,2.941176470588235,1.1029411764705883,0.7352941176470588,0.3676470588235294,0.3676470588235294,5.147058823529411
E00154172,250,223,11,11,0,9,3,6,7,89.2,4.3999999999999995,4.3999999999999995,0,3.5999999999999996,1.2,2.4,2.8000000000000003
E00154173,172,150,13,7,6,6,2,4,3,87.20930232558139,7.55813953488372,4.069767441860465,3.488372093023256,3.488372093023256,1.1627906976744187,2.3255813953488373,1.744186046511628
E00154174,315,288,23,14,9,3,3,0,1,91.42857142857143,7.301587301587302,4.444444444444445,2.857142857142857,0.9523809523809524,0.9523809523809524,0,0.31746031746031744
E00154175,310,275,13,11,2,8,4,4,14,88.70967741935483,4.193548387096775,3.5483870967741935,0.6451612903225806,2.5806451612903225,1.2903225806451613,1.2903225806451613,4.516129032258064
E00154176,198,182,10,8,2,0,0,0,6,91.91919191919192,5.05050505050505,4.040404040404041,1.0101010101010102,0,0,0,3.0303030303030303
E00154177,204,181,10,10,0,4,1,3,9,88.72549019607843,4.901960784313726,4.901960784313726,0,1.9607843137254901,0.49019607843137253,1.4705882352941175,4.411764705882353
E00154178,261,222,19,17,2,8,4,4,12,85.0574712643678,7.2796934865900385,6.513409961685824,0.7662835249042145,3.065134099616858,1.532567049808429,1.532567049808429,4.597701149425287
E00154179,109,95,8,6,2,3,2,1,3,87.1559633027523,7.339449541284404,5.5045871559633035,1.834862385321101,2.7522935779816518,1.834862385321101,0.9174311926605505,2.7522935779816518
E00154180,168,153,7,5,2,5,4,1,3,91.07142857142857,4.166666666666666,2.976190476190476,1.1904761904761905,2.976190476190476,2.380952380952381,0.5952380952380952,1.7857142857142856
E00154181,342,301,21,14,7,8,2,6,12,88.01169590643275,6.140350877192982,4.093567251461988,2.046783625730994,2.3391812865497075,0.5847953216374269,1.7543859649122806,3.508771929824561
E00154182,257,229,22,16,6,0,0,0,6,89.10505836575877,8.560311284046692,6.22568093385214,2.3346303501945527,0,0,0,2.3346303501945527
E00154183,236,222,7,5,2,4,3,1,3,94.0677966101695,2.9661016949152543,2.11864406779661,0.847457627118644,1.694915254237288,1.2711864406779663,0.423728813559322,1.2711864406779663
E00154184,264,235,16,13,3,7,2,5,6,89.01515151515152,6.0606060606060606,4.924242424242424,1.1363636363636365,2.6515151515151514,0.7575757575757576,1.893939393939394,2.272727272727273
E00154185,330,308,7,7,0,3,3,0,12,93.33333333333333,2.1212121212121215,2.1212121212121215,0,0.9090909090909091,0.9090909090909091,0,3.6363636363636362
E00154186,332,295,16,13,3,9,0,9,12,88.85542168674698,4.819277108433735,3.91566265060241,0.9036144578313252,2.710843373493976,0,2.710843373493976,3.614457831325301
E00154187,300,266,18,13,5,9,5,4,7,88.66666666666667,6,4.333333333333334,1.6666666666666667,3,1.6666666666666667,1.3333333333333335,2.3333333333333335
E00154188,281,250,13,11,2,5,1,4,13,88.96797153024912,4.6263345195729535,3.9145907473309607,0.7117437722419928,1.7793594306049825,0.3558718861209964,1.4234875444839856,4.6263345195729535
E00154189,256,237,16,12,4,2,0,2,1,92.578125,6.25,4.6875,1.5625,0.78125,0,0.78125,0.390625
E00154190,301,252,22,17,5,9,4,5,18,83.72093023255815,7.308970099667775,5.647840531561462,1.6611295681063125,2.990033222591362,1.3289036544850499,1.6611295681063125,5.980066445182724
E00154191,206,186,13,10,3,1,1,0,6,90.29126213592234,6.310679611650485,4.854368932038835,1.4563106796116505,0.48543689320388345,0.48543689320388345,0,2.912621359223301
E00154192,230,198,16,10,6,6,3,3,10,86.08695652173914,6.956521739130435,4.3478260869565215,2.608695652173913,2.608695652173913,1.3043478260869565,1.3043478260869565,4.3478260869565215
E00154193,339,278,19,11,8,18,5,13,24,82.00589970501476,5.604719764011799,3.2448377581120944,2.359882005899705,5.3097345132743365,1.4749262536873156,3.8348082595870205,7.079646017699115
E00154194,257,230,20,19,1,2,2,0,5,89.49416342412452,7.782101167315175,7.392996108949417,0.38910505836575876,0.7782101167315175,0.7782101167315175,0,1.9455252918287937
E00154195,295,266,9,6,3,6,5,1,14,90.16949152542372,3.050847457627119,2.0338983050847457,1.0169491525423728,2.0338983050847457,1.694915254237288,0.3389830508474576,4.745762711864407
E00154196,278,248,11,6,5,7,3,4,12,89.20863309352518,3.9568345323741005,2.158273381294964,1.7985611510791366,2.5179856115107913,1.079136690647482,1.4388489208633095,4.316546762589928
E00154197,284,266,10,7,3,4,3,1,4,93.66197183098592,3.5211267605633805,2.464788732394366,1.056338028169014,1.4084507042253522,1.056338028169014,0.35211267605633806,1.4084507042253522
E00154198,303,266,19,15,4,4,3,1,14,87.78877887788778,6.270627062706271,4.9504950495049505,1.3201320132013201,1.3201320132013201,0.9900990099009901,0.33003300330033003,4.62046204620462
E00154199,318,277,7,1,6,16,6,10,18,87.10691823899371,2.20125786163522,0.3144654088050315,1.8867924528301887,5.031446540880504,1.8867924528301887,3.1446540880503147,5.660377358490567
E00154200,318,280,14,10,4,7,3,4,17,88.0503144654088,4.40251572327044,3.1446540880503147,1.257861635220126,2.20125786163522,0.9433962264150944,1.257861635220126,5.345911949685535
E00154201,277,249,18,17,1,4,0,4,6,89.89169675090253,6.4981949458483745,6.137184115523466,0.36101083032490977,1.444043321299639,0,1.444043321299639,2.166064981949458
E00154202,257,215,16,11,5,8,1,7,18,83.65758754863813,6.22568093385214,4.280155642023346,1.9455252918287937,3.11284046692607,0.38910505836575876,2.7237354085603114,7.003891050583658
E00154203,304,255,25,19,6,12,6,6,12,83.88157894736842,8.223684210526317,6.25,1.9736842105263157,3.9473684210526314,1.9736842105263157,1.9736842105263157,3.9473684210526314
E00154204,292,269,16,12,4,2,2,0,5,92.12328767123287,5.47945205479452,4.10958904109589,1.36986301369863,0.684931506849315,0.684931506849315,0,1.7123287671232876
E00154205,251,221,12,6,6,11,2,9,7,88.04780876494024,4.780876494023905,2.3904382470119523,2.3904382470119523,4.382470119521913,0.796812749003984,3.5856573705179287,2.788844621513944
E00154206,274,242,20,16,4,4,2,2,8,88.32116788321169,7.2992700729927,5.839416058394161,1.4598540145985401,1.4598540145985401,0.7299270072992701,0.7299270072992701,2.9197080291970803
E00154207,259,230,14,12,2,3,0,3,12,88.8030888030888,5.405405405405405,4.633204633204633,0.7722007722007722,1.1583011583011582,0,1.1583011583011582,4.633204633204633
E00154208,304,268,14,10,4,6,2,4,16,88.1578947368421,4.605263157894736,3.289473684210526,1.3157894736842104,1.9736842105263157,0.6578947368421052,1.3157894736842104,5.263157894736842
E00154209,316,281,21,18,3,4,3,1,10,88.92405063291139,6.6455696202531636,5.69620253164557,0.949367088607595,1.2658227848101267,0.949367088607595,0.31645569620253167,3.1645569620253164
E00154210,282,252,16,11,5,7,3,4,7,89.36170212765957,5.673758865248227,3.900709219858156,1.773049645390071,2.4822695035460995,1.0638297872340425,1.4184397163120568,2.4822695035460995
E00154211,273,247,11,6,5,5,3,2,10,90.47619047619048,4.029304029304029,2.197802197802198,1.8315018315018317,1.8315018315018317,1.098901098901099,0.7326007326007326,3.6630036630036633
E00154212,276,243,9,5,4,13,12,1,11,88.04347826086956,3.260869565217391,1.8115942028985508,1.4492753623188406,4.710144927536232,4.3478260869565215,0.36231884057971014,3.985507246376811
E00154213,306,275,17,13,4,6,4,2,8,89.86928104575163,5.555555555555555,4.248366013071895,1.3071895424836601,1.9607843137254901,1.3071895424836601,0.6535947712418301,2.6143790849673203
E00154214,415,382,22,17,5,6,3,3,5,92.04819277108433,5.301204819277109,4.096385542168675,1.2048192771084338,1.4457831325301205,0.7228915662650602,0.7228915662650602,1.2048192771084338
E00154216,239,220,8,5,3,6,1,5,5,92.05020920502092,3.3472803347280333,2.092050209205021,1.2552301255230125,2.510460251046025,0.41841004184100417,2.092050209205021,2.092050209205021
E00154217,328,281,21,15,6,11,7,4,15,85.67073170731707,6.402439024390244,4.573170731707317,1.8292682926829267,3.353658536585366,2.1341463414634148,1.2195121951219512,4.573170731707317
E00154218,264,227,19,11,8,5,3,2,13,85.98484848484848,7.196969696969697,4.166666666666666,3.0303030303030303,1.893939393939394,1.1363636363636365,0.7575757575757576,4.924242424242424
E00154220,270,251,6,2,4,7,2,5,6,92.96296296296296,2.2222222222222223,0.7407407407407408,1.4814814814814816,2.5925925925925926,0.7407407407407408,1.8518518518518516,2.2222222222222223
E00154221,260,237,15,15,0,4,4,0,4,91.15384615384615,5.769230769230769,5.769230769230769,0,1.5384615384615385,1.5384615384615385,0,1.5384615384615385
E00154222,232,209,13,6,7,3,1,2,7,90.08620689655173,5.603448275862069,2.586206896551724,3.0172413793103448,1.293103448275862,0.43103448275862066,0.8620689655172413,3.0172413793103448
E00154223,281,248,14,10,4,8,2,6,11,88.25622775800713,4.98220640569395,3.558718861209965,1.4234875444839856,2.8469750889679712,0.7117437722419928,2.135231316725979,3.9145907473309607
E00154225,294,260,18,12,6,4,1,3,12,88.43537414965986,6.122448979591836,4.081632653061225,2.0408163265306123,1.3605442176870748,0.3401360544217687,1.0204081632653061,4.081632653061225
E00154226,327,288,14,11,3,6,3,3,19,88.07339449541286,4.281345565749235,3.3639143730886847,0.9174311926605505,1.834862385321101,0.9174311926605505,0.9174311926605505,5.81039755351682
E00154227,227,196,17,13,4,5,3,2,9,86.34361233480176,7.488986784140969,5.726872246696035,1.762114537444934,2.2026431718061676,1.3215859030837005,0.881057268722467,3.9647577092511015
E00154228,339,312,16,13,3,6,4,2,5,92.03539823008849,4.71976401179941,3.8348082595870205,0.8849557522123894,1.7699115044247788,1.1799410029498525,0.5899705014749262,1.4749262536873156
E00154229,253,227,15,12,3,3,3,0,8,89.72332015810277,5.928853754940711,4.743083003952568,1.185770750988142,1.185770750988142,1.185770750988142,0,3.1620553359683794
E00154230,553,521,25,22,3,4,3,1,3,94.2133815551537,4.520795660036167,3.9783001808318263,0.5424954792043399,0.7233273056057866,0.5424954792043399,0.18083182640144665,0.5424954792043399
E00154231,322,289,13,11,2,10,3,7,10,89.75155279503106,4.037267080745342,3.4161490683229814,0.6211180124223602,3.1055900621118013,0.9316770186335404,2.1739130434782608,3.1055900621118013
E00154232,247,214,12,9,3,7,3,4,14,86.63967611336032,4.8582995951417,3.643724696356275,1.214574898785425,2.834008097165992,1.214574898785425,1.6194331983805668,5.668016194331984
E00154233,213,182,17,14,3,2,1,1,12,85.44600938967136,7.981220657276995,6.572769953051644,1.4084507042253522,0.9389671361502347,0.4694835680751174,0.4694835680751174,5.633802816901409
E00154234,399,363,18,14,4,4,4,0,14,90.97744360902256,4.511278195488721,3.508771929824561,1.0025062656641603,1.0025062656641603,1.0025062656641603,0,3.508771929824561
E00154235,314,289,17,14,3,2,0,2,6,92.03821656050955,5.414012738853503,4.45859872611465,0.9554140127388535,0.6369426751592357,0,0.6369426751592357,1.910828025477707
E00154236,298,256,19,14,5,4,3,1,19,85.90604026845638,6.375838926174497,4.697986577181208,1.6778523489932886,1.342281879194631,1.006711409395973,0.33557046979865773,6.375838926174497
E00154237,203,181,13,12,1,0,0,0,9,89.16256157635468,6.403940886699508,5.911330049261084,0.49261083743842365,0,0,0,4.433497536945813
E00154238,275,235,22,13,9,8,7,1,10,85.45454545454545,8,4.7272727272727275,3.272727272727273,2.909090909090909,2.5454545454545454,0.36363636363636365,3.6363636363636362
E00154239,250,225,12,4,8,4,3,1,9,90,4.8,1.6,3.2,1.6,1.2,0.4,3.5999999999999996
E00154240,237,195,25,16,9,8,2,6,9,82.27848101265823,10.548523206751055,6.751054852320674,3.79746835443038,3.375527426160337,0.8438818565400843,2.5316455696202533,3.79746835443038
E00154241,274,238,17,15,2,7,5,2,12,86.86131386861314,6.204379562043796,5.474452554744526,0.7299270072992701,2.5547445255474455,1.824817518248175,0.7299270072992701,4.37956204379562
E00154242,255,232,13,10,3,4,2,2,6,90.98039215686275,5.098039215686274,3.9215686274509802,1.1764705882352942,1.5686274509803921,0.7843137254901961,0.7843137254901961,2.3529411764705883
E00154243,332,303,13,8,5,8,6,2,8,91.26506024096386,3.91566265060241,2.4096385542168677,1.5060240963855422,2.4096385542168677,1.8072289156626504,0.6024096385542169,2.4096385542168677
E00154244,251,230,13,11,2,1,1,0,7,91.63346613545816,5.179282868525896,4.382470119521913,0.796812749003984,0.398406374501992,0.398406374501992,0,2.788844621513944
E00154245,261,243,13,12,1,1,1,0,4,93.10344827586206,4.980842911877394,4.597701149425287,0.38314176245210724,0.38314176245210724,0.38314176245210724,0,1.532567049808429
E00154246,276,232,27,19,8,7,6,1,10,84.05797101449275,9.782608695652174,6.884057971014493,2.898550724637681,2.536231884057971,2.1739130434782608,0.36231884057971014,3.6231884057971016
E00154247,262,236,14,12,2,3,2,1,9,90.07633587786259,5.343511450381679,4.580152671755725,0.7633587786259541,1.1450381679389312,0.7633587786259541,0.38167938931297707,3.435114503816794
E00154248,347,317,13,8,5,8,3,5,9,91.35446685878964,3.7463976945244957,2.3054755043227666,1.440922190201729,2.3054755043227666,0.8645533141210375,1.440922190201729,2.5936599423631126
E00154249,244,212,9,5,4,10,4,6,13,86.88524590163934,3.6885245901639343,2.0491803278688523,1.639344262295082,4.098360655737705,1.639344262295082,2.459016393442623,5.327868852459016
E00154250,265,227,16,10,6,5,3,2,17,85.66037735849056,6.037735849056604,3.7735849056603774,2.2641509433962264,1.8867924528301887,1.1320754716981132,0.7547169811320755,6.415094339622642
E00154251,223,213,5,4,1,0,0,0,5,95.51569506726457,2.242152466367713,1.7937219730941705,0.4484304932735426,0,0,0,2.242152466367713
E00154252,239,208,18,8,10,5,3,2,8,87.02928870292888,7.531380753138076,3.3472803347280333,4.184100418410042,2.092050209205021,1.2552301255230125,0.8368200836820083,3.3472803347280333
E00154253,245,219,11,7,4,3,2,1,12,89.38775510204081,4.489795918367347,2.857142857142857,1.6326530612244898,1.2244897959183674,0.8163265306122449,0.40816326530612246,4.8979591836734695
E00154254,225,197,11,9,2,5,1,4,12,87.55555555555556,4.888888888888889,4,0.8888888888888888,2.2222222222222223,0.4444444444444444,1.7777777777777777,5.333333333333334
E00154255,239,212,6,4,2,6,2,4,15,88.70292887029288,2.510460251046025,1.6736401673640167,0.8368200836820083,2.510460251046025,0.8368200836820083,1.6736401673640167,6.2761506276150625
E00154256,210,191,11,7,4,3,3,0,5,90.95238095238095,5.238095238095238,3.3333333333333335,1.9047619047619049,1.4285714285714286,1.4285714285714286,0,2.380952380952381
E00154257,333,293,12,5,7,9,3,6,19,87.98798798798799,3.6036036036036037,1.5015015015015014,2.1021021021021022,2.7027027027027026,0.9009009009009009,1.8018018018018018,5.7057057057057055
E00154258,269,241,10,8,2,3,2,1,15,89.59107806691449,3.717472118959108,2.973977695167286,0.7434944237918215,1.1152416356877324,0.7434944237918215,0.37174721189591076,5.5762081784386615
E00154259,314,276,22,15,7,5,3,2,11,87.89808917197452,7.006369426751593,4.777070063694268,2.229299363057325,1.5923566878980893,0.9554140127388535,0.6369426751592357,3.5031847133757963
E00154260,408,376,18,10,8,3,2,1,11,92.15686274509804,4.411764705882353,2.450980392156863,1.9607843137254901,0.7352941176470588,0.49019607843137253,0.24509803921568626,2.696078431372549
E00154261,299,283,13,11,2,2,2,0,1,94.64882943143813,4.3478260869565215,3.678929765886288,0.6688963210702341,0.6688963210702341,0.6688963210702341,0,0.33444816053511706
E00154262,244,224,14,9,5,4,2,2,2,91.80327868852459,5.737704918032787,3.6885245901639343,2.0491803278688523,1.639344262295082,0.819672131147541,0.819672131147541,0.819672131147541
E00154263,280,253,12,12,0,5,1,4,10,90.35714285714286,4.285714285714286,4.285714285714286,0,1.7857142857142856,0.35714285714285715,1.4285714285714286,3.571428571428571
E00154264,197,183,2,0,2,7,4,3,5,92.89340101522842,1.015228426395939,0,1.015228426395939,3.5532994923857872,2.030456852791878,1.5228426395939088,2.5380710659898478
E00154265,346,319,17,13,4,3,1,2,7,92.1965317919075,4.913294797687861,3.7572254335260116,1.1560693641618496,0.8670520231213872,0.2890173410404624,0.5780346820809248,2.023121387283237
E00154266,238,210,10,6,4,7,6,1,11,88.23529411764706,4.201680672268908,2.5210084033613445,1.680672268907563,2.941176470588235,2.5210084033613445,0.42016806722689076,4.621848739495799
E00154267,392,364,13,9,4,3,2,1,12,92.85714285714286,3.316326530612245,2.295918367346939,1.0204081632653061,0.7653061224489796,0.5102040816326531,0.25510204081632654,3.061224489795918
E00154268,286,260,10,7,3,9,2,7,7,90.9090909090909,3.4965034965034967,2.4475524475524475,1.048951048951049,3.146853146853147,0.6993006993006993,2.4475524475524475,2.4475524475524475
E00154269,271,256,3,3,0,4,1,3,8,94.4649446494465,1.107011070110701,1.107011070110701,0,1.4760147601476015,0.36900369003690037,1.107011070110701,2.952029520295203
E00154270,231,207,8,5,3,6,1,5,10,89.6103896103896,3.463203463203463,2.1645021645021645,1.2987012987012987,2.5974025974025974,0.4329004329004329,2.1645021645021645,4.329004329004329
E00154271,295,271,9,5,4,10,3,7,5,91.86440677966101,3.050847457627119,1.694915254237288,1.3559322033898304,3.389830508474576,1.0169491525423728,2.3728813559322033,1.694915254237288
E00154272,367,333,13,8,5,11,5,6,10,90.73569482288828,3.5422343324250685,2.17983651226158,1.3623978201634876,2.997275204359673,1.3623978201634876,1.6348773841961852,2.7247956403269753
E00154273,228,199,12,7,5,6,5,1,11,87.28070175438597,5.263157894736842,3.070175438596491,2.1929824561403506,2.631578947368421,2.1929824561403506,0.43859649122807015,4.824561403508771
E00154274,307,279,10,8,2,6,4,2,12,90.87947882736157,3.257328990228013,2.6058631921824107,0.6514657980456027,1.9543973941368076,1.3029315960912053,0.6514657980456027,3.908794788273615
E00154275,259,240,2,2,0,6,1,5,11,92.66409266409266,0.7722007722007722,0.7722007722007722,0,2.3166023166023164,0.3861003861003861,1.9305019305019304,4.247104247104247
E00154276,264,238,9,6,3,8,2,6,9,90.15151515151516,3.4090909090909087,2.272727272727273,1.1363636363636365,3.0303030303030303,0.7575757575757576,2.272727272727273,3.4090909090909087
E00154277,247,222,9,6,3,6,3,3,10,89.87854251012146,3.643724696356275,2.42914979757085,1.214574898785425,2.42914979757085,1.214574898785425,1.214574898785425,4.048582995951417
E00154278,281,255,10,7,3,8,3,5,8,90.74733096085409,3.558718861209965,2.491103202846975,1.0676156583629894,2.8469750889679712,1.0676156583629894,1.7793594306049825,2.8469750889679712
E00154279,239,213,12,10,2,4,1,3,10,89.1213389121339,5.02092050209205,4.184100418410042,0.8368200836820083,1.6736401673640167,0.41841004184100417,1.2552301255230125,4.184100418410042
E00154280,254,230,9,4,5,8,3,5,7,90.5511811023622,3.543307086614173,1.574803149606299,1.968503937007874,3.149606299212598,1.1811023622047243,1.968503937007874,2.7559055118110236
E00154281,302,274,8,5,3,6,3,3,14,90.72847682119205,2.6490066225165565,1.6556291390728477,0.9933774834437087,1.9867549668874174,0.9933774834437087,0.9933774834437087,4.635761589403973
E00154282,176,158,5,4,1,6,2,4,7,89.77272727272727,2.840909090909091,2.272727272727273,0.5681818181818182,3.4090909090909087,1.1363636363636365,2.272727272727273,3.977272727272727
E00154283,228,204,11,8,3,8,5,3,5,89.47368421052632,4.824561403508771,3.508771929824561,1.3157894736842104,3.508771929824561,2.1929824561403506,1.3157894736842104,2.1929824561403506
E00154284,360,334,10,8,2,8,5,3,8,92.77777777777779,2.7777777777777777,2.2222222222222223,0.5555555555555556,2.2222222222222223,1.3888888888888888,0.8333333333333334,2.2222222222222223
E00154285,257,227,15,9,6,8,4,4,7,88.32684824902724,5.836575875486381,3.501945525291829,2.3346303501945527,3.11284046692607,1.556420233463035,1.556420233463035,2.7237354085603114
E00154287,290,261,4,2,2,11,4,7,14,90,1.3793103448275863,0.6896551724137931,0.6896551724137931,3.793103448275862,1.3793103448275863,2.413793103448276,4.827586206896552
E00154288,255,230,15,11,4,7,3,4,3,90.19607843137256,5.88235294117647,4.313725490196078,1.5686274509803921,2.7450980392156863,1.1764705882352942,1.5686274509803921,1.1764705882352942
E00154289,239,203,14,8,6,16,8,8,6,84.93723849372385,5.857740585774058,3.3472803347280333,2.510460251046025,6.694560669456067,3.3472803347280333,3.3472803347280333,2.510460251046025
E00154290,295,271,11,9,2,9,3,6,4,91.86440677966101,3.728813559322034,3.050847457627119,0.6779661016949152,3.050847457627119,1.0169491525423728,2.0338983050847457,1.3559322033898304
E00154291,242,220,8,4,4,7,3,4,7,90.9090909090909,3.3057851239669422,1.6528925619834711,1.6528925619834711,2.8925619834710745,1.2396694214876034,1.6528925619834711,2.8925619834710745
E00154292,388,346,14,9,5,11,4,7,17,89.17525773195877,3.608247422680412,2.3195876288659796,1.2886597938144329,2.8350515463917527,1.0309278350515463,1.804123711340206,4.381443298969072
E00154293,258,233,6,6,0,7,4,3,12,90.31007751937985,2.3255813953488373,2.3255813953488373,0,2.7131782945736433,1.550387596899225,1.1627906976744187,4.651162790697675
E00154294,247,219,12,6,6,10,4,6,6,88.66396761133603,4.8582995951417,2.42914979757085,2.42914979757085,4.048582995951417,1.6194331983805668,2.42914979757085,2.42914979757085
E00154295,329,296,18,16,2,7,5,2,8,89.96960486322189,5.47112462006079,4.86322188449848,0.60790273556231,2.127659574468085,1.5197568389057752,0.60790273556231,2.43161094224924
E00154296,243,223,8,5,3,5,1,4,7,91.76954732510289,3.292181069958848,2.05761316872428,1.2345679012345678,2.05761316872428,0.411522633744856,1.646090534979424,2.880658436213992
E00154297,255,225,18,7,11,4,3,1,8,88.23529411764706,7.0588235294117645,2.7450980392156863,4.313725490196078,1.5686274509803921,1.1764705882352942,0.39215686274509803,3.1372549019607843
E00154298,477,431,14,11,3,5,0,5,27,90.35639412997904,2.9350104821802936,2.3060796645702304,0.628930817610063,1.0482180293501049,0,1.0482180293501049,5.660377358490567
E00154299,318,286,13,10,3,6,2,4,13,89.937106918239,4.088050314465408,3.1446540880503147,0.9433962264150944,1.8867924528301887,0.628930817610063,1.257861635220126,4.088050314465408
E00154301,212,191,6,4,2,7,3,4,8,90.09433962264151,2.8301886792452833,1.8867924528301887,0.9433962264150944,3.30188679245283,1.4150943396226416,1.8867924528301887,3.7735849056603774
E00154302,239,207,17,12,5,3,1,2,12,86.61087866108787,7.112970711297072,5.02092050209205,2.092050209205021,1.2552301255230125,0.41841004184100417,0.8368200836820083,5.02092050209205
E00154303,207,173,14,7,7,5,2,3,15,83.57487922705315,6.763285024154589,3.3816425120772946,3.3816425120772946,2.4154589371980677,0.966183574879227,1.4492753623188406,7.246376811594203
E00154304,245,210,14,9,5,10,1,9,11,85.71428571428571,5.714285714285714,3.6734693877551026,2.0408163265306123,4.081632653061225,0.40816326530612246,3.6734693877551026,4.489795918367347
E00154305,273,248,12,10,2,5,5,0,8,90.84249084249085,4.395604395604396,3.6630036630036633,0.7326007326007326,1.8315018315018317,1.8315018315018317,0,2.93040293040293
E00154306,221,189,12,12,0,8,5,3,12,85.52036199095022,5.429864253393665,5.429864253393665,0,3.619909502262444,2.262443438914027,1.3574660633484164,5.429864253393665
E00154307,269,229,15,9,6,9,3,6,16,85.13011152416357,5.5762081784386615,3.3457249070631967,2.2304832713754648,3.3457249070631967,1.1152416356877324,2.2304832713754648,5.947955390334572
E00154308,228,195,19,11,8,8,2,6,6,85.52631578947368,8.333333333333332,4.824561403508771,3.508771929824561,3.508771929824561,0.8771929824561403,2.631578947368421,2.631578947368421
E00154309,220,190,12,8,4,7,3,4,11,86.36363636363636,5.454545454545454,3.6363636363636362,1.8181818181818181,3.1818181818181817,1.3636363636363635,1.8181818181818181,5
E00154310,331,292,15,9,6,8,5,3,16,88.21752265861026,4.531722054380665,2.719033232628399,1.812688821752266,2.416918429003021,1.5105740181268883,0.906344410876133,4.833836858006042
E00154311,226,194,19,15,4,9,4,5,4,85.84070796460178,8.4070796460177,6.637168141592921,1.7699115044247788,3.982300884955752,1.7699115044247788,2.2123893805309733,1.7699115044247788
E00154312,258,240,10,7,3,5,3,2,3,93.02325581395348,3.875968992248062,2.7131782945736433,1.1627906976744187,1.937984496124031,1.1627906976744187,0.7751937984496124,1.1627906976744187
E00154313,239,214,9,3,6,3,2,1,13,89.5397489539749,3.765690376569038,1.2552301255230125,2.510460251046025,1.2552301255230125,0.8368200836820083,0.41841004184100417,5.439330543933055
E00154314,240,216,11,8,3,6,2,4,7,90,4.583333333333333,3.3333333333333335,1.25,2.5,0.8333333333333334,1.6666666666666667,2.9166666666666665
E00154315,287,245,25,18,7,8,6,2,9,85.36585365853658,8.710801393728223,6.2717770034843205,2.4390243902439024,2.7874564459930316,2.0905923344947737,0.6968641114982579,3.1358885017421603
E00154316,208,191,6,6,0,3,0,3,8,91.82692307692307,2.8846153846153846,2.8846153846153846,0,1.4423076923076923,0,1.4423076923076923,3.8461538461538463
E00154317,253,238,4,3,1,3,1,2,8,94.0711462450593,1.5810276679841897,1.185770750988142,0.3952569169960474,1.185770750988142,0.3952569169960474,0.7905138339920948,3.1620553359683794
E00154318,324,301,9,9,0,4,0,4,10,92.90123456790124,2.7777777777777777,2.7777777777777777,0,1.2345679012345678,0,1.2345679012345678,3.0864197530864197
E00154319,329,287,12,9,3,12,1,11,18,87.2340425531915,3.64741641337386,2.735562310030395,0.911854103343465,3.64741641337386,0.303951367781155,3.343465045592705,5.47112462006079
E00154320,274,252,11,6,5,4,3,1,7,91.970802919708035,4.014598540145985,2.18978102189781,1.824817518248175,1.4598540145985401,1.094890510948905,0.36496350364963503,2.5547445255474455
E00154321,257,230,10,5,5,8,4,4,9,89.49416342412452,3.8910505836575875,1.9455252918287937,1.9455252918287937,3.11284046692607,1.556420233463035,1.556420233463035,3.501945525291829
E00154322,288,270,7,3,4,5,3,2,6,93.75,2.430555555555556,1.0416666666666665,1.3888888888888888,1.7361111111111112,1.0416666666666665,0.6944444444444444,2.083333333333333
E00154323,338,293,14,6,8,11,6,5,20,86.68639053254438,4.142011834319527,1.7751479289940828,2.366863905325444,3.2544378698224854,1.7751479289940828,1.4792899408284024,5.9171597633136095
E00154324,196,178,7,3,4,3,0,3,8,90.81632653061224,3.571428571428571,1.530612244897959,2.0408163265306123,1.530612244897959,0,1.530612244897959,4.081632653061225
E00154325,275,248,5,4,1,11,4,7,11,90.18181818181819,1.8181818181818181,1.4545454545454546,0.36363636363636365,4,1.4545454545454546,2.5454545454545454,4
E00154326,329,296,11,5,6,6,3,3,16,89.96960486322189,3.343465045592705,1.5197568389057752,1.82370820668693,1.82370820668693,0.911854103343465,0.911854103343465,4.86322188449848
E00154327,275,244,12,6,6,6,3,3,13,88.72727272727273,4.363636363636364,2.181818181818182,2.181818181818182,2.181818181818182,1.090909090909091,1.090909090909091,4.7272727272727275
E00154328,279,239,16,10,6,8,2,6,16,85.66308243727599,5.734767025089606,3.584229390681003,2.1505376344086025,2.867383512544803,0.7168458781362007,2.1505376344086025,5.734767025089606
E00154329,250,225,6,3,3,8,3,5,11,90,2.4,1.2,1.2,3.2,1.2,2,4.3999999999999995
E00154330,309,284,6,4,2,4,0,4,15,91.9093851132686,1.9417475728155338,1.2944983818770228,0.6472491909385114,1.2944983818770228,0,1.2944983818770228,4.854368932038835
E00154331,247,233,7,6,1,4,0,4,3,94.33198380566802,2.834008097165992,2.42914979757085,0.4048582995951417,1.6194331983805668,0,1.6194331983805668,1.214574898785425
E00154332,247,220,12,7,5,5,2,3,10,89.06882591093117,4.8582995951417,2.834008097165992,2.0242914979757085,2.0242914979757085,0.8097165991902834,1.214574898785425,4.048582995951417
E00154333,286,247,13,8,5,11,8,3,15,86.36363636363636,4.545454545454546,2.797202797202797,1.7482517482517483,3.8461538461538463,2.797202797202797,1.048951048951049,5.244755244755245
E00154334,321,291,11,7,4,10,4,6,9,90.65420560747664,3.4267912772585665,2.1806853582554515,1.2461059190031152,3.115264797507788,1.2461059190031152,1.8691588785046727,2.803738317757009
E00154335,255,224,14,6,8,9,5,4,8,87.84313725490196,5.490196078431373,2.3529411764705883,3.1372549019607843,3.5294117647058822,1.9607843137254901,1.5686274509803921,3.1372549019607843
E00154336,300,283,10,6,4,1,0,1,6,94.33333333333334,3.3333333333333335,2,1.3333333333333335,0.33333333333333337,0,0.33333333333333337,2
E00154337,319,289,13,8,5,6,1,5,11,90.59561128526646,4.075235109717868,2.507836990595611,1.5673981191222568,1.8808777429467085,0.3134796238244514,1.5673981191222568,3.4482758620689653
E00154338,312,283,15,13,2,3,0,3,11,90.7051282051282,4.807692307692308,4.166666666666666,0.641025641025641,0.9615384615384616,0,0.9615384615384616,3.5256410256410255
E00154339,327,292,16,15,1,9,4,5,10,89.29663608562691,4.892966360856269,4.587155963302752,0.3058103975535168,2.7522935779816518,1.2232415902140672,1.529051987767584,3.058103975535168
E00154340,299,270,17,13,4,5,1,4,7,90.3010033444816,5.68561872909699,4.3478260869565215,1.3377926421404682,1.6722408026755853,0.33444816053511706,1.3377926421404682,2.341137123745819
E00154341,294,268,12,9,3,7,3,4,7,91.15646258503402,4.081632653061225,3.061224489795918,1.0204081632653061,2.380952380952381,1.0204081632653061,1.3605442176870748,2.380952380952381
E00154343,338,304,10,6,4,9,5,4,15,89.94082840236686,2.9585798816568047,1.7751479289940828,1.183431952662722,2.6627218934911245,1.4792899408284024,1.183431952662722,4.437869822485207
E00154344,140,122,5,3,2,7,1,6,6,87.14285714285714,3.571428571428571,2.142857142857143,1.4285714285714286,5,0.7142857142857143,4.285714285714286,4.285714285714286
E00154345,200,181,9,9,0,4,1,3,6,90.5,4.5,4.5,0,2,0.5,1.5,3
E00154346,191,166,15,11,4,4,2,2,6,86.91099476439791,7.853403141361256,5.7591623036649215,2.094240837696335,2.094240837696335,1.0471204188481675,1.0471204188481675,3.1413612565445024
E00154347,268,248,11,10,1,4,3,1,5,92.53731343283582,4.104477611940299,3.731343283582089,0.3731343283582089,1.4925373134328357,1.1194029850746268,0.3731343283582089,1.8656716417910446
E00154348,294,271,7,7,0,2,2,0,14,92.17687074829932,2.380952380952381,2.380952380952381,0,0.6802721088435374,0.6802721088435374,0,4.761904761904762
E00154349,293,264,12,7,5,9,2,7,8,90.10238907849829,4.09556313993174,2.3890784982935154,1.7064846416382253,3.0716723549488054,0.6825938566552902,2.3890784982935154,2.7303754266211606
E00154350,288,260,8,8,0,7,3,4,13,90.27777777777779,2.7777777777777777,2.7777777777777777,0,2.430555555555556,1.0416666666666665,1.3888888888888888,4.513888888888888
E00154351,284,246,13,7,6,17,10,7,8,86.61971830985915,4.577464788732395,2.464788732394366,2.112676056338028,5.985915492957746,3.5211267605633805,2.464788732394366,2.8169014084507045
E00154352,274,253,8,6,2,5,1,4,8,92.33576642335767,2.9197080291970803,2.18978102189781,0.7299270072992701,1.824817518248175,0.36496350364963503,1.4598540145985401,2.9197080291970803
E00154353,259,230,4,2,2,7,1,6,18,88.8030888030888,1.5444015444015444,0.7722007722007722,0.7722007722007722,2.7027027027027026,0.3861003861003861,2.3166023166023164,6.94980694980695
E00154354,256,221,15,9,6,7,3,4,13,86.328125,5.859375,3.515625,2.34375,2.734375,1.171875,1.5625,5.078125
E00154355,310,274,16,12,4,9,3,6,11,88.38709677419355,5.161290322580645,3.870967741935484,1.2903225806451613,2.903225806451613,0.967741935483871,1.935483870967742,3.5483870967741935
E00154356,310,281,15,12,3,5,3,2,9,90.64516129032259,4.838709677419355,3.870967741935484,0.967741935483871,1.6129032258064515,0.967741935483871,0.6451612903225806,2.903225806451613
E00154357,243,219,7,6,1,5,4,1,12,90.12345679012346,2.880658436213992,2.4691358024691357,0.411522633744856,2.05761316872428,1.646090534979424,0.411522633744856,4.938271604938271
E00154358,335,293,12,5,7,16,12,4,14,87.46268656716418,3.582089552238806,1.4925373134328357,2.0895522388059704,4.776119402985075,3.582089552238806,1.1940298507462688,4.179104477611941
E00154359,285,250,10,7,3,16,11,5,9,87.71929824561403,3.508771929824561,2.456140350877193,1.0526315789473684,5.614035087719298,3.8596491228070176,1.7543859649122806,3.1578947368421053
E00154360,281,241,14,11,3,4,1,3,22,85.76512455516014,4.98220640569395,3.9145907473309607,1.0676156583629894,1.4234875444839856,0.3558718861209964,1.0676156583629894,7.829181494661921
E00154361,297,250,17,10,7,12,8,4,18,84.17508417508418,5.723905723905724,3.3670033670033668,2.356902356902357,4.040404040404041,2.6936026936026933,1.3468013468013467,6.0606060606060606
E00154362,289,262,11,6,5,9,2,7,7,90.65743944636678,3.8062283737024223,2.0761245674740483,1.7301038062283738,3.1141868512110724,0.6920415224913495,2.422145328719723,2.422145328719723
E00154363,266,241,8,7,1,5,0,5,12,90.6015037593985,3.007518796992481,2.631578947368421,0.37593984962406013,1.8796992481203008,0,1.8796992481203008,4.511278195488721
E00154364,261,245,4,4,0,6,0,6,6,93.86973180076629,1.532567049808429,1.532567049808429,0,2.2988505747126435,0,2.2988505747126435,2.2988505747126435
E00154365,256,230,12,9,3,6,2,4,8,89.84375,4.6875,3.515625,1.171875,2.34375,0.78125,1.5625,3.125
E00154366,228,210,7,5,2,5,2,3,6,92.10526315789474,3.070175438596491,2.1929824561403506,0.8771929824561403,2.1929824561403506,0.8771929824561403,1.3157894736842104,2.631578947368421
E00154367,185,169,9,7,2,1,0,1,6,91.35135135135135,4.864864864864865,3.783783783783784,1.0810810810810811,0.5405405405405406,0,0.5405405405405406,3.2432432432432434
E00154368,196,171,12,5,7,4,0,4,9,87.24489795918367,6.122448979591836,2.5510204081632653,3.571428571428571,2.0408163265306123,0,2.0408163265306123,4.591836734693878
E00154369,229,207,8,5,3,5,2,3,9,90.39301310043668,3.4934497816593884,2.1834061135371177,1.3100436681222707,2.1834061135371177,0.8733624454148471,1.3100436681222707,3.9301310043668125
E00154370,273,251,7,3,4,6,3,3,9,91.94139194139194,2.564102564102564,1.098901098901099,1.465201465201465,2.197802197802198,1.098901098901099,1.098901098901099,3.296703296703297
E00154371,308,278,11,7,4,13,3,10,6,90.25974025974025,3.571428571428571,2.272727272727273,1.2987012987012987,4.220779220779221,0.974025974025974,3.2467532467532463,1.948051948051948
E00154372,310,278,23,17,6,7,3,4,2,89.6774193548387,7.419354838709677,5.483870967741936,1.935483870967742,2.258064516129032,0.967741935483871,1.2903225806451613,0.6451612903225806
E00154373,336,313,16,7,9,1,1,0,6,93.15476190476191,4.761904761904762,2.083333333333333,2.6785714285714284,0.2976190476190476,0.2976190476190476,0,1.7857142857142856
E00154374,325,293,13,12,1,7,6,1,12,90.15384615384615,4,3.6923076923076925,0.3076923076923077,2.1538461538461537,1.8461538461538463,0.3076923076923077,3.6923076923076925
E00154375,301,267,13,11,2,7,3,4,14,88.70431893687709,4.318936877076411,3.6544850498338874,0.6644518272425249,2.3255813953488373,0.9966777408637874,1.3289036544850499,4.651162790697675
E00154377,254,216,20,18,2,8,3,5,10,85.03937007874016,7.874015748031496,7.086614173228346,0.7874015748031495,3.149606299212598,1.1811023622047243,1.968503937007874,3.937007874015748
E00154378,321,283,21,15,6,8,1,7,9,88.1619937694704,6.5420560747663545,4.672897196261682,1.8691588785046727,2.4922118380062304,0.3115264797507788,2.1806853582554515,2.803738317757009
E00154379,240,217,5,3,2,9,5,4,9,90.41666666666667,2.083333333333333,1.25,0.8333333333333334,3.75,2.083333333333333,1.6666666666666667,3.75
E00154380,378,345,18,11,7,7,3,4,8,91.26984126984127,4.761904761904762,2.91005291005291,1.8518518518518516,1.8518518518518516,0.7936507936507936,1.0582010582010581,2.1164021164021163
E00154381,253,225,18,13,5,3,1,2,7,88.93280632411067,7.114624505928854,5.138339920948617,1.9762845849802373,1.185770750988142,0.3952569169960474,0.7905138339920948,2.766798418972332
E00154382,228,214,3,2,1,5,2,3,6,93.85964912280701,1.3157894736842104,0.8771929824561403,0.43859649122807015,2.1929824561403506,0.8771929824561403,1.3157894736842104,2.631578947368421
E00154383,480,443,18,13,5,11,7,4,8,92.29166666666667,3.75,2.7083333333333335,1.0416666666666665,2.2916666666666665,1.4583333333333333,0.8333333333333334,1.6666666666666667
E00154384,259,231,11,9,2,4,2,2,13,89.1891891891892,4.247104247104247,3.474903474903475,0.7722007722007722,1.5444015444015444,0.7722007722007722,0.7722007722007722,5.019305019305019
E00154385,258,232,15,12,3,4,4,0,7,89.92248062015504,5.813953488372093,4.651162790697675,1.1627906976744187,1.550387596899225,1.550387596899225,0,2.7131782945736433
E00154386,279,251,13,10,3,7,3,4,8,89.96415770609319,4.659498207885305,3.584229390681003,1.0752688172043012,2.5089605734767026,1.0752688172043012,1.4336917562724014,2.867383512544803
E00154387,294,266,21,14,7,3,3,0,4,90.47619047619048,7.142857142857142,4.761904761904762,2.380952380952381,1.0204081632653061,1.0204081632653061,0,1.3605442176870748
E00154388,302,274,10,8,2,5,0,5,13,90.72847682119205,3.3112582781456954,2.6490066225165565,0.6622516556291391,1.6556291390728477,0,1.6556291390728477,4.304635761589404
E00154389,314,286,7,6,1,6,5,1,15,91.0828025477707,2.229299363057325,1.910828025477707,0.3184713375796179,1.910828025477707,1.5923566878980893,0.3184713375796179,4.777070063694268
E00154390,343,321,11,4,7,3,2,1,8,93.58600583090379,3.206997084548105,1.1661807580174928,2.0408163265306123,0.8746355685131195,0.5830903790087464,0.2915451895043732,2.3323615160349855
E00154391,227,198,17,15,2,6,3,3,6,87.22466960352423,7.488986784140969,6.607929515418502,0.881057268722467,2.643171806167401,1.3215859030837005,1.3215859030837005,2.643171806167401
E00154392,165,141,13,8,5,3,1,2,8,85.45454545454545,7.878787878787878,4.848484848484849,3.0303030303030303,1.8181818181818181,0.6060606060606061,1.2121212121212122,4.848484848484849
E00154393,204,178,10,6,4,5,3,2,11,87.25490196078431,4.901960784313726,2.941176470588235,1.9607843137254901,2.450980392156863,1.4705882352941175,0.9803921568627451,5.392156862745098
E00154394,211,180,15,10,5,4,3,1,12,85.30805687203792,7.109004739336493,4.739336492890995,2.3696682464454977,1.8957345971563981,1.4218009478672986,0.47393364928909953,5.687203791469194
E00154395,185,160,6,2,4,6,4,2,13,86.48648648648648,3.2432432432432434,1.0810810810810811,2.1621621621621623,3.2432432432432434,2.1621621621621623,1.0810810810810811,7.027027027027027
E00154396,275,236,18,15,3,6,3,3,15,85.81818181818181,6.545454545454546,5.454545454545454,1.090909090909091,2.181818181818182,1.090909090909091,1.090909090909091,5.454545454545454
E00154397,224,195,10,6,4,6,5,1,13,87.05357142857143,4.464285714285714,2.6785714285714284,1.7857142857142856,2.6785714285714284,2.232142857142857,0.4464285714285714,5.803571428571429
E00154398,366,335,12,6,6,10,1,9,9,91.53005464480874,3.278688524590164,1.639344262295082,1.639344262295082,2.73224043715847,0.273224043715847,2.459016393442623,2.459016393442623
E00154399,280,248,19,15,4,7,3,4,6,88.57142857142857,6.785714285714286,5.357142857142857,1.4285714285714286,2.5,1.0714285714285714,1.4285714285714286,2.142857142857143
E00154400,284,248,13,8,5,14,5,9,9,87.32394366197182,4.577464788732395,2.8169014084507045,1.7605633802816902,4.929577464788732,1.7605633802816902,3.169014084507042,3.169014084507042
E00154401,255,233,12,6,6,2,1,1,8,91.37254901960785,4.705882352941177,2.3529411764705883,2.3529411764705883,0.7843137254901961,0.39215686274509803,0.39215686274509803,3.1372549019607843
E00154402,266,236,13,8,5,3,3,0,14,88.7218045112782,4.887218045112782,3.007518796992481,1.8796992481203008,1.1278195488721803,1.1278195488721803,0,5.263157894736842
E00154403,263,231,12,11,1,7,2,5,13,87.83269961977186,4.562737642585551,4.182509505703422,0.38022813688212925,2.6615969581749046,0.7604562737642585,1.9011406844106464,4.942965779467681
E00154404,226,200,16,11,5,1,0,1,9,88.49557522123894,7.079646017699115,4.867256637168142,2.2123893805309733,0.4424778761061947,0,0.4424778761061947,3.982300884955752
E00154405,292,253,17,12,5,11,6,5,11,86.64383561643835,5.821917808219178,4.10958904109589,1.7123287671232876,3.767123287671233,2.054794520547945,1.7123287671232876,3.767123287671233
E00154406,260,228,20,14,6,5,2,3,7,87.6923076923077,7.6923076923076925,5.384615384615385,2.307692307692308,1.9230769230769231,0.7692307692307693,1.153846153846154,2.6923076923076925
E00154407,267,235,25,12,13,3,1,2,4,88.01498127340824,9.363295880149813,4.49438202247191,4.868913857677903,1.1235955056179776,0.37453183520599254,0.7490636704119851,1.4981273408239701
E00154408,191,170,9,5,4,6,4,2,6,89.00523560209425,4.712041884816754,2.6178010471204187,2.094240837696335,3.1413612565445024,2.094240837696335,1.0471204188481675,3.1413612565445024
E00154409,235,209,11,6,5,6,2,4,9,88.93617021276596,4.680851063829787,2.553191489361702,2.127659574468085,2.553191489361702,0.851063829787234,1.702127659574468,3.829787234042553
E00154410,225,196,17,10,7,2,1,1,10,87.1111111111111,7.555555555555555,4.444444444444445,3.111111111111111,0.8888888888888888,0.4444444444444444,0.4444444444444444,4.444444444444445
E00154411,283,241,28,20,8,2,0,2,12,85.15901060070671,9.89399293286219,7.06713780918728,2.8268551236749118,0.7067137809187279,0,0.7067137809187279,4.240282685512367
E00154412,242,211,11,9,2,8,2,6,12,87.19008264462809,4.545454545454546,3.71900826446281,0.8264462809917356,3.3057851239669422,0.8264462809917356,2.479338842975207,4.958677685950414
E00154413,248,230,9,7,2,4,3,1,5,92.74193548387096,3.6290322580645165,2.82258064516129,0.8064516129032258,1.6129032258064515,1.2096774193548387,0.4032258064516129,2.0161290322580645
E00154414,207,179,11,8,3,5,3,2,12,86.47342995169082,5.314009661835748,3.864734299516908,1.4492753623188406,2.4154589371980677,1.4492753623188406,0.966183574879227,5.797101449275362
E00154415,218,192,10,10,0,8,2,6,8,88.07339449541286,4.587155963302752,4.587155963302752,0,3.669724770642202,0.9174311926605505,2.7522935779816518,3.669724770642202
E00154416,269,242,17,12,5,2,0,2,8,89.96282527881041,6.319702602230483,4.4609665427509295,1.858736059479554,0.7434944237918215,0,0.7434944237918215,2.973977695167286
E00154417,320,281,22,16,6,7,4,3,10,87.8125,6.875000000000001,5,1.875,2.1875,1.25,0.9375,3.125
E00154418,258,224,17,13,4,7,4,3,10,86.82170542635659,6.5891472868217065,5.038759689922481,1.550387596899225,2.7131782945736433,1.550387596899225,1.1627906976744187,3.875968992248062
E00154419,237,217,12,5,7,2,2,0,6,91.56118143459916,5.063291139240507,2.109704641350211,2.9535864978902953,0.8438818565400843,0.8438818565400843,0,2.5316455696202533
E00154420,178,159,7,1,6,5,2,3,7,89.32584269662921,3.932584269662921,0.5617977528089888,3.3707865168539324,2.8089887640449436,1.1235955056179776,1.6853932584269662,3.932584269662921
E00154421,180,156,11,6,5,7,4,3,6,86.66666666666667,6.111111111111111,3.3333333333333335,2.7777777777777777,3.888888888888889,2.2222222222222223,1.6666666666666667,3.3333333333333335
E00154422,200,189,5,3,2,4,3,1,2,94.5,2.5,1.5,1,2,1.5,0.5,1
E00154423,275,253,11,9,2,6,3,3,5,92,4,3.272727272727273,0.7272727272727273,2.181818181818182,1.090909090909091,1.090909090909091,1.8181818181818181
E00154424,207,187,9,6,3,2,2,0,9,90.33816425120773,4.3478260869565215,2.898550724637681,1.4492753623188406,0.966183574879227,0.966183574879227,0,4.3478260869565215
E00154425,342,294,22,16,6,14,9,5,12,85.96491228070175,6.432748538011696,4.678362573099415,1.7543859649122806,4.093567251461988,2.631578947368421,1.461988304093567,3.508771929824561
E00154426,247,221,6,4,2,13,5,8,7,89.47368421052632,2.42914979757085,1.6194331983805668,0.8097165991902834,5.263157894736842,2.0242914979757085,3.2388663967611335,2.834008097165992
E00154427,243,217,12,7,5,3,3,0,11,89.30041152263375,4.938271604938271,2.880658436213992,2.05761316872428,1.2345679012345678,1.2345679012345678,0,4.526748971193416
E00154428,204,176,13,8,5,6,2,4,9,86.27450980392157,6.372549019607843,3.9215686274509802,2.450980392156863,2.941176470588235,0.9803921568627451,1.9607843137254901,4.411764705882353
E00154429,437,393,9,6,3,10,6,4,25,89.93135011441647,2.059496567505721,1.3729977116704806,0.6864988558352403,2.2883295194508007,1.3729977116704806,0.9153318077803204,5.720823798627003
E00154430,316,283,14,5,9,3,2,1,16,89.55696202531645,4.430379746835443,1.5822784810126582,2.848101265822785,0.949367088607595,0.6329113924050633,0.31645569620253167,5.063291139240507
E00154431,359,318,25,16,9,4,1,3,12,88.57938718662952,6.963788300835655,4.456824512534819,2.5069637883008355,1.1142061281337048,0.2785515320334262,0.8356545961002786,3.3426183844011144
E00154432,287,262,6,4,2,11,3,8,8,91.28919860627178,2.0905923344947737,1.3937282229965158,0.6968641114982579,3.8327526132404177,1.0452961672473868,2.7874564459930316,2.7874564459930316
E00154433,478,435,23,17,6,7,2,5,13,91.0041841004184,4.811715481171548,3.556485355648536,1.2552301255230125,1.4644351464435146,0.41841004184100417,1.0460251046025104,2.7196652719665275
E00154434,300,265,15,11,4,12,3,9,8,88.33333333333333,5,3.6666666666666665,1.3333333333333335,4,1,3,2.666666666666667
E00154435,335,294,15,6,9,13,7,6,13,87.76119402985074,4.477611940298507,1.791044776119403,2.6865671641791042,3.880597014925373,2.0895522388059704,1.791044776119403,3.880597014925373
E00154436,296,260,18,12,6,9,3,6,9,87.83783783783784,6.081081081081082,4.054054054054054,2.027027027027027,3.040540540540541,1.0135135135135136,2.027027027027027,3.040540540540541
E00154437,311,276,23,18,5,4,2,2,8,88.7459807073955,7.395498392282958,5.787781350482315,1.607717041800643,1.2861736334405145,0.6430868167202572,0.6430868167202572,2.572347266881029
E00154438,245,213,13,9,4,4,2,2,15,86.93877551020408,5.3061224489795915,3.6734693877551026,1.6326530612244898,1.6326530612244898,0.8163265306122449,0.8163265306122449,6.122448979591836
E00154439,226,195,8,3,5,8,5,3,15,86.28318584070797,3.5398230088495577,1.3274336283185841,2.2123893805309733,3.5398230088495577,2.2123893805309733,1.3274336283185841,6.637168141592921
E00154440,311,273,11,7,4,14,6,8,13,87.78135048231512,3.536977491961415,2.2508038585209005,1.2861736334405145,4.501607717041801,1.929260450160772,2.572347266881029,4.180064308681672
E00154441,224,203,10,8,2,2,0,2,9,90.625,4.464285714285714,3.571428571428571,0.8928571428571428,0.8928571428571428,0,0.8928571428571428,4.017857142857143
E00154442,297,269,21,17,4,2,0,2,5,90.57239057239057,7.07070707070707,5.723905723905724,1.3468013468013467,0.6734006734006733,0,0.6734006734006733,1.6835016835016834
E00154443,240,220,6,5,1,5,4,1,9,91.66666666666666,2.5,2.083333333333333,0.4166666666666667,2.083333333333333,1.6666666666666667,0.4166666666666667,3.75
E00154444,256,236,13,9,4,3,0,3,4,92.1875,5.078125,3.515625,1.5625,1.171875,0,1.171875,1.5625
E00154445,286,248,11,6,5,7,1,6,20,86.7132867132867,3.8461538461538463,2.097902097902098,1.7482517482517483,2.4475524475524475,0.34965034965034963,2.097902097902098,6.993006993006993
E00154446,279,249,8,5,3,8,4,4,14,89.24731182795699,2.867383512544803,1.7921146953405016,1.0752688172043012,2.867383512544803,1.4336917562724014,1.4336917562724014,5.017921146953405
E00154447,311,275,8,8,0,11,1,10,17,88.42443729903538,2.572347266881029,2.572347266881029,0,3.536977491961415,0.3215434083601286,3.215434083601286,5.466237942122187
E00154448,232,206,8,6,2,9,4,5,9,88.79310344827587,3.4482758620689653,2.586206896551724,0.8620689655172413,3.8793103448275863,1.7241379310344827,2.1551724137931036,3.8793103448275863
E00154449,265,242,4,2,2,9,5,4,10,91.32075471698113,1.509433962264151,0.7547169811320755,0.7547169811320755,3.3962264150943398,1.8867924528301887,1.509433962264151,3.7735849056603774
E00154450,204,186,7,1,6,5,1,4,6,91.17647058823529,3.431372549019608,0.49019607843137253,2.941176470588235,2.450980392156863,0.49019607843137253,1.9607843137254901,2.941176470588235
E00154451,261,236,14,7,7,1,1,0,10,90.42145593869732,5.363984674329502,2.681992337164751,2.681992337164751,0.38314176245210724,0.38314176245210724,0,3.8314176245210727
E00154453,282,257,9,9,0,7,3,4,9,91.13475177304964,3.1914893617021276,3.1914893617021276,0,2.4822695035460995,1.0638297872340425,1.4184397163120568,3.1914893617021276
E00154454,309,281,15,12,3,1,0,1,12,90.93851132686083,4.854368932038835,3.8834951456310676,0.9708737864077669,0.3236245954692557,0,0.3236245954692557,3.8834951456310676
E00154455,301,277,6,5,1,7,3,4,11,92.02657807308971,1.9933554817275747,1.6611295681063125,0.33222591362126247,2.3255813953488373,0.9966777408637874,1.3289036544850499,3.6544850498338874
E00154456,190,167,18,17,1,1,0,1,4,87.89473684210526,9.473684210526317,8.947368421052632,0.5263157894736842,0.5263157894736842,0,0.5263157894736842,2.1052631578947367
E00154457,252,223,19,18,1,5,3,2,5,88.4920634920635,7.5396825396825395,7.142857142857142,0.3968253968253968,1.984126984126984,1.1904761904761905,0.7936507936507936,1.984126984126984
E00154458,216,197,12,9,3,3,3,0,4,91.20370370370371,5.555555555555555,4.166666666666666,1.3888888888888888,1.3888888888888888,1.3888888888888888,0,1.8518518518518516
E00154459,346,299,23,16,7,11,8,3,13,86.41618497109826,6.6473988439306355,4.624277456647398,2.023121387283237,3.1791907514450863,2.312138728323699,0.8670520231213872,3.7572254335260116
E00154460,169,160,7,6,1,0,0,0,2,94.67455621301775,4.142011834319527,3.5502958579881656,0.591715976331361,0,0,0,1.183431952662722
E00154461,216,196,14,8,6,1,1,0,5,90.74074074074075,6.481481481481481,3.7037037037037033,2.7777777777777777,0.4629629629629629,0.4629629629629629,0,2.314814814814815
E00154462,167,150,13,10,3,0,0,0,4,89.82035928143712,7.784431137724551,5.9880239520958085,1.7964071856287425,0,0,0,2.3952095808383236
E00154463,139,126,6,4,2,4,3,1,3,90.64748201438849,4.316546762589928,2.877697841726619,1.4388489208633095,2.877697841726619,2.158273381294964,0.7194244604316548,2.158273381294964
E00154464,123,108,10,10,0,0,0,0,5,87.8048780487805,8.130081300813007,8.130081300813007,0,0,0,0,4.0650406504065035
E00154465,172,154,12,10,2,1,0,1,5,89.53488372093024,6.976744186046512,5.813953488372093,1.1627906976744187,0.5813953488372093,0,0.5813953488372093,2.9069767441860463
E00154466,178,160,9,7,2,1,0,1,8,89.8876404494382,5.056179775280898,3.932584269662921,1.1235955056179776,0.5617977528089888,0,0.5617977528089888,4.49438202247191
E00154467,125,104,10,7,3,5,3,2,6,83.2,8,5.6000000000000005,2.4,4,2.4,1.6,4.8
E00154468,190,165,8,7,1,8,4,4,9,86.8421052631579,4.2105263157894735,3.684210526315789,0.5263157894736842,4.2105263157894735,2.1052631578947367,2.1052631578947367,4.736842105263158
E00154469,272,247,23,19,4,1,1,0,1,90.80882352941177,8.455882352941178,6.985294117647059,1.4705882352941175,0.3676470588235294,0.3676470588235294,0,0.3676470588235294
E00154470,175,156,11,10,1,2,2,0,6,89.14285714285714,6.2857142857142865,5.714285714285714,0.5714285714285714,1.1428571428571428,1.1428571428571428,0,3.428571428571429
E00154471,287,250,19,16,3,2,1,1,16,87.10801393728222,6.620209059233449,5.574912891986063,1.0452961672473868,0.6968641114982579,0.34843205574912894,0.34843205574912894,5.574912891986063
E00154472,274,250,7,6,1,6,2,4,11,91.24087591240875,2.5547445255474455,2.18978102189781,0.36496350364963503,2.18978102189781,0.7299270072992701,1.4598540145985401,4.014598540145985
E00154473,178,166,7,3,4,2,1,1,3,93.25842696629213,3.932584269662921,1.6853932584269662,2.247191011235955,1.1235955056179776,0.5617977528089888,0.5617977528089888,1.6853932584269662
E00154474,195,171,14,12,2,4,3,1,6,87.6923076923077,7.179487179487179,6.153846153846154,1.0256410256410255,2.051282051282051,1.5384615384615385,0.5128205128205128,3.076923076923077
E00154475,176,148,10,4,6,4,1,3,14,84.0909090909091,5.681818181818182,2.272727272727273,3.4090909090909087,2.272727272727273,0.5681818181818182,1.7045454545454544,7.954545454545454
E00154476,223,202,13,10,3,3,3,0,5,90.5829596412556,5.829596412556054,4.484304932735426,1.345291479820628,1.345291479820628,1.345291479820628,0,2.242152466367713
E00154477,158,151,2,1,1,2,1,1,3,95.56962025316456,1.2658227848101267,0.6329113924050633,0.6329113924050633,1.2658227848101267,0.6329113924050633,0.6329113924050633,1.89873417721519
E00154478,248,206,24,18,6,2,1,1,16,83.06451612903226,9.67741935483871,7.258064516129033,2.4193548387096775,0.8064516129032258,0.4032258064516129,0.4032258064516129,6.451612903225806
E00154479,209,177,19,13,6,5,3,2,8,84.688995215311,9.090909090909092,6.220095693779904,2.8708133971291865,2.3923444976076556,1.4354066985645932,0.9569377990430622,3.827751196172249
E00154480,186,160,17,12,5,3,2,1,6,86.02150537634408,9.13978494623656,6.451612903225806,2.6881720430107525,1.6129032258064515,1.0752688172043012,0.5376344086021506,3.225806451612903
E00154481,233,214,13,9,4,3,1,2,3,91.84549356223177,5.579399141630901,3.862660944206009,1.7167381974248928,1.2875536480686696,0.4291845493562232,0.8583690987124464,1.2875536480686696
E00154482,209,186,12,8,4,5,3,2,6,88.99521531100478,5.741626794258373,3.827751196172249,1.9138755980861244,2.3923444976076556,1.4354066985645932,0.9569377990430622,2.8708133971291865
E00154483,134,122,9,7,2,1,0,1,2,91.04477611940298,6.7164179104477615,5.223880597014925,1.4925373134328357,0.7462686567164178,0,0.7462686567164178,1.4925373134328357
E00154484,313,288,14,10,4,3,1,2,8,92.01277955271566,4.472843450479233,3.1948881789137378,1.2779552715654952,0.9584664536741214,0.3194888178913738,0.6389776357827476,2.5559105431309903
E00154485,158,139,15,10,5,1,1,0,3,87.9746835443038,9.49367088607595,6.329113924050633,3.1645569620253164,0.6329113924050633,0.6329113924050633,0,1.89873417721519
E00154486,123,111,8,6,2,1,1,0,3,90.2439024390244,6.504065040650407,4.878048780487805,1.6260162601626018,0.8130081300813009,0.8130081300813009,0,2.4390243902439024
E00154487,108,98,4,2,2,4,1,3,2,90.74074074074075,3.7037037037037033,1.8518518518518516,1.8518518518518516,3.7037037037037033,0.9259259259259258,2.7777777777777777,1.8518518518518516
E00154488,212,188,19,17,2,3,2,1,2,88.67924528301887,8.962264150943396,8.018867924528301,0.9433962264150944,1.4150943396226416,0.9433962264150944,0.4716981132075472,0.9433962264150944
E00154489,142,123,6,6,0,6,2,4,7,86.61971830985915,4.225352112676056,4.225352112676056,0,4.225352112676056,1.4084507042253522,2.8169014084507045,4.929577464788732
E00154490,220,193,10,9,1,5,3,2,12,87.72727272727273,4.545454545454546,4.090909090909091,0.45454545454545453,2.272727272727273,1.3636363636363635,0.9090909090909091,5.454545454545454
E00154491,255,215,12,5,7,9,2,7,19,84.31372549019608,4.705882352941177,1.9607843137254901,2.7450980392156863,3.5294117647058822,0.7843137254901961,2.7450980392156863,7.450980392156863
E00154492,237,217,9,7,2,2,1,1,9,91.56118143459916,3.79746835443038,2.9535864978902953,0.8438818565400843,0.8438818565400843,0.42194092827004215,0.42194092827004215,3.79746835443038
E00154493,268,234,16,12,4,5,1,4,13,87.31343283582089,5.970149253731343,4.477611940298507,1.4925373134328357,1.8656716417910446,0.3731343283582089,1.4925373134328357,4.850746268656716
E00154494,244,221,9,8,1,3,2,1,11,90.57377049180327,3.6885245901639343,3.278688524590164,0.4098360655737705,1.2295081967213115,0.819672131147541,0.4098360655737705,4.508196721311475
E00154495,231,189,12,8,4,10,6,4,20,81.81818181818183,5.194805194805195,3.463203463203463,1.7316017316017316,4.329004329004329,2.5974025974025974,1.7316017316017316,8.658008658008658
E00154496,292,268,15,10,5,3,2,1,6,91.78082191780823,5.136986301369863,3.4246575342465753,1.7123287671232876,1.0273972602739725,0.684931506849315,0.3424657534246575,2.054794520547945
E00154497,168,150,1,1,0,8,5,3,9,89.28571428571429,0.5952380952380952,0.5952380952380952,0,4.761904761904762,2.976190476190476,1.7857142857142856,5.357142857142857
E00154498,288,263,15,11,4,4,1,3,6,91.31944444444444,5.208333333333334,3.8194444444444446,1.3888888888888888,1.3888888888888888,0.3472222222222222,1.0416666666666665,2.083333333333333
E00154499,343,303,24,16,8,8,3,5,8,88.33819241982506,6.997084548104956,4.664723032069971,2.3323615160349855,2.3323615160349855,0.8746355685131195,1.4577259475218658,2.3323615160349855
E00154500,251,227,11,7,4,6,2,4,7,90.43824701195219,4.382470119521913,2.788844621513944,1.593625498007968,2.3904382470119523,0.796812749003984,1.593625498007968,2.788844621513944
E00154501,232,211,10,8,2,2,1,1,9,90.94827586206897,4.310344827586207,3.4482758620689653,0.8620689655172413,0.8620689655172413,0.43103448275862066,0.43103448275862066,3.8793103448275863
E00154502,285,253,8,7,1,14,1,13,10,88.7719298245614,2.807017543859649,2.456140350877193,0.3508771929824561,4.912280701754386,0.3508771929824561,4.56140350877193,3.508771929824561
E00154503,252,230,14,12,2,2,1,1,6,91.26984126984127,5.555555555555555,4.761904761904762,0.7936507936507936,0.7936507936507936,0.3968253968253968,0.3968253968253968,2.380952380952381
E00154504,277,248,13,7,6,4,4,0,12,89.53068592057761,4.693140794223827,2.527075812274368,2.166064981949458,1.444043321299639,1.444043321299639,0,4.332129963898916
E00154505,324,275,20,11,9,10,5,5,19,84.87654320987654,6.172839506172839,3.3950617283950617,2.7777777777777777,3.0864197530864197,1.5432098765432098,1.5432098765432098,5.864197530864197
E00154506,242,213,21,13,8,2,2,0,6,88.01652892561982,8.677685950413224,5.371900826446281,3.3057851239669422,0.8264462809917356,0.8264462809917356,0,2.479338842975207
E00154507,321,290,12,8,4,8,1,7,11,90.34267912772586,3.7383177570093453,2.4922118380062304,1.2461059190031152,2.4922118380062304,0.3115264797507788,2.1806853582554515,3.4267912772585665
E00154508,235,204,12,9,3,10,4,6,9,86.80851063829788,5.106382978723404,3.829787234042553,1.276595744680851,4.25531914893617,1.702127659574468,2.553191489361702,3.829787234042553
E00154509,378,319,19,12,7,15,5,10,25,84.39153439153439,5.026455026455026,3.1746031746031744,1.8518518518518516,3.968253968253968,1.3227513227513228,2.6455026455026456,6.613756613756613
E00154510,300,270,8,8,0,9,3,6,13,90,2.666666666666667,2.666666666666667,0,3,1,2,4.333333333333334
E00154511,226,199,8,3,5,8,4,4,11,88.05309734513274,3.5398230088495577,1.3274336283185841,2.2123893805309733,3.5398230088495577,1.7699115044247788,1.7699115044247788,4.867256637168142
E00154512,275,233,13,9,4,11,4,7,18,84.72727272727273,4.7272727272727275,3.272727272727273,1.4545454545454546,4,1.4545454545454546,2.5454545454545454,6.545454545454546
E00154513,257,210,22,16,6,8,5,3,17,81.71206225680933,8.560311284046692,6.22568093385214,2.3346303501945527,3.11284046692607,1.9455252918287937,1.1673151750972763,6.614785992217899
E00154514,219,182,16,12,4,10,3,7,11,83.10502283105022,7.30593607305936,5.47945205479452,1.82648401826484,4.5662100456621,1.36986301369863,3.1963470319634704,5.0228310502283104
E00154515,315,294,12,11,1,2,1,1,7,93.33333333333333,3.8095238095238098,3.492063492063492,0.31746031746031744,0.6349206349206349,0.31746031746031744,0.31746031746031744,2.2222222222222223
E00154516,345,306,25,20,5,4,2,2,10,88.69565217391305,7.246376811594203,5.797101449275362,1.4492753623188406,1.1594202898550725,0.5797101449275363,0.5797101449275363,2.898550724637681
E00154517,119,92,17,13,4,2,1,1,8,77.31092436974791,14.285714285714285,10.92436974789916,3.361344537815126,1.680672268907563,0.8403361344537815,0.8403361344537815,6.722689075630252
E00154518,420,377,23,15,8,7,4,3,13,89.76190476190476,5.476190476190476,3.571428571428571,1.9047619047619049,1.6666666666666667,0.9523809523809524,0.7142857142857143,3.0952380952380953
E00154519,289,274,8,7,1,3,3,0,4,94.80968858131487,2.768166089965398,2.422145328719723,0.34602076124567477,1.0380622837370241,1.0380622837370241,0,1.384083044982699
E00154520,247,219,22,18,4,2,1,1,4,88.66396761133603,8.906882591093117,7.28744939271255,1.6194331983805668,0.8097165991902834,0.4048582995951417,0.4048582995951417,1.6194331983805668
E00154521,275,239,16,8,8,4,0,4,16,86.9090909090909,5.818181818181818,2.909090909090909,2.909090909090909,1.4545454545454546,0,1.4545454545454546,5.818181818181818
E00154523,247,226,12,9,3,1,0,1,8,91.49797570850203,4.8582995951417,3.643724696356275,1.214574898785425,0.4048582995951417,0,0.4048582995951417,3.2388663967611335
E00154524,251,220,22,14,8,3,2,1,6,87.64940239043824,8.764940239043826,5.577689243027888,3.187250996015936,1.1952191235059761,0.796812749003984,0.398406374501992,2.3904382470119523
E00154525,209,185,10,8,2,6,5,1,8,88.51674641148325,4.784688995215311,3.827751196172249,0.9569377990430622,2.8708133971291865,2.3923444976076556,0.4784688995215311,3.827751196172249
E00154526,317,287,23,20,3,2,2,0,5,90.53627760252367,7.255520504731862,6.309148264984227,0.9463722397476341,0.6309148264984227,0.6309148264984227,0,1.5772870662460567
E00154527,122,110,4,2,2,1,1,0,7,90.1639344262295,3.278688524590164,1.639344262295082,1.639344262295082,0.819672131147541,0.819672131147541,0,5.737704918032787
E00154528,259,217,21,15,6,13,3,10,8,83.78378378378379,8.108108108108109,5.7915057915057915,2.3166023166023164,5.019305019305019,1.1583011583011582,3.861003861003861,3.088803088803089
E00154529,247,224,9,7,2,5,0,5,9,90.68825910931174,3.643724696356275,2.834008097165992,0.8097165991902834,2.0242914979757085,0,2.0242914979757085,3.643724696356275
E00154530,299,262,18,15,3,8,3,5,11,87.62541806020067,6.0200668896321075,5.016722408026756,1.0033444816053512,2.6755852842809364,1.0033444816053512,1.6722408026755853,3.678929765886288
E00154531,119,98,15,12,3,0,0,0,6,82.35294117647058,12.605042016806722,10.084033613445378,2.5210084033613445,0,0,0,5.042016806722689
E00154532,420,379,18,10,8,8,5,3,15,90.23809523809524,4.285714285714286,2.380952380952381,1.9047619047619049,1.9047619047619049,1.1904761904761905,0.7142857142857143,3.571428571428571
E00154533,170,142,18,14,4,2,2,0,8,83.52941176470588,10.588235294117647,8.235294117647058,2.3529411764705883,1.1764705882352942,1.1764705882352942,0,4.705882352941177
E00154534,414,378,19,14,5,6,5,1,11,91.30434782608695,4.5893719806763285,3.3816425120772946,1.2077294685990339,1.4492753623188406,1.2077294685990339,0.24154589371980675,2.657004830917874
E00154535,150,130,14,12,2,2,1,1,4,86.66666666666667,9.333333333333334,8,1.3333333333333335,1.3333333333333335,0.6666666666666667,0.6666666666666667,2.666666666666667
E00154536,145,133,4,4,0,2,1,1,6,91.72413793103448,2.7586206896551726,2.7586206896551726,0,1.3793103448275863,0.6896551724137931,0.6896551724137931,4.137931034482759
E00154537,239,224,10,7,3,2,1,1,3,93.72384937238493,4.184100418410042,2.928870292887029,1.2552301255230125,0.8368200836820083,0.41841004184100417,0.41841004184100417,1.2552301255230125
E00154538,300,262,20,16,4,9,3,6,9,87.33333333333333,6.666666666666667,5.333333333333334,1.3333333333333335,3,1,2,3
E00154539,294,257,9,4,5,15,6,9,13,87.41496598639455,3.061224489795918,1.3605442176870748,1.7006802721088436,5.1020408163265305,2.0408163265306123,3.061224489795918,4.421768707482993
E00165669,131,115,7,5,2,2,0,2,7,87.78625954198473,5.343511450381679,3.816793893129771,1.5267175572519083,1.5267175572519083,0,1.5267175572519083,5.343511450381679
E00173862,188,178,3,2,1,2,1,1,5,94.68085106382979,1.5957446808510638,1.0638297872340425,0.5319148936170213,1.0638297872340425,0.5319148936170213,0.5319148936170213,2.6595744680851063
E00173863,205,183,13,9,4,4,3,1,5,89.26829268292683,6.341463414634147,4.390243902439024,1.951219512195122,1.951219512195122,1.4634146341463417,0.4878048780487805,2.4390243902439024
E00173864,181,158,15,10,5,1,1,0,7,87.29281767955801,8.287292817679557,5.524861878453039,2.7624309392265194,0.5524861878453038,0.5524861878453038,0,3.867403314917127
E00173865,234,217,9,6,3,1,0,1,7,92.73504273504274,3.8461538461538463,2.564102564102564,1.282051282051282,0.4273504273504274,0,0.4273504273504274,2.9914529914529915
E00173866,220,204,12,9,3,1,0,1,3,92.72727272727272,5.454545454545454,4.090909090909091,1.3636363636363635,0.45454545454545453,0,0.45454545454545453,1.3636363636363635
E00173867,183,165,12,9,3,2,0,2,4,90.1639344262295,6.557377049180328,4.918032786885246,1.639344262295082,1.092896174863388,0,1.092896174863388,2.185792349726776
E00173868,186,178,6,3,3,1,0,1,1,95.6989247311828,3.225806451612903,1.6129032258064515,1.6129032258064515,0.5376344086021506,0,0.5376344086021506,0.5376344086021506
E00173869,259,232,17,16,1,8,0,8,2,89.57528957528957,6.563706563706563,6.177606177606178,0.3861003861003861,3.088803088803089,0,3.088803088803089,0.7722007722007722
E00173870,231,203,17,12,5,4,3,1,7,87.87878787878788,7.35930735930736,5.194805194805195,2.1645021645021645,1.7316017316017316,1.2987012987012987,0.4329004329004329,3.0303030303030303
E00173871,225,207,11,8,3,1,0,1,6,92,4.888888888888889,3.5555555555555554,1.3333333333333335,0.4444444444444444,0,0.4444444444444444,2.666666666666667
E00173872,326,296,12,8,4,5,2,3,13,90.79754601226993,3.6809815950920246,2.4539877300613497,1.2269938650306749,1.5337423312883436,0.6134969325153374,0.9202453987730062,3.9877300613496933
E00173873,347,316,20,17,3,9,3,6,2,91.06628242074927,5.763688760806916,4.899135446685879,0.8645533141210375,2.5936599423631126,0.8645533141210375,1.729106628242075,0.57636887608069165
E00173874,421,368,21,16,5,11,5,6,21,87.41092636579573,4.98812351543943,3.800475059382423,1.187648456057007,2.6128266033254155,1.187648456057007,1.4251781472684086,4.98812351543943
E00173875,344,315,15,9,6,4,3,1,10,91.56976744186046,4.3604651162790695,2.616279069767442,1.744186046511628,1.1627906976744187,0.872093023255814,0.29069767441860467,2.9069767441860463
E00173876,378,352,12,11,1,5,4,1,9,93.12169312169311,3.1746031746031744,2.91005291005291,0.26455026455026454,1.3227513227513228,1.0582010582010581,0.26455026455026454,2.380952380952381
E00173877,464,442,8,5,3,11,4,7,3,95.25862068965517,1.7241379310344827,1.0775862068965518,0.646551724137931,2.3706896551724137,0.8620689655172413,1.5086206896551724,0.646551724137931
E00173878,262,239,11,9,2,5,3,2,7,91.22137404580153,4.198473282442748,3.435114503816794,0.7633587786259541,1.9083969465648856,1.1450381679389312,0.7633587786259541,2.6717557251908395
E00173879,414,361,38,27,11,5,3,2,10,87.19806763285024,9.178743961352657,6.521739130434782,2.657004830917874,1.2077294685990339,0.7246376811594203,0.4830917874396135,2.4154589371980677
E00173880,413,390,10,5,5,2,1,1,11,94.430992736077485,2.4213075060532687,1.2106537530266344,1.2106537530266344,0.48426150121065376,0.24213075060532688,0.24213075060532688,2.663438256658596
E00173881,298,275,11,7,4,5,3,2,7,92.28187919463086,3.691275167785235,2.348993288590604,1.342281879194631,1.6778523489932886,1.006711409395973,0.6711409395973155,2.348993288590604
E00173882,244,230,5,3,2,3,1,2,6,94.26229508196722,2.0491803278688523,1.2295081967213115,0.819672131147541,1.2295081967213115,0.4098360655737705,0.819672131147541,2.459016393442623
E00173883,195,186,8,7,1,1,1,0,0,95.38461538461539,4.102564102564102,3.5897435897435894,0.5128205128205128,0.5128205128205128,0.5128205128205128,0,0
E00173884,355,330,20,19,1,2,2,0,3,92.95774647887323,5.633802816901409,5.352112676056338,0.28169014084507044,0.5633802816901409,0.5633802816901409,0,0.8450704225352111
E00173885,276,257,9,5,4,4,2,2,6,93.11594202898551,3.260869565217391,1.8115942028985508,1.4492753623188406,1.4492753623188406,0.7246376811594203,0.7246376811594203,2.1739130434782608
E00173886,854,823,16,11,5,2,2,0,13,96.37002341920375,1.873536299765808,1.288056206088993,0.5854800936768151,0.234192037470726,0.234192037470726,0,1.5222482435597189
E00173887,211,194,8,4,4,4,4,0,5,91.9431279620853,3.7914691943127963,1.8957345971563981,1.8957345971563981,1.8957345971563981,1.8957345971563981,0,2.3696682464454977
E00173888,438,406,15,14,1,3,2,1,14,92.69406392694064,3.4246575342465753,3.1963470319634704,0.228310502283105,0.684931506849315,0.45662100456621,0.228310502283105,3.1963470319634704
E00173889,234,220,7,4,3,2,1,1,5,94.01709401709401,2.9914529914529915,1.7094017094017095,1.282051282051282,0.8547008547008548,0.4273504273504274,0.4273504273504274,2.1367521367521367
E00173890,203,190,9,6,3,1,1,0,3,93.59605911330048,4.433497536945813,2.955665024630542,1.477832512315271,0.49261083743842365,0.49261083743842365,0,1.477832512315271
E00173891,253,236,9,8,1,2,0,2,6,93.2806324110672,3.557312252964427,3.1620553359683794,0.3952569169960474,0.7905138339920948,0,0.7905138339920948,2.371541501976284
E00173892,154,148,6,5,1,0,0,0,0,96.1038961038961,3.896103896103896,3.2467532467532463,0.6493506493506493,0,0,0,0
E00173893,140,132,6,3,3,1,1,0,1,94.28571428571428,4.285714285714286,2.142857142857143,2.142857142857143,0.7142857142857143,0.7142857142857143,0,0.7142857142857143
E00173894,268,240,15,13,2,8,2,6,5,89.55223880597015,5.597014925373134,4.850746268656716,0.7462686567164178,2.9850746268656714,0.7462686567164178,2.2388059701492535,1.8656716417910446
E00173895,194,185,6,3,3,1,1,0,2,95.36082474226805,3.0927835051546393,1.5463917525773196,1.5463917525773196,0.5154639175257731,0.5154639175257731,0,1.0309278350515463
E00173896,193,173,8,7,1,5,4,1,7,89.63730569948186,4.145077720207254,3.6269430051813467,0.5181347150259068,2.5906735751295336,2.072538860103627,0.5181347150259068,3.6269430051813467
E00173897,120,103,6,5,1,4,4,0,7,85.83333333333333,5,4.166666666666666,0.8333333333333334,3.3333333333333335,3.3333333333333335,0,5.833333333333333
E00173898,194,185,6,6,0,3,2,1,0,95.36082474226805,3.0927835051546393,3.0927835051546393,0,1.5463917525773196,1.0309278350515463,0.5154639175257731,0
E00173899,401,372,14,10,4,10,5,5,5,92.76807980049875,3.4912718204488775,2.493765586034913,0.997506234413965,2.493765586034913,1.2468827930174564,1.2468827930174564,1.2468827930174564
E00173900,278,249,14,11,3,6,4,2,9,89.568345323741,5.0359712230215825,3.9568345323741005,1.079136690647482,2.158273381294964,1.4388489208633095,0.7194244604316548,3.237410071942446
E00173901,277,252,15,14,1,0,0,0,10,90.97472924187726,5.415162454873646,5.054151624548736,0.36101083032490977,0,0,0,3.6101083032490973
E00173902,347,318,12,6,6,9,3,6,8,91.64265129682997,3.45821325648415,1.729106628242075,1.729106628242075,2.5936599423631126,0.8645533141210375,1.729106628242075,2.3054755043227666
E00173903,277,241,14,12,2,7,3,4,15,87.00361010830325,5.054151624548736,4.332129963898916,0.7220216606498195,2.527075812274368,1.083032490974729,1.444043321299639,5.415162454873646
E00173904,247,219,13,8,5,8,5,3,7,88.66396761133603,5.263157894736842,3.2388663967611335,2.0242914979757085,3.2388663967611335,2.0242914979757085,1.214574898785425,2.834008097165992
E00173905,302,275,14,12,2,8,4,4,5,91.05960264900662,4.635761589403973,3.9735099337748347,0.6622516556291391,2.6490066225165565,1.3245033112582782,1.3245033112582782,1.6556291390728477
E00173906,187,174,4,2,2,2,2,0,7,93.04812834224599,2.13903743315508,1.06951871657754,1.06951871657754,1.06951871657754,1.06951871657754,0,3.7433155080213902
E00173907,258,246,8,7,1,2,1,1,2,95.34883720930233,3.10077519379845,2.7131782945736433,0.3875968992248062,0.7751937984496124,0.3875968992248062,0.3875968992248062,0.7751937984496124
E00173908,308,282,20,13,7,1,1,0,5,91.55844155844156,6.493506493506493,4.220779220779221,2.272727272727273,0.3246753246753247,0.3246753246753247,0,1.6233766233766231
E00173909,316,282,14,10,4,6,1,5,14,89.24050632911393,4.430379746835443,3.1645569620253164,1.2658227848101267,1.89873417721519,0.31645569620253167,1.5822784810126582,4.430379746835443
E00173910,301,289,8,6,2,2,1,1,2,96.01328903654485,2.6578073089700998,1.9933554817275747,0.6644518272425249,0.6644518272425249,0.33222591362126247,0.33222591362126247,0.6644518272425249
E00173911,271,253,7,5,2,1,1,0,10,93.35793357933579,2.5830258302583027,1.8450184501845017,0.7380073800738007,0.36900369003690037,0.36900369003690037,0,3.6900369003690034
E00173912,471,435,21,14,7,7,4,3,8,92.35668789808918,4.45859872611465,2.9723991507431,1.48619957537155,1.48619957537155,0.8492569002123143,0.6369426751592357,1.6985138004246285
E00173913,268,248,14,12,2,2,0,2,4,92.53731343283582,5.223880597014925,4.477611940298507,0.7462686567164178,0.7462686567164178,0,0.7462686567164178,1.4925373134328357
E00173914,310,284,15,9,6,2,2,0,9,91.61290322580645,4.838709677419355,2.903225806451613,1.935483870967742,0.6451612903225806,0.6451612903225806,0,2.903225806451613
E00173915,116,103,8,3,5,3,1,2,2,88.79310344827587,6.896551724137931,2.586206896551724,4.310344827586207,2.586206896551724,0.8620689655172413,1.7241379310344827,1.7241379310344827
E00173916,212,175,17,10,7,9,5,4,11,82.54716981132076,8.018867924528301,4.716981132075472,3.30188679245283,4.245283018867925,2.358490566037736,1.8867924528301887,5.188679245283019
E00187866,388,355,22,22,0,5,1,4,6,91.49484536082474,5.670103092783505,5.670103092783505,0,1.2886597938144329,0.25773195876288657,1.0309278350515463,1.5463917525773196
E00187867,296,268,14,11,3,5,4,1,9,90.54054054054053,4.72972972972973,3.7162162162162162,1.0135135135135136,1.6891891891891893,1.3513513513513513,0.33783783783783783,3.040540540540541
E00187875,303,286,7,1,6,5,2,3,5,94.38943894389439,2.31023102310231,0.33003300330033003,1.9801980198019802,1.65016501650165,0.6600660066006601,0.9900990099009901,1.65016501650165
E00187877,493,460,10,8,2,10,4,6,13,93.30628803245436,2.028397565922921,1.6227180527383367,0.4056795131845842,2.028397565922921,0.8113590263691683,1.2170385395537524,2.636916835699797
E00187881,173,162,6,3,3,4,2,2,1,93.64161849710982,3.4682080924855487,1.7341040462427744,1.7341040462427744,2.312138728323699,1.1560693641618496,1.1560693641618496,0.5780346820809248
E00187888,342,324,7,4,3,4,4,0,7,94.73684210526315,2.046783625730994,1.1695906432748537,0.8771929824561403,1.1695906432748537,1.1695906432748537,0,2.046783625730994
E00187896,301,269,17,15,2,5,3,2,10,89.3687707641196,5.647840531561462,4.983388704318937,0.6644518272425249,1.6611295681063125,0.9966777408637874,0.6644518272425249,3.322259136212625
E00187899,332,302,15,11,4,6,3,3,9,90.96385542168674,4.518072289156627,3.313253012048193,1.2048192771084338,1.8072289156626504,0.9036144578313252,0.9036144578313252,2.710843373493976
E00187904,278,245,16,6,10,7,2,5,10,88.12949640287769,5.755395683453238,2.158273381294964,3.5971223021582732,2.5179856115107913,0.7194244604316548,1.7985611510791366,3.5971223021582732
E00187911,234,212,10,6,4,4,1,3,8,90.5982905982906,4.273504273504273,2.564102564102564,1.7094017094017095,1.7094017094017095,0.4273504273504274,1.282051282051282,3.418803418803419
E00187912,101,95,4,3,1,1,1,0,1,94.05940594059405,3.9603960396039604,2.9702970297029703,0.9900990099009901,0.9900990099009901,0.9900990099009901,0,0.9900990099009901
E00187914,215,196,8,4,4,4,2,2,7,91.16279069767442,3.7209302325581395,1.8604651162790697,1.8604651162790697,1.8604651162790697,0.9302325581395349,0.9302325581395349,3.255813953488372
E00187918,411,380,14,10,4,7,2,5,10,92.45742092457421,3.40632603406326,2.4330900243309004,0.9732360097323601,1.70316301703163,0.48661800486618007,1.2165450121654502,2.4330900243309004
E00187919,128,122,2,1,1,1,0,1,3,95.3125,1.5625,0.78125,0.78125,0.78125,0,0.78125,2.34375
E00187920,292,275,10,7,3,3,2,1,4,94.17808219178082,3.4246575342465753,2.3972602739726026,1.0273972602739725,1.0273972602739725,0.684931506849315,0.3424657534246575,1.36986301369863
E00187924,363,341,11,10,1,2,1,1,9,93.93939393939394,3.0303030303030303,2.7548209366391188,0.27548209366391185,0.5509641873278237,0.27548209366391185,0.27548209366391185,2.479338842975207
E00187931,159,153,4,4,0,2,0,2,0,96.22641509433963,2.515723270440252,2.515723270440252,0,1.257861635220126,0,1.257861635220126,0
E00187943,598,561,21,17,4,5,3,2,11,93.81270903010034,3.511705685618729,2.842809364548495,0.6688963210702341,0.8361204013377926,0.5016722408026756,0.33444816053511706,1.839464882943144
E00187947,278,258,9,7,2,5,4,1,6,92.80575539568345,3.237410071942446,2.5179856115107913,0.7194244604316548,1.7985611510791366,1.4388489208633095,0.3597122302158274,2.158273381294964
E00187949,303,281,11,6,5,3,2,1,8,92.73927392739274,3.6303630363036308,1.9801980198019802,1.65016501650165,0.9900990099009901,0.6600660066006601,0.33003300330033003,2.6402640264026402
E00187952,481,437,33,26,7,4,2,2,7,90.85239085239085,6.860706860706861,5.405405405405405,1.4553014553014554,0.8316008316008316,0.4158004158004158,0.4158004158004158,1.4553014553014554
E00187957,110,103,7,5,2,0,0,0,0,93.63636363636364,6.363636363636363,4.545454545454546,1.8181818181818181,0,0,0,0
E00187973,245,221,10,7,3,9,5,4,5,90.20408163265307,4.081632653061225,2.857142857142857,1.2244897959183674,3.6734693877551026,2.0408163265306123,1.6326530612244898,2.0408163265306123
E00187976,115,104,6,3,3,4,2,2,1,90.43478260869566,5.217391304347826,2.608695652173913,2.608695652173913,3.4782608695652173,1.7391304347826086,1.7391304347826086,0.8695652173913043
E00187977,463,414,27,21,6,5,4,1,17,89.41684665226782,5.831533477321814,4.535637149028078,1.2958963282937366,1.079913606911447,0.8639308855291578,0.21598272138228944,3.6717062634989204
E00187980,364,338,11,9,2,5,4,1,10,92.85714285714286,3.021978021978022,2.4725274725274726,0.5494505494505495,1.3736263736263736,1.098901098901099,0.27472527472527475,2.7472527472527473
E00187995,238,223,9,6,3,3,2,1,3,93.69747899159664,3.7815126050420167,2.5210084033613445,1.2605042016806722,1.2605042016806722,0.8403361344537815,0.42016806722689076,1.2605042016806722
E00187997,103,91,9,7,2,0,0,0,3,88.3495145631068,8.737864077669903,6.796116504854369,1.9417475728155338,0,0,0,2.912621359223301
