OA,ts0390001,ts0390002,ts0390003,ts0390004,ts0390005,ts0390006,ts0390007,ts0390008,ts0390009,ts0390002_PCT,ts0390003_PCT,ts0390004_PCT,ts0390005_PCT,ts0390006_PCT,ts0390007_PCT,ts0390008_PCT,ts0390009_PCT
W00000629,220,190,11,6,5,5,2,3,14,86.36363636363636,5,2.727272727272727,2.272727272727273,2.272727272727273,0.9090909090909091,1.3636363636363635,6.363636363636363
W00000630,238,207,10,6,4,11,7,4,10,86.97478991596638,4.201680672268908,2.5210084033613445,1.680672268907563,4.621848739495799,2.941176470588235,1.680672268907563,4.201680672268908
W00000631,211,170,9,3,6,11,2,9,21,80.56872037914692,4.265402843601896,1.4218009478672986,2.843601895734597,5.213270142180095,0.9478672985781991,4.265402843601896,9.95260663507109
W00000632,412,355,19,15,4,12,8,4,26,86.16504854368931,4.611650485436893,3.640776699029126,0.9708737864077669,2.912621359223301,1.9417475728155338,0.9708737864077669,6.310679611650485
W00000633,373,313,16,11,5,14,3,11,30,83.91420911528151,4.289544235924933,2.949061662198391,1.3404825737265416,3.753351206434316,0.8042895442359249,2.949061662198391,8.04289544235925
W00000634,176,158,9,6,3,4,3,1,5,89.77272727272727,5.113636363636364,3.4090909090909087,1.7045454545454544,2.272727272727273,1.7045454545454544,0.5681818181818182,2.840909090909091
W00000635,258,221,13,8,5,7,4,3,17,85.65891472868216,5.038759689922481,3.10077519379845,1.937984496124031,2.7131782945736433,1.550387596899225,1.1627906976744187,6.5891472868217065
W00000636,180,158,5,3,2,10,1,9,7,87.77777777777777,2.7777777777777777,1.6666666666666667,1.1111111111111112,5.555555555555555,0.5555555555555556,5,3.888888888888889
W00000637,260,217,17,12,5,7,4,3,19,83.46153846153847,6.538461538461539,4.615384615384616,1.9230769230769231,2.6923076923076925,1.5384615384615385,1.153846153846154,7.307692307692308
W00000638,252,235,9,5,4,2,2,0,6,93.25396825396825,3.571428571428571,1.984126984126984,1.5873015873015872,0.7936507936507936,0.7936507936507936,0,2.380952380952381
W00000639,211,181,13,8,5,6,6,0,11,85.78199052132702,6.161137440758294,3.7914691943127963,2.3696682464454977,2.843601895734597,2.843601895734597,0,5.213270142180095
W00000640,203,192,8,5,3,1,1,0,2,94.58128078817734,3.9408866995073892,2.4630541871921183,1.477832512315271,0.49261083743842365,0.49261083743842365,0,0.9852216748768473
W00000641,246,224,10,6,4,3,2,1,9,91.05691056910568,4.0650406504065035,2.4390243902439024,1.6260162601626018,1.2195121951219512,0.8130081300813009,0.40650406504065045,3.6585365853658534
W00000642,193,173,8,6,2,7,3,4,5,89.63730569948186,4.145077720207254,3.1088082901554404,1.0362694300518136,3.6269430051813467,1.5544041450777202,2.072538860103627,2.5906735751295336
W00000643,297,272,18,14,4,4,2,2,3,91.58249158249158,6.0606060606060606,4.713804713804714,1.3468013468013467,1.3468013468013467,0.6734006734006733,0.6734006734006733,1.0101010101010102
W00000644,364,321,26,18,8,8,3,5,9,88.18681318681318,7.142857142857142,4.945054945054945,2.197802197802198,2.197802197802198,0.8241758241758242,1.3736263736263736,2.4725274725274726
W00000645,288,255,18,14,4,4,2,2,11,88.54166666666666,6.25,4.861111111111112,1.3888888888888888,1.3888888888888888,0.6944444444444444,0.6944444444444444,3.8194444444444446
W00000646,353,316,16,9,7,10,4,6,11,89.51841359773371,4.53257790368272,2.5495750708215295,1.9830028328611897,2.8328611898017,1.13314447592068,1.69971671388102,3.1161473087818696
W00000647,303,273,17,12,5,3,2,1,10,90.0990099009901,5.6105610561056105,3.9603960396039604,1.65016501650165,0.9900990099009901,0.6600660066006601,0.33003300330033003,3.3003300330033
W00000648,276,245,8,7,1,8,2,6,15,88.76811594202898,2.898550724637681,2.536231884057971,0.36231884057971014,2.898550724637681,0.7246376811594203,2.1739130434782608,5.434782608695652
W00000649,369,340,18,11,7,2,1,1,9,92.14092140921409,4.878048780487805,2.9810298102981028,1.8970189701897018,0.5420054200542005,0.27100271002710025,0.27100271002710025,2.4390243902439024
W00000650,235,214,6,4,2,3,2,1,12,91.06382978723404,2.553191489361702,1.702127659574468,0.851063829787234,1.276595744680851,0.851063829787234,0.425531914893617,5.106382978723404
W00000651,243,220,13,11,2,1,0,1,9,90.53497942386831,5.349794238683128,4.526748971193416,0.823045267489712,0.411522633744856,0,0.411522633744856,3.7037037037037033
W00000653,276,252,13,5,8,7,4,3,4,91.30434782608695,4.710144927536232,1.8115942028985508,2.898550724637681,2.536231884057971,1.4492753623188406,1.0869565217391304,1.4492753623188406
W00000655,230,193,15,10,5,8,6,2,14,83.91304347826087,6.521739130434782,4.3478260869565215,2.1739130434782608,3.4782608695652173,2.608695652173913,0.8695652173913043,6.086956521739131
W00000656,302,275,22,17,5,2,0,2,3,91.05960264900662,7.28476821192053,5.629139072847682,1.6556291390728477,0.6622516556291391,0,0.6622516556291391,0.9933774834437087
W00000657,337,306,11,10,1,6,2,4,14,90.80118694362018,3.2640949554896146,2.967359050445104,0.2967359050445104,1.7804154302670623,0.5934718100890208,1.1869436201780417,4.154302670623145
W00000658,286,258,14,11,3,1,1,0,13,90.20979020979021,4.895104895104895,3.8461538461538463,1.048951048951049,0.34965034965034963,0.34965034965034963,0,4.545454545454546
W00000659,309,278,14,11,3,7,1,6,10,89.96763754045307,4.53074433656958,3.559870550161812,0.9708737864077669,2.26537216828479,0.3236245954692557,1.9417475728155338,3.2362459546925564
W00000660,329,298,16,10,6,7,5,2,8,90.5775075987842,4.86322188449848,3.0395136778115504,1.82370820668693,2.127659574468085,1.5197568389057752,0.60790273556231,2.43161094224924
W00000661,330,296,12,7,5,7,5,2,15,89.6969696969697,3.6363636363636362,2.1212121212121215,1.5151515151515151,2.1212121212121215,1.5151515151515151,0.6060606060606061,4.545454545454546
W00000662,243,221,14,12,2,3,3,0,5,90.94650205761316,5.761316872427984,4.938271604938271,0.823045267489712,1.2345679012345678,1.2345679012345678,0,2.05761316872428
W00000663,261,232,14,11,3,5,1,4,10,88.88888888888889,5.363984674329502,4.21455938697318,1.1494252873563218,1.9157088122605364,0.38314176245210724,1.532567049808429,3.8314176245210727
W00000664,246,216,15,13,2,5,2,3,10,87.8048780487805,6.097560975609756,5.284552845528456,0.8130081300813009,2.0325203252032518,0.8130081300813009,1.2195121951219512,4.0650406504065035
W00000665,131,116,7,6,1,3,2,1,5,88.54961832061069,5.343511450381679,4.580152671755725,0.7633587786259541,2.2900763358778624,1.5267175572519083,0.7633587786259541,3.816793893129771
W00000666,280,252,12,10,2,5,1,4,11,90,4.285714285714286,3.571428571428571,0.7142857142857143,1.7857142857142856,0.35714285714285715,1.4285714285714286,3.9285714285714284
W00000667,306,273,16,14,2,4,0,4,13,89.2156862745098,5.228758169934641,4.57516339869281,0.6535947712418301,1.3071895424836601,0,1.3071895424836601,4.248366013071895
W00000668,474,423,31,21,10,5,2,3,15,89.24050632911393,6.5400843881856545,4.430379746835443,2.109704641350211,1.0548523206751055,0.42194092827004215,0.6329113924050633,3.1645569620253164
W00000669,290,254,11,6,5,8,5,3,17,87.58620689655172,3.793103448275862,2.0689655172413794,1.7241379310344827,2.7586206896551726,1.7241379310344827,1.0344827586206897,5.862068965517241
W00000670,269,243,12,9,3,4,3,1,10,90.33457249070632,4.4609665427509295,3.3457249070631967,1.1152416356877324,1.486988847583643,1.1152416356877324,0.37174721189591076,3.717472118959108
W00000671,276,242,10,3,7,9,2,7,15,87.68115942028986,3.6231884057971016,1.0869565217391304,2.536231884057971,3.260869565217391,0.7246376811594203,2.536231884057971,5.434782608695652
W00000672,316,282,4,3,1,14,5,9,16,89.24050632911393,1.2658227848101267,0.949367088607595,0.31645569620253167,4.430379746835443,1.5822784810126582,2.848101265822785,5.063291139240507
W00000673,394,340,19,14,5,13,5,8,22,86.29441624365482,4.822335025380711,3.5532994923857872,1.2690355329949239,3.2994923857868024,1.2690355329949239,2.030456852791878,5.583756345177665
W00000674,321,290,14,10,4,11,5,6,6,90.34267912772586,4.361370716510903,3.115264797507788,1.2461059190031152,3.4267912772585665,1.557632398753894,1.8691588785046727,1.8691588785046727
W00000675,286,262,16,14,2,5,3,2,3,91.6083916083916,5.594405594405594,4.895104895104895,0.6993006993006993,1.7482517482517483,1.048951048951049,0.6993006993006993,1.048951048951049
W00000676,316,278,14,8,6,12,5,7,12,87.9746835443038,4.430379746835443,2.5316455696202533,1.89873417721519,3.79746835443038,1.5822784810126582,2.2151898734177213,3.79746835443038
W00000677,314,289,15,11,4,1,0,1,9,92.03821656050955,4.777070063694268,3.5031847133757963,1.2738853503184715,0.3184713375796179,0,0.3184713375796179,2.8662420382165608
W00000678,269,248,13,9,4,0,0,0,8,92.19330855018588,4.83271375464684,3.3457249070631967,1.486988847583643,0,0,0,2.973977695167286
W00000679,252,224,15,12,3,3,0,3,10,88.88888888888889,5.952380952380952,4.761904761904762,1.1904761904761905,1.1904761904761905,0,1.1904761904761905,3.968253968253968
W00000680,300,250,30,27,3,7,2,5,13,83.33333333333334,10,9,1,2.3333333333333335,0.6666666666666667,1.6666666666666667,4.333333333333334
W00000681,255,236,8,6,2,3,1,2,8,92.54901960784314,3.1372549019607843,2.3529411764705883,0.7843137254901961,1.1764705882352942,0.39215686274509803,0.7843137254901961,3.1372549019607843
W00000682,196,171,12,7,5,5,2,3,8,87.24489795918367,6.122448979591836,3.571428571428571,2.5510204081632653,2.5510204081632653,1.0204081632653061,1.530612244897959,4.081632653061225
W00000683,259,230,15,11,4,6,5,1,8,88.8030888030888,5.7915057915057915,4.247104247104247,1.5444015444015444,2.3166023166023164,1.9305019305019304,0.3861003861003861,3.088803088803089
W00000684,323,279,13,8,5,14,7,7,17,86.37770897832817,4.024767801857585,2.476780185758514,1.5479876160990713,4.3343653250774,2.1671826625387,2.1671826625387,5.263157894736842
W00000685,366,328,9,6,3,11,9,2,18,89.61748633879782,2.459016393442623,1.639344262295082,0.819672131147541,3.0054644808743167,2.459016393442623,0.546448087431694,4.918032786885246
W00000686,257,231,11,9,2,1,1,0,14,89.88326848249028,4.280155642023346,3.501945525291829,0.7782101167315175,0.38910505836575876,0.38910505836575876,0,5.447470817120623
W00000687,229,194,22,15,7,4,1,3,9,84.71615720524017,9.606986899563319,6.550218340611353,3.056768558951965,1.7467248908296942,0.43668122270742354,1.3100436681222707,3.9301310043668125
W00000688,286,256,17,12,5,5,3,2,8,89.5104895104895,5.944055944055944,4.195804195804196,1.7482517482517483,1.7482517482517483,1.048951048951049,0.6993006993006993,2.797202797202797
W00000689,193,182,7,7,0,1,0,1,3,94.30051813471503,3.6269430051813467,3.6269430051813467,0,0.5181347150259068,0,0.5181347150259068,1.5544041450777202
W00000690,358,321,25,21,4,8,2,6,4,89.66480446927375,6.983240223463687,5.865921787709497,1.1173184357541899,2.2346368715083798,0.5586592178770949,1.675977653631285,1.1173184357541899
W00000691,212,191,12,12,0,3,1,2,6,90.09433962264151,5.660377358490567,5.660377358490567,0,1.4150943396226416,0.4716981132075472,0.9433962264150944,2.8301886792452833
W00000692,225,205,14,10,4,2,2,0,4,91.11111111111111,6.222222222222222,4.444444444444445,1.7777777777777777,0.8888888888888888,0.8888888888888888,0,1.7777777777777777
W00000693,357,331,16,15,1,5,1,4,5,92.71708683473389,4.481792717086835,4.201680672268908,0.2801120448179272,1.400560224089636,0.2801120448179272,1.1204481792717087,1.400560224089636
W00000694,288,255,20,15,5,3,2,1,10,88.54166666666666,6.944444444444445,5.208333333333334,1.7361111111111112,1.0416666666666665,0.6944444444444444,0.3472222222222222,3.4722222222222223
W00000695,325,294,15,5,10,2,1,1,14,90.46153846153845,4.615384615384616,1.5384615384615385,3.076923076923077,0.6153846153846154,0.3076923076923077,0.3076923076923077,4.3076923076923075
W00000696,225,201,6,5,1,3,1,2,15,89.33333333333333,2.666666666666667,2.2222222222222223,0.4444444444444444,1.3333333333333335,0.4444444444444444,0.8888888888888888,6.666666666666667
W00000697,238,208,11,8,3,6,3,3,13,87.39495798319328,4.621848739495799,3.361344537815126,1.2605042016806722,2.5210084033613445,1.2605042016806722,1.2605042016806722,5.46218487394958
W00000698,289,255,21,19,2,4,2,2,9,88.23529411764706,7.26643598615917,6.5743944636678195,0.6920415224913495,1.384083044982699,0.6920415224913495,0.6920415224913495,3.1141868512110724
W00000699,303,276,12,9,3,6,3,3,9,91.0891089108911,3.9603960396039604,2.9702970297029703,0.9900990099009901,1.9801980198019802,0.9900990099009901,0.9900990099009901,2.9702970297029703
W00000700,320,282,14,11,3,6,2,4,18,88.125,4.375,3.4375000000000004,0.9375,1.875,0.625,1.25,5.625
W00000701,247,226,10,8,2,2,1,1,9,91.49797570850203,4.048582995951417,3.2388663967611335,0.8097165991902834,0.8097165991902834,0.4048582995951417,0.4048582995951417,3.643724696356275
W00000702,281,252,15,9,6,4,1,3,10,89.6797153024911,5.338078291814947,3.202846975088968,2.135231316725979,1.4234875444839856,0.3558718861209964,1.0676156583629894,3.558718861209965
W00000703,212,180,11,5,6,11,6,5,10,84.90566037735849,5.188679245283019,2.358490566037736,2.8301886792452833,5.188679245283019,2.8301886792452833,2.358490566037736,4.716981132075472
W00000704,167,140,15,9,6,5,4,1,7,83.8323353293413,8.982035928143713,5.389221556886228,3.592814371257485,2.9940119760479043,2.3952095808383236,0.5988023952095809,4.191616766467066
W00000705,253,227,12,7,5,7,4,3,7,89.72332015810277,4.743083003952568,2.766798418972332,1.9762845849802373,2.766798418972332,1.5810276679841897,1.185770750988142,2.766798418972332
W00000706,198,179,12,5,7,3,2,1,4,90.40404040404042,6.0606060606060606,2.525252525252525,3.535353535353535,1.5151515151515151,1.0101010101010102,0.5050505050505051,2.0202020202020203
W00000707,232,213,6,5,1,8,2,6,5,91.8103448275862,2.586206896551724,2.1551724137931036,0.43103448275862066,3.4482758620689653,0.8620689655172413,2.586206896551724,2.1551724137931036
W00000708,258,230,12,10,2,3,1,2,13,89.14728682170544,4.651162790697675,3.875968992248062,0.7751937984496124,1.1627906976744187,0.3875968992248062,0.7751937984496124,5.038759689922481
W00000709,222,198,7,4,3,7,1,6,10,89.1891891891892,3.153153153153153,1.8018018018018018,1.3513513513513513,3.153153153153153,0.45045045045045046,2.7027027027027026,4.504504504504505
W00000710,306,278,13,9,4,2,0,2,13,90.84967320261438,4.248366013071895,2.941176470588235,1.3071895424836601,0.6535947712418301,0,0.6535947712418301,4.248366013071895
W00000711,243,226,4,3,1,3,2,1,10,93.00411522633745,1.646090534979424,1.2345679012345678,0.411522633744856,1.2345679012345678,0.823045267489712,0.411522633744856,4.11522633744856
W00000712,305,289,3,1,2,4,3,1,9,94.75409836065573,0.9836065573770493,0.32786885245901637,0.6557377049180327,1.3114754098360655,0.9836065573770493,0.32786885245901637,2.9508196721311477
W00000713,191,175,10,7,3,4,1,3,2,91.62303664921467,5.2356020942408374,3.664921465968586,1.5706806282722512,2.094240837696335,0.5235602094240838,1.5706806282722512,1.0471204188481675
W00000714,278,251,9,6,3,11,7,4,7,90.28776978417267,3.237410071942446,2.158273381294964,1.079136690647482,3.9568345323741005,2.5179856115107913,1.4388489208633095,2.5179856115107913
W00000715,347,310,14,9,5,11,3,8,12,89.33717579250721,4.034582132564841,2.5936599423631126,1.440922190201729,3.170028818443804,0.8645533141210375,2.3054755043227666,3.45821325648415
W00000716,272,252,12,11,1,3,2,1,5,92.64705882352942,4.411764705882353,4.044117647058823,0.3676470588235294,1.1029411764705883,0.7352941176470588,0.3676470588235294,1.8382352941176472
W00000717,321,285,21,16,5,5,4,1,10,88.78504672897196,6.5420560747663545,4.984423676012461,1.557632398753894,1.557632398753894,1.2461059190031152,0.3115264797507788,3.115264797507788
W00000718,209,184,11,8,3,9,6,3,5,88.03827751196172,5.263157894736842,3.827751196172249,1.4354066985645932,4.30622009569378,2.8708133971291865,1.4354066985645932,2.3923444976076556
W00000719,242,203,21,16,5,4,3,1,14,83.88429752066115,8.677685950413224,6.6115702479338845,2.066115702479339,1.6528925619834711,1.2396694214876034,0.4132231404958678,5.785123966942149
W00000720,301,273,12,9,3,3,3,0,13,90.69767441860465,3.9867109634551494,2.990033222591362,0.9966777408637874,0.9966777408637874,0.9966777408637874,0,4.318936877076411
W00000721,202,177,10,8,2,3,1,2,12,87.62376237623762,4.9504950495049505,3.9603960396039604,0.9900990099009901,1.4851485148514851,0.49504950495049505,0.9900990099009901,5.9405940594059405
W00000722,244,211,15,15,0,2,2,0,16,86.47540983606558,6.147540983606557,6.147540983606557,0,0.819672131147541,0.819672131147541,0,6.557377049180328
W00000723,229,202,15,10,5,3,1,2,9,88.20960698689956,6.550218340611353,4.366812227074235,2.1834061135371177,1.3100436681222707,0.43668122270742354,0.8733624454148471,3.9301310043668125
W00000724,193,170,7,4,3,1,1,0,15,88.08290155440415,3.6269430051813467,2.072538860103627,1.5544041450777202,0.5181347150259068,0.5181347150259068,0,7.772020725388601
W00000725,238,212,11,5,6,8,5,3,7,89.07563025210085,4.621848739495799,2.100840336134454,2.5210084033613445,3.361344537815126,2.100840336134454,1.2605042016806722,2.941176470588235
W00000726,295,265,14,11,3,7,3,4,9,89.83050847457628,4.745762711864407,3.728813559322034,1.0169491525423728,2.3728813559322033,1.0169491525423728,1.3559322033898304,3.050847457627119
W00000727,254,228,16,11,5,2,0,2,8,89.76377952755905,6.299212598425196,4.330708661417323,1.968503937007874,0.7874015748031495,0,0.7874015748031495,3.149606299212598
W00000728,266,233,15,12,3,8,4,4,10,87.59398496240601,5.639097744360902,4.511278195488721,1.1278195488721803,3.007518796992481,1.5037593984962405,1.5037593984962405,3.7593984962406015
W00000729,378,353,11,9,2,7,4,3,7,93.38624338624338,2.91005291005291,2.380952380952381,0.5291005291005291,1.8518518518518516,1.0582010582010581,0.7936507936507936,1.8518518518518516
W00000730,273,258,9,9,0,3,1,2,3,94.5054945054945,3.296703296703297,3.296703296703297,0,1.098901098901099,0.3663003663003663,0.7326007326007326,1.098901098901099
W00000731,362,315,27,19,8,5,4,1,15,87.01657458563537,7.458563535911603,5.248618784530387,2.209944751381215,1.3812154696132597,1.1049723756906076,0.2762430939226519,4.143646408839778
W00000732,259,229,14,13,1,9,3,6,7,88.41698841698842,5.405405405405405,5.019305019305019,0.3861003861003861,3.474903474903475,1.1583011583011582,2.3166023166023164,2.7027027027027026
W00000733,270,236,17,12,5,3,2,1,14,87.4074074074074,6.296296296296296,4.444444444444445,1.8518518518518516,1.1111111111111112,0.7407407407407408,0.3703703703703704,5.185185185185185
W00000734,298,267,14,11,3,4,3,1,13,89.59731543624162,4.697986577181208,3.691275167785235,1.006711409395973,1.342281879194631,1.006711409395973,0.33557046979865773,4.3624161073825505
W00000735,295,257,27,18,9,4,2,2,7,87.11864406779661,9.152542372881356,6.101694915254238,3.050847457627119,1.3559322033898304,0.6779661016949152,0.6779661016949152,2.3728813559322033
W00000736,261,233,13,9,4,4,1,3,11,89.272030651341,4.980842911877394,3.4482758620689653,1.532567049808429,1.532567049808429,0.38314176245210724,1.1494252873563218,4.21455938697318
W00000737,233,196,14,11,3,8,4,4,15,84.12017167381974,6.008583690987124,4.721030042918455,1.2875536480686696,3.4334763948497855,1.7167381974248928,1.7167381974248928,6.437768240343347
W00000738,286,257,17,12,5,10,7,3,2,89.86013986013987,5.944055944055944,4.195804195804196,1.7482517482517483,3.4965034965034967,2.4475524475524475,1.048951048951049,0.6993006993006993
W00000739,208,183,15,12,3,6,2,4,4,87.98076923076923,7.211538461538461,5.769230769230769,1.4423076923076923,2.8846153846153846,0.9615384615384616,1.9230769230769231,1.9230769230769231
W00000740,257,226,14,10,4,5,1,4,12,87.93774319066148,5.447470817120623,3.8910505836575875,1.556420233463035,1.9455252918287937,0.38910505836575876,1.556420233463035,4.669260700389105
W00000741,340,311,15,11,4,7,5,2,7,91.47058823529412,4.411764705882353,3.2352941176470593,1.1764705882352942,2.0588235294117645,1.4705882352941175,0.5882352941176471,2.0588235294117645
W00000742,197,186,4,4,0,4,0,4,3,94.41624365482234,2.030456852791878,2.030456852791878,0,2.030456852791878,0,2.030456852791878,1.5228426395939088
W00000743,330,290,20,9,11,7,4,3,13,87.87878787878788,6.0606060606060606,2.727272727272727,3.3333333333333335,2.1212121212121215,1.2121212121212122,0.9090909090909091,3.939393939393939
W00000744,220,190,13,12,1,9,4,5,8,86.36363636363636,5.909090909090909,5.454545454545454,0.45454545454545453,4.090909090909091,1.8181818181818181,2.272727272727273,3.6363636363636362
W00000745,286,264,15,11,4,4,3,1,3,92.3076923076923,5.244755244755245,3.8461538461538463,1.3986013986013985,1.3986013986013985,1.048951048951049,0.34965034965034963,1.048951048951049
W00000746,433,389,24,13,11,5,2,3,15,89.83833718244803,5.542725173210162,3.0023094688221708,2.5404157043879905,1.1547344110854503,0.4618937644341801,0.6928406466512702,3.4642032332563506
W00000747,333,308,15,10,5,6,2,4,4,92.49249249249249,4.504504504504505,3.003003003003003,1.5015015015015014,1.8018018018018018,0.6006006006006006,1.2012012012012012,1.2012012012012012
W00000748,452,400,23,14,9,13,11,2,16,88.49557522123894,5.0884955752212395,3.0973451327433628,1.991150442477876,2.8761061946902653,2.433628318584071,0.4424778761061947,3.5398230088495577
W00000749,381,338,13,10,3,11,5,6,19,88.71391076115486,3.4120734908136483,2.6246719160104988,0.7874015748031495,2.8871391076115485,1.3123359580052494,1.574803149606299,4.986876640419948
W00000750,221,186,20,11,9,6,3,3,9,84.16289592760181,9.049773755656108,4.97737556561086,4.072398190045249,2.7149321266968327,1.3574660633484164,1.3574660633484164,4.072398190045249
W00000752,226,198,11,10,1,4,2,2,13,87.61061946902655,4.867256637168142,4.424778761061947,0.4424778761061947,1.7699115044247788,0.8849557522123894,0.8849557522123894,5.752212389380531
W00000754,199,178,6,3,3,2,2,0,13,89.44723618090453,3.015075376884422,1.507537688442211,1.507537688442211,1.0050251256281406,1.0050251256281406,0,6.532663316582915
W00000756,191,162,5,4,1,10,7,3,14,84.81675392670157,2.6178010471204187,2.094240837696335,0.5235602094240838,5.2356020942408374,3.664921465968586,1.5706806282722512,7.329842931937172
W00000757,279,239,20,13,7,10,5,5,10,85.66308243727599,7.168458781362006,4.659498207885305,2.5089605734767026,3.584229390681003,1.7921146953405016,1.7921146953405016,3.584229390681003
W00000758,459,414,28,22,6,8,5,3,9,90.19607843137256,6.1002178649237475,4.793028322440087,1.3071895424836601,1.7429193899782136,1.0893246187363834,0.6535947712418301,1.9607843137254901
W00000759,276,239,20,17,3,4,3,1,13,86.59420289855072,7.246376811594203,6.159420289855073,1.0869565217391304,1.4492753623188406,1.0869565217391304,0.36231884057971014,4.710144927536232
W00000760,205,165,23,17,6,3,2,1,14,80.48780487804879,11.219512195121952,8.292682926829269,2.9268292682926833,1.4634146341463417,0.975609756097561,0.4878048780487805,6.829268292682928
W00000761,313,277,21,12,9,5,2,3,10,88.49840255591054,6.7092651757188495,3.8338658146964857,2.8753993610223643,1.5974440894568689,0.6389776357827476,0.9584664536741214,3.1948881789137378
W00000762,213,191,12,9,3,2,1,1,8,89.67136150234741,5.633802816901409,4.225352112676056,1.4084507042253522,0.9389671361502347,0.4694835680751174,0.4694835680751174,3.755868544600939
W00000765,281,257,13,9,4,5,3,2,6,91.45907473309609,4.6263345195729535,3.202846975088968,1.4234875444839856,1.7793594306049825,1.0676156583629894,0.7117437722419928,2.135231316725979
W00000766,332,304,16,13,3,6,0,6,6,91.56626506024097,4.819277108433735,3.91566265060241,0.9036144578313252,1.8072289156626504,0,1.8072289156626504,1.8072289156626504
W00000767,285,256,11,7,4,8,5,3,10,89.82456140350877,3.8596491228070176,2.456140350877193,1.4035087719298245,2.807017543859649,1.7543859649122806,1.0526315789473684,3.508771929824561
W00000768,280,245,13,6,7,4,1,3,18,87.5,4.642857142857143,2.142857142857143,2.5,1.4285714285714286,0.35714285714285715,1.0714285714285714,6.428571428571428
W00000769,350,303,22,15,7,11,5,6,14,86.57142857142858,6.2857142857142865,4.285714285714286,2,3.1428571428571432,1.4285714285714286,1.7142857142857144,4
W00000770,320,290,14,12,2,7,2,5,9,90.625,4.375,3.75,0.625,2.1875,0.625,1.5625,2.8125
W00000771,440,392,22,16,6,9,6,3,17,89.0909090909091,5,3.6363636363636362,1.3636363636363635,2.0454545454545454,1.3636363636363635,0.6818181818181818,3.8636363636363633
W00000772,260,234,12,9,3,4,3,1,10,90,4.615384615384616,3.4615384615384617,1.153846153846154,1.5384615384615385,1.153846153846154,0.38461538461538464,3.8461538461538463
W00000773,275,252,12,7,5,0,0,0,11,91.63636363636364,4.363636363636364,2.5454545454545454,1.8181818181818181,0,0,0,4
W00000774,226,199,9,7,2,3,2,1,15,88.05309734513274,3.982300884955752,3.0973451327433628,0.8849557522123894,1.3274336283185841,0.8849557522123894,0.4424778761061947,6.637168141592921
W00000775,296,271,6,5,1,6,2,4,13,91.55405405405406,2.027027027027027,1.6891891891891893,0.33783783783783783,2.027027027027027,0.6756756756756757,1.3513513513513513,4.391891891891892
W00000776,395,360,9,3,6,12,3,9,14,91.13924050632912,2.278481012658228,0.7594936708860759,1.5189873417721518,3.0379746835443036,0.7594936708860759,2.278481012658228,3.5443037974683547
W00000777,224,203,7,5,2,4,1,3,10,90.625,3.125,2.232142857142857,0.8928571428571428,1.7857142857142856,0.4464285714285714,1.3392857142857142,4.464285714285714
W00000778,297,258,22,11,11,7,3,4,10,86.86868686868688,7.4074074074074066,3.7037037037037033,3.7037037037037033,2.356902356902357,1.0101010101010102,1.3468013468013467,3.3670033670033668
W00000779,245,216,11,7,4,3,0,3,15,88.16326530612245,4.489795918367347,2.857142857142857,1.6326530612244898,1.2244897959183674,0,1.2244897959183674,6.122448979591836
W00000780,268,250,10,4,6,2,1,1,6,93.28358208955224,3.731343283582089,1.4925373134328357,2.2388059701492535,0.7462686567164178,0.3731343283582089,0.3731343283582089,2.2388059701492535
W00000781,207,174,14,11,3,10,8,2,9,84.05797101449275,6.763285024154589,5.314009661835748,1.4492753623188406,4.830917874396135,3.864734299516908,0.966183574879227,4.3478260869565215
W00000782,341,299,18,11,7,5,4,1,19,87.68328445747801,5.278592375366569,3.225806451612903,2.0527859237536656,1.466275659824047,1.1730205278592376,0.2932551319648094,5.571847507331378
W00000783,234,209,13,8,5,4,3,1,8,89.31623931623932,5.555555555555555,3.418803418803419,2.1367521367521367,1.7094017094017095,1.282051282051282,0.4273504273504274,3.418803418803419
W00000784,164,151,1,1,0,4,2,2,8,92.07317073170732,0.6097560975609756,0.6097560975609756,0,2.4390243902439024,1.2195121951219512,1.2195121951219512,4.878048780487805
W00000785,227,202,11,5,6,2,1,1,12,88.98678414096916,4.845814977973569,2.2026431718061676,2.643171806167401,0.881057268722467,0.4405286343612335,0.4405286343612335,5.286343612334802
W00000786,260,244,10,6,4,3,0,3,3,93.84615384615384,3.8461538461538463,2.307692307692308,1.5384615384615385,1.153846153846154,0,1.153846153846154,1.153846153846154
W00000787,244,216,13,9,4,4,4,0,11,88.52459016393442,5.327868852459016,3.6885245901639343,1.639344262295082,1.639344262295082,1.639344262295082,0,4.508196721311475
W00000788,236,202,17,10,7,9,5,4,8,85.59322033898306,7.203389830508475,4.23728813559322,2.9661016949152543,3.8135593220338984,2.11864406779661,1.694915254237288,3.389830508474576
W00000789,318,304,7,5,2,5,4,1,2,95.59748427672956,2.20125786163522,1.5723270440251573,0.628930817610063,1.5723270440251573,1.257861635220126,0.3144654088050315,0.628930817610063
W00000790,243,228,5,4,1,5,3,2,5,93.82716049382715,2.05761316872428,1.646090534979424,0.411522633744856,2.05761316872428,1.2345679012345678,0.823045267489712,2.05761316872428
W00000791,228,219,3,0,3,1,0,1,5,96.05263157894737,1.3157894736842104,0,1.3157894736842104,0.43859649122807015,0,0.43859649122807015,2.1929824561403506
W00000792,210,194,8,4,4,2,2,0,6,92.38095238095238,3.8095238095238098,1.9047619047619049,1.9047619047619049,0.9523809523809524,0.9523809523809524,0,2.857142857142857
W00000793,274,247,12,9,3,6,3,3,9,90.14598540145985,4.37956204379562,3.2846715328467155,1.094890510948905,2.18978102189781,1.094890510948905,1.094890510948905,3.2846715328467155
W00000794,277,249,13,9,4,4,1,3,11,89.89169675090253,4.693140794223827,3.2490974729241873,1.444043321299639,1.444043321299639,0.36101083032490977,1.083032490974729,3.9711191335740073
W00000795,220,197,11,10,1,3,2,1,9,89.54545454545455,5,4.545454545454546,0.45454545454545453,1.3636363636363635,0.9090909090909091,0.45454545454545453,4.090909090909091
W00000796,253,234,8,6,2,4,1,3,7,92.4901185770751,3.1620553359683794,2.371541501976284,0.7905138339920948,1.5810276679841897,0.3952569169960474,1.185770750988142,2.766798418972332
W00000797,319,283,11,7,4,8,0,8,17,88.71473354231975,3.4482758620689653,2.19435736677116,1.2539184952978055,2.507836990595611,0,2.507836990595611,5.329153605015674
W00000798,338,303,11,4,7,5,3,2,19,89.64497041420118,3.2544378698224854,1.183431952662722,2.0710059171597637,1.4792899408284024,0.8875739644970414,0.591715976331361,5.621301775147929
W00000799,280,241,15,10,5,6,2,4,18,86.07142857142858,5.357142857142857,3.571428571428571,1.7857142857142856,2.142857142857143,0.7142857142857143,1.4285714285714286,6.428571428571428
W00000800,545,484,26,23,3,13,2,11,22,88.80733944954129,4.770642201834862,4.220183486238533,0.5504587155963303,2.385321100917431,0.3669724770642202,2.0183486238532113,4.036697247706423
W00000801,252,215,15,9,6,11,3,8,11,85.31746031746032,5.952380952380952,3.571428571428571,2.380952380952381,4.365079365079365,1.1904761904761905,3.1746031746031744,4.365079365079365
W00000802,322,280,9,4,5,11,4,7,22,86.95652173913044,2.7950310559006213,1.2422360248447204,1.5527950310559007,3.4161490683229814,1.2422360248447204,2.1739130434782608,6.832298136645963
W00000803,276,241,15,10,5,6,4,2,14,87.31884057971014,5.434782608695652,3.6231884057971016,1.8115942028985508,2.1739130434782608,1.4492753623188406,0.7246376811594203,5.072463768115942
W00000804,371,329,17,13,4,3,2,1,22,88.67924528301887,4.5822102425876015,3.5040431266846364,1.078167115902965,0.8086253369272237,0.5390835579514826,0.2695417789757413,5.929919137466308
W00000805,258,227,14,10,4,5,3,2,12,87.98449612403101,5.426356589147287,3.875968992248062,1.550387596899225,1.937984496124031,1.1627906976744187,0.7751937984496124,4.651162790697675
W00000806,261,208,22,15,7,9,6,3,22,79.6934865900383,8.42911877394636,5.747126436781609,2.681992337164751,3.4482758620689653,2.2988505747126435,1.1494252873563218,8.42911877394636
W00000807,236,210,9,7,2,5,0,5,12,88.98305084745762,3.8135593220338984,2.9661016949152543,0.847457627118644,2.11864406779661,0,2.11864406779661,5.084745762711865
W00000808,254,212,11,7,4,14,5,9,17,83.46456692913385,4.330708661417323,2.7559055118110236,1.574803149606299,5.511811023622047,1.968503937007874,3.543307086614173,6.692913385826772
W00000809,297,253,10,4,6,11,4,7,23,85.18518518518519,3.3670033670033668,1.3468013468013467,2.0202020202020203,3.7037037037037033,1.3468013468013467,2.356902356902357,7.744107744107744
W00000810,246,214,11,8,3,10,6,4,11,86.99186991869918,4.471544715447155,3.2520325203252036,1.2195121951219512,4.0650406504065035,2.4390243902439024,1.6260162601626018,4.471544715447155
W00000811,251,222,10,6,4,6,3,3,13,88.44621513944223,3.9840637450199203,2.3904382470119523,1.593625498007968,2.3904382470119523,1.1952191235059761,1.1952191235059761,5.179282868525896
W00000812,241,198,13,8,5,12,9,3,18,82.15767634854771,5.394190871369295,3.319502074688797,2.0746887966804977,4.979253112033195,3.7344398340248963,1.2448132780082988,7.468879668049793
W00000813,270,233,12,6,6,5,3,2,20,86.29629629629629,4.444444444444445,2.2222222222222223,2.2222222222222223,1.8518518518518516,1.1111111111111112,0.7407407407407408,7.4074074074074066
W00000814,390,332,13,3,10,17,8,9,28,85.12820512820512,3.3333333333333335,0.7692307692307693,2.564102564102564,4.358974358974359,2.051282051282051,2.307692307692308,7.179487179487179
W00000815,248,222,4,2,2,9,6,3,13,89.51612903225806,1.6129032258064515,0.8064516129032258,0.8064516129032258,3.6290322580645165,2.4193548387096775,1.2096774193548387,5.241935483870968
W00000816,276,239,16,11,5,9,5,4,12,86.59420289855072,5.797101449275362,3.985507246376811,1.8115942028985508,3.260869565217391,1.8115942028985508,1.4492753623188406,4.3478260869565215
W00000817,305,265,16,10,6,10,3,7,14,86.88524590163934,5.245901639344262,3.278688524590164,1.9672131147540985,3.278688524590164,0.9836065573770493,2.2950819672131146,4.590163934426229
W00000818,228,199,11,8,3,4,1,3,14,87.28070175438597,4.824561403508771,3.508771929824561,1.3157894736842104,1.7543859649122806,0.43859649122807015,1.3157894736842104,6.140350877192982
W00000819,251,211,13,11,2,5,1,4,22,84.06374501992032,5.179282868525896,4.382470119521913,0.796812749003984,1.9920318725099602,0.398406374501992,1.593625498007968,8.764940239043826
W00000820,229,196,20,13,7,4,1,3,9,85.58951965065502,8.73362445414847,5.676855895196507,3.056768558951965,1.7467248908296942,0.43668122270742354,1.3100436681222707,3.9301310043668125
W00000821,250,214,13,9,4,10,5,5,13,85.6,5.2,3.5999999999999996,1.6,4,2,2,5.2
W00000822,229,201,18,16,2,4,2,2,6,87.77292576419214,7.860262008733625,6.986899563318777,0.8733624454148471,1.7467248908296942,0.8733624454148471,0.8733624454148471,2.6200873362445414
W00000823,240,216,10,5,5,5,1,4,9,90,4.166666666666666,2.083333333333333,2.083333333333333,2.083333333333333,0.4166666666666667,1.6666666666666667,3.75
W00000824,224,193,18,10,8,4,1,3,9,86.16071428571429,8.035714285714286,4.464285714285714,3.571428571428571,1.7857142857142856,0.4464285714285714,1.3392857142857142,4.017857142857143
W00000825,407,373,9,4,5,10,4,6,15,91.64619164619164,2.211302211302211,0.9828009828009828,1.2285012285012284,2.457002457002457,0.9828009828009828,1.4742014742014742,3.6855036855036856
W00000826,239,210,15,12,3,6,3,3,8,87.86610878661088,6.2761506276150625,5.02092050209205,1.2552301255230125,2.510460251046025,1.2552301255230125,1.2552301255230125,3.3472803347280333
W00000827,250,223,16,11,5,5,2,3,6,89.2,6.4,4.3999999999999995,2,2,0.8,1.2,2.4
W00000828,226,208,9,7,2,3,1,2,6,92.03539823008849,3.982300884955752,3.0973451327433628,0.8849557522123894,1.3274336283185841,0.4424778761061947,0.8849557522123894,2.6548672566371683
W00000829,281,256,12,7,5,2,0,2,11,91.10320284697508,4.270462633451958,2.491103202846975,1.7793594306049825,0.7117437722419928,0,0.7117437722419928,3.9145907473309607
W00000830,236,215,9,7,2,0,0,0,12,91.10169491525424,3.8135593220338984,2.9661016949152543,0.847457627118644,0,0,0,5.084745762711865
W00000831,201,185,6,3,3,3,3,0,7,92.03980099502488,2.9850746268656714,1.4925373134328357,1.4925373134328357,1.4925373134328357,1.4925373134328357,0,3.482587064676617
W00000832,227,204,9,7,2,5,2,3,9,89.86784140969164,3.9647577092511015,3.0837004405286343,0.881057268722467,2.2026431718061676,0.881057268722467,1.3215859030837005,3.9647577092511015
W00000833,264,239,8,6,2,6,0,6,11,90.53030303030303,3.0303030303030303,2.272727272727273,0.7575757575757576,2.272727272727273,0,2.272727272727273,4.166666666666666
W00000834,291,259,13,10,3,7,6,1,12,89.00343642611683,4.4673539518900345,3.436426116838488,1.0309278350515463,2.405498281786942,2.0618556701030926,0.3436426116838488,4.123711340206185
W00000835,213,192,8,7,1,6,0,6,7,90.14084507042254,3.755868544600939,3.286384976525822,0.4694835680751174,2.8169014084507045,0,2.8169014084507045,3.286384976525822
W00000836,220,194,11,9,2,4,3,1,11,88.18181818181819,5,4.090909090909091,0.9090909090909091,1.8181818181818181,1.3636363636363635,0.45454545454545453,5
W00000837,241,213,17,13,4,1,0,1,10,88.38174273858921,7.053941908713693,5.394190871369295,1.6597510373443984,0.4149377593360996,0,0.4149377593360996,4.149377593360995
W00000838,261,226,16,12,4,5,2,3,14,86.59003831417624,6.130268199233716,4.597701149425287,1.532567049808429,1.9157088122605364,0.7662835249042145,1.1494252873563218,5.363984674329502
W00000839,238,208,13,10,3,4,4,0,13,87.39495798319328,5.46218487394958,4.201680672268908,1.2605042016806722,1.680672268907563,1.680672268907563,0,5.46218487394958
W00000840,281,245,14,10,4,7,4,3,15,87.18861209964413,4.98220640569395,3.558718861209965,1.4234875444839856,2.491103202846975,1.4234875444839856,1.0676156583629894,5.338078291814947
W00000841,312,289,11,8,3,5,4,1,7,92.62820512820514,3.5256410256410255,2.564102564102564,0.9615384615384616,1.6025641025641024,1.282051282051282,0.3205128205128205,2.2435897435897436
W00000842,307,276,16,13,3,10,8,2,5,89.90228013029315,5.211726384364821,4.234527687296417,0.9771986970684038,3.257328990228013,2.6058631921824107,0.6514657980456027,1.6286644951140066
W00000843,258,232,15,11,4,3,1,2,8,89.92248062015504,5.813953488372093,4.263565891472868,1.550387596899225,1.1627906976744187,0.3875968992248062,0.7751937984496124,3.10077519379845
W00000844,258,231,12,7,5,8,4,4,7,89.53488372093024,4.651162790697675,2.7131782945736433,1.937984496124031,3.10077519379845,1.550387596899225,1.550387596899225,2.7131782945736433
W00000845,234,210,13,11,2,7,7,0,4,89.74358974358975,5.555555555555555,4.700854700854701,0.8547008547008548,2.9914529914529915,2.9914529914529915,0,1.7094017094017095
W00000846,349,333,12,9,3,1,0,1,3,95.41547277936962,3.4383954154727796,2.5787965616045847,0.8595988538681949,0.28653295128939826,0,0.28653295128939826,0.8595988538681949
W00000847,271,245,13,10,3,4,1,3,9,90.40590405904058,4.797047970479705,3.6900369003690034,1.107011070110701,1.4760147601476015,0.36900369003690037,1.107011070110701,3.3210332103321036
W00000848,260,234,10,5,5,5,4,1,11,90,3.8461538461538463,1.9230769230769231,1.9230769230769231,1.9230769230769231,1.5384615384615385,0.38461538461538464,4.230769230769231
W00000849,329,305,7,4,3,12,5,7,5,92.70516717325228,2.127659574468085,1.21580547112462,0.911854103343465,3.64741641337386,1.5197568389057752,2.127659574468085,1.5197568389057752
W00000850,341,304,19,14,5,8,5,3,10,89.14956011730204,5.571847507331378,4.105571847507331,1.466275659824047,2.346041055718475,1.466275659824047,0.8797653958944283,2.932551319648094
W00000851,371,330,22,13,9,6,5,1,13,88.94878706199461,5.929919137466308,3.5040431266846364,2.4258760107816713,1.6172506738544474,1.3477088948787064,0.2695417789757413,3.5040431266846364
W00000852,320,293,12,7,5,5,3,2,10,91.5625,3.75,2.1875,1.5625,1.5625,0.9375,0.625,3.125
W00000853,189,172,10,7,3,1,1,0,6,91.005291005291,5.291005291005291,3.7037037037037033,1.5873015873015872,0.5291005291005291,0.5291005291005291,0,3.1746031746031744
W00000854,446,401,24,21,3,5,2,3,16,89.91031390134529,5.381165919282512,4.708520179372197,0.672645739910314,1.1210762331838564,0.4484304932735426,0.672645739910314,3.587443946188341
W00000855,245,218,13,12,1,7,2,5,7,88.9795918367347,5.3061224489795915,4.8979591836734695,0.40816326530612246,2.857142857142857,0.8163265306122449,2.0408163265306123,2.857142857142857
W00000856,234,216,13,8,5,2,1,1,3,92.3076923076923,5.555555555555555,3.418803418803419,2.1367521367521367,0.8547008547008548,0.4273504273504274,0.4273504273504274,1.282051282051282
W00000857,233,194,22,18,4,7,5,2,10,83.2618025751073,9.44206008583691,7.725321888412018,1.7167381974248928,3.004291845493562,2.1459227467811157,0.8583690987124464,4.291845493562231
W00000858,206,187,11,11,0,4,1,3,4,90.77669902912622,5.339805825242718,5.339805825242718,0,1.9417475728155338,0.48543689320388345,1.4563106796116505,1.9417475728155338
W00000859,208,185,10,7,3,4,3,1,9,88.9423076923077,4.807692307692308,3.3653846153846154,1.4423076923076923,1.9230769230769231,1.4423076923076923,0.4807692307692308,4.326923076923077
W00000860,264,237,12,8,4,5,4,1,10,89.77272727272727,4.545454545454546,3.0303030303030303,1.5151515151515151,1.893939393939394,1.5151515151515151,0.3787878787878788,3.787878787878788
W00000861,273,249,12,11,1,4,4,0,8,91.20879120879121,4.395604395604396,4.029304029304029,0.3663003663003663,1.465201465201465,1.465201465201465,0,2.93040293040293
W00000862,257,231,19,9,10,3,1,2,4,89.88326848249028,7.392996108949417,3.501945525291829,3.8910505836575875,1.1673151750972763,0.38910505836575876,0.7782101167315175,1.556420233463035
W00000863,331,299,20,15,5,2,1,1,10,90.33232628398792,6.042296072507553,4.531722054380665,1.5105740181268883,0.6042296072507553,0.3021148036253776,0.3021148036253776,3.0211480362537766
W00000864,295,273,8,5,3,1,1,0,13,92.54237288135593,2.711864406779661,1.694915254237288,1.0169491525423728,0.3389830508474576,0.3389830508474576,0,4.406779661016949
W00000865,303,266,22,13,9,3,3,0,12,87.78877887788778,7.2607260726072615,4.29042904290429,2.9702970297029703,0.9900990099009901,0.9900990099009901,0,3.9603960396039604
W00000866,285,265,10,7,3,4,2,2,6,92.98245614035088,3.508771929824561,2.456140350877193,1.0526315789473684,1.4035087719298245,0.7017543859649122,0.7017543859649122,2.1052631578947367
W00000867,380,348,21,12,9,5,1,4,6,91.57894736842105,5.526315789473684,3.1578947368421053,2.368421052631579,1.3157894736842104,0.2631578947368421,1.0526315789473684,1.5789473684210527
W00000868,265,240,16,11,5,3,2,1,6,90.56603773584906,6.037735849056604,4.150943396226415,1.8867924528301887,1.1320754716981132,0.7547169811320755,0.37735849056603776,2.2641509433962264
W00000869,312,277,16,9,7,7,4,3,12,88.78205128205127,5.128205128205128,2.8846153846153846,2.2435897435897436,2.2435897435897436,1.282051282051282,0.9615384615384616,3.8461538461538463
W00000870,314,288,15,14,1,6,3,3,5,91.71974522292994,4.777070063694268,4.45859872611465,0.3184713375796179,1.910828025477707,0.9554140127388535,0.9554140127388535,1.5923566878980893
W00000871,291,261,14,9,5,7,2,5,9,89.69072164948454,4.810996563573884,3.0927835051546393,1.718213058419244,2.405498281786942,0.6872852233676976,1.718213058419244,3.0927835051546393
W00000872,390,340,11,8,3,16,7,9,23,87.17948717948718,2.8205128205128207,2.051282051282051,0.7692307692307693,4.102564102564102,1.7948717948717947,2.307692307692308,5.897435897435897
W00000873,331,285,8,2,6,16,4,12,22,86.10271903323263,2.416918429003021,0.6042296072507553,1.812688821752266,4.833836858006042,1.2084592145015105,3.625377643504532,6.646525679758309
W00000874,276,248,15,10,5,9,6,3,4,89.85507246376811,5.434782608695652,3.6231884057971016,1.8115942028985508,3.260869565217391,2.1739130434782608,1.0869565217391304,1.4492753623188406
W00000875,366,333,14,13,1,4,3,1,15,90.98360655737704,3.825136612021858,3.551912568306011,0.273224043715847,1.092896174863388,0.819672131147541,0.273224043715847,4.098360655737705
W00000876,493,453,16,11,5,6,5,1,18,91.88640973630832,3.2454361054766734,2.231237322515213,1.0141987829614605,1.2170385395537524,1.0141987829614605,0.2028397565922921,3.6511156186612577
W00000877,275,245,20,15,5,0,0,0,10,89.0909090909091,7.2727272727272725,5.454545454545454,1.8181818181818181,0,0,0,3.6363636363636362
W00000878,287,266,8,8,0,4,3,1,9,92.6829268292683,2.7874564459930316,2.7874564459930316,0,1.3937282229965158,1.0452961672473868,0.34843205574912894,3.1358885017421603
W00000880,307,267,14,10,4,11,6,5,15,86.97068403908796,4.5602605863192185,3.257328990228013,1.3029315960912053,3.5830618892508146,1.9543973941368076,1.6286644951140066,4.88599348534202
W00000881,300,260,19,13,6,10,6,4,11,86.66666666666667,6.333333333333334,4.333333333333334,2,3.3333333333333335,2,1.3333333333333335,3.6666666666666665
W00000882,209,187,10,8,2,5,2,3,7,89.47368421052632,4.784688995215311,3.827751196172249,0.9569377990430622,2.3923444976076556,0.9569377990430622,1.4354066985645932,3.349282296650718
W00000883,311,282,7,3,4,9,2,7,13,90.67524115755627,2.2508038585209005,0.964630225080386,1.2861736334405145,2.8938906752411575,0.6430868167202572,2.2508038585209005,4.180064308681672
W00000884,244,216,14,11,3,5,2,3,9,88.52459016393442,5.737704918032787,4.508196721311475,1.2295081967213115,2.0491803278688523,0.819672131147541,1.2295081967213115,3.6885245901639343
W00000885,254,224,14,9,5,5,2,3,11,88.18897637795276,5.511811023622047,3.543307086614173,1.968503937007874,1.968503937007874,0.7874015748031495,1.1811023622047243,4.330708661417323
W00000886,258,231,13,10,3,1,1,0,13,89.53488372093024,5.038759689922481,3.875968992248062,1.1627906976744187,0.3875968992248062,0.3875968992248062,0,5.038759689922481
W00000887,275,238,15,12,3,6,2,4,16,86.54545454545455,5.454545454545454,4.363636363636364,1.090909090909091,2.181818181818182,0.7272727272727273,1.4545454545454546,5.818181818181818
W00000888,323,293,12,10,2,7,1,6,11,90.71207430340557,3.7151702786377707,3.0959752321981426,0.6191950464396285,2.1671826625387,0.30959752321981426,1.8575851393188854,3.4055727554179565
W00000889,295,264,15,10,5,6,1,5,10,89.49152542372882,5.084745762711865,3.389830508474576,1.694915254237288,2.0338983050847457,0.3389830508474576,1.694915254237288,3.389830508474576
W00000890,390,343,13,7,6,8,2,6,26,87.94871794871794,3.3333333333333335,1.7948717948717947,1.5384615384615385,2.051282051282051,0.5128205128205128,1.5384615384615385,6.666666666666667
W00000891,276,253,11,8,3,5,0,5,7,91.66666666666666,3.985507246376811,2.898550724637681,1.0869565217391304,1.8115942028985508,0,1.8115942028985508,2.536231884057971
W00000892,262,235,7,5,2,10,5,5,10,89.69465648854961,2.6717557251908395,1.9083969465648856,0.7633587786259541,3.816793893129771,1.9083969465648856,1.9083969465648856,3.816793893129771
W00000893,334,290,13,10,3,13,7,6,18,86.82634730538922,3.8922155688622757,2.9940119760479043,0.8982035928143712,3.8922155688622757,2.095808383233533,1.7964071856287425,5.389221556886228
W00000894,277,247,11,6,5,10,6,4,9,89.16967509025271,3.9711191335740073,2.166064981949458,1.8050541516245486,3.6101083032490973,2.166064981949458,1.444043321299639,3.2490974729241873
W00000895,227,206,10,9,1,7,3,4,4,90.7488986784141,4.405286343612335,3.9647577092511015,0.4405286343612335,3.0837004405286343,1.3215859030837005,1.762114537444934,1.762114537444934
W00000896,292,267,13,10,3,4,2,2,8,91.43835616438356,4.4520547945205475,3.4246575342465753,1.0273972602739725,1.36986301369863,0.684931506849315,0.684931506849315,2.73972602739726
W00000897,221,189,6,3,3,15,7,8,11,85.52036199095022,2.7149321266968327,1.3574660633484164,1.3574660633484164,6.787330316742081,3.167420814479638,3.619909502262444,4.97737556561086
W00000898,295,267,9,8,1,7,0,7,12,90.5084745762712,3.050847457627119,2.711864406779661,0.3389830508474576,2.3728813559322033,0,2.3728813559322033,4.067796610169491
W00000899,226,200,16,10,6,3,2,1,7,88.49557522123894,7.079646017699115,4.424778761061947,2.6548672566371683,1.3274336283185841,0.8849557522123894,0.4424778761061947,3.0973451327433628
W00000900,174,153,7,5,2,5,3,2,9,87.93103448275862,4.022988505747127,2.8735632183908044,1.1494252873563218,2.8735632183908044,1.7241379310344827,1.1494252873563218,5.172413793103448
W00000901,224,198,9,8,1,6,3,3,11,88.39285714285714,4.017857142857143,3.571428571428571,0.4464285714285714,2.6785714285714284,1.3392857142857142,1.3392857142857142,4.910714285714286
W00000902,278,262,4,3,1,3,3,0,9,94.24460431654677,1.4388489208633095,1.079136690647482,0.3597122302158274,1.079136690647482,1.079136690647482,0,3.237410071942446
W00000903,343,304,15,8,7,5,3,2,19,88.62973760932945,4.373177842565598,2.3323615160349855,2.0408163265306123,1.4577259475218658,0.8746355685131195,0.5830903790087464,5.539358600583091
W00000904,313,290,6,2,4,6,3,3,11,92.65175718849841,1.9169329073482428,0.6389776357827476,1.2779552715654952,1.9169329073482428,0.9584664536741214,0.9584664536741214,3.5143769968051117
W00000905,304,269,16,12,4,6,5,1,13,88.48684210526315,5.263157894736842,3.9473684210526314,1.3157894736842104,1.9736842105263157,1.644736842105263,0.3289473684210526,4.276315789473684
W00000906,268,250,2,1,1,1,1,0,15,93.28358208955224,0.7462686567164178,0.3731343283582089,0.3731343283582089,0.3731343283582089,0.3731343283582089,0,5.597014925373134
W00000907,348,311,12,10,2,16,9,7,9,89.36781609195403,3.4482758620689653,2.8735632183908044,0.5747126436781609,4.597701149425287,2.586206896551724,2.0114942528735633,2.586206896551724
W00000908,268,236,20,15,5,2,2,0,10,88.05970149253731,7.462686567164178,5.597014925373134,1.8656716417910446,0.7462686567164178,0.7462686567164178,0,3.731343283582089
W00000909,273,238,16,12,4,6,3,3,13,87.17948717948718,5.86080586080586,4.395604395604396,1.465201465201465,2.197802197802198,1.098901098901099,1.098901098901099,4.761904761904762
W00000910,308,276,15,11,4,5,1,4,12,89.6103896103896,4.870129870129871,3.571428571428571,1.2987012987012987,1.6233766233766231,0.3246753246753247,1.2987012987012987,3.896103896103896
W00000911,268,241,16,13,3,6,2,4,5,89.92537313432835,5.970149253731343,4.850746268656716,1.1194029850746268,2.2388059701492535,0.7462686567164178,1.4925373134328357,1.8656716417910446
W00000912,263,241,16,15,1,4,3,1,2,91.63498098859316,6.083650190114068,5.7034220532319395,0.38022813688212925,1.520912547528517,1.1406844106463878,0.38022813688212925,0.7604562737642585
W00000913,340,307,14,8,6,8,6,2,11,90.29411764705883,4.117647058823529,2.3529411764705883,1.7647058823529411,2.3529411764705883,1.7647058823529411,0.5882352941176471,3.2352941176470593
W00000914,303,269,11,9,2,10,7,3,13,88.77887788778878,3.6303630363036308,2.9702970297029703,0.6600660066006601,3.3003300330033,2.31023102310231,0.9900990099009901,4.29042904290429
W00000915,268,243,14,10,4,5,2,3,6,90.67164179104478,5.223880597014925,3.731343283582089,1.4925373134328357,1.8656716417910446,0.7462686567164178,1.1194029850746268,2.2388059701492535
W00000916,336,306,10,1,9,8,4,4,12,91.07142857142857,2.976190476190476,0.2976190476190476,2.6785714285714284,2.380952380952381,1.1904761904761905,1.1904761904761905,3.571428571428571
W00000917,323,293,10,6,4,7,3,4,13,90.71207430340557,3.0959752321981426,1.8575851393188854,1.238390092879257,2.1671826625387,0.9287925696594427,1.238390092879257,4.024767801857585
W00000918,464,414,29,20,9,7,3,4,14,89.22413793103449,6.25,4.310344827586207,1.9396551724137931,1.5086206896551724,0.646551724137931,0.8620689655172413,3.0172413793103448
W00000919,293,272,11,8,3,4,1,3,6,92.83276450511946,3.754266211604096,2.7303754266211606,1.023890784982935,1.3651877133105803,0.3412969283276451,1.023890784982935,2.04778156996587
W00000920,296,274,9,4,5,6,2,4,7,92.56756756756756,3.040540540540541,1.3513513513513513,1.6891891891891893,2.027027027027027,0.6756756756756757,1.3513513513513513,2.364864864864865
W00000921,285,262,13,10,3,7,2,5,3,91.9298245614035,4.56140350877193,3.508771929824561,1.0526315789473684,2.456140350877193,0.7017543859649122,1.7543859649122806,1.0526315789473684
W00000922,288,269,13,11,2,4,2,2,2,93.40277777777779,4.513888888888888,3.8194444444444446,0.6944444444444444,1.3888888888888888,0.6944444444444444,0.6944444444444444,0.6944444444444444
W00000923,205,192,10,8,2,1,0,1,2,93.65853658536587,4.878048780487805,3.902439024390244,0.975609756097561,0.4878048780487805,0,0.4878048780487805,0.975609756097561
W00000924,220,200,12,8,4,3,2,1,5,90.9090909090909,5.454545454545454,3.6363636363636362,1.8181818181818181,1.3636363636363635,0.9090909090909091,0.45454545454545453,2.272727272727273
W00000925,237,202,14,9,5,2,0,2,19,85.23206751054853,5.9071729957805905,3.79746835443038,2.109704641350211,0.8438818565400843,0,0.8438818565400843,8.016877637130802
W00000926,262,240,12,8,4,1,0,1,9,91.6030534351145,4.580152671755725,3.0534351145038165,1.5267175572519083,0.38167938931297707,0,0.38167938931297707,3.435114503816794
W00000927,310,280,12,9,3,5,1,4,13,90.32258064516128,3.870967741935484,2.903225806451613,0.967741935483871,1.6129032258064515,0.3225806451612903,1.2903225806451613,4.193548387096775
W00000928,256,227,16,12,4,4,3,1,9,88.671875,6.25,4.6875,1.5625,1.5625,1.171875,0.390625,3.515625
W00000929,248,229,8,5,3,4,3,1,7,92.33870967741935,3.225806451612903,2.0161290322580645,1.2096774193548387,1.6129032258064515,1.2096774193548387,0.4032258064516129,2.82258064516129
W00000930,220,196,16,9,7,3,3,0,5,89.0909090909091,7.2727272727272725,4.090909090909091,3.1818181818181817,1.3636363636363635,1.3636363636363635,0,2.272727272727273
W00000931,254,234,11,7,4,2,2,0,7,92.1259842519685,4.330708661417323,2.7559055118110236,1.574803149606299,0.7874015748031495,0.7874015748031495,0,2.7559055118110236
W00000932,374,339,19,14,5,6,4,2,10,90.64171122994652,5.080213903743315,3.7433155080213902,1.3368983957219251,1.6042780748663104,1.06951871657754,0.53475935828877,2.6737967914438503
W00000933,266,252,6,6,0,2,0,2,6,94.73684210526315,2.2556390977443606,2.2556390977443606,0,0.7518796992481203,0,0.7518796992481203,2.2556390977443606
W00000934,283,248,17,14,3,6,6,0,12,87.63250883392226,6.007067137809187,4.946996466431095,1.0600706713780919,2.1201413427561837,2.1201413427561837,0,4.240282685512367
W00000935,245,219,12,8,4,6,3,3,8,89.38775510204081,4.8979591836734695,3.2653061224489797,1.6326530612244898,2.4489795918367347,1.2244897959183674,1.2244897959183674,3.2653061224489797
W00000936,224,193,15,11,4,3,1,2,13,86.16071428571429,6.696428571428571,4.910714285714286,1.7857142857142856,1.3392857142857142,0.4464285714285714,0.8928571428571428,5.803571428571429
W00000937,231,196,13,7,6,8,7,1,14,84.84848484848484,5.627705627705628,3.0303030303030303,2.5974025974025974,3.463203463203463,3.0303030303030303,0.4329004329004329,6.0606060606060606
W00000938,271,250,10,6,4,3,0,3,8,92.25092250922509,3.6900369003690034,2.214022140221402,1.4760147601476015,1.107011070110701,0,1.107011070110701,2.952029520295203
W00000939,267,237,16,11,5,6,1,5,8,88.76404494382022,5.992509363295881,4.119850187265917,1.8726591760299627,2.247191011235955,0.37453183520599254,1.8726591760299627,2.9962546816479403
W00000940,322,286,20,16,4,5,3,2,11,88.81987577639751,6.211180124223603,4.968944099378882,1.2422360248447204,1.5527950310559007,0.9316770186335404,0.6211180124223602,3.4161490683229814
W00000941,288,255,13,11,2,4,0,4,16,88.54166666666666,4.513888888888888,3.8194444444444446,0.6944444444444444,1.3888888888888888,0,1.3888888888888888,5.555555555555555
W00000942,298,267,18,11,7,5,1,4,8,89.59731543624162,6.0402684563758395,3.691275167785235,2.348993288590604,1.6778523489932886,0.33557046979865773,1.342281879194631,2.684563758389262
W00000943,334,304,8,3,5,6,0,6,16,91.01796407185628,2.3952095808383236,0.8982035928143712,1.4970059880239521,1.7964071856287425,0,1.7964071856287425,4.790419161676647
W00000944,287,259,12,6,6,6,4,2,10,90.2439024390244,4.181184668989547,2.0905923344947737,2.0905923344947737,2.0905923344947737,1.3937282229965158,0.6968641114982579,3.484320557491289
W00000945,316,293,9,6,3,5,3,2,9,92.72151898734177,2.848101265822785,1.89873417721519,0.949367088607595,1.5822784810126582,0.949367088607595,0.6329113924050633,2.848101265822785
W00000946,486,455,21,16,5,5,4,1,5,93.62139917695474,4.320987654320987,3.292181069958848,1.02880658436214,1.02880658436214,0.823045267489712,0.205761316872428,1.02880658436214
W00000947,308,270,22,20,2,6,4,2,10,87.66233766233766,7.142857142857142,6.493506493506493,0.6493506493506493,1.948051948051948,1.2987012987012987,0.6493506493506493,3.2467532467532463
W00000948,410,362,15,10,5,11,5,6,22,88.29268292682927,3.6585365853658534,2.4390243902439024,1.2195121951219512,2.682926829268293,1.2195121951219512,1.4634146341463417,5.365853658536586
W00000949,290,260,13,5,8,3,3,0,14,89.65517241379311,4.482758620689655,1.7241379310344827,2.7586206896551726,1.0344827586206897,1.0344827586206897,0,4.827586206896552
W00000950,227,189,13,10,3,8,4,4,17,83.25991189427313,5.726872246696035,4.405286343612335,1.3215859030837005,3.524229074889868,1.762114537444934,1.762114537444934,7.488986784140969
W00000951,293,250,12,9,3,12,5,7,19,85.32423208191126,4.09556313993174,3.0716723549488054,1.023890784982935,4.09556313993174,1.7064846416382253,2.3890784982935154,6.484641638225256
W00000953,406,351,18,13,5,12,6,6,25,86.45320197044335,4.433497536945813,3.201970443349754,1.2315270935960592,2.955665024630542,1.477832512315271,1.477832512315271,6.157635467980295
W00000954,222,199,5,3,2,4,1,3,14,89.63963963963964,2.2522522522522523,1.3513513513513513,0.9009009009009009,1.8018018018018018,0.45045045045045046,1.3513513513513513,6.306306306306306
W00000955,293,260,17,9,8,5,2,3,11,88.73720136518772,5.802047781569966,3.0716723549488054,2.7303754266211606,1.7064846416382253,0.6825938566552902,1.023890784982935,3.754266211604096
W00000956,256,227,6,4,2,11,5,6,12,88.671875,2.34375,1.5625,0.78125,4.296875,1.953125,2.34375,4.6875
W00000957,273,249,7,4,3,7,4,3,10,91.20879120879121,2.564102564102564,1.465201465201465,1.098901098901099,2.564102564102564,1.465201465201465,1.098901098901099,3.6630036630036633
W00000958,232,205,9,5,4,8,3,5,10,88.36206896551724,3.8793103448275863,2.1551724137931036,1.7241379310344827,3.4482758620689653,1.293103448275862,2.1551724137931036,4.310344827586207
W00000959,298,259,25,22,3,4,2,2,10,86.91275167785236,8.389261744966444,7.38255033557047,1.006711409395973,1.342281879194631,0.6711409395973155,0.6711409395973155,3.3557046979865772
W00000960,350,314,8,6,2,9,4,5,19,89.71428571428571,2.2857142857142856,1.7142857142857144,0.5714285714285714,2.571428571428571,1.1428571428571428,1.4285714285714286,5.428571428571429
W00000961,472,418,17,9,8,14,7,7,23,88.5593220338983,3.6016949152542375,1.9067796610169492,1.694915254237288,2.9661016949152543,1.4830508474576272,1.4830508474576272,4.872881355932203
W00000962,306,267,16,15,1,12,5,7,11,87.25490196078431,5.228758169934641,4.901960784313726,0.32679738562091504,3.9215686274509802,1.6339869281045754,2.287581699346405,3.594771241830065
W00000963,379,342,17,8,9,7,4,3,13,90.23746701846966,4.485488126649076,2.1108179419525066,2.3746701846965697,1.8469656992084433,1.0554089709762533,0.79155672823219,3.430079155672823
W00000964,381,342,17,15,2,12,6,6,10,89.76377952755905,4.4619422572178475,3.937007874015748,0.5249343832020997,3.149606299212598,1.574803149606299,1.574803149606299,2.6246719160104988
W00000965,468,418,29,16,13,3,1,2,18,89.31623931623932,6.196581196581197,3.418803418803419,2.7777777777777777,0.641025641025641,0.2136752136752137,0.4273504273504274,3.8461538461538463
W00000966,259,224,12,7,5,10,4,6,13,86.48648648648648,4.633204633204633,2.7027027027027026,1.9305019305019304,3.861003861003861,1.5444015444015444,2.3166023166023164,5.019305019305019
W00000967,261,243,9,7,2,3,2,1,6,93.10344827586206,3.4482758620689653,2.681992337164751,0.7662835249042145,1.1494252873563218,0.7662835249042145,0.38314176245210724,2.2988505747126435
W00000968,248,231,5,4,1,6,3,3,6,93.14516129032258,2.0161290322580645,1.6129032258064515,0.4032258064516129,2.4193548387096775,1.2096774193548387,1.2096774193548387,2.4193548387096775
W00000969,304,275,16,11,5,8,4,4,5,90.46052631578947,5.263157894736842,3.618421052631579,1.644736842105263,2.631578947368421,1.3157894736842104,1.3157894736842104,1.644736842105263
W00000970,289,270,5,4,1,6,2,4,8,93.42560553633218,1.7301038062283738,1.384083044982699,0.34602076124567477,2.0761245674740483,0.6920415224913495,1.384083044982699,2.768166089965398
W00000971,445,385,31,27,4,17,7,10,12,86.51685393258427,6.96629213483146,6.067415730337078,0.8988764044943821,3.8202247191011236,1.5730337078651686,2.247191011235955,2.696629213483146
W00000972,315,275,21,17,4,11,6,5,8,87.3015873015873,6.666666666666667,5.396825396825397,1.2698412698412698,3.492063492063492,1.9047619047619049,1.5873015873015872,2.5396825396825395
W00000973,290,271,8,7,1,2,1,1,9,93.44827586206897,2.7586206896551726,2.413793103448276,0.3448275862068966,0.6896551724137931,0.3448275862068966,0.3448275862068966,3.103448275862069
W00000974,381,348,19,13,6,2,1,1,12,91.33858267716536,4.986876640419948,3.4120734908136483,1.574803149606299,0.5249343832020997,0.26246719160104987,0.26246719160104987,3.149606299212598
W00000975,265,242,17,15,2,3,2,1,3,91.32075471698113,6.415094339622642,5.660377358490567,0.7547169811320755,1.1320754716981132,0.7547169811320755,0.37735849056603776,1.1320754716981132
W00000976,325,297,18,16,2,5,2,3,5,91.38461538461539,5.538461538461538,4.923076923076923,0.6153846153846154,1.5384615384615385,0.6153846153846154,0.9230769230769231,1.5384615384615385
W00000977,226,202,11,5,6,5,4,1,8,89.38053097345133,4.867256637168142,2.2123893805309733,2.6548672566371683,2.2123893805309733,1.7699115044247788,0.4424778761061947,3.5398230088495577
W00000978,359,309,26,14,12,7,3,4,17,86.0724233983287,7.242339832869081,3.8997214484679668,3.3426183844011144,1.9498607242339834,0.8356545961002786,1.1142061281337048,4.735376044568245
W00000979,305,266,12,9,3,9,6,3,18,87.21311475409837,3.934426229508197,2.9508196721311477,0.9836065573770493,2.9508196721311477,1.9672131147540985,0.9836065573770493,5.901639344262295
W00000980,105,89,6,4,2,3,3,0,7,84.76190476190476,5.714285714285714,3.8095238095238098,1.9047619047619049,2.857142857142857,2.857142857142857,0,6.666666666666667
W00000981,412,373,13,12,1,12,6,6,14,90.53398058252428,3.1553398058252426,2.912621359223301,0.24271844660194172,2.912621359223301,1.4563106796116505,1.4563106796116505,3.3980582524271843
W00000982,205,172,8,4,4,8,1,7,17,83.90243902439025,3.902439024390244,1.951219512195122,1.951219512195122,3.902439024390244,0.4878048780487805,3.414634146341464,8.292682926829269
W00000983,243,202,13,10,3,7,2,5,21,83.1275720164609,5.349794238683128,4.11522633744856,1.2345679012345678,2.880658436213992,0.823045267489712,2.05761316872428,8.641975308641975
W00000984,301,271,4,3,1,8,4,4,18,90.03322259136213,1.3289036544850499,0.9966777408637874,0.33222591362126247,2.6578073089700998,1.3289036544850499,1.3289036544850499,5.980066445182724
W00000985,267,223,11,7,4,8,2,6,25,83.52059925093633,4.119850187265917,2.6217228464419478,1.4981273408239701,2.9962546816479403,0.7490636704119851,2.247191011235955,9.363295880149813
W00000986,408,366,16,14,2,13,5,8,13,89.70588235294117,3.9215686274509802,3.431372549019608,0.49019607843137253,3.1862745098039214,1.2254901960784315,1.9607843137254901,3.1862745098039214
W00000987,165,139,18,11,7,2,0,2,6,84.24242424242424,10.909090909090908,6.666666666666667,4.242424242424243,1.2121212121212122,0,1.2121212121212122,3.6363636363636362
W00000988,274,244,17,12,5,6,3,3,7,89.05109489051095,6.204379562043796,4.37956204379562,1.824817518248175,2.18978102189781,1.094890510948905,1.094890510948905,2.5547445255474455
W00000989,336,307,13,10,3,5,3,2,11,91.36904761904762,3.869047619047619,2.976190476190476,0.8928571428571428,1.488095238095238,0.8928571428571428,0.5952380952380952,3.273809523809524
W00000990,190,171,7,7,0,3,1,2,9,90,3.684210526315789,3.684210526315789,0,1.5789473684210527,0.5263157894736842,1.0526315789473684,4.736842105263158
W00000991,283,254,9,5,4,7,2,5,13,89.75265017667844,3.180212014134275,1.76678445229682,1.4134275618374559,2.4734982332155475,0.7067137809187279,1.76678445229682,4.593639575971731
W00000992,206,185,12,8,4,4,2,2,5,89.80582524271846,5.825242718446602,3.8834951456310676,1.9417475728155338,1.9417475728155338,0.9708737864077669,0.9708737864077669,2.4271844660194173
W00000993,247,219,12,8,4,8,2,6,8,88.66396761133603,4.8582995951417,3.2388663967611335,1.6194331983805668,3.2388663967611335,0.8097165991902834,2.42914979757085,3.2388663967611335
W00000994,263,242,3,2,1,5,4,1,13,92.01520912547528,1.1406844106463878,0.7604562737642585,0.38022813688212925,1.9011406844106464,1.520912547528517,0.38022813688212925,4.942965779467681
W00000995,280,252,11,9,2,5,3,2,12,90,3.9285714285714284,3.214285714285714,0.7142857142857143,1.7857142857142856,1.0714285714285714,0.7142857142857143,4.285714285714286
W00000996,259,228,21,16,5,4,1,3,6,88.03088803088804,8.108108108108109,6.177606177606178,1.9305019305019304,1.5444015444015444,0.3861003861003861,1.1583011583011582,2.3166023166023164
W00000997,228,200,9,6,3,3,0,3,16,87.71929824561403,3.9473684210526314,2.631578947368421,1.3157894736842104,1.3157894736842104,0,1.3157894736842104,7.017543859649122
W00000998,203,182,15,10,5,4,3,1,2,89.65517241379311,7.389162561576355,4.926108374384237,2.4630541871921183,1.9704433497536946,1.477832512315271,0.49261083743842365,0.9852216748768473
W00000999,281,260,8,7,1,6,2,4,7,92.52669039145907,2.8469750889679712,2.491103202846975,0.3558718861209964,2.135231316725979,0.7117437722419928,1.4234875444839856,2.491103202846975
W00001000,271,251,15,11,4,3,3,0,2,92.619926199262,5.535055350553505,4.059040590405904,1.4760147601476015,1.107011070110701,1.107011070110701,0,0.7380073800738007
W00001001,395,364,11,4,7,8,6,2,12,92.15189873417722,2.7848101265822782,1.0126582278481013,1.7721518987341773,2.0253164556962027,1.5189873417721518,0.5063291139240507,3.0379746835443036
W00001002,326,292,7,4,3,14,7,7,13,89.57055214723927,2.147239263803681,1.2269938650306749,0.9202453987730062,4.294478527607362,2.147239263803681,2.147239263803681,3.9877300613496933
W00001003,244,221,17,13,4,1,1,0,5,90.57377049180327,6.967213114754098,5.327868852459016,1.639344262295082,0.4098360655737705,0.4098360655737705,0,2.0491803278688523
W00001004,315,276,9,6,3,14,4,10,16,87.61904761904762,2.857142857142857,1.9047619047619049,0.9523809523809524,4.444444444444445,1.2698412698412698,3.1746031746031744,5.079365079365079
W00001005,225,199,10,7,3,3,1,2,13,88.44444444444444,4.444444444444445,3.111111111111111,1.3333333333333335,1.3333333333333335,0.4444444444444444,0.8888888888888888,5.777777777777778
W00001006,270,240,16,13,3,9,5,4,5,88.88888888888889,5.9259259259259265,4.814814814814815,1.1111111111111112,3.3333333333333335,1.8518518518518516,1.4814814814814816,1.8518518518518516
W00001007,299,278,16,11,5,1,1,0,4,92.97658862876254,5.351170568561873,3.678929765886288,1.6722408026755853,0.33444816053511706,0.33444816053511706,0,1.3377926421404682
W00001008,334,301,17,11,6,4,2,2,12,90.11976047904191,5.089820359281437,3.293413173652695,1.7964071856287425,1.1976047904191618,0.5988023952095809,0.5988023952095809,3.592814371257485
W00001009,228,205,16,13,3,2,1,1,5,89.91228070175438,7.017543859649122,5.701754385964912,1.3157894736842104,0.8771929824561403,0.43859649122807015,0.43859649122807015,2.1929824561403506
W00001010,351,315,18,14,4,5,0,5,13,89.74358974358975,5.128205128205128,3.9886039886039883,1.1396011396011396,1.4245014245014245,0,1.4245014245014245,3.7037037037037033
W00001011,176,163,5,3,2,3,1,2,5,92.61363636363636,2.840909090909091,1.7045454545454544,1.1363636363636365,1.7045454545454544,0.5681818181818182,1.1363636363636365,2.840909090909091
W00001012,378,350,10,10,0,8,2,6,10,92.5925925925926,2.6455026455026456,2.6455026455026456,0,2.1164021164021163,0.5291005291005291,1.5873015873015872,2.6455026455026456
W00001013,306,279,10,8,2,3,3,0,14,91.17647058823529,3.2679738562091507,2.6143790849673203,0.6535947712418301,0.9803921568627451,0.9803921568627451,0,4.57516339869281
W00001014,191,180,7,7,0,0,0,0,4,94.24083769633508,3.664921465968586,3.664921465968586,0,0,0,0,2.094240837696335
W00001015,252,233,11,8,3,3,3,0,5,92.46031746031747,4.365079365079365,3.1746031746031744,1.1904761904761905,1.1904761904761905,1.1904761904761905,0,1.984126984126984
W00001016,208,183,8,8,0,3,1,2,14,87.98076923076923,3.8461538461538463,3.8461538461538463,0,1.4423076923076923,0.4807692307692308,0.9615384615384616,6.730769230769231
W00010103,315,293,7,6,1,4,2,2,11,93.01587301587301,2.2222222222222223,1.9047619047619049,0.31746031746031744,1.2698412698412698,0.6349206349206349,0.6349206349206349,3.492063492063492
W00010105,329,294,16,12,4,5,1,4,14,89.36170212765957,4.86322188449848,3.64741641337386,1.21580547112462,1.5197568389057752,0.303951367781155,1.21580547112462,4.25531914893617
W00010106,328,272,23,16,7,7,3,4,26,82.92682926829268,7.01219512195122,4.878048780487805,2.1341463414634148,2.1341463414634148,0.9146341463414633,1.2195121951219512,7.926829268292683
W00010108,266,236,15,6,9,5,2,3,10,88.7218045112782,5.639097744360902,2.2556390977443606,3.3834586466165413,1.8796992481203008,0.7518796992481203,1.1278195488721803,3.7593984962406015
W00010453,318,284,12,8,4,10,3,7,12,89.30817610062893,3.7735849056603774,2.515723270440252,1.257861635220126,3.1446540880503147,0.9433962264150944,2.20125786163522,3.7735849056603774
W00010459,282,246,15,7,8,6,3,3,15,87.2340425531915,5.319148936170213,2.4822695035460995,2.8368794326241136,2.127659574468085,1.0638297872340425,1.0638297872340425,5.319148936170213
W00010461,307,295,6,5,1,1,0,1,5,96.09120521172639,1.9543973941368076,1.6286644951140066,0.32573289902280134,0.32573289902280134,0,0.32573289902280134,1.6286644951140066
W00010481,276,245,8,6,2,6,1,5,17,88.76811594202898,2.898550724637681,2.1739130434782608,0.7246376811594203,2.1739130434782608,0.36231884057971014,1.8115942028985508,6.159420289855073
W00010489,538,503,14,11,3,6,1,5,15,93.49442379182156,2.6022304832713754,2.0446096654275094,0.5576208178438662,1.1152416356877324,0.18587360594795538,0.929368029739777,2.7881040892193307
